1428,193,68,126
1427,191,67,128
1426,189,66,130
1425,187,65,132
1424,185,64,134
1423,183,63,136
1422,181,62,138
1421,179,61,140
1420,177,60,142
1419,175,59,144
1418,173,58,146
1417,171,57,148
1416,169,56,150
1415,167,55,152
1414,165,54,154
1416,164,55,151
1412,164,57,151
1408,164,59,151
1404,164,61,151
1400,164,63,151
1396,164,65,151
1392,164,67,151
1388,164,69,151
1384,164,71,151
1380,164,73,151
1376,164,75,151
1372,164,77,151
1368,164,79,151
1364,164,81,151
1360,164,83,151
1354,157,91,156
1350,157,90,156
1346,157,89,156
1342,157,88,156
1338,157,87,156
1334,157,86,156
1330,157,85,156
1326,157,84,156
1322,157,83,156
1318,157,82,156
1314,157,81,156
1310,157,80,156
1306,157,79,156
1302,157,78,156
1298,157,77,156
1295,157,80,156
1291,157,80,156
1287,157,80,156
1283,157,80,156
1279,157,80,156
1275,157,80,156
1271,157,80,156
1267,157,80,156
1263,157,80,156
1259,157,80,156
1255,157,80,156
1251,157,80,156
1247,157,80,156
1243,157,80,156
1239,157,80,156
1233,155,86,154
1230,155,85,154
1227,155,84,154
1224,155,83,154
1221,155,82,154
1218,155,81,154
1215,155,80,154
1212,155,79,154
1209,155,78,154
1206,155,77,154
1203,155,76,154
1200,155,75,154
1197,155,74,154
1194,155,73,154
1191,155,72,154
1193,153,66,154
1189,156,67,151
1185,159,68,148
1181,162,69,145
1177,165,70,142
1173,168,71,139
1169,171,72,136
1165,174,73,133
1161,177,74,130
1157,180,75,127
1153,183,76,124
1149,186,77,121
1145,189,78,118
1141,192,79,115
1137,195,80,112
1137,193,81,109
1137,195,80,108
1137,197,79,107
1137,199,78,106
1137,201,77,105
1137,203,76,104
1137,205,75,103
1137,207,74,102
1137,209,73,101
1137,211,72,100
1137,213,71,99
1137,215,70,98
1137,217,69,97
1137,219,68,96
1137,221,67,95
1134,216,66,90
1134,215,66,91
1134,214,66,92
1134,213,66,93
1134,212,66,94
1134,211,66,95
1134,210,66,96
1134,209,66,97
1134,208,66,98
1134,207,66,99
1134,206,66,100
1134,205,66,101
1134,204,66,102
1134,203,66,103
1134,202,66,104
1132,198,70,106
1130,195,71,109
1128,192,72,112
1126,189,73,115
1124,186,74,118
1122,183,75,121
1120,180,76,124
1118,177,77,127
1116,174,78,130
1114,171,79,133
1112,168,80,136
1110,165,81,139
1108,162,82,142
1106,159,83,145
1104,156,84,148
1109,157,78,147
1108,156,77,147
1107,155,76,147
1106,154,75,147
1105,153,74,147
1104,152,73,147
1103,151,72,147
1102,150,71,147
1101,149,70,147
1100,148,69,147
1099,147,68,147
1098,146,67,147
1097,145,66,147
1096,144,65,147
1095,143,64,147
1090,149,63,151
1089,149,63,151
1088,149,63,151
1087,149,63,151
1086,149,63,151
1085,149,63,151
1084,149,63,151
1083,149,63,151
1082,149,63,151
1081,149,63,151
1080,149,63,151
1079,149,63,151
1078,149,63,151
1077,149,63,151
1076,149,63,151
1080,147,58,151
1079,147,59,151
1078,147,60,151
1077,147,61,151
1076,147,62,151
1075,147,63,151
1074,147,64,151
1073,147,65,151
1072,147,66,151
1071,147,67,151
1070,147,68,151
1069,147,69,151
1068,147,70,151
1067,147,71,151
1066,147,72,151
1058,147,70,157
1054,147,71,157
1050,147,72,157
1046,147,73,157
1042,147,74,157
1038,147,75,157
1034,147,76,157
1030,147,77,157
1026,147,78,157
1022,147,79,157
1018,147,80,157
1014,147,81,157
1010,147,82,157
1006,147,83,157
1002,147,84,157
1000,149,88,157
996,149,88,157
992,149,88,157
988,149,88,157
984,149,88,157
980,149,88,157
976,149,88,157
972,149,88,157
968,149,88,157
964,149,88,157
960,149,88,157
956,149,88,157
952,149,88,157
948,149,88,157
944,149,88,157
941,149,82,155
937,149,83,155
933,149,84,155
929,149,85,155
925,149,86,155
921,149,87,155
917,149,88,155
913,149,89,155
909,149,90,155
905,149,91,155
901,149,92,155
897,149,93,155
893,149,94,155
889,149,95,155
885,149,96,155
874,147,91,159
870,147,91,159
866,147,91,159
862,147,91,159
858,147,91,159
854,147,91,159
850,147,91,159
846,147,91,159
842,147,91,159
838,147,91,159
834,147,91,159
830,147,91,159
826,147,91,159
822,147,91,159
818,147,91,159
810,149,85,158
808,149,84,158
806,149,83,158
804,149,82,158
802,149,81,158
800,149,80,158
798,149,79,158
796,149,78,158
794,149,77,158
792,149,76,158
790,149,75,158
788,149,74,158
786,149,73,158
784,149,72,158
782,149,71,158
774,151,68,156
771,151,68,156
768,151,68,156
765,151,68,156
762,151,68,156
759,151,68,156
756,151,68,156
753,151,68,156
750,151,68,156
747,151,68,156
744,151,68,156
741,151,68,156
738,151,68,156
735,151,68,156
732,151,68,156
736,151,63,153
734,151,63,153
732,151,63,153
730,151,63,153
728,151,63,153
726,151,63,153
724,151,63,153
722,151,63,153
720,151,63,153
718,151,63,153
716,151,63,153
714,151,63,153
712,151,63,153
710,151,63,153
708,151,63,153
708,153,58,147
707,154,57,146
706,155,56,145
705,156,55,144
704,157,54,143
703,158,53,142
702,159,52,141
701,160,51,140
700,161,50,139
699,162,49,138
698,163,48,137
697,164,47,136
696,165,46,135
695,166,45,134
694,167,44,133
693,168,50,132
692,170,51,130
691,172,52,128
690,174,53,126
689,176,54,124
688,178,55,122
687,180,56,120
686,182,57,118
685,184,58,116
684,186,59,114
683,188,60,112
682,190,61,110
681,192,62,108
680,194,63,106
679,196,64,104
677,193,59,103
677,193,58,103
677,193,57,103
677,193,56,103
677,193,55,103
677,193,54,103
677,193,53,103
677,193,52,103
677,193,51,103
677,193,50,103
677,193,49,103
677,193,48,103
677,193,47,103
677,193,46,103
677,193,45,103
677,189,51,105
676,188,52,106
675,187,53,107
674,186,54,108
673,185,55,109
672,184,56,110
671,183,57,111
670,182,58,112
669,181,59,113
668,180,60,114
667,179,61,115
666,178,62,116
665,177,63,117
664,176,64,118
663,175,65,119
666,181,61,115
665,180,62,116
664,179,63,117
663,178,64,118
662,177,65,119
661,176,66,120
660,175,67,121
659,174,68,122
658,173,69,123
657,172,70,124
656,171,71,125
655,170,72,126
654,169,73,127
653,168,74,128
652,167,75,129
644,159,72,135
642,159,72,135
640,159,72,135
638,159,72,135
636,159,72,135
634,159,72,135
632,159,72,135
630,159,72,135
628,159,72,135
626,159,72,135
624,159,72,135
622,159,72,135
620,159,72,135
618,159,72,135
616,159,72,135
614,157,67,137
611,157,67,138
608,157,67,139
605,157,67,140
602,157,67,141
599,157,67,142
596,157,67,143
593,157,67,144
590,157,67,145
587,157,67,146
584,157,67,147
581,157,67,148
578,157,67,149
575,157,67,150
572,157,67,151
576,157,66,145
573,157,66,145
570,157,66,145
567,157,66,145
564,157,66,145
561,157,66,145
558,157,66,145
555,157,66,145
552,157,66,145
549,157,66,145
546,157,66,145
543,157,66,145
540,157,66,145
537,157,66,145
534,157,66,145
525,161,70,143
521,161,71,143
517,161,72,143
513,161,73,143
509,161,74,143
505,161,75,143
501,161,76,143
497,161,77,143
493,161,78,143
489,161,79,143
485,161,80,143
481,161,81,143
477,161,82,143
473,161,83,143
469,161,84,143
466,166,84,145
462,167,84,145
458,168,84,145
454,169,84,145
450,170,84,145
446,171,84,145
442,172,84,145
438,173,84,145
434,174,84,145
430,175,84,145
426,176,84,145
422,177,84,145
418,178,84,145
414,179,84,145
410,180,84,145
402,174,90,139
398,174,90,139
394,174,90,139
390,174,90,139
386,174,90,139
382,174,90,139
378,174,90,139
374,174,90,139
370,174,90,139
366,174,90,139
362,174,90,139
358,174,90,139
354,174,90,139
350,174,90,139
346,174,90,139
344,180,83,137
