1567,384,99,129
1567,382,98,131
1567,380,97,133
1567,378,96,135
1567,376,95,137
1567,374,94,139
1567,372,93,141
1567,370,92,143
1567,368,91,145
1567,366,90,147
1567,364,89,149
1567,362,88,151
1567,360,87,153
1567,358,86,155
1567,356,85,157
1569,361,81,152
1568,358,81,155
1567,355,81,158
1566,352,81,161
1565,349,81,164
1564,346,81,167
1563,343,81,170
1562,340,81,173
1561,337,81,176
1560,334,81,179
1559,331,81,182
1558,328,81,185
1557,325,81,188
1556,322,81,191
1555,319,81,194
1548,319,75,192
1543,318,78,192
1538,317,81,192
1533,316,84,192
1528,315,87,192
1523,314,90,192
1518,313,93,192
1513,312,96,192
1508,311,99,192
1503,310,102,192
1498,309,105,192
1493,308,108,192
1488,307,111,192
1483,306,114,192
1478,305,117,192
1469,311,118,189
1465,310,116,189
1461,309,114,189
1457,308,112,189
1453,307,110,189
1449,306,108,189
1445,305,106,189
1441,304,104,189
1437,303,102,189
1433,302,100,189
1429,301,98,189
1425,300,96,189
1421,299,94,189
1417,298,92,189
1413,297,90,189
1416,302,81,190
1411,302,81,190
1406,302,81,190
1401,302,81,190
1396,302,81,190
1391,302,81,190
1386,302,81,190
1381,302,81,190
1376,302,81,190
1371,302,81,190
1366,302,81,190
1361,302,81,190
1356,302,81,190
1351,302,81,190
1346,302,81,190
1343,295,83,195
1339,295,83,195
1335,295,83,195
1331,295,83,195
1327,295,83,195
1323,295,83,195
1319,295,83,195
1315,295,83,195
1311,295,83,195
1307,295,83,195
1303,295,83,195
1299,295,83,195
1295,295,83,195
1291,295,83,195
1287,295,83,195
1287,298,76,189
1283,301,77,186
1279,304,78,183
1275,307,79,180
1271,310,80,177
1267,313,81,174
1263,316,82,171
1259,319,83,168
1255,322,84,165
1251,325,85,162
1247,328,86,159
1243,331,87,156
1239,334,88,153
1235,337,89,150
1231,340,90,147
1224,337,89,140
1223,339,88,138
1222,341,87,136
1221,343,86,134
1220,345,85,132
1219,347,84,130
1218,349,83,128
1217,351,82,126
1216,353,81,124
1215,355,80,122
1214,357,79,120
1213,359,78,118
1212,361,77,116
1211,363,76,114
1210,365,75,112
1209,365,73,111
1209,364,73,112
1209,363,73,113
1209,362,73,114
1209,361,73,115
1209,360,73,116
1209,359,73,117
1209,358,73,118
1209,357,73,119
1209,356,73,120
1209,355,73,121
1209,354,73,122
1209,353,73,123
1209,352,73,124
1209,351,73,125
1205,350,77,126
1204,346,78,130
1203,342,79,134
1202,338,80,138
1201,334,81,142
1200,330,82,146
1199,326,83,150
1198,322,84,154
1197,318,85,158
1196,314,86,162
1195,310,87,166
1194,306,88,170
1193,302,89,174
1192,298,90,178
1191,294,91,182
1184,295,89,179
1182,294,89,180
1180,293,89,181
1178,292,89,182
1176,291,89,183
1174,290,89,184
1172,289,89,185
1170,288,89,186
1168,287,89,187
1166,286,89,188
1164,285,89,189
1162,284,89,190
1160,283,89,191
1158,282,89,192
1156,281,89,193
1147,282,84,188
1147,282,83,188
1147,282,82,188
1147,282,81,188
1147,282,80,188
1147,282,79,188
1147,282,78,188
1147,282,77,188
1147,282,76,188
1147,282,75,188
1147,282,74,188
1147,282,73,188
1147,282,72,188
1147,282,71,188
1147,282,70,188
1143,285,69,181
1141,284,70,182
1139,283,71,183
1137,282,72,184
1135,281,73,185
1133,280,74,186
1131,279,75,187
1129,278,76,188
1127,277,77,189
1125,276,78,190
1123,275,79,191
1121,274,80,192
1119,273,81,193
1117,272,82,194
1115,271,83,195
1117,276,79,194
1112,276,81,194
1107,276,83,194
1102,276,85,194
1097,276,87,194
1092,276,89,194
1087,276,91,194
1082,276,93,194
1077,276,95,194
1072,276,97,194
1067,276,99,194
1062,276,101,194
1057,276,103,194
1052,276,105,194
1047,276,107,194
1044,280,104,192
1039,279,104,192
1034,278,104,192
1029,277,104,192
1024,276,104,192
1019,275,104,192
1014,274,104,192
1009,273,104,192
1004,272,104,192
999,271,104,192
994,270,104,192
989,269,104,192
984,268,104,192
979,267,104,192
974,266,104,192
969,270,101,194
964,270,101,194
959,270,101,194
954,270,101,194
949,270,101,194
944,270,101,194
939,270,101,194
934,270,101,194
929,270,101,194
924,270,101,194
919,270,101,194
914,270,101,194
909,270,101,194
904,270,101,194
899,270,101,194
891,270,100,200
886,270,100,200
881,270,100,200
876,270,100,200
871,270,100,200
866,270,100,200
861,270,100,200
856,270,100,200
851,270,100,200
846,270,100,200
841,270,100,200
836,270,100,200
831,270,100,200
826,270,100,200
821,270,100,200
816,265,99,199
813,265,98,199
810,265,97,199
807,265,96,199
804,265,95,199
801,265,94,199
798,265,93,199
795,265,92,199
792,265,91,199
789,265,90,199
786,265,89,199
783,265,88,199
780,265,87,199
777,265,86,199
774,265,85,199
774,265,83,198
771,265,82,197
768,265,81,196
765,265,80,195
762,265,79,194
759,265,78,193
756,265,77,192
753,265,76,191
750,265,75,190
747,265,74,189
744,265,73,188
741,265,72,187
738,265,71,186
735,265,70,185
732,265,69,184
728,263,68,188
725,263,68,188
722,263,68,188
719,263,68,188
716,263,68,188
713,263,68,188
710,263,68,188
707,263,68,188
704,263,68,188
701,263,68,188
698,263,68,188
695,263,68,188
692,263,68,188
689,263,68,188
686,263,68,188
687,263,70,181
685,264,70,180
683,265,70,179
681,266,70,178
679,267,70,177
677,268,70,176
675,269,70,175
673,270,70,174
671,271,70,173
669,272,70,172
667,273,70,171
665,274,70,170
663,275,70,169
661,276,70,168
659,277,70,167
662,274,63,166
661,276,63,163
660,278,63,160
659,280,63,157
658,282,63,154
657,284,63,151
656,286,63,148
655,288,63,145
654,290,63,142
653,292,63,139
652,294,63,136
651,296,63,133
650,298,63,130
649,300,63,127
648,302,63,124
641,308,70,127
641,308,70,127
641,308,70,127
641,308,70,127
641,308,70,127
641,308,70,127
641,308,70,127
641,308,70,127
641,308,70,127
641,308,70,127
641,308,70,127
641,308,70,127
641,308,70,127
641,308,70,127
641,308,70,127
640,309,64,126
639,308,64,127
638,307,64,128
637,306,64,129
636,305,64,130
635,304,64,131
634,303,64,132
633,302,64,133
632,301,64,134
631,300,64,135
630,299,64,136
629,298,64,137
628,297,64,138
627,296,64,139
626,295,64,140
632,295,66,142
630,293,67,144
628,291,68,146
626,289,69,148
624,287,70,150
622,285,71,152
620,283,72,154
618,281,73,156
616,279,74,158
614,277,75,160
612,275,76,162
610,273,77,164
608,271,78,166
606,269,79,168
604,267,80,170
603,263,85,172
601,263,85,172
599,263,85,172
597,263,85,172
595,263,85,172
593,263,85,172
591,263,85,172
589,263,85,172
587,263,85,172
585,263,85,172
583,263,85,172
581,263,85,172
579,263,85,172
577,263,85,172
575,263,85,172
574,257,80,174
571,257,79,174
568,257,78,174
565,257,77,174
562,257,76,174
559,257,75,174
556,257,74,174
553,257,73,174
550,257,72,174
547,257,71,174
544,257,70,174
541,257,69,174
538,257,68,174
535,257,67,174
532,257,66,174
530,257,72,176
525,257,74,176
520,257,76,176
515,257,78,176
510,257,80,176
505,257,82,176
500,257,84,176
495,257,86,176
490,257,88,176
485,257,90,176
480,257,92,176
475,257,94,176
470,257,96,176
465,257,98,176
460,257,100,176
454,261,95,174
449,261,95,174
444,261,95,174
439,261,95,174
434,261,95,174
429,261,95,174
424,261,95,174
419,261,95,174
414,261,95,174
409,261,95,174
404,261,95,174
399,261,95,174
394,261,95,174
389,261,95,174
384,261,95,174
383,263,97,170
379,263,97,170
375,263,97,170
371,263,97,170
367,263,97,170
363,263,97,170
359,263,97,170
355,263,97,170
351,263,97,170
347,263,97,170
343,263,97,170
339,263,97,170
335,263,97,170
331,263,97,170
327,263,97,170
316,261,93,174
