1444,176,57,186
1441,175,57,186
1438,174,57,186
1435,173,57,186
1432,172,57,186
1429,171,57,186
1426,170,57,186
1423,169,57,186
1420,168,57,186
1417,167,57,186
1414,166,57,186
1411,165,57,186
1408,164,57,186
1405,163,57,186
1402,162,57,186
1399,168,61,191
1396,168,62,191
1393,168,63,191
1390,168,64,191
1387,168,65,191
1384,168,66,191
1381,168,67,191
1378,168,68,191
1375,168,69,191
1372,168,70,191
1369,168,71,191
1366,168,72,191
1363,168,73,191
1360,168,74,191
1357,168,75,191
1350,172,83,188
1346,172,83,188
1342,172,83,188
1338,172,83,188
1334,172,83,188
1330,172,83,188
1326,172,83,188
1322,172,83,188
1318,172,83,188
1314,172,83,188
1310,172,83,188
1306,172,83,188
1302,172,83,188
1298,172,83,188
1294,172,83,188
1297,173,90,187
1295,174,89,185
1293,175,88,183
1291,176,87,181
1289,177,86,179
1287,178,85,177
1285,179,84,175
1283,180,83,173
1281,181,82,171
1279,182,81,169
1277,183,80,167
1275,184,79,165
1273,185,78,163
1271,186,77,161
1269,187,76,159
1268,189,78,160
1265,192,79,157
1262,195,80,154
1259,198,81,151
1256,201,82,148
1253,204,83,145
1250,207,84,142
1247,210,85,139
1244,213,86,136
1241,216,87,133
1238,219,88,130
1235,222,89,127
1232,225,90,124
1229,228,91,121
1226,231,92,118
1227,240,88,111
1226,241,88,110
1225,242,88,109
1224,243,88,108
1223,244,88,107
1222,245,88,106
1221,246,88,105
1220,247,88,104
1219,248,88,103
1218,249,88,102
1217,250,88,101
1216,251,88,100
1215,252,88,99
1214,253,88,98
1213,254,88,97
1219,262,86,89
1219,259,86,92
1219,256,86,95
1219,253,86,98
1219,250,86,101
1219,247,86,104
1219,244,86,107
1219,241,86,110
1219,238,86,113
1219,235,86,116
1219,232,86,119
1219,229,86,122
1219,226,86,125
1219,223,86,128
1219,220,86,131
1217,223,88,130
1217,219,86,134
1217,215,84,138
1217,211,82,142
1217,207,80,146
1217,203,78,150
1217,199,76,154
1217,195,74,158
1217,191,72,162
1217,187,70,166
1217,183,68,170
1217,179,66,174
1217,175,64,178
1217,171,62,182
1217,167,60,186
1210,164,63,184
1208,163,62,184
1206,162,61,184
1204,161,60,184
1202,160,59,184
1200,159,58,184
1198,158,57,184
1196,157,56,184
1194,156,55,184
1192,155,54,184
1190,154,53,184
1188,153,52,184
1186,152,51,184
1184,151,50,184
1182,150,49,184
1183,156,55,187
1180,156,56,188
1177,156,57,189
1174,156,58,190
1171,156,59,191
1168,156,60,192
1165,156,61,193
1162,156,62,194
1159,156,63,195
1156,156,64,196
1153,156,65,197
1150,156,66,198
1147,156,67,199
1144,156,68,200
1141,156,69,201
1137,154,74,197
1132,154,76,197
1127,154,78,197
1122,154,80,197
1117,154,82,197
1112,154,84,197
1107,154,86,197
1102,154,88,197
1097,154,90,197
1092,154,92,197
1087,154,94,197
1082,154,96,197
1077,154,98,197
1072,154,100,197
1067,154,102,197
1065,151,100,202
1059,151,101,202
1053,151,102,202
1047,151,103,202
1041,151,104,202
1035,151,105,202
1029,151,106,202
1023,151,107,202
1017,151,108,202
1011,151,109,202
1005,151,110,202
999,151,111,202
993,151,112,202
987,151,113,202
981,151,114,202
971,147,121,206
967,147,119,206
963,147,117,206
959,147,115,206
955,147,113,206
951,147,111,206
947,147,109,206
943,147,107,206
939,147,105,206
935,147,103,206
931,147,101,206
927,147,99,206
923,147,97,206
919,147,95,206
915,147,93,206
915,147,90,199
913,147,90,198
911,147,90,197
909,147,90,196
907,147,90,195
905,147,90,194
903,147,90,193
901,147,90,192
899,147,90,191
897,147,90,190
895,147,90,189
893,147,90,188
891,147,90,187
889,147,90,186
887,147,90,185
878,145,86,189
875,145,88,189
872,145,90,189
869,145,92,189
866,145,94,189
863,145,96,189
860,145,98,189
857,145,100,189
854,145,102,189
851,145,104,189
848,145,106,189
845,145,108,189
842,145,110,189
839,145,112,189
836,145,114,189
833,143,121,189
832,143,118,189
831,143,115,189
830,143,112,189
829,143,109,189
828,143,106,189
827,143,103,189
826,143,100,189
825,143,97,189
824,143,94,189
823,143,91,189
822,143,88,189
821,143,85,189
820,143,82,189
819,143,79,189
820,139,74,190
816,139,74,190
812,139,74,190
808,139,74,190
804,139,74,190
800,139,74,190
796,139,74,190
792,139,74,190
788,139,74,190
784,139,74,190
780,139,74,190
776,139,74,190
772,139,74,190
768,139,74,190
764,139,74,190
767,137,72,191
763,137,72,190
759,137,72,189
755,137,72,188
751,137,72,187
747,137,72,186
743,137,72,185
739,137,72,184
735,137,72,183
731,137,72,182
727,137,72,181
723,137,72,180
719,137,72,179
715,137,72,178
711,137,72,177
707,142,73,178
704,145,74,175
701,148,75,172
698,151,76,169
695,154,77,166
692,157,78,163
689,160,79,160
686,163,80,157
683,166,81,154
680,169,82,151
677,172,83,148
674,175,84,145
671,178,85,142
668,181,86,139
665,184,87,136
666,183,83,126
666,184,84,125
666,185,85,124
666,186,86,123
666,187,87,122
666,188,88,121
666,189,89,120
666,190,90,119
666,191,91,118
666,192,92,117
666,193,93,116
666,194,94,115
666,195,95,114
666,196,96,113
666,197,97,112
659,195,97,115
659,195,97,115
659,195,97,115
659,195,97,115
659,195,97,115
659,195,97,115
659,195,97,115
659,195,97,115
659,195,97,115
659,195,97,115
659,195,97,115
659,195,97,115
659,195,97,115
659,195,97,115
659,195,97,115
654,194,98,116
655,191,97,119
656,188,96,122
657,185,95,125
658,182,94,128
659,179,93,131
660,176,92,134
661,173,91,137
662,170,90,140
663,167,89,143
664,164,88,146
665,161,87,149
666,158,86,152
667,155,85,155
668,152,84,158
670,150,81,165
669,149,80,165
668,148,79,165
667,147,78,165
666,146,77,165
665,145,76,165
664,144,75,165
663,143,74,165
662,142,73,165
661,141,72,165
660,140,71,165
659,139,70,165
658,138,69,165
657,137,68,165
656,136,67,165
656,142,71,168
654,142,71,169
652,142,71,170
650,142,71,171
648,142,71,172
646,142,71,173
644,142,71,174
642,142,71,175
640,142,71,176
638,142,71,177
636,142,71,178
634,142,71,179
632,142,71,180
630,142,71,181
628,142,71,182
629,142,74,178
626,142,75,179
623,142,76,180
620,142,77,181
617,142,78,182
614,142,79,183
611,142,80,184
608,142,81,185
605,142,82,186
602,142,83,187
599,142,84,188
596,142,85,189
593,142,86,190
590,142,87,191
587,142,88,192
584,139,85,189
581,139,86,190
578,139,87,191
575,139,88,192
572,139,89,193
569,139,90,194
566,139,91,195
563,139,92,196
560,139,93,197
557,139,94,198
554,139,95,199
551,139,96,200
548,139,97,201
545,139,98,202
542,139,99,203
532,137,105,200
530,137,104,200
528,137,103,200
526,137,102,200
524,137,101,200
522,137,100,200
520,137,99,200
518,137,98,200
516,137,97,200
514,137,96,200
512,137,95,200
510,137,94,200
508,137,93,200
506,137,92,200
504,137,91,200
504,143,83,203
501,143,82,204
498,143,81,205
495,143,80,206
492,143,79,207
489,143,78,208
486,143,77,209
483,143,76,210
480,143,75,211
477,143,74,212
474,143,73,213
471,143,72,214
468,143,71,215
465,143,70,216
462,143,69,217
460,147,74,212
457,147,73,213
454,147,72,214
451,147,71,215
448,147,70,216
445,147,69,217
442,147,68,218
439,147,67,219
436,147,66,220
433,147,65,221
430,147,64,222
427,147,63,223
424,147,62,224
421,147,61,225
418,147,60,226
410,147,65,223
406,147,65,224
402,147,65,225
398,147,65,226
394,147,65,227
390,147,65,228
386,147,65,229
382,147,65,230
378,147,65,231
374,147,65,232
370,147,65,233
366,147,65,234
362,147,65,235
358,147,65,236
354,147,65,237
346,148,71,234
