1344,325,49,121
1342,325,49,121
1340,325,49,121
1338,325,49,121
1336,325,49,121
1334,325,49,121
1332,325,49,121
1330,325,49,121
1328,325,49,121
1326,325,49,121
1324,325,49,121
1322,325,49,121
1320,325,49,121
1318,325,49,121
1316,325,49,121
1308,322,47,125
1306,322,47,125
1304,322,47,125
1302,322,47,125
1300,322,47,125
1298,322,47,125
1296,322,47,125
1294,322,47,125
1292,322,47,125
1290,322,47,125
1288,322,47,125
1286,322,47,125
1284,322,47,125
1282,322,47,125
1280,322,47,125
1276,320,43,124
1274,320,43,125
1272,320,43,126
1270,320,43,127
1268,320,43,128
1266,320,43,129
1264,320,43,130
1262,320,43,131
1260,320,43,132
1258,320,43,133
1256,320,43,134
1254,320,43,135
1252,320,43,136
1250,320,43,137
1248,320,43,138
1242,320,47,132
1240,320,48,132
1238,320,49,132
1236,320,50,132
1234,320,51,132
1232,320,52,132
1230,320,53,132
1228,320,54,132
1226,320,55,132
1224,320,56,132
1222,320,57,132
1220,320,58,132
1218,320,59,132
1216,320,60,132
1214,320,61,132
1212,324,61,128
1210,326,61,125
1208,328,61,122
1206,330,61,119
1204,332,61,116
1202,334,61,113
1200,336,61,110
1198,338,61,107
1196,340,61,104
1194,342,61,101
1192,344,61,98
1190,346,61,95
1188,348,61,92
1186,350,61,89
1184,352,61,86
1176,359,61,85
1175,361,62,83
1174,363,63,81
1173,365,64,79
1172,367,65,77
1171,369,66,75
1170,371,67,73
1169,373,68,71
1168,375,69,69
1167,377,70,67
1166,379,71,65
1165,381,72,63
1164,383,73,61
1163,385,74,59
1162,387,75,57
1154,391,71,61
1154,390,71,62
1154,389,71,63
1154,388,71,64
1154,387,71,65
1154,386,71,66
1154,385,71,67
1154,384,71,68
1154,383,71,69
1154,382,71,70
1154,381,71,71
1154,380,71,72
1154,379,71,73
1154,378,71,74
1154,377,71,75
1152,376,71,76
1152,373,70,79
1152,370,69,82
1152,367,68,85
1152,364,67,88
1152,361,66,91
1152,358,65,94
1152,355,64,97
1152,352,63,100
1152,349,62,103
1152,346,61,106
1152,343,60,109
1152,340,59,112
1152,337,58,115
1152,334,57,118
1146,329,63,120
1145,329,62,121
1144,329,61,122
1143,329,60,123
1142,329,59,124
1141,329,58,125
1140,329,57,126
1139,329,56,127
1138,329,55,128
1137,329,54,129
1136,329,53,130
1135,329,52,131
1134,329,51,132
1133,329,50,133
1132,329,49,134
1126,325,51,129
1124,325,51,129
1122,325,51,129
1120,325,51,129
1118,325,51,129
1116,325,51,129
1114,325,51,129
1112,325,51,129
1110,325,51,129
1108,325,51,129
1106,325,51,129
1104,325,51,129
1102,325,51,129
1100,325,51,129
1098,325,51,129
1098,319,51,133
1095,319,52,134
1092,319,53,135
1089,319,54,136
1086,319,55,137
1083,319,56,138
1080,319,57,139
1077,319,58,140
1074,319,59,141
1071,319,60,142
1068,319,61,143
1065,319,62,144
1062,319,63,145
1059,319,64,146
1056,319,65,147
1050,317,69,149
1046,317,69,149
1042,317,69,149
1038,317,69,149
1034,317,69,149
1030,317,69,149
1026,317,69,149
1022,317,69,149
1018,317,69,149
1014,317,69,149
1010,317,69,149
1006,317,69,149
1002,317,69,149
998,317,69,149
994,317,69,149
994,319,63,142
991,319,62,141
988,319,61,140
985,319,60,139
982,319,59,138
979,319,58,137
976,319,57,136
973,319,56,135
970,319,55,134
967,319,54,133
964,319,53,132
961,319,52,131
958,319,51,130
955,319,50,129
952,319,49,128
951,319,48,130
950,319,48,129
949,319,48,128
948,319,48,127
947,319,48,126
946,319,48,125
945,319,48,124
944,319,48,123
943,319,48,122
942,319,48,121
941,319,48,120
940,319,48,119
939,319,48,118
938,319,48,117
937,319,48,116
929,320,44,121
927,320,45,121
925,320,46,121
923,320,47,121
921,320,48,121
919,320,49,121
917,320,50,121
915,320,51,121
913,320,52,121
911,320,53,121
909,320,54,121
907,320,55,121
905,320,56,121
903,320,57,121
901,320,58,121
895,319,55,125
892,319,56,126
889,319,57,127
886,319,58,128
883,319,59,129
880,319,60,130
877,319,61,131
874,319,62,132
871,319,63,133
868,319,64,134
865,319,65,135
862,319,66,136
859,319,67,137
856,319,68,138
853,319,69,139
851,320,63,134
847,320,64,134
843,320,65,134
839,320,66,134
835,320,67,134
831,320,68,134
827,320,69,134
823,320,70,134
819,320,71,134
815,320,72,134
811,320,73,134
807,320,74,134
803,320,75,134
799,320,76,134
795,320,77,134
793,319,81,130
791,322,80,127
789,325,79,124
787,328,78,121
785,331,77,118
783,334,76,115
781,337,75,112
779,340,74,109
777,343,73,106
775,346,72,103
773,349,71,100
771,352,70,97
769,355,69,94
767,358,68,91
765,361,67,88
761,357,67,84
760,358,67,83
759,359,67,82
758,360,67,81
757,361,67,80
756,362,67,79
755,363,67,78
754,364,67,77
753,365,67,76
752,366,67,75
751,367,67,74
750,368,67,73
749,369,67,72
748,370,67,71
747,371,67,70
749,378,71,73
749,377,71,73
749,376,71,73
749,375,71,73
749,374,71,73
749,373,71,73
749,372,71,73
749,371,71,73
749,370,71,73
749,369,71,73
749,368,71,73
749,367,71,73
749,366,71,73
749,365,71,73
749,364,71,73
749,367,71,74
750,365,70,77
751,363,69,80
752,361,68,83
753,359,67,86
754,357,66,89
755,355,65,92
756,353,64,95
757,351,63,98
758,349,62,101
759,347,61,104
760,345,60,107
761,343,59,110
762,341,58,113
763,339,57,116
761,332,61,124
761,331,60,124
761,330,59,124
761,329,58,124
761,328,57,124
761,327,56,124
761,326,55,124
761,325,54,124
761,324,53,124
761,323,52,124
761,322,51,124
761,321,50,124
761,320,49,124
761,319,48,124
761,318,47,124
755,324,51,123
754,324,51,123
753,324,51,123
752,324,51,123
751,324,51,123
750,324,51,123
749,324,51,123
748,324,51,123
747,324,51,123
746,324,51,123
745,324,51,123
744,324,51,123
743,324,51,123
742,324,51,123
741,324,51,123
733,327,55,125
731,327,55,125
729,327,55,125
727,327,55,125
725,327,55,125
723,327,55,125
721,327,55,125
719,327,55,125
717,327,55,125
715,327,55,125
713,327,55,125
711,327,55,125
709,327,55,125
707,327,55,125
705,327,55,125
705,327,53,129
702,327,54,130
699,327,55,131
696,327,56,132
693,327,57,133
690,327,58,134
687,327,59,135
684,327,60,136
681,327,61,137
678,327,62,138
675,327,63,139
672,327,64,140
669,327,65,141
666,327,66,142
663,327,67,143
661,324,71,142
659,324,70,143
657,324,69,144
655,324,68,145
653,324,67,146
651,324,66,147
649,324,65,148
647,324,64,149
645,324,63,150
643,324,62,151
641,324,61,152
639,324,60,153
637,324,59,154
635,324,58,155
633,324,57,156
631,330,63,151
