1298,30,75,155
1295,30,75,155
1292,30,75,155
1289,30,75,155
1286,30,75,155
1283,30,75,155
1280,30,75,155
1277,30,75,155
1274,30,75,155
1271,30,75,155
1268,30,75,155
1265,30,75,155
1262,30,75,155
1259,30,75,155
1256,30,75,155
1257,33,73,151
1256,33,72,151
1255,33,71,151
1254,33,70,151
1253,33,69,151
1252,33,68,151
1251,33,67,151
1250,33,66,151
1249,33,65,151
1248,33,64,151
1247,33,63,151
1246,33,62,151
1245,33,61,151
1244,33,60,151
1243,33,59,151
1237,31,62,151
1234,31,63,151
1231,31,64,151
1228,31,65,151
1225,31,66,151
1222,31,67,151
1219,31,68,151
1216,31,69,151
1213,31,70,151
1210,31,71,151
1207,31,72,151
1204,31,73,151
1201,31,74,151
1198,31,75,151
1195,31,76,151
1197,33,80,154
1195,35,80,151
1193,37,80,148
1191,39,80,145
1189,41,80,142
1187,43,80,139
1185,45,80,136
1183,47,80,133
1181,49,80,130
1179,51,80,127
1177,53,80,124
1175,55,80,121
1173,57,80,118
1171,59,80,115
1169,61,80,112
1163,69,75,110
1162,71,75,107
1161,73,75,104
1160,75,75,101
1159,77,75,98
1158,79,75,95
1157,81,75,92
1156,83,75,89
1155,85,75,86
1154,87,75,83
1153,89,75,80
1152,91,75,77
1151,93,75,74
1150,95,75,71
1149,97,75,68
1147,104,73,72
1146,104,73,72
1145,104,73,72
1144,104,73,72
1143,104,73,72
1142,104,73,72
1141,104,73,72
1140,104,73,72
1139,104,73,72
1138,104,73,72
1137,104,73,72
1136,104,73,72
1135,104,73,72
1134,104,73,72
1133,104,73,72
1139,99,79,78
1139,96,79,82
1139,93,79,86
1139,90,79,90
1139,87,79,94
1139,84,79,98
1139,81,79,102
1139,78,79,106
1139,75,79,110
1139,72,79,114
1139,69,79,118
1139,66,79,122
1139,63,79,126
1139,60,79,130
1139,57,79,134
1139,48,82,131
1138,46,81,132
1137,44,80,133
1136,42,79,134
1135,40,78,135
1134,38,77,136
1133,36,76,137
1132,34,75,138
1131,32,74,139
1130,30,73,140
1129,28,72,141
1128,26,71,142
1127,24,70,143
1126,22,69,144
1125,20,68,145
1117,23,71,153
1115,23,71,153
1113,23,71,153
1111,23,71,153
1109,23,71,153
1107,23,71,153
1105,23,71,153
1103,23,71,153
1101,23,71,153
1099,23,71,153
1097,23,71,153
1095,23,71,153
1093,23,71,153
1091,23,71,153
1089,23,71,153
1088,26,67,155
1084,26,68,155
1080,26,69,155
1076,26,70,155
1072,26,71,155
1068,26,72,155
1064,26,73,155
1060,26,74,155
1056,26,75,155
1052,26,76,155
1048,26,77,155
1044,26,78,155
1040,26,79,155
1036,26,80,155
1032,26,81,155
1029,28,87,156
1026,28,85,156
1023,28,83,156
1020,28,81,156
1017,28,79,156
1014,28,77,156
1011,28,75,156
1008,28,73,156
1005,28,71,156
1002,28,69,156
999,28,67,156
996,28,65,156
993,28,63,156
990,28,61,156
987,28,59,156
986,22,62,163
982,22,62,163
978,22,62,163
974,22,62,163
970,22,62,163
966,22,62,163
962,22,62,163
958,22,62,163
954,22,62,163
950,22,62,163
946,22,62,163
942,22,62,163
938,22,62,163
934,22,62,163
930,22,62,163
925,25,62,160
922,25,63,160
919,25,64,160
916,25,65,160
913,25,66,160
910,25,67,160
907,25,68,160
904,25,69,160
901,25,70,160
898,25,71,160
895,25,72,160
892,25,73,160
889,25,74,160
886,25,75,160
883,25,76,160
883,22,71,159
880,22,72,158
877,22,73,157
874,22,74,156
871,22,75,155
868,22,76,154
865,22,77,153
862,22,78,152
859,22,79,151
856,22,80,150
853,22,81,149
850,22,82,148
847,22,83,147
844,22,84,146
841,22,85,145
841,28,84,149
841,28,84,149
841,28,84,149
841,28,84,149
841,28,84,149
841,28,84,149
841,28,84,149
841,28,84,149
841,28,84,149
841,28,84,149
841,28,84,149
841,28,84,149
841,28,84,149
841,28,84,149
841,28,84,149
835,25,82,156
832,25,81,156
829,25,80,156
826,25,79,156
823,25,78,156
820,25,77,156
817,25,76,156
814,25,75,156
811,25,74,156
808,25,73,156
805,25,72,156
802,25,71,156
799,25,70,156
796,25,69,156
793,25,68,156
796,26,62,151
792,26,62,151
788,26,62,151
784,26,62,151
780,26,62,151
776,26,62,151
772,26,62,151
768,26,62,151
764,26,62,151
760,26,62,151
756,26,62,151
752,26,62,151
748,26,62,151
744,26,62,151
740,26,62,151
739,30,64,147
737,31,64,145
735,32,64,143
733,33,64,141
731,34,64,139
729,35,64,137
727,36,64,135
725,37,64,133
723,38,64,131
721,39,64,129
719,40,64,127
717,41,64,125
715,42,64,123
713,43,64,121
711,44,64,119
706,52,62,119
705,53,63,118
704,54,64,117
703,55,65,116
702,56,66,115
701,57,67,114
700,58,68,113
699,59,69,112
698,60,70,111
697,61,71,110
696,62,72,109
695,63,73,108
694,64,74,107
693,65,75,106
692,66,76,105
691,74,77,99
691,74,76,99
691,74,75,99
691,74,74,99
691,74,73,99
691,74,72,99
691,74,71,99
691,74,70,99
691,74,69,99
691,74,68,99
691,74,67,99
691,74,66,99
691,74,65,99
691,74,64,99
691,74,63,99
695,72,65,102
694,71,66,103
693,70,67,104
692,69,68,105
691,68,69,106
690,67,70,107
689,66,71,108
688,65,72,109
687,64,73,110
686,63,74,111
685,62,75,112
684,61,76,113
683,60,77,114
682,59,78,115
681,58,79,116
686,58,73,115
686,56,73,117
686,54,73,119
686,52,73,121
686,50,73,123
686,48,73,125
686,46,73,127
686,44,73,129
686,42,73,131
686,40,73,133
686,38,73,135
686,36,73,137
686,34,73,139
686,32,73,141
686,30,73,143
693,33,69,140
692,33,68,141
691,33,67,142
690,33,66,143
689,33,65,144
688,33,64,145
687,33,63,146
686,33,62,147
685,33,61,148
684,33,60,149
683,33,59,150
682,33,58,151
681,33,57,152
680,33,56,153
679,33,55,154
673,30,56,149
672,30,55,149
671,30,54,149
670,30,53,149
669,30,52,149
668,30,51,149
667,30,50,149
666,30,49,149
665,30,48,149
664,30,47,149
663,30,46,149
662,30,45,149
661,30,44,149
660,30,43,149
659,30,42,149
656,31,47,153
653,31,49,153
650,31,51,153
647,31,53,153
644,31,55,153
641,31,57,153
638,31,59,153
635,31,61,153
632,31,63,153
629,31,65,153
626,31,67,153
623,31,69,153
620,31,71,153
617,31,73,153
614,31,75,153
614,37,73,155
611,37,73,155
608,37,73,155
605,37,73,155
602,37,73,155
599,37,73,155
596,37,73,155
593,37,73,155
590,37,73,155
587,37,73,155
584,37,73,155
581,37,73,155
578,37,73,155
575,37,73,155
572,37,73,155
568,39,80,161
566,40,80,162
564,41,80,163
562,42,80,164
560,43,80,165
558,44,80,166
556,45,80,167
554,46,80,168
552,47,80,169
550,48,80,170
548,49,80,171
546,50,80,172
544,51,80,173
542,52,80,174
540,53,80,175
536,50,75,169
533,50,75,170
530,50,75,171
527,50,75,172
524,50,75,173
521,50,75,174
518,50,75,175
515,50,75,176
512,50,75,177
509,50,75,178
506,50,75,179
503,50,75,180
500,50,75,181
497,50,75,182
494,50,75,183
488,50,82,178
484,51,83,178
480,52,84,178
476,53,85,178
472,54,86,178
468,55,87,178
464,56,88,178
460,57,89,178
456,58,90,178
452,59,91,178
448,60,92,178
444,61,93,178
440,62,94,178
436,63,95,178
432,64,96,178
429,63,95,178
426,63,95,179
423,63,95,180
420,63,95,181
417,63,95,182
414,63,95,183
411,63,95,184
408,63,95,185
405,63,95,186
402,63,95,187
399,63,95,188
396,63,95,189
393,63,95,190
390,63,95,191
387,63,95,192
379,63,97,197
