1513,217,89,143
1511,216,89,143
1509,215,89,143
1507,214,89,143
1505,213,89,143
1503,212,89,143
1501,211,89,143
1499,210,89,143
1497,209,89,143
1495,208,89,143
1493,207,89,143
1491,206,89,143
1489,205,89,143
1487,204,89,143
1485,203,89,143
1490,206,82,149
1488,207,82,147
1486,208,82,145
1484,209,82,143
1482,210,82,141
1480,211,82,139
1478,212,82,137
1476,213,82,135
1474,214,82,133
1472,215,82,131
1470,216,82,129
1468,217,82,127
1466,218,82,125
1464,219,82,123
1462,220,82,121
1453,226,85,118
1452,227,85,118
1451,228,85,118
1450,229,85,118
1449,230,85,118
1448,231,85,118
1447,232,85,118
1446,233,85,118
1445,234,85,118
1444,235,85,118
1443,236,85,118
1442,237,85,118
1441,238,85,118
1440,239,85,118
1439,240,85,118
1443,234,84,113
1442,233,85,114
1441,232,86,115
1440,231,87,116
1439,230,88,117
1438,229,89,118
1437,228,90,119
1436,227,91,120
1435,226,92,121
1434,225,93,122
1433,224,94,123
1432,223,95,124
1431,222,96,125
1430,221,97,126
1429,220,98,127
1428,219,99,130
1427,217,99,132
1426,215,99,134
1425,213,99,136
1424,211,99,138
1423,209,99,140
1422,207,99,142
1421,205,99,144
1420,203,99,146
1419,201,99,148
1418,199,99,150
1417,197,99,152
1416,195,99,154
1415,193,99,156
1414,191,99,158
1413,191,97,156
1411,189,97,158
1409,187,97,160
1407,185,97,162
1405,183,97,164
1403,181,97,166
1401,179,97,168
1399,177,97,170
1397,175,97,172
1395,173,97,174
1393,171,97,176
1391,169,97,178
1389,167,97,180
1387,165,97,182
1385,163,97,184
1376,164,100,181
1374,164,99,180
1372,164,98,179
1370,164,97,178
1368,164,96,177
1366,164,95,176
1364,164,94,175
1362,164,93,174
1360,164,92,173
1358,164,91,172
1356,164,90,171
1354,164,89,170
1352,164,88,169
1350,164,87,168
1348,164,86,167
1344,161,78,171
1342,161,79,171
1340,161,80,171
1338,161,81,171
1336,161,82,171
1334,161,83,171
1332,161,84,171
1330,161,85,171
1328,161,86,171
1326,161,87,171
1324,161,88,171
1322,161,89,171
1320,161,90,171
1318,161,91,171
1316,161,92,171
1321,166,91,170
1320,169,92,167
1319,172,93,164
1318,175,94,161
1317,178,95,158
1316,181,96,155
1315,184,97,152
1314,187,98,149
1313,190,99,146
1312,193,100,143
1311,196,101,140
1310,199,102,137
1309,202,103,134
1308,205,104,131
1307,208,105,128
1299,206,110,132
1299,206,110,132
1299,206,110,132
1299,206,110,132
1299,206,110,132
1299,206,110,132
1299,206,110,132
1299,206,110,132
1299,206,110,132
1299,206,110,132
1299,206,110,132
1299,206,110,132
1299,206,110,132
1299,206,110,132
1299,206,110,132
1302,208,110,130
1301,206,108,132
1300,204,106,134
1299,202,104,136
1298,200,102,138
1297,198,100,140
1296,196,98,142
1295,194,96,144
1294,192,94,146
1293,190,92,148
1292,188,90,150
1291,186,88,152
1290,184,86,154
1289,182,84,156
1288,180,82,158
1289,172,84,160
1287,172,85,161
1285,172,86,162
1283,172,87,163
1281,172,88,164
1279,172,89,165
1277,172,90,166
1275,172,91,167
1273,172,92,168
1271,172,93,169
1269,172,94,170
1267,172,95,171
1265,172,96,172
1263,172,97,173
1261,172,98,174
1255,166,101,168
1252,165,99,169
1249,164,97,170
1246,163,95,171
1243,162,93,172
1240,161,91,173
1237,160,89,174
1234,159,87,175
1231,158,85,176
1228,157,83,177
1225,156,81,178
1222,155,79,179
1219,154,77,180
1216,153,75,181
1213,152,73,182
1216,146,76,183
1212,146,76,183
1208,146,76,183
1204,146,76,183
1200,146,76,183
1196,146,76,183
1192,146,76,183
1188,146,76,183
1184,146,76,183
1180,146,76,183
1176,146,76,183
1172,146,76,183
1168,146,76,183
1164,146,76,183
1160,146,76,183
1150,142,82,185
1145,141,82,186
1140,140,82,187
1135,139,82,188
1130,138,82,189
1125,137,82,190
1120,136,82,191
1115,135,82,192
1110,134,82,193
1105,133,82,194
1100,132,82,195
1095,131,82,196
1090,130,82,197
1085,129,82,198
1080,128,82,199
1077,134,80,193
1071,134,80,193
1065,134,80,193
1059,134,80,193
1053,134,80,193
1047,134,80,193
1041,134,80,193
1035,134,80,193
1029,134,80,193
1023,134,80,193
1017,134,80,193
1011,134,80,193
1005,134,80,193
999,134,80,193
993,134,80,193
985,134,87,198
980,134,86,198
975,134,85,198
970,134,84,198
965,134,83,198
960,134,82,198
955,134,81,198
950,134,80,198
945,134,79,198
940,134,78,198
935,134,77,198
930,134,76,198
925,134,75,198
920,134,74,198
915,134,73,198
917,131,76,201
913,131,76,201
909,131,76,201
905,131,76,201
901,131,76,201
897,131,76,201
893,131,76,201
889,131,76,201
885,131,76,201
881,131,76,201
877,131,76,201
873,131,76,201
869,131,76,201
865,131,76,201
861,131,76,201
850,127,74,203
845,127,74,203
840,127,74,203
835,127,74,203
830,127,74,203
825,127,74,203
820,127,74,203
815,127,74,203
810,127,74,203
805,127,74,203
800,127,74,203
795,127,74,203
790,127,74,203
785,127,74,203
780,127,74,203
776,125,71,202
773,125,70,201
770,125,69,200
767,125,68,199
764,125,67,198
761,125,66,197
758,125,65,196
755,125,64,195
752,125,63,194
749,125,62,193
746,125,61,192
743,125,60,191
740,125,59,190
737,125,58,189
734,125,57,188
729,123,63,189
727,123,63,188
725,123,63,187
723,123,63,186
721,123,63,185
719,123,63,184
717,123,63,183
715,123,63,182
713,123,63,181
711,123,63,180
709,123,63,179
707,123,63,178
705,123,63,177
703,123,63,176
701,123,63,175
701,127,61,177
699,129,62,175
697,131,63,173
695,133,64,171
693,135,65,169
691,137,66,167
689,139,67,165
687,141,68,163
685,143,69,161
683,145,70,159
681,147,71,157
679,149,72,155
677,151,73,153
675,153,74,151
673,155,75,149
667,157,80,142
666,157,80,142
665,157,80,142
664,157,80,142
663,157,80,142
662,157,80,142
661,157,80,142
660,157,80,142
659,157,80,142
658,157,80,142
657,157,80,142
656,157,80,142
655,157,80,142
654,157,80,142
653,157,80,142
658,153,78,147
658,153,78,146
658,153,78,145
658,153,78,144
658,153,78,143
658,153,78,142
658,153,78,141
658,153,78,140
658,153,78,139
658,153,78,138
658,153,78,137
658,153,78,136
658,153,78,135
658,153,78,134
658,153,78,133
658,153,72,138
656,153,74,139
654,153,76,140
652,153,78,141
650,153,80,142
648,153,82,143
646,153,84,144
644,153,86,145
642,153,88,146
640,153,90,147
638,153,92,148
636,153,94,149
634,153,96,150
632,153,98,151
630,153,100,152
635,151,99,146
631,152,99,144
627,153,99,142
623,154,99,140
619,155,99,138
615,156,99,136
611,157,99,134
607,158,99,132
603,159,99,130
599,160,99,128
595,161,99,126
591,162,99,124
587,163,99,122
583,164,99,120
579,165,99,118
579,170,95,119
579,170,94,119
579,170,93,119
579,170,92,119
579,170,91,119
579,170,90,119
579,170,89,119
579,170,88,119
579,170,87,119
579,170,86,119
579,170,85,119
579,170,84,119
579,170,83,119
579,170,82,119
579,170,81,119
581,176,84,115
580,175,85,116
579,174,86,117
578,173,87,118
577,172,88,119
576,171,89,120
575,170,90,121
574,169,91,122
573,168,92,123
572,167,93,124
571,166,94,125
570,165,95,126
569,164,96,127
568,163,97,128
567,162,98,129
573,163,92,130
572,161,92,131
571,159,92,132
570,157,92,133
569,155,92,134
568,153,92,135
567,151,92,136
566,149,92,137
565,147,92,138
564,145,92,139
563,143,92,140
562,141,92,141
561,139,92,142
560,137,92,143
559,135,92,144
564,140,89,151
564,139,88,153
564,138,87,155
564,137,86,157
564,136,85,159
564,135,84,161
564,134,83,163
564,133,82,165
564,132,81,167
564,131,80,169
564,130,79,171
564,129,78,173
564,128,77,175
564,127,76,177
564,126,75,179
568,121,68,174
