1438,268,74,110
1436,269,73,109
1434,270,72,108
1432,271,71,107
1430,272,70,106
1428,273,69,105
1426,274,68,104
1424,275,67,103
1422,276,66,102
1420,277,65,101
1418,278,64,100
1416,279,63,99
1414,280,62,98
1412,281,61,97
1410,282,60,96
1411,278,65,95
1410,279,65,94
1409,280,65,93
1408,281,65,92
1407,282,65,91
1406,283,65,90
1405,284,65,89
1404,285,65,88
1403,286,65,87
1402,287,65,86
1401,288,65,85
1400,289,65,84
1399,290,65,83
1398,291,65,82
1397,292,65,81
1402,288,65,85
1401,287,66,86
1400,286,67,87
1399,285,68,88
1398,284,69,89
1397,283,70,90
1396,282,71,91
1395,281,72,92
1394,280,73,93
1393,279,74,94
1392,278,75,95
1391,277,76,96
1390,276,77,97
1389,275,78,98
1388,274,79,99
1383,276,82,97
1382,274,81,99
1381,272,80,101
1380,270,79,103
1379,268,78,105
1378,266,77,107
1377,264,76,109
1376,262,75,111
1375,260,74,113
1374,258,73,115
1373,256,72,117
1372,254,71,119
1371,252,70,121
1370,250,69,123
1369,248,68,125
1367,248,65,129
1365,248,64,129
1363,248,63,129
1361,248,62,129
1359,248,61,129
1357,248,60,129
1355,248,59,129
1353,248,58,129
1351,248,57,129
1349,248,56,129
1347,248,55,129
1345,248,54,129
1343,248,53,129
1341,248,52,129
1339,248,51,129
1335,245,54,128
1333,246,55,127
1331,247,56,126
1329,248,57,125
1327,249,58,124
1325,250,59,123
1323,251,60,122
1321,252,61,121
1319,253,62,120
1317,254,63,119
1315,255,64,118
1313,256,65,117
1311,257,66,116
1309,258,67,115
1307,259,68,114
1308,260,72,113
1307,262,73,112
1306,264,74,111
1305,266,75,110
1304,268,76,109
1303,270,77,108
1302,272,78,107
1301,274,79,106
1300,276,80,105
1299,278,81,104
1298,280,82,103
1297,282,83,102
1296,284,84,101
1295,286,85,100
1294,288,86,99
1297,286,83,91
1296,284,82,93
1295,282,81,95
1294,280,80,97
1293,278,79,99
1292,276,78,101
1291,274,77,103
1290,272,76,105
1289,270,75,107
1288,268,74,109
1287,266,73,111
1286,264,72,113
1285,262,71,115
1284,260,70,117
1283,258,69,119
1285,256,72,117
1283,256,72,117
1281,256,72,117
1279,256,72,117
1277,256,72,117
1275,256,72,117
1273,256,72,117
1271,256,72,117
1269,256,72,117
1267,256,72,117
1265,256,72,117
1263,256,72,117
1261,256,72,117
1259,256,72,117
1257,256,72,117
1255,253,74,122
1252,252,73,123
1249,251,72,124
1246,250,71,125
1243,249,70,126
1240,248,69,127
1237,247,68,128
1234,246,67,129
1231,245,66,130
1228,244,65,131
1225,243,64,132
1222,242,63,133
1219,241,62,134
1216,240,61,135
1213,239,60,136
1210,240,60,140
1205,240,60,140
1200,240,60,140
1195,240,60,140
1190,240,60,140
1185,240,60,140
1180,240,60,140
1175,240,60,140
1170,240,60,140
1165,240,60,140
1160,240,60,140
1155,240,60,140
1150,240,60,140
1145,240,60,140
1140,240,60,140
1141,240,54,147
1135,241,56,147
1129,242,58,147
1123,243,60,147
1117,244,62,147
1111,245,64,147
1105,246,66,147
1099,247,68,147
1093,248,70,147
1087,249,72,147
1081,250,74,147
1075,251,76,147
1069,252,78,147
1063,253,80,147
1057,254,82,147
1057,248,78,147
1052,248,79,147
1047,248,80,147
1042,248,81,147
1037,248,82,147
1032,248,83,147
1027,248,84,147
1022,248,85,147
1017,248,86,147
1012,248,87,147
1007,248,88,147
1002,248,89,147
997,248,90,147
992,248,91,147
987,248,92,147
984,250,87,151
980,251,86,151
976,252,85,151
972,253,84,151
968,254,83,151
964,255,82,151
960,256,81,151
956,257,80,151
952,258,79,151
948,259,78,151
944,260,77,151
940,261,76,151
936,262,75,151
932,263,74,151
928,264,73,151
920,258,78,147
917,258,77,146
914,258,76,145
911,258,75,144
908,258,74,143
905,258,73,142
902,258,72,141
899,258,71,140
896,258,70,139
893,258,69,138
890,258,68,137
887,258,67,136
884,258,66,135
881,258,65,134
878,258,64,133
874,258,56,137
872,259,56,136
870,260,56,135
868,261,56,134
866,262,56,133
864,263,56,132
862,264,56,131
860,265,56,130
858,266,56,129
856,267,56,128
854,268,56,127
852,269,56,126
850,270,56,125
848,271,56,124
846,272,56,123
848,268,54,122
847,270,55,120
846,272,56,118
845,274,57,116
844,276,58,114
843,278,59,112
842,280,60,110
841,282,61,108
840,284,62,106
839,286,63,104
838,288,64,102
837,290,65,100
836,292,66,98
835,294,67,96
834,296,68,94
830,291,63,94
830,291,63,94
830,291,63,94
830,291,63,94
830,291,63,94
830,291,63,94
830,291,63,94
830,291,63,94
830,291,63,94
830,291,63,94
830,291,63,94
830,291,63,94
830,291,63,94
830,291,63,94
830,291,63,94
828,286,58,99
827,286,59,99
826,286,60,99
825,286,61,99
824,286,62,99
823,286,63,99
822,286,64,99
821,286,65,99
820,286,66,99
819,286,67,99
818,286,68,99
817,286,69,99
816,286,70,99
815,286,71,99
814,286,72,99
808,286,74,92
806,287,73,91
804,288,72,90
802,289,71,89
800,290,70,88
798,291,69,87
796,292,68,86
794,293,67,85
792,294,66,84
790,295,65,83
788,296,64,82
786,297,63,81
784,298,62,80
782,299,61,79
780,300,60,78
782,303,59,84
781,302,60,85
780,301,61,86
779,300,62,87
778,299,63,88
777,298,64,89
776,297,65,90
775,296,66,91
774,295,67,92
773,294,68,93
772,293,69,94
771,292,70,95
770,291,71,96
769,290,72,97
768,289,73,98
768,293,73,95
767,292,72,96
766,291,71,97
765,290,70,98
764,289,69,99
763,288,68,100
762,287,67,101
761,286,66,102
760,285,65,103
759,284,64,104
758,283,63,105
757,282,62,106
756,281,61,107
755,280,60,108
754,279,59,109
760,273,58,115
760,272,58,116
760,271,58,117
760,270,58,118
760,269,58,119
760,268,58,120
760,267,58,121
760,266,58,122
760,265,58,123
760,264,58,124
760,263,58,125
760,262,58,126
760,261,58,127
760,260,58,128
760,259,58,129
764,261,54,126
