1369,365,62,95
1367,364,62,96
1365,363,62,97
1363,362,62,98
1361,361,62,99
1359,360,62,100
1357,359,62,101
1355,358,62,102
1353,357,62,103
1351,356,62,104
1349,355,62,105
1347,354,62,106
1345,353,62,107
1343,352,62,108
1341,351,62,109
1346,349,64,109
1344,350,64,108
1342,351,64,107
1340,352,64,106
1338,353,64,105
1336,354,64,104
1334,355,64,103
1332,356,64,102
1330,357,64,101
1328,358,64,100
1326,359,64,99
1324,360,64,98
1322,361,64,97
1320,362,64,96
1318,363,64,95
1318,362,67,90
1318,363,67,89
1318,364,67,88
1318,365,67,87
1318,366,67,86
1318,367,67,85
1318,368,67,84
1318,369,67,83
1318,370,67,82
1318,371,67,81
1318,372,67,80
1318,373,67,79
1318,374,67,78
1318,375,67,77
1318,376,67,76
1311,373,60,81
1310,372,61,82
1309,371,62,83
1308,370,63,84
1307,369,64,85
1306,368,65,86
1305,367,66,87
1304,366,67,88
1303,365,68,89
1302,364,69,90
1301,363,70,91
1300,362,71,92
1299,361,72,93
1298,360,73,94
1297,359,74,95
1297,361,73,93
1296,359,72,94
1295,357,71,95
1294,355,70,96
1293,353,69,97
1292,351,68,98
1291,349,67,99
1290,347,66,100
1289,345,65,101
1288,343,64,102
1287,341,63,103
1286,339,62,104
1285,337,61,105
1284,335,60,106
1283,333,59,107
1285,338,62,114
1283,337,63,115
1281,336,64,116
1279,335,65,117
1277,334,66,118
1275,333,67,119
1273,332,68,120
1271,331,69,121
1269,330,70,122
1267,329,71,123
1265,328,72,124
1263,327,73,125
1261,326,74,126
1259,325,75,127
1257,324,76,128
1256,325,70,127
1254,325,69,127
1252,325,68,127
1250,325,67,127
1248,325,66,127
1246,325,65,127
1244,325,64,127
1242,325,63,127
1240,325,62,127
1238,325,61,127
1236,325,60,127
1234,325,59,127
1232,325,58,127
1230,325,57,127
1228,325,56,127
1231,328,61,123
1230,329,62,122
1229,330,63,121
1228,331,64,120
1227,332,65,119
1226,333,66,118
1225,334,67,117
1224,335,68,116
1223,336,69,115
1222,337,70,114
1221,338,71,113
1220,339,72,112
1219,340,73,111
1218,341,74,110
1217,342,75,109
1219,349,74,103
1219,350,74,102
1219,351,74,101
1219,352,74,100
1219,353,74,99
1219,354,74,98
1219,355,74,97
1219,356,74,96
1219,357,74,95
1219,358,74,94
1219,359,74,93
1219,360,74,92
1219,361,74,91
1219,362,74,90
1219,363,74,89
1212,365,81,89
1211,364,81,90
1210,363,81,91
1209,362,81,92
1208,361,81,93
1207,360,81,94
1206,359,81,95
1205,358,81,96
1204,357,81,97
1203,356,81,98
1202,355,81,99
1201,354,81,100
1200,353,81,101
1199,352,81,102
1198,351,81,103
1202,346,79,102
1201,345,78,103
1200,344,77,104
1199,343,76,105
1198,342,75,106
1197,341,74,107
1196,340,73,108
1195,339,72,109
1194,338,71,110
1193,337,70,111
1192,336,69,112
1191,335,68,113
1190,334,67,114
1189,333,66,115
1188,332,65,116
1183,337,69,114
1181,336,68,115
1179,335,67,116
1177,334,66,117
1175,333,65,118
1173,332,64,119
1171,331,63,120
1169,330,62,121
1167,329,61,122
1165,328,60,123
1163,327,59,124
1161,326,58,125
1159,325,57,126
1157,324,56,127
1155,323,55,128
1153,322,59,132
1148,322,61,132
1143,322,63,132
1138,322,65,132
1133,322,67,132
1128,322,69,132
1123,322,71,132
1118,322,73,132
1113,322,75,132
1108,322,77,132
1103,322,79,132
1098,322,81,132
1093,322,83,132
1088,322,85,132
1083,322,87,132
1080,320,90,135
1077,320,89,135
1074,320,88,135
1071,320,87,135
1068,320,86,135
1065,320,85,135
1062,320,84,135
1059,320,83,135
1056,320,82,135
1053,320,81,135
1050,320,80,135
1047,320,79,135
1044,320,78,135
1041,320,77,135
1038,320,76,135
1033,320,76,141
1029,320,77,141
1025,320,78,141
1021,320,79,141
1017,320,80,141
1013,320,81,141
1009,320,82,141
1005,320,83,141
1001,320,84,141
997,320,85,141
993,320,86,141
989,320,87,141
985,320,88,141
981,320,89,141
977,320,90,141
966,320,87,144
963,320,86,144
960,320,85,144
957,320,84,144
954,320,83,144
951,320,82,144
948,320,81,144
945,320,80,144
942,320,79,144
939,320,78,144
936,320,77,144
933,320,76,144
930,320,75,144
927,320,74,144
924,320,73,144
920,325,78,144
916,325,78,144
912,325,78,144
908,325,78,144
904,325,78,144
900,325,78,144
896,325,78,144
892,325,78,144
888,325,78,144
884,325,78,144
880,325,78,144
876,325,78,144
872,325,78,144
868,325,78,144
864,325,78,144
865,325,74,138
862,325,74,138
859,325,74,138
856,325,74,138
853,325,74,138
850,325,74,138
847,325,74,138
844,325,74,138
841,325,74,138
838,325,74,138
835,325,74,138
832,325,74,138
829,325,74,138
826,325,74,138
823,325,74,138
814,325,69,138
812,325,68,137
810,325,67,136
808,325,66,135
806,325,65,134
804,325,64,133
802,325,63,132
800,325,62,131
798,325,61,130
796,325,60,129
794,325,59,128
792,325,58,127
790,325,57,126
788,325,56,125
786,325,55,124
788,323,53,128
787,325,53,126
786,327,53,124
785,329,53,122
784,331,53,120
783,333,53,118
782,335,53,116
781,337,53,114
780,339,53,112
779,341,53,110
778,343,53,108
777,345,53,106
776,347,53,104
775,349,53,102
774,351,53,100
769,346,55,103
768,346,55,103
767,346,55,103
766,346,55,103
765,346,55,103
764,346,55,103
763,346,55,103
762,346,55,103
761,346,55,103
760,346,55,103
759,346,55,103
758,346,55,103
757,346,55,103
756,346,55,103
755,346,55,103
759,352,62,96
759,352,62,96
759,352,62,96
759,352,62,96
759,352,62,96
759,352,62,96
759,352,62,96
759,352,62,96
759,352,62,96
759,352,62,96
759,352,62,96
759,352,62,96
759,352,62,96
759,352,62,96
759,352,62,96
757,349,55,97
756,349,56,97
755,349,57,97
754,349,58,97
753,349,59,97
752,349,60,97
751,349,61,97
750,349,62,97
749,349,63,97
748,349,64,97
747,349,65,97
746,349,66,97
745,349,67,97
744,349,68,97
743,349,69,97
741,344,69,95
739,345,69,94
737,346,69,93
735,347,69,92
733,348,69,91
731,349,69,90
729,350,69,89
727,351,69,88
725,352,69,87
723,353,69,86
721,354,69,85
719,355,69,84
717,356,69,83
715,357,69,82
713,358,69,81
712,361,62,81
712,361,62,81
712,361,62,81
712,361,62,81
712,361,62,81
712,361,62,81
712,361,62,81
712,361,62,81
712,361,62,81
712,361,62,81
712,361,62,81
712,361,62,81
712,361,62,81
712,361,62,81
712,361,62,81
710,362,59,80
709,361,60,82
708,360,61,84
707,359,62,86
706,358,63,88
705,357,64,90
704,356,65,92
703,355,66,94
702,354,67,96
701,353,68,98
700,352,69,100
699,351,70,102
698,350,71,104
697,349,72,106
696,348,73,108
688,343,81,103
