1144,60,62,120
1144,60,62,120
1144,60,62,120
1144,60,62,120
1144,60,62,120
1144,60,62,120
1144,60,62,120
1144,60,62,120
1144,60,62,120
1144,60,62,120
1144,60,62,120
1144,60,62,120
1144,60,62,120
1144,60,62,120
1144,60,62,120
1144,63,61,115
1144,63,61,115
1144,63,61,115
1144,63,61,115
1144,63,61,115
1144,63,61,115
1144,63,61,115
1144,63,61,115
1144,63,61,115
1144,63,61,115
1144,63,61,115
1144,63,61,115
1144,63,61,115
1144,63,61,115
1144,63,61,115
1144,60,64,118
1143,59,65,119
1142,58,66,120
1141,57,67,121
1140,56,68,122
1139,55,69,123
1138,54,70,124
1137,53,71,125
1136,52,72,126
1135,51,73,127
1134,50,74,128
1133,49,75,129
1132,48,76,130
1131,47,77,131
1130,46,78,132
1135,50,77,128
1134,49,77,129
1133,48,77,130
1132,47,77,131
1131,46,77,132
1130,45,77,133
1129,44,77,134
1128,43,77,135
1127,42,77,136
1126,41,77,137
1125,40,77,138
1124,39,77,139
1123,38,77,140
1122,37,77,141
1121,36,77,142
1121,33,71,147
1118,32,71,148
1115,31,71,149
1112,30,71,150
1109,29,71,151
1106,28,71,152
1103,27,71,153
1100,26,71,154
1097,25,71,155
1094,24,71,156
1091,23,71,157
1088,22,71,158
1085,21,71,159
1082,20,71,160
1079,19,71,161
1073,22,76,156
1070,22,76,156
1067,22,76,156
1064,22,76,156
1061,22,76,156
1058,22,76,156
1055,22,76,156
1052,22,76,156
1049,22,76,156
1046,22,76,156
1043,22,76,156
1040,22,76,156
1037,22,76,156
1034,22,76,156
1031,22,76,156
1022,22,77,160
1018,22,78,160
1014,22,79,160
1010,22,80,160
1006,22,81,160
1002,22,82,160
998,22,83,160
994,22,84,160
990,22,85,160
986,22,86,160
982,22,87,160
978,22,88,160
974,22,89,160
970,22,90,160
966,22,91,160
961,23,93,162
957,23,93,162
953,23,93,162
949,23,93,162
945,23,93,162
941,23,93,162
937,23,93,162
933,23,93,162
929,23,93,162
925,23,93,162
921,23,93,162
917,23,93,162
913,23,93,162
909,23,93,162
905,23,93,162
902,26,87,159
899,26,86,159
896,26,85,159
893,26,84,159
890,26,83,159
887,26,82,159
884,26,81,159
881,26,80,159
878,26,79,159
875,26,78,159
872,26,77,159
869,26,76,159
866,26,75,159
863,26,74,159
860,26,73,159
857,26,75,160
855,26,74,160
853,26,73,160
851,26,72,160
849,26,71,160
847,26,70,160
845,26,69,160
843,26,68,160
841,26,67,160
839,26,66,160
837,26,65,160
835,26,64,160
833,26,63,160
831,26,62,160
829,26,61,160
821,22,55,164
818,22,56,164
815,22,57,164
812,22,58,164
809,22,59,164
806,22,60,164
803,22,61,164
800,22,62,164
797,22,63,164
794,22,64,164
791,22,65,164
788,22,66,164
785,22,67,164
782,22,68,164
779,22,69,164
769,25,66,160
767,25,66,160
765,25,66,160
763,25,66,160
761,25,66,160
759,25,66,160
757,25,66,160
755,25,66,160
753,25,66,160
751,25,66,160
749,25,66,160
747,25,66,160
745,25,66,160
743,25,66,160
741,25,66,160
741,25,71,155
741,25,71,154
741,25,71,153
741,25,71,152
741,25,71,151
741,25,71,150
741,25,71,149
741,25,71,148
741,25,71,147
741,25,71,146
741,25,71,145
741,25,71,144
741,25,71,143
741,25,71,142
741,25,71,141
737,28,67,146
737,28,67,146
737,28,67,146
737,28,67,146
737,28,67,146
737,28,67,146
737,28,67,146
737,28,67,146
737,28,67,146
737,28,67,146
737,28,67,146
737,28,67,146
737,28,67,146
737,28,67,146
737,28,67,146
741,26,71,151
740,26,71,151
739,26,71,151
738,26,71,151
737,26,71,151
736,26,71,151
735,26,71,151
734,26,71,151
733,26,71,151
732,26,71,151
731,26,71,151
730,26,71,151
729,26,71,151
728,26,71,151
727,26,71,151
732,25,71,150
731,25,71,150
730,25,71,150
729,25,71,150
728,25,71,150
727,25,71,150
726,25,71,150
725,25,71,150
724,25,71,150
723,25,71,150
722,25,71,150
721,25,71,150
720,25,71,150
719,25,71,150
718,25,71,150
712,28,67,146
711,30,67,144
710,32,67,142
709,34,67,140
708,36,67,138
707,38,67,136
706,40,67,134
705,42,67,132
704,44,67,130
703,46,67,128
702,48,67,126
701,50,67,124
700,52,67,122
699,54,67,120
698,56,67,118
699,52,61,120
699,53,61,119
699,54,61,118
699,55,61,117
699,56,61,116
699,57,61,115
699,58,61,114
699,59,61,113
699,60,61,112
699,61,61,111
699,62,61,110
699,63,61,109
699,64,61,108
699,65,61,107
699,66,61,106
698,63,56,107
698,63,56,107
698,63,56,107
698,63,56,107
698,63,56,107
698,63,56,107
698,63,56,107
698,63,56,107
698,63,56,107
698,63,56,107
698,63,56,107
698,63,56,107
698,63,56,107
698,63,56,107
698,63,56,107
694,61,60,109
694,61,60,109
694,61,60,109
694,61,60,109
694,61,60,109
694,61,60,109
694,61,60,109
694,61,60,109
694,61,60,109
694,61,60,109
694,61,60,109
694,61,60,109
694,61,60,109
694,61,60,109
694,61,60,109
698,55,58,114
698,54,58,115
698,53,58,116
698,52,58,117
698,51,58,118
698,50,58,119
698,49,58,120
698,48,58,121
698,47,58,122
698,46,58,123
698,45,58,124
698,44,58,125
698,43,58,126
698,42,58,127
698,41,58,128
696,39,58,135
693,39,59,135
690,39,60,135
687,39,61,135
684,39,62,135
681,39,63,135
678,39,64,135
675,39,65,135
672,39,66,135
669,39,67,135
666,39,68,135
663,39,69,135
660,39,70,135
657,39,71,135
654,39,72,135
656,41,78,131
655,43,78,129
654,45,78,127
653,47,78,125
652,49,78,123
651,51,78,121
650,53,78,119
649,55,78,117
648,57,78,115
647,59,78,113
646,61,78,111
645,63,78,109
644,65,78,107
643,67,78,105
642,69,78,103
647,66,82,106
647,66,82,106
647,66,82,106
647,66,82,106
647,66,82,106
647,66,82,106
647,66,82,106
647,66,82,106
647,66,82,106
647,66,82,106
647,66,82,106
647,66,82,106
647,66,82,106
647,66,82,106
647,66,82,106
644,73,85,99
643,73,85,99
642,73,85,99
641,73,85,99
640,73,85,99
639,73,85,99
638,73,85,99
637,73,85,99
636,73,85,99
635,73,85,99
634,73,85,99
633,73,85,99
632,73,85,99
631,73,85,99
630,73,85,99
635,68,89,104
634,66,88,105
633,64,87,106
632,62,86,107
631,60,85,108
630,58,84,109
629,56,83,110
628,54,82,111
627,52,81,112
626,50,80,113
625,48,79,114
624,46,78,115
623,44,77,116
622,42,76,117
621,40,75,118
617,44,76,125
616,43,75,126
615,42,74,127
614,41,73,128
613,40,72,129
612,39,71,130
611,38,70,131
610,37,69,132
609,36,68,133
608,35,67,134
607,34,66,135
606,33,65,136
605,32,64,137
604,31,63,138
603,30,62,139
608,34,62,136
608,34,61,137
608,34,60,138
608,34,59,139
608,34,58,140
608,34,57,141
608,34,56,142
608,34,55,143
608,34,54,144
608,34,53,145
608,34,52,146
608,34,51,147
608,34,50,148
608,34,49,149
608,34,48,150
610,33,54,147
608,33,55,147
606,33,56,147
604,33,57,147
602,33,58,147
600,33,59,147
598,33,60,147
596,33,61,147
594,33,62,147
592,33,63,147
590,33,64,147
588,33,65,147
586,33,66,147
584,33,67,147
582,33,68,147
574,34,76,149
574,34,75,149
574,34,74,149
574,34,73,149
574,34,72,149
574,34,71,149
574,34,70,149
574,34,69,149
574,34,68,149
574,34,67,149
574,34,66,149
574,34,65,149
574,34,64,149
574,34,63,149
574,34,62,149
567,38,63,156
