1220,268,73,108
1220,268,73,108
1220,268,73,108
1220,268,73,108
1220,268,73,108
1220,268,73,108
1220,268,73,108
1220,268,73,108
1220,268,73,108
1220,268,73,108
1220,268,73,108
1220,268,73,108
1220,268,73,108
1220,268,73,108
1220,268,73,108
1222,266,76,110
1223,266,75,110
1224,266,74,110
1225,266,73,110
1226,266,72,110
1227,266,71,110
1228,266,70,110
1229,266,69,110
1230,266,68,110
1231,266,67,110
1232,266,66,110
1233,266,65,110
1234,266,64,110
1235,266,63,110
1236,266,62,110
1237,263,65,113
1236,262,64,114
1235,261,63,115
1234,260,62,116
1233,259,61,117
1232,258,60,118
1231,257,59,119
1230,256,58,120
1229,255,57,121
1228,254,56,122
1227,253,55,123
1226,252,54,124
1225,251,53,125
1224,250,52,126
1223,249,51,127
1218,243,55,127
1214,242,55,128
1210,241,55,129
1206,240,55,130
1202,239,55,131
1198,238,55,132
1194,237,55,133
1190,236,55,134
1186,235,55,135
1182,234,55,136
1178,233,55,137
1174,232,55,138
1170,231,55,139
1166,230,55,140
1162,229,55,141
1158,235,48,141
1155,235,48,141
1152,235,48,141
1149,235,48,141
1146,235,48,141
1143,235,48,141
1140,235,48,141
1137,235,48,141
1134,235,48,141
1131,235,48,141
1128,235,48,141
1125,235,48,141
1122,235,48,141
1119,235,48,141
1116,235,48,141
1106,240,50,141
1102,240,50,141
1098,240,50,141
1094,240,50,141
1090,240,50,141
1086,240,50,141
1082,240,50,141
1078,240,50,141
1074,240,50,141
1070,240,50,141
1066,240,50,141
1062,240,50,141
1058,240,50,141
1054,240,50,141
1050,240,50,141
1044,241,56,145
1040,241,56,145
1036,241,56,145
1032,241,56,145
1028,241,56,145
1024,241,56,145
1020,241,56,145
1016,241,56,145
1012,241,56,145
1008,241,56,145
1004,241,56,145
1000,241,56,145
996,241,56,145
992,241,56,145
988,241,56,145
985,246,58,138
981,246,58,138
977,246,58,138
973,246,58,138
969,246,58,138
965,246,58,138
961,246,58,138
957,246,58,138
953,246,58,138
949,246,58,138
945,246,58,138
941,246,58,138
937,246,58,138
933,246,58,138
929,246,58,138
931,247,63,145
928,247,62,145
925,247,61,145
922,247,60,145
919,247,59,145
916,247,58,145
913,247,57,145
910,247,56,145
907,247,55,145
904,247,54,145
901,247,53,145
898,247,52,145
895,247,51,145
892,247,50,145
889,247,49,145
886,247,49,139
885,247,49,138
884,247,49,137
883,247,49,136
882,247,49,135
881,247,49,134
880,247,49,133
879,247,49,132
878,247,49,131
877,247,49,130
876,247,49,129
875,247,49,128
874,247,49,127
873,247,49,126
872,247,49,125
872,249,52,130
872,249,52,130
872,249,52,130
872,249,52,130
872,249,52,130
872,249,52,130
872,249,52,130
872,249,52,130
872,249,52,130
872,249,52,130
872,249,52,130
872,249,52,130
872,249,52,130
872,249,52,130
872,249,52,130
877,249,53,134
876,249,53,134
875,249,53,134
874,249,53,134
873,249,53,134
872,249,53,134
871,249,53,134
870,249,53,134
869,249,53,134
868,249,53,134
867,249,53,134
866,249,53,134
865,249,53,134
864,249,53,134
863,249,53,134
859,252,59,131
858,253,58,129
857,254,57,127
856,255,56,125
855,256,55,123
854,257,54,121
853,258,53,119
852,259,52,117
851,260,51,115
850,261,50,113
849,262,49,111
848,263,48,109
847,264,47,107
846,265,46,105
845,266,45,103
840,274,47,101
840,275,47,100
840,276,47,99
840,277,47,98
840,278,47,97
840,279,47,96
840,280,47,95
840,281,47,94
840,282,47,93
840,283,47,92
840,284,47,91
840,285,47,90
840,286,47,89
840,287,47,88
840,288,47,87
835,285,48,90
835,285,48,90
835,285,48,90
835,285,48,90
835,285,48,90
835,285,48,90
835,285,48,90
835,285,48,90
835,285,48,90
835,285,48,90
835,285,48,90
835,285,48,90
835,285,48,90
835,285,48,90
835,285,48,90
837,282,48,88
837,281,48,89
837,280,48,90
837,279,48,91
837,278,48,92
837,277,48,93
837,276,48,94
837,275,48,95
837,274,48,96
837,273,48,97
837,272,48,98
837,271,48,99
837,270,48,100
837,269,48,101
837,268,48,102
837,265,43,108
835,265,44,108
833,265,45,108
831,265,46,108
829,265,47,108
827,265,48,108
825,265,49,108
823,265,50,108
821,265,51,108
819,265,52,108
817,265,53,108
815,265,54,108
813,265,55,108
811,265,56,108
809,265,57,108
810,265,60,114
809,267,61,112
808,269,62,110
807,271,63,108
806,273,64,106
805,275,65,104
804,277,66,102
803,279,67,100
802,281,68,98
801,283,69,96
800,285,70,94
799,287,71,92
798,289,72,90
797,291,73,88
796,293,74,86
791,294,74,82
791,294,74,82
791,294,74,82
791,294,74,82
791,294,74,82
791,294,74,82
791,294,74,82
791,294,74,82
791,294,74,82
791,294,74,82
791,294,74,82
791,294,74,82
791,294,74,82
791,294,74,82
791,294,74,82
785,296,81,83
784,294,80,85
783,292,79,87
782,290,78,89
781,288,77,91
780,286,76,93
779,284,75,95
778,282,74,97
777,280,73,99
776,278,72,101
775,276,71,103
774,274,70,105
773,272,69,107
772,270,68,109
771,268,67,111
764,263,67,113
763,262,67,114
762,261,67,115
761,260,67,116
760,259,67,117
759,258,67,118
758,257,67,119
757,256,67,120
756,255,67,121
755,254,67,122
754,253,67,123
753,252,67,124
752,251,67,125
751,250,67,126
750,249,67,127
754,255,62,129
753,255,62,130
752,255,62,131
751,255,62,132
750,255,62,133
749,255,62,134
748,255,62,135
747,255,62,136
746,255,62,137
745,255,62,138
744,255,62,139
743,255,62,140
742,255,62,141
741,255,62,142
740,255,62,143
746,255,60,139
744,255,60,139
742,255,60,139
740,255,60,139
738,255,60,139
736,255,60,139
734,255,60,139
732,255,60,139
730,255,60,139
728,255,60,139
726,255,60,139
724,255,60,139
722,255,60,139
720,255,60,139
718,255,60,139
721,258,58,143
