1221,183,72,147
1221,183,72,147
1221,183,72,147
1221,183,72,147
1221,183,72,147
1221,183,72,147
1221,183,72,147
1221,183,72,147
1221,183,72,147
1221,183,72,147
1221,183,72,147
1221,183,72,147
1221,183,72,147
1221,183,72,147
1221,183,72,147
1225,188,70,145
1225,188,70,145
1225,188,70,145
1225,188,70,145
1225,188,70,145
1225,188,70,145
1225,188,70,145
1225,188,70,145
1225,188,70,145
1225,188,70,145
1225,188,70,145
1225,188,70,145
1225,188,70,145
1225,188,70,145
1225,188,70,145
1221,183,75,150
1220,181,76,152
1219,179,77,154
1218,177,78,156
1217,175,79,158
1216,173,80,160
1215,171,81,162
1214,169,82,164
1213,167,83,166
1212,165,84,168
1211,163,85,170
1210,161,86,172
1209,159,87,174
1208,157,88,176
1207,155,89,178
1208,158,90,175
1204,157,91,175
1200,156,92,175
1196,155,93,175
1192,154,94,175
1188,153,95,175
1184,152,96,175
1180,151,97,175
1176,150,98,175
1172,149,99,175
1168,148,100,175
1164,147,101,175
1160,146,102,175
1156,145,103,175
1152,144,104,175
1149,145,100,182
1145,144,99,183
1141,143,98,184
1137,142,97,185
1133,141,96,186
1129,140,95,187
1125,139,94,188
1121,138,93,189
1117,137,92,190
1113,136,91,191
1109,135,90,192
1105,134,89,193
1101,133,88,194
1097,132,87,195
1093,131,86,196
1083,132,89,194
1078,132,89,194
1073,132,89,194
1068,132,89,194
1063,132,89,194
1058,132,89,194
1053,132,89,194
1048,132,89,194
1043,132,89,194
1038,132,89,194
1033,132,89,194
1028,132,89,194
1023,132,89,194
1018,132,89,194
1013,132,89,194
1013,132,86,195
1009,132,85,195
1005,132,84,195
1001,132,83,195
997,132,82,195
993,132,81,195
989,132,80,195
985,132,79,195
981,132,78,195
977,132,77,195
973,132,76,195
969,132,75,195
965,132,74,195
961,132,73,195
957,132,72,195
950,127,75,194
945,127,76,194
940,127,77,194
935,127,78,194
930,127,79,194
925,127,80,194
920,127,81,194
915,127,82,194
910,127,83,194
905,127,84,194
900,127,85,194
895,127,86,194
890,127,87,194
885,127,88,194
880,127,89,194
869,120,92,201
864,120,92,201
859,120,92,201
854,120,92,201
849,120,92,201
844,120,92,201
839,120,92,201
834,120,92,201
829,120,92,201
824,120,92,201
819,120,92,201
814,120,92,201
809,120,92,201
804,120,92,201
799,120,92,201
795,120,87,194
792,119,87,194
789,118,87,194
786,117,87,194
783,116,87,194
780,115,87,194
777,114,87,194
774,113,87,194
771,112,87,194
768,111,87,194
765,110,87,194
762,109,87,194
759,108,87,194
756,107,87,194
753,106,87,194
752,112,81,199
750,112,81,198
748,112,81,197
746,112,81,196
744,112,81,195
742,112,81,194
740,112,81,193
738,112,81,192
736,112,81,191
734,112,81,190
732,112,81,189
730,112,81,188
728,112,81,187
726,112,81,186
724,112,81,185
721,118,80,183
721,118,80,183
721,118,80,183
721,118,80,183
721,118,80,183
721,118,80,183
721,118,80,183
721,118,80,183
721,118,80,183
721,118,80,183
721,118,80,183
721,118,80,183
721,118,80,183
721,118,80,183
721,118,80,183
723,115,77,185
722,115,78,185
721,115,79,185
720,115,80,185
719,115,81,185
718,115,82,185
717,115,83,185
716,115,84,185
715,115,85,185
714,115,86,185
713,115,87,185
712,115,88,185
711,115,89,185
710,115,90,185
709,115,91,185
715,118,88,180
714,118,88,180
713,118,88,180
712,118,88,180
711,118,88,180
710,118,88,180
709,118,88,180
708,118,88,180
707,118,88,180
706,118,88,180
705,118,88,180
704,118,88,180
703,118,88,180
702,118,88,180
701,118,88,180
701,117,84,181
699,118,84,180
697,119,84,179
695,120,84,178
693,121,84,177
691,122,84,176
689,123,84,175
687,124,84,174
685,125,84,173
683,126,84,172
681,127,84,171
679,128,84,170
677,129,84,169
675,130,84,168
673,131,84,167
676,136,77,161
675,137,77,159
674,138,77,157
673,139,77,155
672,140,77,153
671,141,77,151
670,142,77,149
669,143,77,147
668,144,77,145
667,145,77,143
666,146,77,141
665,147,77,139
664,148,77,137
663,149,77,135
662,150,77,133
668,156,75,136
668,156,75,136
668,156,75,136
668,156,75,136
668,156,75,136
668,156,75,136
668,156,75,136
668,156,75,136
668,156,75,136
668,156,75,136
668,156,75,136
668,156,75,136
668,156,75,136
668,156,75,136
668,156,75,136
664,156,82,135
664,156,82,135
664,156,82,135
664,156,82,135
664,156,82,135
664,156,82,135
664,156,82,135
664,156,82,135
664,156,82,135
664,156,82,135
664,156,82,135
664,156,82,135
664,156,82,135
664,156,82,135
664,156,82,135
668,155,76,136
668,153,76,138
668,151,76,140
668,149,76,142
668,147,76,144
668,145,76,146
668,143,76,148
668,141,76,150
668,139,76,152
668,137,76,154
668,135,76,156
668,133,76,158
668,131,76,160
668,129,76,162
668,127,76,164
662,126,81,165
659,127,82,164
656,128,83,163
653,129,84,162
650,130,85,161
647,131,86,160
644,132,87,159
641,133,88,158
638,134,89,157
635,135,90,156
632,136,91,155
629,137,92,154
626,138,93,153
623,139,94,152
620,140,95,151
617,135,90,154
616,137,90,152
615,139,90,150
614,141,90,148
613,143,90,146
612,145,90,144
611,147,90,142
610,149,90,140
609,151,90,138
608,153,90,136
607,155,90,134
606,157,90,132
605,159,90,130
604,161,90,128
603,163,90,126
604,164,95,122
603,164,96,122
602,164,97,122
601,164,98,122
600,164,99,122
599,164,100,122
598,164,101,122
597,164,102,122
596,164,103,122
595,164,104,122
594,164,105,122
593,164,106,122
592,164,107,122
591,164,108,122
590,164,109,122
595,165,106,124
594,163,106,126
593,161,106,128
592,159,106,130
591,157,106,132
590,155,106,134
589,153,106,136
588,151,106,138
587,149,106,140
586,147,106,142
585,145,106,144
584,143,106,146
583,141,106,148
582,139,106,150
581,137,106,152
575,136,99,150
575,134,96,152
575,132,93,154
575,130,90,156
575,128,87,158
575,126,84,160
575,124,81,162
575,122,78,164
575,120,75,166
575,118,72,168
575,116,69,170
575,114,66,172
575,112,63,174
575,110,60,176
575,108,57,178
572,112,54,173
572,112,55,174
572,112,56,175
572,112,57,176
572,112,58,177
572,112,59,178
572,112,60,179
572,112,61,180
572,112,62,181
572,112,63,182
572,112,64,183
572,112,65,184
572,112,66,185
572,112,67,186
572,112,68,187
567,110,65,182
566,110,65,182
565,110,65,182
564,110,65,182
563,110,65,182
562,110,65,182
561,110,65,182
560,110,65,182
559,110,65,182
558,110,65,182
557,110,65,182
556,110,65,182
555,110,65,182
554,110,65,182
553,110,65,182
546,115,67,185
544,115,68,186
542,115,69,187
540,115,70,188
538,115,71,189
536,115,72,190
534,115,73,191
532,115,74,192
530,115,75,193
528,115,76,194
526,115,77,195
524,115,78,196
522,115,79,197
520,115,80,198
518,115,81,199
511,117,89,194
