1152,327,65,126
1152,329,64,125
1152,331,63,124
1152,333,62,123
1152,335,61,122
1152,337,60,121
1152,339,59,120
1152,341,58,119
1152,343,57,118
1152,345,56,117
1152,347,55,116
1152,349,54,115
1152,351,53,114
1152,353,52,113
1152,355,51,112
1157,350,51,106
1157,350,51,106
1157,350,51,106
1157,350,51,106
1157,350,51,106
1157,350,51,106
1157,350,51,106
1157,350,51,106
1157,350,51,106
1157,350,51,106
1157,350,51,106
1157,350,51,106
1157,350,51,106
1157,350,51,106
1157,350,51,106
1155,353,58,103
1155,353,58,103
1155,353,58,103
1155,353,58,103
1155,353,58,103
1155,353,58,103
1155,353,58,103
1155,353,58,103
1155,353,58,103
1155,353,58,103
1155,353,58,103
1155,353,58,103
1155,353,58,103
1155,353,58,103
1155,353,58,103
1155,353,58,103
1155,352,58,104
1155,351,58,105
1155,350,58,106
1155,349,58,107
1155,348,58,108
1155,347,58,109
1155,346,58,110
1155,345,58,111
1155,344,58,112
1155,343,58,113
1155,342,58,114
1155,341,58,115
1155,340,58,116
1155,339,58,117
1153,338,62,118
1151,337,62,119
1149,336,62,120
1147,335,62,121
1145,334,62,122
1143,333,62,123
1141,332,62,124
1139,331,62,125
1137,330,62,126
1135,329,62,127
1133,328,62,128
1131,327,62,129
1129,326,62,130
1127,325,62,131
1125,324,62,132
1128,322,60,133
1125,322,59,134
1122,322,58,135
1119,322,57,136
1116,322,56,137
1113,322,55,138
1110,322,54,139
1107,322,53,140
1104,322,52,141
1101,322,51,142
1098,322,50,143
1095,322,49,144
1092,322,48,145
1089,322,47,146
1086,322,46,147
1079,316,50,142
1076,316,50,142
1073,316,50,142
1070,316,50,142
1067,316,50,142
1064,316,50,142
1061,316,50,142
1058,316,50,142
1055,316,50,142
1052,316,50,142
1049,316,50,142
1046,316,50,142
1043,316,50,142
1040,316,50,142
1037,316,50,142
1037,315,43,145
1034,315,43,145
1031,315,43,145
1028,315,43,145
1025,315,43,145
1022,315,43,145
1019,315,43,145
1016,315,43,145
1013,315,43,145
1010,315,43,145
1007,315,43,145
1004,315,43,145
1001,315,43,145
998,315,43,145
995,315,43,145
988,318,45,142
984,318,46,142
980,318,47,142
976,318,48,142
972,318,49,142
968,318,50,142
964,318,51,142
960,318,52,142
956,318,53,142
952,318,54,142
948,318,55,142
944,318,56,142
940,318,57,142
936,318,58,142
932,318,59,142
922,320,62,140
920,320,61,140
918,320,60,140
916,320,59,140
914,320,58,140
912,320,57,140
910,320,56,140
908,320,55,140
906,320,54,140
904,320,53,140
902,320,52,140
900,320,51,140
898,320,50,140
896,320,49,140
894,320,48,140
889,316,51,142
886,316,51,142
883,316,51,142
880,316,51,142
877,316,51,142
874,316,51,142
871,316,51,142
868,316,51,142
865,316,51,142
862,316,51,142
859,316,51,142
856,316,51,142
853,316,51,142
850,316,51,142
847,316,51,142
843,318,55,138
840,318,55,138
837,318,55,138
834,318,55,138
831,318,55,138
828,318,55,138
825,318,55,138
822,318,55,138
819,318,55,138
816,318,55,138
813,318,55,138
810,318,55,138
807,318,55,138
804,318,55,138
801,318,55,138
805,320,58,138
805,320,58,137
805,320,58,136
805,320,58,135
805,320,58,134
805,320,58,133
805,320,58,132
805,320,58,131
805,320,58,130
805,320,58,129
805,320,58,128
805,320,58,127
805,320,58,126
805,320,58,125
805,320,58,124
806,318,59,130
806,318,59,130
806,318,59,130
806,318,59,130
806,318,59,130
806,318,59,130
806,318,59,130
806,318,59,130
806,318,59,130
806,318,59,130
806,318,59,130
806,318,59,130
806,318,59,130
806,318,59,130
806,318,59,130
808,318,60,131
807,318,60,131
806,318,60,131
805,318,60,131
804,318,60,131
803,318,60,131
802,318,60,131
801,318,60,131
800,318,60,131
799,318,60,131
798,318,60,131
797,318,60,131
796,318,60,131
795,318,60,131
794,318,60,131
796,320,67,126
795,320,66,126
794,320,65,126
793,320,64,126
792,320,63,126
791,320,62,126
790,320,61,126
789,320,60,126
788,320,59,126
787,320,58,126
786,320,57,126
785,320,56,126
784,320,55,126
783,320,54,126
782,320,53,126
778,325,58,124
777,327,58,122
776,329,58,120
775,331,58,118
774,333,58,116
773,335,58,114
772,337,58,112
771,339,58,110
770,341,58,108
769,343,58,106
768,345,58,104
767,347,58,102
766,349,58,100
765,351,58,98
764,353,58,96
764,348,55,96
764,348,55,96
764,348,55,96
764,348,55,96
764,348,55,96
764,348,55,96
764,348,55,96
764,348,55,96
764,348,55,96
764,348,55,96
764,348,55,96
764,348,55,96
764,348,55,96
764,348,55,96
764,348,55,96
768,348,56,100
768,348,56,100
768,348,56,100
768,348,56,100
768,348,56,100
768,348,56,100
768,348,56,100
768,348,56,100
768,348,56,100
768,348,56,100
768,348,56,100
768,348,56,100
768,348,56,100
768,348,56,100
768,348,56,100
764,346,52,103
764,345,52,104
764,344,52,105
764,343,52,106
764,342,52,107
764,341,52,108
764,340,52,109
764,339,52,110
764,338,52,111
764,337,52,112
764,336,52,113
764,335,52,114
764,334,52,115
764,333,52,116
764,332,52,117
769,332,50,114
767,332,51,115
765,332,52,116
763,332,53,117
761,332,54,118
759,332,55,119
757,332,56,120
755,332,57,121
753,332,58,122
751,332,59,123
749,332,60,124
747,332,61,125
745,332,62,126
743,332,63,127
741,332,64,128
736,325,70,123
735,327,70,121
734,329,70,119
733,331,70,117
732,333,70,115
731,335,70,113
730,337,70,111
729,339,70,109
728,341,70,107
727,343,70,105
726,345,70,103
725,347,70,101
724,349,70,99
723,351,70,97
722,353,70,95
724,348,70,98
724,349,70,97
724,350,70,96
724,351,70,95
724,352,70,94
724,353,70,93
724,354,70,92
724,355,70,91
724,356,70,90
724,357,70,89
724,358,70,88
724,359,70,87
724,360,70,86
724,361,70,85
724,362,70,84
717,360,77,86
716,359,77,87
715,358,77,88
714,357,77,89
713,356,77,90
712,355,77,91
711,354,77,92
710,353,77,93
709,352,77,94
708,351,77,95
707,350,77,96
706,349,77,97
705,348,77,98
704,347,77,99
703,346,77,100
707,350,77,94
707,348,75,96
707,346,73,98
707,344,71,100
707,342,69,102
707,340,67,104
707,338,65,106
707,336,63,108
707,334,61,110
707,332,59,112
707,330,57,114
707,328,55,116
707,326,53,118
707,324,51,120
707,322,49,122
700,323,48,121
700,323,48,121
700,323,48,121
700,323,48,121
700,323,48,121
700,323,48,121
700,323,48,121
700,323,48,121
700,323,48,121
700,323,48,121
700,323,48,121
700,323,48,121
700,323,48,121
700,323,48,121
700,323,48,121
695,320,53,128
694,320,53,128
693,320,53,128
692,320,53,128
691,320,53,128
690,320,53,128
689,320,53,128
688,320,53,128
687,320,53,128
686,320,53,128
685,320,53,128
684,320,53,128
683,320,53,128
682,320,53,128
681,320,53,128
685,320,48,135
