1483,114,89,188
1478,114,90,188
1473,114,91,188
1468,114,92,188
1463,114,93,188
1458,114,94,188
1453,114,95,188
1448,114,96,188
1443,114,97,188
1438,114,98,188
1433,114,99,188
1428,114,100,188
1423,114,101,188
1418,114,102,188
1413,114,103,188
1408,109,106,188
1405,109,105,188
1402,109,104,188
1399,109,103,188
1396,109,102,188
1393,109,101,188
1390,109,100,188
1387,109,99,188
1384,109,98,188
1381,109,97,188
1378,109,96,188
1375,109,95,188
1372,109,94,188
1369,109,93,188
1366,109,92,188
1358,106,85,188
1354,107,85,187
1350,108,85,186
1346,109,85,185
1342,110,85,184
1338,111,85,183
1334,112,85,182
1330,113,85,181
1326,114,85,180
1322,115,85,179
1318,116,85,178
1314,117,85,177
1310,118,85,176
1306,119,85,175
1302,120,85,174
1304,122,92,168
1302,125,93,165
1300,128,94,162
1298,131,95,159
1296,134,96,156
1294,137,97,153
1292,140,98,150
1290,143,99,147
1288,146,100,144
1286,149,101,141
1284,152,102,138
1282,155,103,135
1280,158,104,132
1278,161,105,129
1276,164,106,126
1274,164,100,126
1273,164,100,126
1272,164,100,126
1271,164,100,126
1270,164,100,126
1269,164,100,126
1268,164,100,126
1267,164,100,126
1266,164,100,126
1265,164,100,126
1264,164,100,126
1263,164,100,126
1262,164,100,126
1261,164,100,126
1260,164,100,126
1261,164,107,126
1260,163,108,127
1259,162,109,128
1258,161,110,129
1257,160,111,130
1256,159,112,131
1255,158,113,132
1254,157,114,133
1253,156,115,134
1252,155,116,135
1251,154,117,136
1250,153,118,137
1249,152,119,138
1248,151,120,139
1247,150,121,140
1253,154,121,135
1252,150,118,138
1251,146,115,141
1250,142,112,144
1249,138,109,147
1248,134,106,150
1247,130,103,153
1246,126,100,156
1245,122,97,159
1244,118,94,162
1243,114,91,165
1242,110,88,168
1241,106,85,171
1240,102,82,174
1239,98,79,177
1242,97,74,186
1240,96,73,187
1238,95,72,188
1236,94,71,189
1234,93,70,190
1232,92,69,191
1230,91,68,192
1228,90,67,193
1226,89,66,194
1224,88,65,195
1222,87,64,196
1220,86,63,197
1218,85,62,198
1216,84,61,199
1214,83,60,200
1209,89,58,195
1204,89,60,195
1199,89,62,195
1194,89,64,195
1189,89,66,195
1184,89,68,195
1179,89,70,195
1174,89,72,195
1169,89,74,195
1164,89,76,195
1159,89,78,195
1154,89,80,195
1149,89,82,195
1144,89,84,195
1139,89,86,195
1141,87,87,197
1135,87,89,197
1129,87,91,197
1123,87,93,197
1117,87,95,197
1111,87,97,197
1105,87,99,197
1099,87,101,197
1093,87,103,197
1087,87,105,197
1081,87,107,197
1075,87,109,197
1069,87,111,197
1063,87,113,197
1057,87,115,197
1052,84,120,202
1047,84,120,202
1042,84,120,202
1037,84,120,202
1032,84,120,202
1027,84,120,202
1022,84,120,202
1017,84,120,202
1012,84,120,202
1007,84,120,202
1002,84,120,202
997,84,120,202
992,84,120,202
987,84,120,202
982,84,120,202
977,82,113,199
971,82,113,199
965,82,113,199
959,82,113,199
953,82,113,199
947,82,113,199
941,82,113,199
935,82,113,199
929,82,113,199
923,82,113,199
917,82,113,199
911,82,113,199
905,82,113,199
899,82,113,199
893,82,113,199
893,78,117,198
889,78,116,198
885,78,115,198
881,78,114,198
877,78,113,198
873,78,112,198
869,78,111,198
865,78,110,198
861,78,109,198
857,78,108,198
853,78,107,198
849,78,106,198
845,78,105,198
841,78,104,198
837,78,103,198
834,73,101,203
831,73,100,203
828,73,99,203
825,73,98,203
822,73,97,203
819,73,96,203
816,73,95,203
813,73,94,203
810,73,93,203
807,73,92,203
804,73,91,203
801,73,90,203
798,73,89,203
795,73,88,203
792,73,87,203
787,70,90,197
784,70,90,196
781,70,90,195
778,70,90,194
775,70,90,193
772,70,90,192
769,70,90,191
766,70,90,190
763,70,90,189
760,70,90,188
757,70,90,187
754,70,90,186
751,70,90,185
748,70,90,184
745,70,90,183
748,68,83,187
746,69,82,186
744,70,81,185
742,71,80,184
740,72,79,183
738,73,78,182
736,74,77,181
734,75,76,180
732,76,75,179
730,77,74,178
728,78,73,177
726,79,72,176
724,80,71,175
722,81,70,174
720,82,69,173
718,76,72,176
715,78,74,174
712,80,76,172
709,82,78,170
706,84,80,168
703,86,82,166
700,88,84,164
697,90,86,162
694,92,88,160
691,94,90,158
688,96,92,156
685,98,94,154
682,100,96,152
679,102,98,150
676,104,100,148
679,111,96,140
678,112,97,139
677,113,98,138
676,114,99,137
675,115,100,136
674,116,101,135
673,117,102,134
672,118,103,133
671,119,104,132
670,120,105,131
669,121,106,130
668,122,107,129
667,123,108,128
666,124,109,127
665,125,110,126
671,121,108,130
671,121,108,130
671,121,108,130
671,121,108,130
671,121,108,130
671,121,108,130
671,121,108,130
671,121,108,130
671,121,108,130
671,121,108,130
671,121,108,130
671,121,108,130
671,121,108,130
671,121,108,130
671,121,108,130
677,121,105,133
677,121,105,133
677,121,105,133
677,121,105,133
677,121,105,133
677,121,105,133
677,121,105,133
677,121,105,133
677,121,105,133
677,121,105,133
677,121,105,133
677,121,105,133
677,121,105,133
677,121,105,133
677,121,105,133
675,116,105,136
676,116,104,136
677,116,103,136
678,116,102,136
679,116,101,136
680,116,100,136
681,116,99,136
682,116,98,136
683,116,97,136
684,116,96,136
685,116,95,136
686,116,94,136
687,116,93,136
688,116,92,136
689,116,91,136
684,116,93,135
684,116,93,135
684,116,93,135
684,116,93,135
684,116,93,135
684,116,93,135
684,116,93,135
684,116,93,135
684,116,93,135
684,116,93,135
684,116,93,135
684,116,93,135
684,116,93,135
684,116,93,135
684,116,93,135
679,116,100,131
678,115,99,132
677,114,98,133
676,113,97,134
675,112,96,135
674,111,95,136
673,110,94,137
672,109,93,138
671,108,92,139
670,107,91,140
669,106,90,141
668,105,89,142
667,104,88,143
666,103,87,144
665,102,86,145
671,100,85,146
668,101,86,145
665,102,87,144
662,103,88,143
659,104,89,142
656,105,90,141
653,106,91,140
650,107,92,139
647,108,93,138
644,109,94,137
641,110,95,136
638,111,96,135
635,112,97,134
632,113,98,133
629,114,99,132
632,113,98,131
631,113,99,131
630,113,100,131
629,113,101,131
628,113,102,131
627,113,103,131
626,113,104,131
625,113,105,131
624,113,106,131
623,113,107,131
622,113,108,131
621,113,109,131
620,113,110,131
619,113,111,131
618,113,112,131
619,117,111,126
619,117,111,126
619,117,111,126
619,117,111,126
619,117,111,126
619,117,111,126
619,117,111,126
619,117,111,126
619,117,111,126
619,117,111,126
619,117,111,126
619,117,111,126
619,117,111,126
619,117,111,126
619,117,111,126
617,117,106,126
617,116,106,127
617,115,106,128
617,114,106,129
617,113,106,130
617,112,106,131
617,111,106,132
617,110,106,133
617,109,106,134
617,108,106,135
617,107,106,136
617,106,106,137
617,105,106,138
617,104,106,139
617,103,106,140
610,97,107,139
609,95,105,141
608,93,103,143
607,91,101,145
606,89,99,147
605,87,97,149
604,85,95,151
603,83,93,153
602,81,91,155
601,79,89,157
600,77,87,159
599,75,85,161
598,73,83,163
597,71,81,165
596,69,79,167
593,73,70,167
590,72,70,168
587,71,70,169
584,70,70,170
581,69,70,171
578,68,70,172
575,67,70,173
572,66,70,174
569,65,70,175
566,64,70,176
563,63,70,177
560,62,70,178
557,61,70,179
554,60,70,180
551,59,70,181
546,65,74,175
542,65,74,176
538,65,74,177
534,65,74,178
530,65,74,179
526,65,74,180
522,65,74,181
518,65,74,182
514,65,74,183
510,65,74,184
506,65,74,185
502,65,74,186
498,65,74,187
494,65,74,188
490,65,74,189
486,60,80,183
