1451,277,70,135
1449,277,70,135
1447,277,70,135
1445,277,70,135
1443,277,70,135
1441,277,70,135
1439,277,70,135
1437,277,70,135
1435,277,70,135
1433,277,70,135
1431,277,70,135
1429,277,70,135
1427,277,70,135
1425,277,70,135
1423,277,70,135
1428,273,71,139
1425,273,71,139
1422,273,71,139
1419,273,71,139
1416,273,71,139
1413,273,71,139
1410,273,71,139
1407,273,71,139
1404,273,71,139
1401,273,71,139
1398,273,71,139
1395,273,71,139
1392,273,71,139
1389,273,71,139
1386,273,71,139
1386,273,64,139
1382,274,64,139
1378,275,64,139
1374,276,64,139
1370,277,64,139
1366,278,64,139
1362,279,64,139
1358,280,64,139
1354,281,64,139
1350,282,64,139
1346,283,64,139
1342,284,64,139
1338,285,64,139
1334,286,64,139
1330,287,64,139
1327,281,68,134
1324,284,69,131
1321,287,70,128
1318,290,71,125
1315,293,72,122
1312,296,73,119
1309,299,74,116
1306,302,75,113
1303,305,76,110
1300,308,77,107
1297,311,78,104
1294,314,79,101
1291,317,80,98
1288,320,81,95
1285,323,82,92
1275,323,81,96
1274,323,81,96
1273,323,81,96
1272,323,81,96
1271,323,81,96
1270,323,81,96
1269,323,81,96
1268,323,81,96
1267,323,81,96
1266,323,81,96
1265,323,81,96
1264,323,81,96
1263,323,81,96
1262,323,81,96
1261,323,81,96
1265,324,84,89
1264,322,84,91
1263,320,84,93
1262,318,84,95
1261,316,84,97
1260,314,84,99
1259,312,84,101
1258,310,84,103
1257,308,84,105
1256,306,84,107
1255,304,84,109
1254,302,84,111
1253,300,84,113
1252,298,84,115
1251,296,84,117
1255,301,91,115
1253,299,90,117
1251,297,89,119
1249,295,88,121
1247,293,87,123
1245,291,86,125
1243,289,85,127
1241,287,84,129
1239,285,83,131
1237,283,82,133
1235,281,81,135
1233,279,80,137
1231,277,79,139
1229,275,78,141
1227,273,77,143
1227,273,83,152
1224,273,83,152
1221,273,83,152
1218,273,83,152
1215,273,83,152
1212,273,83,152
1209,273,83,152
1206,273,83,152
1203,273,83,152
1200,273,83,152
1197,273,83,152
1194,273,83,152
1191,273,83,152
1188,273,83,152
1185,273,83,152
1177,279,84,147
1173,279,83,147
1169,279,82,147
1165,279,81,147
1161,279,80,147
1157,279,79,147
1153,279,78,147
1149,279,77,147
1145,279,76,147
1141,279,75,147
1137,279,74,147
1133,279,73,147
1129,279,72,147
1125,279,71,147
1121,279,70,147
1116,277,76,154
1112,277,75,154
1108,277,74,154
1104,277,73,154
1100,277,72,154
1096,277,71,154
1092,277,70,154
1088,277,69,154
1084,277,68,154
1080,277,67,154
1076,277,66,154
1072,277,65,154
1068,277,64,154
1064,277,63,154
1060,277,62,154
1054,280,60,152
1049,280,61,152
1044,280,62,152
1039,280,63,152
1034,280,64,152
1029,280,65,152
1024,280,66,152
1019,280,67,152
1014,280,68,152
1009,280,69,152
1004,280,70,152
999,280,71,152
994,280,72,152
989,280,73,152
984,280,74,152
974,284,70,148
970,284,70,148
966,284,70,148
962,284,70,148
958,284,70,148
954,284,70,148
950,284,70,148
946,284,70,148
942,284,70,148
938,284,70,148
934,284,70,148
930,284,70,148
926,284,70,148
922,284,70,148
918,284,70,148
920,287,67,141
917,287,67,141
914,287,67,141
911,287,67,141
908,287,67,141
905,287,67,141
902,287,67,141
899,287,67,141
896,287,67,141
893,287,67,141
890,287,67,141
887,287,67,141
884,287,67,141
881,287,67,141
878,287,67,141
878,287,61,138
876,288,61,137
874,289,61,136
872,290,61,135
870,291,61,134
868,292,61,133
866,293,61,132
864,294,61,131
862,295,61,130
860,296,61,129
858,297,61,128
856,298,61,127
854,299,61,126
852,300,61,125
850,301,61,124
850,309,66,117
849,310,67,116
848,311,68,115
847,312,69,114
846,313,70,113
845,314,71,112
844,315,72,111
843,316,73,110
842,317,74,109
841,318,75,108
840,319,76,107
839,320,77,106
838,321,78,105
837,322,79,104
836,323,80,103
839,328,82,97
839,328,82,97
839,328,82,97
839,328,82,97
839,328,82,97
839,328,82,97
839,328,82,97
839,328,82,97
839,328,82,97
839,328,82,97
839,328,82,97
839,328,82,97
839,328,82,97
839,328,82,97
839,328,82,97
842,328,81,95
842,328,81,95
842,328,81,95
842,328,81,95
842,328,81,95
842,328,81,95
842,328,81,95
842,328,81,95
842,328,81,95
842,328,81,95
842,328,81,95
842,328,81,95
842,328,81,95
842,328,81,95
842,328,81,95
844,323,82,102
844,323,81,102
844,323,80,102
844,323,79,102
844,323,78,102
844,323,77,102
844,323,76,102
844,323,75,102
844,323,74,102
844,323,73,102
844,323,72,102
844,323,71,102
844,323,70,102
844,323,69,102
844,323,68,102
847,323,74,99
846,322,74,100
845,321,74,101
844,320,74,102
843,319,74,103
842,318,74,104
841,317,74,105
840,316,74,106
839,315,74,107
838,314,74,108
837,313,74,109
836,312,74,110
835,311,74,111
834,310,74,112
833,309,74,113
832,312,70,110
830,313,71,109
828,314,72,108
826,315,73,107
824,316,74,106
822,317,75,105
820,318,76,104
818,319,77,103
816,320,78,102
814,321,79,101
812,322,80,100
810,323,81,99
808,324,82,98
806,325,83,97
804,326,84,96
806,326,84,97
806,326,84,97
806,326,84,97
806,326,84,97
806,326,84,97
806,326,84,97
806,326,84,97
806,326,84,97
806,326,84,97
806,326,84,97
806,326,84,97
806,326,84,97
806,326,84,97
806,326,84,97
806,326,84,97
801,328,86,94
800,327,87,95
799,326,88,96
798,325,89,97
797,324,90,98
796,323,91,99
795,322,92,100
794,321,93,101
793,320,94,102
792,319,95,103
791,318,96,104
790,317,97,105
789,316,98,106
788,315,99,107
787,314,100,108
786,317,101,102
785,316,98,103
784,315,95,104
783,314,92,105
782,313,89,106
781,312,86,107
780,311,83,108
779,310,80,109
778,309,77,110
777,308,74,111
776,307,71,112
775,306,68,113
774,305,65,114
773,304,62,115
772,303,59,116
775,296,50,119
