1362,214,61,132
1361,214,61,132
1360,214,61,132
1359,214,61,132
1358,214,61,132
1357,214,61,132
1356,214,61,132
1355,214,61,132
1354,214,61,132
1353,214,61,132
1352,214,61,132
1351,214,61,132
1350,214,61,132
1349,214,61,132
1348,214,61,132
1351,215,65,126
1349,215,66,127
1347,215,67,128
1345,215,68,129
1343,215,69,130
1341,215,70,131
1339,215,71,132
1337,215,72,133
1335,215,73,134
1333,215,74,135
1331,215,75,136
1329,215,76,137
1327,215,77,138
1325,215,78,139
1323,215,79,140
1327,212,74,134
1324,212,74,134
1321,212,74,134
1318,212,74,134
1315,212,74,134
1312,212,74,134
1309,212,74,134
1306,212,74,134
1303,212,74,134
1300,212,74,134
1297,212,74,134
1294,212,74,134
1291,212,74,134
1288,212,74,134
1285,212,74,134
1283,207,71,134
1281,207,70,134
1279,207,69,134
1277,207,68,134
1275,207,67,134
1273,207,66,134
1271,207,65,134
1269,207,64,134
1267,207,63,134
1265,207,62,134
1263,207,61,134
1261,207,60,134
1259,207,59,134
1257,207,58,134
1255,207,57,134
1252,209,58,129
1249,210,58,128
1246,211,58,127
1243,212,58,126
1240,213,58,125
1237,214,58,124
1234,215,58,123
1231,216,58,122
1228,217,58,121
1225,218,58,120
1222,219,58,119
1219,220,58,118
1216,221,58,117
1213,222,58,116
1210,223,58,115
1212,222,59,119
1210,224,60,117
1208,226,61,115
1206,228,62,113
1204,230,63,111
1202,232,64,109
1200,234,65,107
1198,236,66,105
1196,238,67,103
1194,240,68,101
1192,242,69,99
1190,244,70,97
1188,246,71,95
1186,248,72,93
1184,250,73,91
1186,257,74,82
1186,257,74,82
1186,257,74,82
1186,257,74,82
1186,257,74,82
1186,257,74,82
1186,257,74,82
1186,257,74,82
1186,257,74,82
1186,257,74,82
1186,257,74,82
1186,257,74,82
1186,257,74,82
1186,257,74,82
1186,257,74,82
1179,252,80,87
1178,251,81,88
1177,250,82,89
1176,249,83,90
1175,248,84,91
1174,247,85,92
1173,246,86,93
1172,245,87,94
1171,244,88,95
1170,243,89,96
1169,242,90,97
1168,241,91,98
1167,240,92,99
1166,239,93,100
1165,238,94,101
1170,242,92,99
1169,239,90,102
1168,236,88,105
1167,233,86,108
1166,230,84,111
1165,227,82,114
1164,224,80,117
1163,221,78,120
1162,218,76,123
1161,215,74,126
1160,212,72,129
1159,209,70,132
1158,206,68,135
1157,203,66,138
1156,200,64,141
1161,204,57,137
1159,204,56,137
1157,204,55,137
1155,204,54,137
1153,204,53,137
1151,204,52,137
1149,204,51,137
1147,204,50,137
1145,204,49,137
1143,204,48,137
1141,204,47,137
1139,204,46,137
1137,204,45,137
1135,204,44,137
1133,204,43,137
1130,201,46,140
1127,201,47,140
1124,201,48,140
1121,201,49,140
1118,201,50,140
1115,201,51,140
1112,201,52,140
1109,201,53,140
1106,201,54,140
1103,201,55,140
1100,201,56,140
1097,201,57,140
1094,201,58,140
1091,201,59,140
1088,201,60,140
1091,203,58,140
1087,203,58,140
1083,203,58,140
1079,203,58,140
1075,203,58,140
1071,203,58,140
1067,203,58,140
1063,203,58,140
1059,203,58,140
1055,203,58,140
1051,203,58,140
1047,203,58,140
1043,203,58,140
1039,203,58,140
1035,203,58,140
1038,203,63,144
1034,203,64,144
1030,203,65,144
1026,203,66,144
1022,203,67,144
1018,203,68,144
1014,203,69,144
1010,203,70,144
1006,203,71,144
1002,203,72,144
998,203,73,144
994,203,74,144
990,203,75,144
986,203,76,144
982,203,77,144
983,207,74,137
979,207,74,137
975,207,74,137
971,207,74,137
967,207,74,137
963,207,74,137
959,207,74,137
955,207,74,137
951,207,74,137
947,207,74,137
943,207,74,137
939,207,74,137
935,207,74,137
931,207,74,137
927,207,74,137
930,204,73,143
927,204,73,143
924,204,73,143
921,204,73,143
918,204,73,143
915,204,73,143
912,204,73,143
909,204,73,143
906,204,73,143
903,204,73,143
900,204,73,143
897,204,73,143
894,204,73,143
891,204,73,143
888,204,73,143
881,204,67,137
878,204,67,137
875,204,67,137
872,204,67,137
869,204,67,137
866,204,67,137
863,204,67,137
860,204,67,137
857,204,67,137
854,204,67,137
851,204,67,137
848,204,67,137
845,204,67,137
842,204,67,137
839,204,67,137
842,206,64,133
840,206,64,133
838,206,64,133
836,206,64,133
834,206,64,133
832,206,64,133
830,206,64,133
828,206,64,133
826,206,64,133
824,206,64,133
822,206,64,133
820,206,64,133
818,206,64,133
816,206,64,133
814,206,64,133
808,206,57,129
807,207,57,128
806,208,57,127
805,209,57,126
804,210,57,125
803,211,57,124
802,212,57,123
801,213,57,122
800,214,57,121
799,215,57,120
798,216,57,119
797,217,57,118
796,218,57,117
795,219,57,116
794,220,57,115
788,220,59,113
787,221,61,112
786,222,63,111
785,223,65,110
784,224,67,109
783,225,69,108
782,226,71,107
781,227,73,106
780,228,75,105
779,229,77,104
778,230,79,103
777,231,81,102
776,232,83,101
775,233,85,100
774,234,87,99
771,241,82,95
771,241,82,94
771,241,82,93
771,241,82,92
771,241,82,91
771,241,82,90
771,241,82,89
771,241,82,88
771,241,82,87
771,241,82,86
771,241,82,85
771,241,82,84
771,241,82,83
771,241,82,82
771,241,82,81
771,244,82,87
771,244,82,87
771,244,82,87
771,244,82,87
771,244,82,87
771,244,82,87
771,244,82,87
771,244,82,87
771,244,82,87
771,244,82,87
771,244,82,87
771,244,82,87
771,244,82,87
771,244,82,87
771,244,82,87
773,242,76,93
773,242,76,93
773,242,76,93
773,242,76,93
773,242,76,93
773,242,76,93
773,242,76,93
773,242,76,93
773,242,76,93
773,242,76,93
773,242,76,93
773,242,76,93
773,242,76,93
773,242,76,93
773,242,76,93
773,239,78,92
773,239,78,92
773,239,78,92
773,239,78,92
773,239,78,92
773,239,78,92
773,239,78,92
773,239,78,92
773,239,78,92
773,239,78,92
773,239,78,92
773,239,78,92
773,239,78,92
773,239,78,92
773,239,78,92
778,241,71,92
777,240,71,93
776,239,71,94
775,238,71,95
774,237,71,96
773,236,71,97
772,235,71,98
771,234,71,99
770,233,71,100
769,232,71,101
768,231,71,102
767,230,71,103
766,229,71,104
765,228,71,105
764,227,71,106
768,230,75,105
767,230,74,104
766,230,73,103
765,230,72,102
764,230,71,101
763,230,70,100
762,230,69,99
761,230,68,98
760,230,67,97
759,230,66,96
758,230,65,95
757,230,64,94
756,230,63,93
755,230,62,92
754,230,61,91
757,230,61,97
756,231,62,96
755,232,63,95
754,233,64,94
753,234,65,93
752,235,66,92
751,236,67,91
750,237,68,90
749,238,69,89
748,239,70,88
747,240,71,87
746,241,72,86
745,242,73,85
744,243,74,84
743,244,75,83
736,242,78,88
736,242,78,88
736,242,78,88
736,242,78,88
736,242,78,88
736,242,78,88
736,242,78,88
736,242,78,88
736,242,78,88
736,242,78,88
736,242,78,88
736,242,78,88
736,242,78,88
736,242,78,88
736,242,78,88
729,244,83,83
729,243,84,84
729,242,85,85
729,241,86,86
729,240,87,87
729,239,88,88
729,238,89,89
729,237,90,90
729,236,91,91
729,235,92,92
729,234,93,93
729,233,94,94
729,232,95,95
729,231,96,96
729,230,97,97
724,231,92,94
723,230,90,95
722,229,88,96
721,228,86,97
720,227,84,98
719,226,82,99
718,225,80,100
717,224,78,101
716,223,76,102
715,222,74,103
714,221,72,104
713,220,70,105
712,219,68,106
711,218,66,107
710,217,64,108
713,214,66,114
712,214,65,115
711,214,64,116
710,214,63,117
709,214,62,118
708,214,61,119
707,214,60,120
706,214,59,121
705,214,58,122
704,214,57,123
703,214,56,124
702,214,55,125
701,214,54,126
700,214,53,127
699,214,52,128
700,207,52,128
