1426,174,78,154
1425,174,78,154
1424,174,78,154
1423,174,78,154
1422,174,78,154
1421,174,78,154
1420,174,78,154
1419,174,78,154
1418,174,78,154
1417,174,78,154
1416,174,78,154
1415,174,78,154
1414,174,78,154
1413,174,78,154
1412,174,78,154
1407,171,85,152
1405,171,84,152
1403,171,83,152
1401,171,82,152
1399,171,81,152
1397,171,80,152
1395,171,79,152
1393,171,78,152
1391,171,77,152
1389,171,76,152
1387,171,75,152
1385,171,74,152
1383,171,73,152
1381,171,72,152
1379,171,71,152
1378,169,63,152
1375,169,64,152
1372,169,65,152
1369,169,66,152
1366,169,67,152
1363,169,68,152
1360,169,69,152
1357,169,70,152
1354,169,71,152
1351,169,72,152
1348,169,73,152
1345,169,74,152
1342,169,75,152
1339,169,76,152
1336,169,77,152
1333,169,77,157
1330,170,77,157
1327,171,77,157
1324,172,77,157
1321,173,77,157
1318,174,77,157
1315,175,77,157
1312,176,77,157
1309,177,77,157
1306,178,77,157
1303,179,77,157
1300,180,77,157
1297,181,77,157
1294,182,77,157
1291,183,77,157
1284,179,83,150
1281,181,83,148
1278,183,83,146
1275,185,83,144
1272,187,83,142
1269,189,83,140
1266,191,83,138
1263,193,83,136
1260,195,83,134
1257,197,83,132
1254,199,83,130
1251,201,83,128
1248,203,83,126
1245,205,83,124
1242,207,83,122
1239,216,86,115
1237,217,87,114
1235,218,88,113
1233,219,89,112
1231,220,90,111
1229,221,91,110
1227,222,92,109
1225,223,93,108
1223,224,94,107
1221,225,95,106
1219,226,96,105
1217,227,97,104
1215,228,98,103
1213,229,99,102
1211,230,100,101
1215,231,101,101
1215,231,101,101
1215,231,101,101
1215,231,101,101
1215,231,101,101
1215,231,101,101
1215,231,101,101
1215,231,101,101
1215,231,101,101
1215,231,101,101
1215,231,101,101
1215,231,101,101
1215,231,101,101
1215,231,101,101
1215,231,101,101
1222,229,96,100
1221,227,96,102
1220,225,96,104
1219,223,96,106
1218,221,96,108
1217,219,96,110
1216,217,96,112
1215,215,96,114
1214,213,96,116
1213,211,96,118
1212,209,96,120
1211,207,96,122
1210,205,96,124
1209,203,96,126
1208,201,96,128
1204,198,98,136
1202,197,98,138
1200,196,98,140
1198,195,98,142
1196,194,98,144
1194,193,98,146
1192,192,98,148
1190,191,98,150
1188,190,98,152
1186,189,98,154
1184,188,98,156
1182,187,98,158
1180,186,98,160
1178,185,98,162
1176,184,98,164
1180,180,102,163
1177,180,100,163
1174,180,98,163
1171,180,96,163
1168,180,94,163
1165,180,92,163
1162,180,90,163
1159,180,88,163
1156,180,86,163
1153,180,84,163
1150,180,82,163
1147,180,80,163
1144,180,78,163
1141,180,76,163
1138,180,74,163
1140,183,77,157
1137,183,76,158
1134,183,75,159
1131,183,74,160
1128,183,73,161
1125,183,72,162
1122,183,71,163
1119,183,70,164
1116,183,69,165
1113,183,68,166
1110,183,67,167
1107,183,66,168
1104,183,65,169
1101,183,64,170
1098,183,63,171
1098,180,60,171
1094,180,61,171
1090,180,62,171
1086,180,63,171
1082,180,64,171
1078,180,65,171
1074,180,66,171
1070,180,67,171
1066,180,68,171
1062,180,69,171
1058,180,70,171
1054,180,71,171
1050,180,72,171
1046,180,73,171
1042,180,74,171
1038,183,70,170
1034,183,70,170
1030,183,70,170
1026,183,70,170
1022,183,70,170
1018,183,70,170
1014,183,70,170
1010,183,70,170
1006,183,70,170
1002,183,70,170
998,183,70,170
994,183,70,170
990,183,70,170
986,183,70,170
982,183,70,170
982,190,71,169
978,190,71,169
974,190,71,169
970,190,71,169
966,190,71,169
962,190,71,169
958,190,71,169
954,190,71,169
950,190,71,169
946,190,71,169
942,190,71,169
938,190,71,169
934,190,71,169
930,190,71,169
926,190,71,169
927,193,73,172
922,194,74,171
917,195,75,170
912,196,76,169
907,197,77,168
902,198,78,167
897,199,79,166
892,200,80,165
887,201,81,164
882,202,82,163
877,203,83,162
872,204,84,161
867,205,85,160
862,206,86,159
857,207,87,158
857,202,91,159
855,202,90,159
853,202,89,159
851,202,88,159
849,202,87,159
847,202,86,159
845,202,85,159
843,202,84,159
841,202,83,159
839,202,82,159
837,202,81,159
835,202,80,159
833,202,79,159
831,202,78,159
829,202,77,159
829,202,78,162
827,202,77,161
825,202,76,160
823,202,75,159
821,202,74,158
819,202,73,157
817,202,72,156
815,202,71,155
813,202,70,154
811,202,69,153
809,202,68,152
807,202,67,151
805,202,66,150
803,202,65,149
801,202,64,148
798,207,65,144
796,208,67,143
794,209,69,142
792,210,71,141
790,211,73,140
788,212,75,139
786,213,77,138
784,214,79,137
782,215,81,136
780,216,83,135
778,217,85,134
776,218,87,133
774,219,89,132
772,220,91,131
770,221,93,130
769,223,91,133
768,225,91,131
767,227,91,129
766,229,91,127
765,231,91,125
764,233,91,123
763,235,91,121
762,237,91,119
761,239,91,117
760,241,91,115
759,243,91,113
758,245,91,111
757,247,91,109
756,249,91,107
755,251,91,105
755,248,94,106
755,248,94,106
755,248,94,106
755,248,94,106
755,248,94,106
755,248,94,106
755,248,94,106
755,248,94,106
755,248,94,106
755,248,94,106
755,248,94,106
755,248,94,106
755,248,94,106
755,248,94,106
755,248,94,106
756,251,92,100
756,251,92,101
756,251,92,102
756,251,92,103
756,251,92,104
756,251,92,105
756,251,92,106
756,251,92,107
756,251,92,108
756,251,92,109
756,251,92,110
756,251,92,111
756,251,92,112
756,251,92,113
756,251,92,114
758,248,95,108
758,248,95,108
758,248,95,108
758,248,95,108
758,248,95,108
758,248,95,108
758,248,95,108
758,248,95,108
758,248,95,108
758,248,95,108
758,248,95,108
758,248,95,108
758,248,95,108
758,248,95,108
758,248,95,108
760,245,88,109
760,245,88,109
760,245,88,109
760,245,88,109
760,245,88,109
760,245,88,109
760,245,88,109
760,245,88,109
760,245,88,109
760,245,88,109
760,245,88,109
760,245,88,109
760,245,88,109
760,245,88,109
760,245,88,109
767,245,81,108
766,245,81,108
765,245,81,108
764,245,81,108
763,245,81,108
762,245,81,108
761,245,81,108
760,245,81,108
759,245,81,108
758,245,81,108
757,245,81,108
756,245,81,108
755,245,81,108
754,245,81,108
753,245,81,108
753,239,86,115
752,239,86,115
751,239,86,115
750,239,86,115
749,239,86,115
748,239,86,115
747,239,86,115
746,239,86,115
745,239,86,115
744,239,86,115
743,239,86,115
742,239,86,115
741,239,86,115
740,239,86,115
739,239,86,115
741,237,81,114
739,238,82,113
737,239,83,112
735,240,84,111
733,241,85,110
731,242,86,109
729,243,87,108
727,244,88,107
725,245,89,106
723,246,90,105
721,247,91,104
719,248,92,103
717,249,93,102
715,250,94,101
713,251,95,100
716,250,97,100
716,250,97,100
716,250,97,100
716,250,97,100
716,250,97,100
716,250,97,100
716,250,97,100
716,250,97,100
716,250,97,100
716,250,97,100
716,250,97,100
716,250,97,100
716,250,97,100
716,250,97,100
716,250,97,100
713,253,91,100
713,253,91,100
713,253,91,100
713,253,91,100
713,253,91,100
713,253,91,100
713,253,91,100
713,253,91,100
713,253,91,100
713,253,91,100
713,253,91,100
713,253,91,100
713,253,91,100
713,253,91,100
713,253,91,100
708,246,89,104
707,245,89,106
706,244,89,108
705,243,89,110
704,242,89,112
703,241,89,114
702,240,89,116
701,239,89,118
700,238,89,120
699,237,89,122
698,236,89,124
697,235,89,126
696,234,89,128
695,233,89,130
694,232,89,132
689,227,89,127
688,227,88,127
687,227,87,127
686,227,86,127
685,227,85,127
684,227,84,127
683,227,83,127
682,227,82,127
681,227,81,127
680,227,80,127
679,227,79,127
678,227,78,127
677,227,77,127
676,227,76,127
675,227,75,127
675,220,67,134
