1442,107,73,191
1440,107,74,191
1438,107,75,191
1436,107,76,191
1434,107,77,191
1432,107,78,191
1430,107,79,191
1428,107,80,191
1426,107,81,191
1424,107,82,191
1422,107,83,191
1420,107,84,191
1418,107,85,191
1416,107,86,191
1414,107,87,191
1409,102,84,190
1405,102,84,190
1401,102,84,190
1397,102,84,190
1393,102,84,190
1389,102,84,190
1385,102,84,190
1381,102,84,190
1377,102,84,190
1373,102,84,190
1369,102,84,190
1365,102,84,190
1361,102,84,190
1357,102,84,190
1353,102,84,190
1352,95,88,192
1347,95,88,192
1342,95,88,192
1337,95,88,192
1332,95,88,192
1327,95,88,192
1322,95,88,192
1317,95,88,192
1312,95,88,192
1307,95,88,192
1302,95,88,192
1297,95,88,192
1292,95,88,192
1287,95,88,192
1282,95,88,192
1280,92,93,190
1277,92,93,190
1274,92,93,190
1271,92,93,190
1268,92,93,190
1265,92,93,190
1262,92,93,190
1259,92,93,190
1256,92,93,190
1253,92,93,190
1250,92,93,190
1247,92,93,190
1244,92,93,190
1241,92,93,190
1238,92,93,190
1238,93,87,189
1238,93,88,189
1238,93,89,189
1238,93,90,189
1238,93,91,189
1238,93,92,189
1238,93,93,189
1238,93,94,189
1238,93,95,189
1238,93,96,189
1238,93,97,189
1238,93,98,189
1238,93,99,189
1238,93,100,189
1238,93,101,189
1240,100,98,184
1241,101,98,183
1242,102,98,182
1243,103,98,181
1244,104,98,180
1245,105,98,179
1246,106,98,178
1247,107,98,177
1248,108,98,176
1249,109,98,175
1250,110,98,174
1251,111,98,173
1252,112,98,172
1253,113,98,171
1254,114,98,170
1251,109,98,173
1249,108,98,174
1247,107,98,175
1245,106,98,176
1243,105,98,177
1241,104,98,178
1239,103,98,179
1237,102,98,180
1235,101,98,181
1233,100,98,182
1231,99,98,183
1229,98,98,184
1227,97,98,185
1225,96,98,186
1223,95,98,187
1225,93,98,189
1225,93,98,189
1225,93,98,189
1225,93,98,189
1225,93,98,189
1225,93,98,189
1225,93,98,189
1225,93,98,189
1225,93,98,189
1225,93,98,189
1225,93,98,189
1225,93,98,189
1225,93,98,189
1225,93,98,189
1225,93,98,189
1219,90,93,185
1219,91,93,184
1219,92,93,183
1219,93,93,182
1219,94,93,181
1219,95,93,180
1219,96,93,179
1219,97,93,178
1219,98,93,177
1219,99,93,176
1219,100,93,175
1219,101,93,174
1219,102,93,173
1219,103,93,172
1219,104,93,171
1212,104,99,170
1211,103,98,172
1210,102,97,174
1209,101,96,176
1208,100,95,178
1207,99,94,180
1206,98,93,182
1205,97,92,184
1204,96,91,186
1203,95,90,188
1202,94,89,190
1201,93,88,192
1200,92,87,194
1199,91,86,196
1198,90,85,198
1201,85,87,194
1199,85,87,195
1197,85,87,196
1195,85,87,197
1193,85,87,198
1191,85,87,199
1189,85,87,200
1187,85,87,201
1185,85,87,202
1183,85,87,203
1181,85,87,204
1179,85,87,205
1177,85,87,206
1175,85,87,207
1173,85,87,208
1173,81,80,203
1168,81,79,203
1163,81,78,203
1158,81,77,203
1153,81,76,203
1148,81,75,203
1143,81,74,203
1138,81,73,203
1133,81,72,203
1128,81,71,203
1123,81,70,203
1118,81,69,203
1113,81,68,203
1108,81,67,203
1103,81,66,203
1101,76,71,198
1095,76,71,199
1089,76,71,200
1083,76,71,201
1077,76,71,202
1071,76,71,203
1065,76,71,204
1059,76,71,205
1053,76,71,206
1047,76,71,207
1041,76,71,208
1035,76,71,209
1029,76,71,210
1023,76,71,211
1017,76,71,212
1018,73,64,213
1012,73,65,213
1006,73,66,213
1000,73,67,213
994,73,68,213
988,73,69,213
982,73,70,213
976,73,71,213
970,73,72,213
964,73,73,213
958,73,74,213
952,73,75,213
946,73,76,213
940,73,77,213
934,73,78,213
930,68,73,206
926,68,73,205
922,68,73,204
918,68,73,203
914,68,73,202
910,68,73,201
906,68,73,200
902,68,73,199
898,68,73,198
894,68,73,197
890,68,73,196
886,68,73,195
882,68,73,194
878,68,73,193
874,68,73,192
864,66,78,197
859,66,79,197
854,66,80,197
849,66,81,197
844,66,82,197
839,66,83,197
834,66,84,197
829,66,85,197
824,66,86,197
819,66,87,197
814,66,88,197
809,66,89,197
804,66,90,197
799,66,91,197
794,66,92,197
794,66,91,199
791,66,91,199
788,66,91,199
785,66,91,199
782,66,91,199
779,66,91,199
776,66,91,199
773,66,91,199
770,66,91,199
767,66,91,199
764,66,91,199
761,66,91,199
758,66,91,199
755,66,91,199
752,66,91,199
753,61,90,196
752,61,90,195
751,61,90,194
750,61,90,193
749,61,90,192
748,61,90,191
747,61,90,190
746,61,90,189
745,61,90,188
744,61,90,187
743,61,90,186
742,61,90,185
741,61,90,184
740,61,90,183
739,61,90,182
735,59,84,187
735,59,84,187
735,59,84,187
735,59,84,187
735,59,84,187
735,59,84,187
735,59,84,187
735,59,84,187
735,59,84,187
735,59,84,187
735,59,84,187
735,59,84,187
735,59,84,187
735,59,84,187
735,59,84,187
733,58,87,192
732,59,87,191
731,60,87,190
730,61,87,189
729,62,87,188
728,63,87,187
727,64,87,186
726,65,87,185
725,66,87,184
724,67,87,183
723,68,87,182
722,69,87,181
721,70,87,180
720,71,87,179
719,72,87,178
711,71,82,174
709,73,84,173
707,75,86,172
705,77,88,171
703,79,90,170
701,81,92,169
699,83,94,168
697,85,96,167
695,87,98,166
693,89,100,165
691,91,102,164
689,93,104,163
687,95,106,162
685,97,108,161
683,99,110,160
678,95,107,155
678,95,107,155
678,95,107,155
678,95,107,155
678,95,107,155
678,95,107,155
678,95,107,155
678,95,107,155
678,95,107,155
678,95,107,155
678,95,107,155
678,95,107,155
678,95,107,155
678,95,107,155
678,95,107,155
679,99,105,151
679,99,105,151
679,99,105,151
679,99,105,151
679,99,105,151
679,99,105,151
679,99,105,151
679,99,105,151
679,99,105,151
679,99,105,151
679,99,105,151
679,99,105,151
679,99,105,151
679,99,105,151
679,99,105,151
683,97,101,153
683,97,101,153
683,97,101,153
683,97,101,153
683,97,101,153
683,97,101,153
683,97,101,153
683,97,101,153
683,97,101,153
683,97,101,153
683,97,101,153
683,97,101,153
683,97,101,153
683,97,101,153
683,97,101,153
678,97,95,149
678,95,94,150
678,93,93,151
678,91,92,152
678,89,91,153
678,87,90,154
678,85,89,155
678,83,88,156
678,81,87,157
678,79,86,158
678,77,85,159
678,75,84,160
678,73,83,161
678,71,82,162
678,69,81,163
674,69,82,171
672,69,83,171
670,69,84,171
668,69,85,171
666,69,86,171
664,69,87,171
662,69,88,171
660,69,89,171
658,69,90,171
656,69,91,171
654,69,92,171
652,69,93,171
650,69,94,171
648,69,95,171
646,69,96,171
644,69,95,171
642,71,95,168
640,73,95,165
638,75,95,162
636,77,95,159
634,79,95,156
632,81,95,153
630,83,95,150
628,85,95,147
626,87,95,144
624,89,95,141
622,91,95,138
620,93,95,135
618,95,95,132
616,97,95,129
613,102,91,131
611,102,93,131
609,102,95,131
607,102,97,131
605,102,99,131
603,102,101,131
601,102,103,131
599,102,105,131
597,102,107,131
595,102,109,131
593,102,111,131
591,102,113,131
589,102,115,131
587,102,117,131
585,102,119,131
587,102,117,132
585,101,117,132
583,100,117,132
581,99,117,132
579,98,117,132
577,97,117,132
575,96,117,132
573,95,117,132
571,94,117,132
569,93,117,132
567,92,117,132
565,91,117,132
563,90,117,132
561,89,117,132
559,88,117,132
563,93,116,138
562,91,114,140
561,89,112,142
560,87,110,144
559,85,108,146
558,83,106,148
557,81,104,150
556,79,102,152
555,77,100,154
554,75,98,156
553,73,96,158
552,71,94,160
551,69,92,162
550,67,90,164
549,65,88,166
549,59,87,174
