1301,206,53,138
1299,206,53,138
1297,206,53,138
1295,206,53,138
1293,206,53,138
1291,206,53,138
1289,206,53,138
1287,206,53,138
1285,206,53,138
1283,206,53,138
1281,206,53,138
1279,206,53,138
1277,206,53,138
1275,206,53,138
1273,206,53,138
1275,201,49,139
1273,201,49,139
1271,201,49,139
1269,201,49,139
1267,201,49,139
1265,201,49,139
1263,201,49,139
1261,201,49,139
1259,201,49,139
1257,201,49,139
1255,201,49,139
1253,201,49,139
1251,201,49,139
1249,201,49,139
1247,201,49,139
1244,203,51,139
1241,203,52,139
1238,203,53,139
1235,203,54,139
1232,203,55,139
1229,203,56,139
1226,203,57,139
1223,203,58,139
1220,203,59,139
1217,203,60,139
1214,203,61,139
1211,203,62,139
1208,203,63,139
1205,203,64,139
1202,203,65,139
1192,204,72,140
1190,204,72,140
1188,204,72,140
1186,204,72,140
1184,204,72,140
1182,204,72,140
1180,204,72,140
1178,204,72,140
1176,204,72,140
1174,204,72,140
1172,204,72,140
1170,204,72,140
1168,204,72,140
1166,204,72,140
1164,204,72,140
1157,204,65,136
1157,204,65,136
1157,204,65,136
1157,204,65,136
1157,204,65,136
1157,204,65,136
1157,204,65,136
1157,204,65,136
1157,204,65,136
1157,204,65,136
1157,204,65,136
1157,204,65,136
1157,204,65,136
1157,204,65,136
1157,204,65,136
1156,204,61,133
1156,205,62,133
1156,206,63,133
1156,207,64,133
1156,208,65,133
1156,209,66,133
1156,210,67,133
1156,211,68,133
1156,212,69,133
1156,213,70,133
1156,214,71,133
1156,215,72,133
1156,216,73,133
1156,217,74,133
1156,218,75,133
1159,217,79,130
1158,216,78,130
1157,215,77,130
1156,214,76,130
1155,213,75,130
1154,212,74,130
1153,211,73,130
1152,210,72,130
1151,209,71,130
1150,208,70,130
1149,207,69,130
1148,206,68,130
1147,205,67,130
1146,204,66,130
1145,203,65,130
1150,203,62,137
1149,203,62,136
1148,203,62,135
1147,203,62,134
1146,203,62,133
1145,203,62,132
1144,203,62,131
1143,203,62,130
1142,203,62,129
1141,203,62,128
1140,203,62,127
1139,203,62,126
1138,203,62,125
1137,203,62,124
1136,203,62,123
1142,206,63,124
1142,206,63,124
1142,206,63,124
1142,206,63,124
1142,206,63,124
1142,206,63,124
1142,206,63,124
1142,206,63,124
1142,206,63,124
1142,206,63,124
1142,206,63,124
1142,206,63,124
1142,206,63,124
1142,206,63,124
1142,206,63,124
1135,211,68,124
1135,210,68,125
1135,209,68,126
1135,208,68,127
1135,207,68,128
1135,206,68,129
1135,205,68,130
1135,204,68,131
1135,203,68,132
1135,202,68,133
1135,201,68,134
1135,200,68,135
1135,199,68,136
1135,198,68,137
1135,197,68,138
1130,201,68,137
1128,201,69,138
1126,201,70,139
1124,201,71,140
1122,201,72,141
1120,201,73,142
1118,201,74,143
1116,201,75,144
1114,201,76,145
1112,201,77,146
1110,201,78,147
1108,201,79,148
1106,201,80,149
1104,201,81,150
1102,201,82,151
1104,196,77,146
1101,196,76,146
1098,196,75,146
1095,196,74,146
1092,196,73,146
1089,196,72,146
1086,196,71,146
1083,196,70,146
1080,196,69,146
1077,196,68,146
1074,196,67,146
1071,196,66,146
1068,196,65,146
1065,196,64,146
1062,196,63,146
1066,197,63,148
1062,197,63,148
1058,197,63,148
1054,197,63,148
1050,197,63,148
1046,197,63,148
1042,197,63,148
1038,197,63,148
1034,197,63,148
1030,197,63,148
1026,197,63,148
1022,197,63,148
1018,197,63,148
1014,197,63,148
1010,197,63,148
1012,194,58,151
1008,194,58,151
1004,194,58,151
1000,194,58,151
996,194,58,151
992,194,58,151
988,194,58,151
984,194,58,151
980,194,58,151
976,194,58,151
972,194,58,151
968,194,58,151
964,194,58,151
960,194,58,151
956,194,58,151
950,196,65,148
947,196,65,148
944,196,65,148
941,196,65,148
938,196,65,148
935,196,65,148
932,196,65,148
929,196,65,148
926,196,65,148
923,196,65,148
920,196,65,148
917,196,65,148
914,196,65,148
911,196,65,148
908,196,65,148
902,192,63,148
899,192,63,148
896,192,63,148
893,192,63,148
890,192,63,148
887,192,63,148
884,192,63,148
881,192,63,148
878,192,63,148
875,192,63,148
872,192,63,148
869,192,63,148
866,192,63,148
863,192,63,148
860,192,63,148
858,197,64,141
856,197,65,141
854,197,66,141
852,197,67,141
850,197,68,141
848,197,69,141
846,197,70,141
844,197,71,141
842,197,72,141
840,197,73,141
838,197,74,141
836,197,75,141
834,197,76,141
832,197,77,141
830,197,78,141
834,196,72,135
833,196,71,135
832,196,70,135
831,196,69,135
830,196,68,135
829,196,67,135
828,196,66,135
827,196,65,135
826,196,64,135
825,196,63,135
824,196,62,135
823,196,61,135
822,196,60,135
821,196,59,135
820,196,58,135
817,197,63,133
817,197,63,133
817,197,63,133
817,197,63,133
817,197,63,133
817,197,63,133
817,197,63,133
817,197,63,133
817,197,63,133
817,197,63,133
817,197,63,133
817,197,63,133
817,197,63,133
817,197,63,133
817,197,63,133
812,199,65,129
810,200,65,129
808,201,65,129
806,202,65,129
804,203,65,129
802,204,65,129
800,205,65,129
798,206,65,129
796,207,65,129
794,208,65,129
792,209,65,129
790,210,65,129
788,211,65,129
786,212,65,129
784,213,65,129
784,208,65,123
783,209,65,122
782,210,65,121
781,211,65,120
780,212,65,119
779,213,65,118
778,214,65,117
777,215,65,116
776,216,65,115
775,217,65,114
774,218,65,113
773,219,65,112
772,220,65,111
771,221,65,110
770,222,65,109
774,222,65,101
774,222,65,101
774,222,65,101
774,222,65,101
774,222,65,101
774,222,65,101
774,222,65,101
774,222,65,101
774,222,65,101
774,222,65,101
774,222,65,101
774,222,65,101
774,222,65,101
774,222,65,101
774,222,65,101
774,229,72,94
774,229,72,94
774,229,72,94
774,229,72,94
774,229,72,94
774,229,72,94
774,229,72,94
774,229,72,94
774,229,72,94
774,229,72,94
774,229,72,94
774,229,72,94
774,229,72,94
774,229,72,94
774,229,72,94
775,224,67,99
775,224,67,99
775,224,67,99
775,224,67,99
775,224,67,99
775,224,67,99
775,224,67,99
775,224,67,99
775,224,67,99
775,224,67,99
775,224,67,99
775,224,67,99
775,224,67,99
775,224,67,99
775,224,67,99
775,222,67,106
774,221,67,107
773,220,67,108
772,219,67,109
771,218,67,110
770,217,67,111
769,216,67,112
768,215,67,113
767,214,67,114
766,213,67,115
765,212,67,116
764,211,67,117
763,210,67,118
762,209,67,119
761,208,67,120
767,203,70,125
766,203,70,125
765,203,70,125
764,203,70,125
763,203,70,125
762,203,70,125
761,203,70,125
760,203,70,125
759,203,70,125
758,203,70,125
757,203,70,125
756,203,70,125
755,203,70,125
754,203,70,125
753,203,70,125
750,206,75,118
748,207,76,116
746,208,77,114
744,209,78,112
742,210,79,110
740,211,80,108
738,212,81,106
736,213,82,104
734,214,83,102
732,215,84,100
730,216,85,98
728,217,86,96
726,218,87,94
724,219,88,92
722,220,89,90
717,227,89,92
716,227,89,92
715,227,89,92
714,227,89,92
713,227,89,92
712,227,89,92
711,227,89,92
710,227,89,92
709,227,89,92
708,227,89,92
707,227,89,92
706,227,89,92
705,227,89,92
704,227,89,92
703,227,89,92
708,231,86,88
707,230,85,89
706,229,84,90
705,228,83,91
704,227,82,92
703,226,81,93
702,225,80,94
701,224,79,95
700,223,78,96
699,222,77,97
698,221,76,98
697,220,75,99
696,219,74,100
695,218,73,101
694,217,72,102
694,217,74,100
693,216,73,102
692,215,72,104
691,214,71,106
690,213,70,108
689,212,69,110
688,211,68,112
687,210,67,114
686,209,66,116
685,208,65,118
684,207,64,120
683,206,63,122
682,205,62,124
681,204,61,126
680,203,60,128
677,201,60,129
