1370,167,75,158
1369,167,74,158
1368,167,73,158
1367,167,72,158
1366,167,71,158
1365,167,70,158
1364,167,69,158
1363,167,68,158
1362,167,67,158
1361,167,66,158
1360,167,65,158
1359,167,64,158
1358,167,63,158
1357,167,62,158
1356,167,61,158
1359,168,67,159
1357,168,67,159
1355,168,67,159
1353,168,67,159
1351,168,67,159
1349,168,67,159
1347,168,67,159
1345,168,67,159
1343,168,67,159
1341,168,67,159
1339,168,67,159
1337,168,67,159
1335,168,67,159
1333,168,67,159
1331,168,67,159
1322,165,64,152
1319,165,65,153
1316,165,66,154
1313,165,67,155
1310,165,68,156
1307,165,69,157
1304,165,70,158
1301,165,71,159
1298,165,72,160
1295,165,73,161
1292,165,74,162
1289,165,75,163
1286,165,76,164
1283,165,77,165
1280,165,78,166
1283,163,82,174
1279,164,82,173
1275,165,82,172
1271,166,82,171
1267,167,82,170
1263,168,82,169
1259,169,82,168
1255,170,82,167
1251,171,82,166
1247,172,82,165
1243,173,82,164
1239,174,82,163
1235,175,82,162
1231,176,82,161
1227,177,82,160
1228,173,82,160
1226,173,82,160
1224,173,82,160
1222,173,82,160
1220,173,82,160
1218,173,82,160
1216,173,82,160
1214,173,82,160
1212,173,82,160
1210,173,82,160
1208,173,82,160
1206,173,82,160
1204,173,82,160
1202,173,82,160
1200,173,82,160
1193,177,76,155
1193,177,76,156
1193,177,76,157
1193,177,76,158
1193,177,76,159
1193,177,76,160
1193,177,76,161
1193,177,76,162
1193,177,76,163
1193,177,76,164
1193,177,76,165
1193,177,76,166
1193,177,76,167
1193,177,76,168
1193,177,76,169
1198,177,75,165
1198,177,76,165
1198,177,77,165
1198,177,78,165
1198,177,79,165
1198,177,80,165
1198,177,81,165
1198,177,82,165
1198,177,83,165
1198,177,84,165
1198,177,85,165
1198,177,86,165
1198,177,87,165
1198,177,88,165
1198,177,89,165
1204,182,88,161
1203,182,88,161
1202,182,88,161
1201,182,88,161
1200,182,88,161
1199,182,88,161
1198,182,88,161
1197,182,88,161
1196,182,88,161
1195,182,88,161
1194,182,88,161
1193,182,88,161
1192,182,88,161
1191,182,88,161
1190,182,88,161
1185,175,84,168
1184,175,84,167
1183,175,84,166
1182,175,84,165
1181,175,84,164
1180,175,84,163
1179,175,84,162
1178,175,84,161
1177,175,84,160
1176,175,84,159
1175,175,84,158
1174,175,84,157
1173,175,84,156
1172,175,84,155
1171,175,84,154
1174,178,79,155
1174,178,79,155
1174,178,79,155
1174,178,79,155
1174,178,79,155
1174,178,79,155
1174,178,79,155
1174,178,79,155
1174,178,79,155
1174,178,79,155
1174,178,79,155
1174,178,79,155
1174,178,79,155
1174,178,79,155
1174,178,79,155
1171,185,86,148
1170,185,86,148
1169,185,86,148
1168,185,86,148
1167,185,86,148
1166,185,86,148
1165,185,86,148
1164,185,86,148
1163,185,86,148
1162,185,86,148
1161,185,86,148
1160,185,86,148
1159,185,86,148
1158,185,86,148
1157,185,86,148
1160,178,80,155
1158,178,81,155
1156,178,82,155
1154,178,83,155
1152,178,84,155
1150,178,85,155
1148,178,86,155
1146,178,87,155
1144,178,88,155
1142,178,89,155
1140,178,90,155
1138,178,91,155
1136,178,92,155
1134,178,93,155
1132,178,94,155
1137,178,90,154
1133,178,90,155
1129,178,90,156
1125,178,90,157
1121,178,90,158
1117,178,90,159
1113,178,90,160
1109,178,90,161
1105,178,90,162
1101,178,90,163
1097,178,90,164
1093,178,90,165
1089,178,90,166
1085,178,90,167
1081,178,90,168
1082,177,97,163
1078,177,96,163
1074,177,95,163
1070,177,94,163
1066,177,93,163
1062,177,92,163
1058,177,91,163
1054,177,90,163
1050,177,89,163
1046,177,88,163
1042,177,87,163
1038,177,86,163
1034,177,85,163
1030,177,84,163
1026,177,83,163
1016,182,87,166
1012,182,86,166
1008,182,85,166
1004,182,84,166
1000,182,83,166
996,182,82,166
992,182,81,166
988,182,80,166
984,182,79,166
980,182,78,166
976,182,77,166
972,182,76,166
968,182,75,166
964,182,74,166
960,182,73,166
959,185,76,170
955,186,76,170
951,187,76,170
947,188,76,170
943,189,76,170
939,190,76,170
935,191,76,170
931,192,76,170
927,193,76,170
923,194,76,170
919,195,76,170
915,196,76,170
911,197,76,170
907,198,76,170
903,199,76,170
900,193,78,172
897,193,78,171
894,193,78,170
891,193,78,169
888,193,78,168
885,193,78,167
882,193,78,166
879,193,78,165
876,193,78,164
873,193,78,163
870,193,78,162
867,193,78,161
864,193,78,160
861,193,78,159
858,193,78,158
850,196,84,159
848,196,85,160
846,196,86,161
844,196,87,162
842,196,88,163
840,196,89,164
838,196,90,165
836,196,91,166
834,196,92,167
832,196,93,168
830,196,94,169
828,196,95,170
826,196,96,171
824,196,97,172
822,196,98,173
813,195,95,168
812,195,94,167
811,195,93,166
810,195,92,165
809,195,91,164
808,195,90,163
807,195,89,162
806,195,88,161
805,195,87,160
804,195,86,159
803,195,85,158
802,195,84,157
801,195,83,156
800,195,82,155
799,195,81,154
798,195,80,151
798,195,80,151
798,195,80,151
798,195,80,151
798,195,80,151
798,195,80,151
798,195,80,151
798,195,80,151
798,195,80,151
798,195,80,151
798,195,80,151
798,195,80,151
798,195,80,151
798,195,80,151
798,195,80,151
794,195,79,153
793,196,79,152
792,197,79,151
791,198,79,150
790,199,79,149
789,200,79,148
788,201,79,147
787,202,79,146
786,203,79,145
785,204,79,144
784,205,79,143
783,206,79,142
782,207,79,141
781,208,79,140
780,209,79,139
772,209,81,136
771,211,81,134
770,213,81,132
769,215,81,130
768,217,81,128
767,219,81,126
766,221,81,124
765,223,81,122
764,225,81,120
763,227,81,118
762,229,81,116
761,231,81,114
760,233,81,112
759,235,81,110
758,237,81,108
759,232,86,111
759,232,86,111
759,232,86,111
759,232,86,111
759,232,86,111
759,232,86,111
759,232,86,111
759,232,86,111
759,232,86,111
759,232,86,111
759,232,86,111
759,232,86,111
759,232,86,111
759,232,86,111
759,232,86,111
756,234,82,111
756,234,82,112
756,234,82,113
756,234,82,114
756,234,82,115
756,234,82,116
756,234,82,117
756,234,82,118
756,234,82,119
756,234,82,120
756,234,82,121
756,234,82,122
756,234,82,123
756,234,82,124
756,234,82,125
754,231,84,120
754,231,84,119
754,231,84,118
754,231,84,117
754,231,84,116
754,231,84,115
754,231,84,114
754,231,84,113
754,231,84,112
754,231,84,111
754,231,84,110
754,231,84,109
754,231,84,108
754,231,84,107
754,231,84,106
752,232,88,111
752,231,88,113
752,230,88,115
752,229,88,117
752,228,88,119
752,227,88,121
752,226,88,123
752,225,88,125
752,224,88,127
752,223,88,129
752,222,88,131
752,221,88,133
752,220,88,135
752,219,88,137
752,218,88,139
752,211,82,137
751,211,82,137
750,211,82,137
749,211,82,137
748,211,82,137
747,211,82,137
746,211,82,137
745,211,82,137
744,211,82,137
743,211,82,137
742,211,82,137
741,211,82,137
740,211,82,137
739,211,82,137
738,211,82,137
732,209,84,142
730,211,84,140
728,213,84,138
726,215,84,136
724,217,84,134
722,219,84,132
720,221,84,130
718,223,84,128
716,225,84,126
714,227,84,124
712,229,84,122
710,231,84,120
708,233,84,118
706,235,84,116
704,237,84,114
702,234,88,111
701,235,89,111
700,236,90,111
699,237,91,111
698,238,92,111
697,239,93,111
696,240,94,111
695,241,95,111
694,242,96,111
693,243,97,111
692,244,98,111
691,245,99,111
690,246,100,111
689,247,101,111
688,248,102,111
682,245,102,105
681,245,101,104
680,245,100,103
679,245,99,102
678,245,98,101
677,245,97,100
676,245,96,99
675,245,95,98
674,245,94,97
673,245,93,96
672,245,92,95
671,245,91,94
670,245,90,93
669,245,89,92
668,245,88,91
667,244,88,96
