1518,110,101,197
1515,110,100,197
1512,110,99,197
1509,110,98,197
1506,110,97,197
1503,110,96,197
1500,110,95,197
1497,110,94,197
1494,110,93,197
1491,110,92,197
1488,110,91,197
1485,110,90,197
1482,110,89,197
1479,110,88,197
1476,110,87,197
1473,103,85,193
1469,103,85,193
1465,103,85,193
1461,103,85,193
1457,103,85,193
1453,103,85,193
1449,103,85,193
1445,103,85,193
1441,103,85,193
1437,103,85,193
1433,103,85,193
1429,103,85,193
1425,103,85,193
1421,103,85,193
1417,103,85,193
1410,96,81,200
1405,96,81,200
1400,96,81,200
1395,96,81,200
1390,96,81,200
1385,96,81,200
1380,96,81,200
1375,96,81,200
1370,96,81,200
1365,96,81,200
1360,96,81,200
1355,96,81,200
1350,96,81,200
1345,96,81,200
1340,96,81,200
1341,91,83,204
1338,91,82,203
1335,91,81,202
1332,91,80,201
1329,91,79,200
1326,91,78,199
1323,91,77,198
1320,91,76,197
1317,91,75,196
1314,91,74,195
1311,91,73,194
1308,91,72,193
1305,91,71,192
1302,91,70,191
1299,91,69,190
1293,88,69,191
1289,88,71,192
1285,88,73,193
1281,88,75,194
1277,88,77,195
1273,88,79,196
1269,88,81,197
1265,88,83,198
1261,88,85,199
1257,88,87,200
1253,88,89,201
1249,88,91,202
1245,88,93,203
1241,88,95,204
1237,88,97,205
1235,81,96,207
1230,81,97,207
1225,81,98,207
1220,81,99,207
1215,81,100,207
1210,81,101,207
1205,81,102,207
1200,81,103,207
1195,81,104,207
1190,81,105,207
1185,81,106,207
1180,81,107,207
1175,81,108,207
1170,81,109,207
1165,81,110,207
1160,79,111,200
1157,79,110,200
1154,79,109,200
1151,79,108,200
1148,79,107,200
1145,79,106,200
1142,79,105,200
1139,79,104,200
1136,79,103,200
1133,79,102,200
1130,79,101,200
1127,79,100,200
1124,79,99,200
1121,79,98,200
1118,79,97,200
1110,76,96,203
1107,76,96,203
1104,76,96,203
1101,76,96,203
1098,76,96,203
1095,76,96,203
1092,76,96,203
1089,76,96,203
1086,76,96,203
1083,76,96,203
1080,76,96,203
1077,76,96,203
1074,76,96,203
1071,76,96,203
1068,76,96,203
1066,73,94,208
1062,73,95,208
1058,73,96,208
1054,73,97,208
1050,73,98,208
1046,73,99,208
1042,73,100,208
1038,73,101,208
1034,73,102,208
1030,73,103,208
1026,73,104,208
1022,73,105,208
1018,73,106,208
1014,73,107,208
1010,73,108,208
1008,73,109,206
1003,73,109,206
998,73,109,206
993,73,109,206
988,73,109,206
983,73,109,206
978,73,109,206
973,73,109,206
968,73,109,206
963,73,109,206
958,73,109,206
953,73,109,206
948,73,109,206
943,73,109,206
938,73,109,206
937,74,107,209
933,74,107,210
929,74,107,211
925,74,107,212
921,74,107,213
917,74,107,214
913,74,107,215
909,74,107,216
905,74,107,217
901,74,107,218
897,74,107,219
893,74,107,220
889,74,107,221
885,74,107,222
881,74,107,223
872,69,105,217
870,72,104,213
868,75,103,209
866,78,102,205
864,81,101,201
862,84,100,197
860,87,99,193
858,90,98,189
856,93,97,185
854,96,96,181
852,99,95,177
850,102,94,173
848,105,93,169
846,108,92,165
844,111,91,161
842,117,89,164
842,120,89,161
842,123,89,158
842,126,89,155
842,129,89,152
842,132,89,149
842,135,89,146
842,138,89,143
842,141,89,140
842,144,89,137
842,147,89,134
842,150,89,131
842,153,89,128
842,156,89,125
842,159,89,122
837,156,83,118
837,156,83,118
837,156,83,118
837,156,83,118
837,156,83,118
837,156,83,118
837,156,83,118
837,156,83,118
837,156,83,118
837,156,83,118
837,156,83,118
837,156,83,118
837,156,83,118
837,156,83,118
837,156,83,118
835,154,83,125
835,154,83,125
835,154,83,125
835,154,83,125
835,154,83,125
835,154,83,125
835,154,83,125
835,154,83,125
835,154,83,125
835,154,83,125
835,154,83,125
835,154,83,125
835,154,83,125
835,154,83,125
835,154,83,125
835,153,79,123
834,151,80,125
833,149,81,127
832,147,82,129
831,145,83,131
830,143,84,133
829,141,85,135
828,139,86,137
827,137,87,139
826,135,88,141
825,133,89,143
824,131,90,145
823,129,91,147
822,127,92,149
821,125,93,151
824,119,94,154
823,115,93,158
822,111,92,162
821,107,91,166
820,103,90,170
819,99,89,174
818,95,88,178
817,91,87,182
816,87,86,186
815,83,85,190
814,79,84,194
813,75,83,198
812,71,82,202
811,67,81,206
810,63,80,210
809,66,86,207
806,65,85,206
803,64,84,205
800,63,83,204
797,62,82,203
794,61,81,202
791,60,80,201
788,59,79,200
785,58,78,199
782,57,77,198
779,56,76,197
776,55,75,196
773,54,74,195
770,53,73,194
767,52,72,193
768,57,77,199
765,57,78,198
762,57,79,197
759,57,80,196
756,57,81,195
753,57,82,194
750,57,83,193
747,57,84,192
744,57,85,191
741,57,86,190
738,57,87,189
735,57,88,188
732,57,89,187
729,57,90,186
726,57,91,185
716,61,86,190
714,62,86,189
712,63,86,188
710,64,86,187
708,65,86,186
706,66,86,185
704,67,86,184
702,68,86,183
700,69,86,182
698,70,86,181
696,71,86,180
694,72,86,179
692,73,86,178
690,74,86,177
688,75,86,176
682,78,89,171
681,79,90,169
680,80,91,167
679,81,92,165
678,82,93,163
677,83,94,161
676,84,95,159
675,85,96,157
674,86,97,155
673,87,98,153
672,88,99,151
671,89,100,149
670,90,101,147
669,91,102,145
668,92,103,143
664,98,110,147
664,98,111,147
664,98,112,147
664,98,113,147
664,98,114,147
664,98,115,147
664,98,116,147
664,98,117,147
664,98,118,147
664,98,119,147
664,98,120,147
664,98,121,147
664,98,122,147
664,98,123,147
664,98,124,147
660,105,127,142
660,104,125,143
660,103,123,144
660,102,121,145
660,101,119,146
660,100,117,147
660,99,115,148
660,98,113,149
660,97,111,150
660,96,109,151
660,95,107,152
660,94,105,153
660,93,103,154
660,92,101,155
660,91,99,156
662,88,92,154
659,88,93,153
656,88,94,152
653,88,95,151
650,88,96,150
647,88,97,149
644,88,98,148
641,88,99,147
638,88,100,146
635,88,101,145
632,88,102,144
629,88,103,143
626,88,104,142
623,88,105,141
620,88,106,140
619,95,103,135
617,96,104,134
615,97,105,133
613,98,106,132
611,99,107,131
609,100,108,130
607,101,109,129
605,102,110,128
603,103,111,127
601,104,112,126
599,105,113,125
597,106,114,124
595,107,115,123
593,108,116,122
591,109,117,121
595,112,118,120
595,112,118,120
595,112,118,120
595,112,118,120
595,112,118,120
595,112,118,120
595,112,118,120
595,112,118,120
595,112,118,120
595,112,118,120
595,112,118,120
595,112,118,120
595,112,118,120
595,112,118,120
595,112,118,120
597,110,114,124
596,109,113,125
595,108,112,126
594,107,111,127
593,106,110,128
592,105,109,129
591,104,108,130
590,103,107,131
589,102,106,132
588,101,105,133
587,100,104,134
586,99,103,135
585,98,102,136
584,97,101,137
583,96,100,138
589,91,102,144
589,89,101,146
589,87,100,148
589,85,99,150
589,83,98,152
589,81,97,154
589,79,96,156
589,77,95,158
589,75,94,160
589,73,93,162
589,71,92,164
589,69,91,166
589,67,90,168
589,65,89,170
589,63,88,172
584,56,88,176
581,56,87,176
578,56,86,176
575,56,85,176
572,56,84,176
569,56,83,176
566,56,82,176
563,56,81,176
560,56,80,176
557,56,79,176
554,56,78,176
551,56,77,176
548,56,76,176
545,56,75,176
542,56,74,176
545,49,79,183
543,49,79,184
541,49,79,185
539,49,79,186
537,49,79,187
535,49,79,188
533,49,79,189
531,49,79,190
529,49,79,191
527,49,79,192
525,49,79,193
523,49,79,194
521,49,79,195
519,49,79,196
517,49,79,197
520,51,72,201
