1357,210,77,142
1355,210,77,141
1353,210,77,140
1351,210,77,139
1349,210,77,138
1347,210,77,137
1345,210,77,136
1343,210,77,135
1341,210,77,134
1339,210,77,133
1337,210,77,132
1335,210,77,131
1333,210,77,130
1331,210,77,129
1329,210,77,128
1324,213,75,130
1322,213,74,130
1320,213,73,130
1318,213,72,130
1316,213,71,130
1314,213,70,130
1312,213,69,130
1310,213,68,130
1308,213,67,130
1306,213,66,130
1304,213,65,130
1302,213,64,130
1300,213,63,130
1298,213,62,130
1296,213,61,130
1298,207,64,131
1295,207,65,131
1292,207,66,131
1289,207,67,131
1286,207,68,131
1283,207,69,131
1280,207,70,131
1277,207,71,131
1274,207,72,131
1271,207,73,131
1268,207,74,131
1265,207,75,131
1262,207,76,131
1259,207,77,131
1256,207,78,131
1252,200,78,136
1250,200,77,136
1248,200,76,136
1246,200,75,136
1244,200,74,136
1242,200,73,136
1240,200,72,136
1238,200,71,136
1236,200,70,136
1234,200,69,136
1232,200,68,136
1230,200,67,136
1228,200,66,136
1226,200,65,136
1224,200,64,136
1215,195,56,137
1212,195,57,137
1209,195,58,137
1206,195,59,137
1203,195,60,137
1200,195,61,137
1197,195,62,137
1194,195,63,137
1191,195,64,137
1188,195,65,137
1185,195,66,137
1182,195,67,137
1179,195,68,137
1176,195,69,137
1173,195,70,137
1165,198,64,134
1163,198,64,134
1161,198,64,134
1159,198,64,134
1157,198,64,134
1155,198,64,134
1153,198,64,134
1151,198,64,134
1149,198,64,134
1147,198,64,134
1145,198,64,134
1143,198,64,134
1141,198,64,134
1139,198,64,134
1137,198,64,134
1128,198,60,134
1125,198,61,134
1122,198,62,134
1119,198,63,134
1116,198,64,134
1113,198,65,134
1110,198,66,134
1107,198,67,134
1104,198,68,134
1101,198,69,134
1098,198,70,134
1095,198,71,134
1092,198,72,134
1089,198,73,134
1086,198,74,134
1077,198,71,140
1075,198,71,140
1073,198,71,140
1071,198,71,140
1069,198,71,140
1067,198,71,140
1065,198,71,140
1063,198,71,140
1061,198,71,140
1059,198,71,140
1057,198,71,140
1055,198,71,140
1053,198,71,140
1051,198,71,140
1049,198,71,140
1053,198,67,140
1051,198,67,140
1049,198,67,140
1047,198,67,140
1045,198,67,140
1043,198,67,140
1041,198,67,140
1039,198,67,140
1037,198,67,140
1035,198,67,140
1033,198,67,140
1031,198,67,140
1029,198,67,140
1027,198,67,140
1025,198,67,140
1019,197,66,143
1016,197,65,143
1013,197,64,143
1010,197,63,143
1007,197,62,143
1004,197,61,143
1001,197,60,143
998,197,59,143
995,197,58,143
992,197,57,143
989,197,56,143
986,197,55,143
983,197,54,143
980,197,53,143
977,197,52,143
981,197,58,139
978,197,59,140
975,197,60,141
972,197,61,142
969,197,62,143
966,197,63,144
963,197,64,145
960,197,65,146
957,197,66,147
954,197,67,148
951,197,68,149
948,197,69,150
945,197,70,151
942,197,71,152
939,197,72,153
931,197,80,153
929,197,80,151
927,197,80,149
925,197,80,147
923,197,80,145
921,197,80,143
919,197,80,141
917,197,80,139
915,197,80,137
913,197,80,135
911,197,80,133
909,197,80,131
907,197,80,129
905,197,80,127
903,197,80,125
894,204,82,128
893,207,81,125
892,210,80,122
891,213,79,119
890,216,78,116
889,219,77,113
888,222,76,110
887,225,75,107
886,228,74,104
885,231,73,101
884,234,72,98
883,237,71,95
882,240,70,92
881,243,69,89
880,246,68,86
883,250,67,76
883,250,67,76
883,250,67,76
883,250,67,76
883,250,67,76
883,250,67,76
883,250,67,76
883,250,67,76
883,250,67,76
883,250,67,76
883,250,67,76
883,250,67,76
883,250,67,76
883,250,67,76
883,250,67,76
883,255,67,77
883,255,67,77
883,255,67,77
883,255,67,77
883,255,67,77
883,255,67,77
883,255,67,77
883,255,67,77
883,255,67,77
883,255,67,77
883,255,67,77
883,255,67,77
883,255,67,77
883,255,67,77
883,255,67,77
881,256,69,74
881,255,69,75
881,254,69,76
881,253,69,77
881,252,69,78
881,251,69,79
881,250,69,80
881,249,69,81
881,248,69,82
881,247,69,83
881,246,69,84
881,245,69,85
881,244,69,86
881,243,69,87
881,242,69,88
876,241,74,88
875,239,74,90
874,237,74,92
873,235,74,94
872,233,74,96
871,231,74,98
870,229,74,100
869,227,74,102
868,225,74,104
867,223,74,106
866,221,74,108
865,219,74,110
864,217,74,112
863,215,74,114
862,213,74,116
866,212,77,117
865,212,77,117
864,212,77,117
863,212,77,117
862,212,77,117
861,212,77,117
860,212,77,117
859,212,77,117
858,212,77,117
857,212,77,117
856,212,77,117
855,212,77,117
854,212,77,117
853,212,77,117
852,212,77,117
848,206,75,120
846,206,75,121
844,206,75,122
842,206,75,123
840,206,75,124
838,206,75,125
836,206,75,126
834,206,75,127
832,206,75,128
830,206,75,129
828,206,75,130
826,206,75,131
824,206,75,132
822,206,75,133
820,206,75,134
813,203,78,138
811,204,78,137
809,205,78,136
807,206,78,135
805,207,78,134
803,208,78,133
801,209,78,132
799,210,78,131
797,211,78,130
795,212,78,129
793,213,78,128
791,214,78,127
789,215,78,126
787,216,78,125
785,217,78,124
782,213,74,123
781,214,74,122
780,215,74,121
779,216,74,120
778,217,74,119
777,218,74,118
776,219,74,117
775,220,74,116
774,221,74,115
773,222,74,114
772,223,74,113
771,224,74,112
770,225,74,111
769,226,74,110
768,227,74,109
769,222,73,105
769,222,73,105
769,222,73,105
769,222,73,105
769,222,73,105
769,222,73,105
769,222,73,105
769,222,73,105
769,222,73,105
769,222,73,105
769,222,73,105
769,222,73,105
769,222,73,105
769,222,73,105
769,222,73,105
770,227,70,103
769,227,70,103
768,227,70,103
767,227,70,103
766,227,70,103
765,227,70,103
764,227,70,103
763,227,70,103
762,227,70,103
761,227,70,103
760,227,70,103
759,227,70,103
758,227,70,103
757,227,70,103
756,227,70,103
761,222,71,105
760,222,72,105
759,222,73,105
758,222,74,105
757,222,75,105
756,222,76,105
755,222,77,105
754,222,78,105
753,222,79,105
752,222,80,105
751,222,81,105
750,222,82,105
749,222,83,105
748,222,84,105
747,222,85,105
739,221,84,103
738,222,84,102
737,223,84,101
736,224,84,100
735,225,84,99
734,226,84,98
733,227,84,97
732,228,84,96
731,229,84,95
730,230,84,94
729,231,84,93
728,232,84,92
727,233,84,91
726,234,84,90
725,235,84,89
722,235,90,85
722,235,90,85
722,235,90,85
722,235,90,85
722,235,90,85
722,235,90,85
722,235,90,85
722,235,90,85
722,235,90,85
722,235,90,85
722,235,90,85
722,235,90,85
722,235,90,85
722,235,90,85
722,235,90,85
717,238,88,88
717,237,88,89
717,236,88,90
717,235,88,91
717,234,88,92
717,233,88,93
717,232,88,94
717,231,88,95
717,230,88,96
717,229,88,97
717,228,88,98
717,227,88,99
717,226,88,100
717,225,88,101
717,224,88,102
711,221,83,99
711,220,83,100
711,219,83,101
711,218,83,102
711,217,83,103
711,216,83,104
711,215,83,105
711,214,83,106
711,213,83,107
711,212,83,108
711,211,83,109
711,210,83,110
711,209,83,111
711,208,83,112
711,207,83,113
715,204,82,117
713,203,81,119
711,202,80,121
709,201,79,123
707,200,78,125
705,199,77,127
703,198,76,129
701,197,75,131
699,196,74,133
697,195,73,135
695,194,72,137
693,193,71,139
691,192,70,141
689,191,69,143
687,190,68,145
691,195,71,143
689,195,71,143
687,195,71,143
685,195,71,143
683,195,71,143
681,195,71,143
679,195,71,143
677,195,71,143
675,195,71,143
673,195,71,143
671,195,71,143
669,195,71,143
667,195,71,143
665,195,71,143
663,195,71,143
665,200,71,146
