1251,179,72,150
1250,181,73,148
1249,183,74,146
1248,185,75,144
1247,187,76,142
1246,189,77,140
1245,191,78,138
1244,193,79,136
1243,195,80,134
1242,197,81,132
1241,199,82,130
1240,201,83,128
1239,203,84,126
1238,205,85,124
1237,207,86,122
1230,207,83,125
1229,208,84,125
1228,209,85,125
1227,210,86,125
1226,211,87,125
1225,212,88,125
1224,213,89,125
1223,214,90,125
1222,215,91,125
1221,216,92,125
1220,217,93,125
1219,218,94,125
1218,219,95,125
1217,220,96,125
1216,221,97,125
1216,215,99,120
1216,215,99,119
1216,215,99,118
1216,215,99,117
1216,215,99,116
1216,215,99,115
1216,215,99,114
1216,215,99,113
1216,215,99,112
1216,215,99,111
1216,215,99,110
1216,215,99,109
1216,215,99,108
1216,215,99,107
1216,215,99,106
1216,222,105,111
1216,222,105,111
1216,222,105,111
1216,222,105,111
1216,222,105,111
1216,222,105,111
1216,222,105,111
1216,222,105,111
1216,222,105,111
1216,222,105,111
1216,222,105,111
1216,222,105,111
1216,222,105,111
1216,222,105,111
1216,222,105,111
1210,220,105,115
1211,221,105,114
1212,222,105,113
1213,223,105,112
1214,224,105,111
1215,225,105,110
1216,226,105,109
1217,227,105,108
1218,228,105,107
1219,229,105,106
1220,230,105,105
1221,231,105,104
1222,232,105,103
1223,233,105,102
1224,234,105,101
1223,229,100,100
1222,228,100,101
1221,227,100,102
1220,226,100,103
1219,225,100,104
1218,224,100,105
1217,223,100,106
1216,222,100,107
1215,221,100,108
1214,220,100,109
1213,219,100,110
1212,218,100,111
1211,217,100,112
1210,216,100,113
1209,215,100,114
1210,215,107,114
1208,213,106,116
1206,211,105,118
1204,209,104,120
1202,207,103,122
1200,205,102,124
1198,203,101,126
1196,201,100,128
1194,199,99,130
1192,197,98,132
1190,195,97,134
1188,193,96,136
1186,191,95,138
1184,189,94,140
1182,187,93,142
1186,187,92,146
1183,187,92,147
1180,187,92,148
1177,187,92,149
1174,187,92,150
1171,187,92,151
1168,187,92,152
1165,187,92,153
1162,187,92,154
1159,187,92,155
1156,187,92,156
1153,187,92,157
1150,187,92,158
1147,187,92,159
1144,187,92,160
1135,181,85,157
1132,181,84,158
1129,181,83,159
1126,181,82,160
1123,181,81,161
1120,181,80,162
1117,181,79,163
1114,181,78,164
1111,181,77,165
1108,181,76,166
1105,181,75,167
1102,181,74,168
1099,181,73,169
1096,181,72,170
1093,181,71,171
1087,182,70,165
1083,182,70,165
1079,182,70,165
1075,182,70,165
1071,182,70,165
1067,182,70,165
1063,182,70,165
1059,182,70,165
1055,182,70,165
1051,182,70,165
1047,182,70,165
1043,182,70,165
1039,182,70,165
1035,182,70,165
1031,182,70,165
1027,187,67,165
1023,188,67,164
1019,189,67,163
1015,190,67,162
1011,191,67,161
1007,192,67,160
1003,193,67,159
999,194,67,158
995,195,67,157
991,196,67,156
987,197,67,155
983,198,67,154
979,199,67,153
975,200,67,152
971,201,67,151
972,197,62,156
969,197,63,156
966,197,64,156
963,197,65,156
960,197,66,156
957,197,67,156
954,197,68,156
951,197,69,156
948,197,70,156
945,197,71,156
942,197,72,156
939,197,73,156
936,197,74,156
933,197,75,156
930,197,76,156
932,197,80,158
928,197,81,158
924,197,82,158
920,197,83,158
916,197,84,158
912,197,85,158
908,197,86,158
904,197,87,158
900,197,88,158
896,197,89,158
892,197,90,158
888,197,91,158
884,197,92,158
880,197,93,158
876,197,94,158
878,201,91,160
875,202,90,159
872,203,89,158
869,204,88,157
866,205,87,156
863,206,86,155
860,207,85,154
857,208,84,153
854,209,83,152
851,210,82,151
848,211,81,150
845,212,80,149
842,213,79,148
839,214,78,147
836,215,77,146
830,209,72,148
827,209,71,148
824,209,70,148
821,209,69,148
818,209,68,148
815,209,67,148
812,209,66,148
809,209,65,148
806,209,64,148
803,209,63,148
800,209,62,148
797,209,61,148
794,209,60,148
791,209,59,148
788,209,58,148
782,212,64,148
780,213,64,147
778,214,64,146
776,215,64,145
774,216,64,144
772,217,64,143
770,218,64,142
768,219,64,141
766,220,64,140
764,221,64,139
762,222,64,138
760,223,64,137
758,224,64,136
756,225,64,135
754,226,64,134
746,229,68,126
746,231,68,124
746,233,68,122
746,235,68,120
746,237,68,118
746,239,68,116
746,241,68,114
746,243,68,112
746,245,68,110
746,247,68,108
746,249,68,106
746,251,68,104
746,253,68,102
746,255,68,100
746,257,68,98
750,257,70,95
750,258,71,95
750,259,72,95
750,260,73,95
750,261,74,95
750,262,75,95
750,263,76,95
750,264,77,95
750,265,78,95
750,266,79,95
750,267,80,95
750,268,81,95
750,269,82,95
750,270,83,95
750,271,84,95
746,267,78,88
746,267,78,88
746,267,78,88
746,267,78,88
746,267,78,88
746,267,78,88
746,267,78,88
746,267,78,88
746,267,78,88
746,267,78,88
746,267,78,88
746,267,78,88
746,267,78,88
746,267,78,88
746,267,78,88
743,267,82,86
743,267,82,86
743,267,82,86
743,267,82,86
743,267,82,86
743,267,82,86
743,267,82,86
743,267,82,86
743,267,82,86
743,267,82,86
743,267,82,86
743,267,82,86
743,267,82,86
743,267,82,86
743,267,82,86
746,268,78,85
746,267,78,86
746,266,78,87
746,265,78,88
746,264,78,89
746,263,78,90
746,262,78,91
746,261,78,92
746,260,78,93
746,259,78,94
746,258,78,95
746,257,78,96
746,256,78,97
746,255,78,98
746,254,78,99
743,258,79,100
742,257,79,101
741,256,79,102
740,255,79,103
739,254,79,104
738,253,79,105
737,252,79,106
736,251,79,107
735,250,79,108
734,249,79,109
733,248,79,110
732,247,79,111
731,246,79,112
730,245,79,113
729,244,79,114
724,242,75,111
723,243,75,110
722,244,75,109
721,245,75,108
720,246,75,107
719,247,75,106
718,248,75,105
717,249,75,104
716,250,75,103
715,251,75,102
714,252,75,101
713,253,75,100
712,254,75,99
711,255,75,98
710,256,75,97
707,260,79,98
706,260,79,98
705,260,79,98
704,260,79,98
703,260,79,98
702,260,79,98
701,260,79,98
700,260,79,98
699,260,79,98
698,260,79,98
697,260,79,98
696,260,79,98
695,260,79,98
694,260,79,98
693,260,79,98
696,260,81,95
695,258,81,97
694,256,81,99
693,254,81,101
692,252,81,103
691,250,81,105
690,248,81,107
689,246,81,109
688,244,81,111
687,242,81,113
686,240,81,115
685,238,81,117
684,236,81,119
683,234,81,121
682,232,81,123
685,234,79,123
684,233,80,124
683,232,81,125
682,231,82,126
681,230,83,127
680,229,84,128
679,228,85,129
678,227,86,130
677,226,87,131
676,225,88,132
675,224,89,133
674,223,90,134
673,222,91,135
672,221,92,136
671,220,93,137
676,219,88,141
673,220,89,141
670,221,90,141
667,222,91,141
664,223,92,141
661,224,93,141
658,225,94,141
655,226,95,141
652,227,96,141
649,228,97,141
646,229,98,141
643,230,99,141
640,231,100,141
637,232,101,141
634,233,102,141
627,227,104,139
624,227,102,140
621,227,100,141
618,227,98,142
615,227,96,143
612,227,94,144
609,227,92,145
606,227,90,146
603,227,88,147
600,227,86,148
597,227,84,149
594,227,82,150
591,227,80,151
588,227,78,152
585,227,76,153
584,229,76,151
580,229,77,152
576,229,78,153
572,229,79,154
568,229,80,155
564,229,81,156
560,229,82,157
556,229,83,158
552,229,84,159
548,229,85,160
544,229,86,161
540,229,87,162
536,229,88,163
532,229,89,164
528,229,90,165
523,234,96,160
520,234,95,161
517,234,94,162
514,234,93,163
511,234,92,164
508,234,91,165
505,234,90,166
502,234,89,167
499,234,88,168
496,234,87,169
493,234,86,170
490,234,85,171
487,234,84,172
484,234,83,173
481,234,82,174
473,240,79,168
