1316,102,91,184
1314,103,90,183
1312,104,89,182
1310,105,88,181
1308,106,87,180
1306,107,86,179
1304,108,85,178
1302,109,84,177
1300,110,83,176
1298,111,82,175
1296,112,81,174
1294,113,80,173
1292,114,79,172
1290,115,78,171
1288,116,77,170
1293,113,76,175
1292,114,77,174
1291,115,78,173
1290,116,79,172
1289,117,80,171
1288,118,81,170
1287,119,82,169
1286,120,83,168
1285,121,84,167
1284,122,85,166
1283,123,86,165
1282,124,87,164
1281,125,88,163
1280,126,89,162
1279,127,90,161
1275,134,92,157
1274,135,93,156
1273,136,94,155
1272,137,95,154
1271,138,96,153
1270,139,97,152
1269,140,98,151
1268,141,99,150
1267,142,100,149
1266,143,101,148
1265,144,102,147
1264,145,103,146
1263,146,104,145
1262,147,105,144
1261,148,106,143
1258,148,111,142
1258,148,112,142
1258,148,113,142
1258,148,114,142
1258,148,115,142
1258,148,116,142
1258,148,117,142
1258,148,118,142
1258,148,119,142
1258,148,120,142
1258,148,121,142
1258,148,122,142
1258,148,123,142
1258,148,124,142
1258,148,125,142
1254,153,124,137
1254,153,124,137
1254,153,124,137
1254,153,124,137
1254,153,124,137
1254,153,124,137
1254,153,124,137
1254,153,124,137
1254,153,124,137
1254,153,124,137
1254,153,124,137
1254,153,124,137
1254,153,124,137
1254,153,124,137
1254,153,124,137
1250,149,121,139
1251,150,120,139
1252,151,119,139
1253,152,118,139
1254,153,117,139
1255,154,116,139
1256,155,115,139
1257,156,114,139
1258,157,113,139
1259,158,112,139
1260,159,111,139
1261,160,110,139
1262,161,109,139
1263,162,108,139
1264,163,107,139
1268,158,112,133
1267,155,110,136
1266,152,108,139
1265,149,106,142
1264,146,104,145
1263,143,102,148
1262,140,100,151
1261,137,98,154
1260,134,96,157
1259,131,94,160
1258,128,92,163
1257,125,90,166
1256,122,88,169
1255,119,86,172
1254,116,84,175
1248,113,86,173
1245,112,86,174
1242,111,86,175
1239,110,86,176
1236,109,86,177
1233,108,86,178
1230,107,86,179
1227,106,86,180
1224,105,86,181
1221,104,86,182
1218,103,86,183
1215,102,86,184
1212,101,86,185
1209,100,86,186
1206,99,86,187
1210,92,82,187
1205,92,83,187
1200,92,84,187
1195,92,85,187
1190,92,86,187
1185,92,87,187
1180,92,88,187
1175,92,89,187
1170,92,90,187
1165,92,91,187
1160,92,92,187
1155,92,93,187
1150,92,94,187
1145,92,95,187
1140,92,96,187
1133,87,103,194
1127,87,104,194
1121,87,105,194
1115,87,106,194
1109,87,107,194
1103,87,108,194
1097,87,109,194
1091,87,110,194
1085,87,111,194
1079,87,112,194
1073,87,113,194
1067,87,114,194
1061,87,115,194
1055,87,116,194
1049,87,117,194
1048,85,113,192
1043,85,112,192
1038,85,111,192
1033,85,110,192
1028,85,109,192
1023,85,108,192
1018,85,107,192
1013,85,106,192
1008,85,105,192
1003,85,104,192
998,85,103,192
993,85,102,192
988,85,101,192
983,85,100,192
978,85,99,192
971,81,105,193
968,81,104,193
965,81,103,193
962,81,102,193
959,81,101,193
956,81,100,193
953,81,99,193
950,81,98,193
947,81,97,193
944,81,96,193
941,81,95,193
938,81,94,193
935,81,93,193
932,81,92,193
929,81,91,193
923,83,91,191
918,82,94,191
913,81,97,191
908,80,100,191
903,79,103,191
898,78,106,191
893,77,109,191
888,76,112,191
883,75,115,191
878,74,118,191
873,73,121,191
868,72,124,191
863,71,127,191
858,70,130,191
853,69,133,191
844,73,136,196
842,73,132,196
840,73,128,196
838,73,124,196
836,73,120,196
834,73,116,196
832,73,112,196
830,73,108,196
828,73,104,196
826,73,100,196
824,73,96,196
822,73,92,196
820,73,88,196
818,73,84,196
816,73,80,196
809,66,78,201
804,66,78,200
799,66,78,199
794,66,78,198
789,66,78,197
784,66,78,196
779,66,78,195
774,66,78,194
769,66,78,193
764,66,78,192
759,66,78,191
754,66,78,190
749,66,78,189
744,66,78,188
739,66,78,187
730,69,84,189
727,70,84,188
724,71,84,187
721,72,84,186
718,73,84,185
715,74,84,184
712,75,84,183
709,76,84,182
706,77,84,181
703,78,84,180
700,79,84,179
697,80,84,178
694,81,84,177
691,82,84,176
688,83,84,175
688,78,82,175
687,79,81,173
686,80,80,171
685,81,79,169
684,82,78,167
683,83,77,165
682,84,76,163
681,85,75,161
680,86,74,159
679,87,73,157
678,88,72,155
677,89,71,153
676,90,70,151
675,91,69,149
674,92,68,147
669,100,74,143
668,102,75,141
667,104,76,139
666,106,77,137
665,108,78,135
664,110,79,133
663,112,80,131
662,114,81,129
661,116,82,127
660,118,83,125
659,120,84,123
658,122,85,121
657,124,86,119
656,126,87,117
655,128,88,115
661,132,93,111
660,132,93,111
659,132,93,111
658,132,93,111
657,132,93,111
656,132,93,111
655,132,93,111
654,132,93,111
653,132,93,111
652,132,93,111
651,132,93,111
650,132,93,111
649,132,93,111
648,132,93,111
647,132,93,111
653,134,96,107
653,134,96,107
653,134,96,107
653,134,96,107
653,134,96,107
653,134,96,107
653,134,96,107
653,134,96,107
653,134,96,107
653,134,96,107
653,134,96,107
653,134,96,107
653,134,96,107
653,134,96,107
653,134,96,107
659,130,99,111
659,130,99,111
659,130,99,111
659,130,99,111
659,130,99,111
659,130,99,111
659,130,99,111
659,130,99,111
659,130,99,111
659,130,99,111
659,130,99,111
659,130,99,111
659,130,99,111
659,130,99,111
659,130,99,111
659,132,95,111
659,130,95,113
659,128,95,115
659,126,95,117
659,124,95,119
659,122,95,121
659,120,95,123
659,118,95,125
659,116,95,127
659,114,95,129
659,112,95,131
659,110,95,133
659,108,95,135
659,106,95,137
659,104,95,139
657,104,101,135
655,105,100,135
653,106,99,135
651,107,98,135
649,108,97,135
647,109,96,135
645,110,95,135
643,111,94,135
641,112,93,135
639,113,92,135
637,114,91,135
635,115,90,135
633,116,89,135
631,117,88,135
629,118,87,135
624,114,90,130
623,114,91,130
622,114,92,130
621,114,93,130
620,114,94,130
619,114,95,130
618,114,96,130
617,114,97,130
616,114,98,130
615,114,99,130
614,114,100,130
613,114,101,130
612,114,102,130
611,114,103,130
610,114,104,130
607,120,107,124
606,119,108,124
605,118,109,124
604,117,110,124
603,116,111,124
602,115,112,124
601,114,113,124
600,113,114,124
599,112,115,124
598,111,116,124
597,110,117,124
596,109,118,124
595,108,119,124
594,107,120,124
593,106,121,124
592,106,118,131
593,104,115,133
594,102,112,135
595,100,109,137
596,98,106,139
597,96,103,141
598,94,100,143
599,92,97,145
600,90,94,147
601,88,91,149
602,86,88,151
603,84,85,153
604,82,82,155
605,80,79,157
606,78,76,159
601,74,78,165
599,73,78,166
597,72,78,167
595,71,78,168
593,70,78,169
591,69,78,170
589,68,78,171
587,67,78,172
585,66,78,173
583,65,78,174
581,64,78,175
579,63,78,176
577,62,78,177
575,61,78,178
573,60,78,179
567,64,74,175
563,64,73,176
559,64,72,177
555,64,71,178
551,64,70,179
547,64,69,180
543,64,68,181
539,64,67,182
535,64,66,183
531,64,65,184
527,64,64,185
523,64,63,186
519,64,62,187
515,64,61,188
511,64,60,189
513,62,62,186
509,62,62,186
505,62,62,186
501,62,62,186
497,62,62,186
493,62,62,186
489,62,62,186
485,62,62,186
481,62,62,186
477,62,62,186
473,62,62,186
469,62,62,186
465,62,62,186
461,62,62,186
457,62,62,186
449,67,69,189
444,67,69,190
439,67,69,191
434,67,69,192
429,67,69,193
424,67,69,194
419,67,69,195
414,67,69,196
409,67,69,197
404,67,69,198
399,67,69,199
394,67,69,200
389,67,69,201
384,67,69,202
379,67,69,203
378,69,70,205
