1243,218,49,118
1241,217,50,119
1239,216,51,120
1237,215,52,121
1235,214,53,122
1233,213,54,123
1231,212,55,124
1229,211,56,125
1227,210,57,126
1225,209,58,127
1223,208,59,128
1221,207,60,129
1219,206,61,130
1217,205,62,131
1215,204,63,132
1220,208,68,128
1219,208,67,128
1218,208,66,128
1217,208,65,128
1216,208,64,128
1215,208,63,128
1214,208,62,128
1213,208,61,128
1212,208,60,128
1211,208,59,128
1210,208,58,128
1209,208,57,128
1208,208,56,128
1207,208,55,128
1206,208,54,128
1202,209,54,129
1201,210,55,128
1200,211,56,127
1199,212,57,126
1198,213,58,125
1197,214,59,124
1196,215,60,123
1195,216,61,122
1194,217,62,121
1193,218,63,120
1192,219,64,119
1191,220,65,118
1190,221,66,117
1189,222,67,116
1188,223,68,115
1183,228,70,115
1182,229,71,114
1181,230,72,113
1180,231,73,112
1179,232,74,111
1178,233,75,110
1177,234,76,109
1176,235,77,108
1175,236,78,107
1174,237,79,106
1173,238,80,105
1172,239,81,104
1171,240,82,103
1170,241,83,102
1169,242,84,101
1172,242,88,101
1172,242,88,101
1172,242,88,101
1172,242,88,101
1172,242,88,101
1172,242,88,101
1172,242,88,101
1172,242,88,101
1172,242,88,101
1172,242,88,101
1172,242,88,101
1172,242,88,101
1172,242,88,101
1172,242,88,101
1172,242,88,101
1172,244,86,94
1172,244,86,94
1172,244,86,94
1172,244,86,94
1172,244,86,94
1172,244,86,94
1172,244,86,94
1172,244,86,94
1172,244,86,94
1172,244,86,94
1172,244,86,94
1172,244,86,94
1172,244,86,94
1172,244,86,94
1172,244,86,94
1176,244,84,92
1176,244,84,92
1176,244,84,92
1176,244,84,92
1176,244,84,92
1176,244,84,92
1176,244,84,92
1176,244,84,92
1176,244,84,92
1176,244,84,92
1176,244,84,92
1176,244,84,92
1176,244,84,92
1176,244,84,92
1176,244,84,92
1172,242,90,99
1171,240,89,101
1170,238,88,103
1169,236,87,105
1168,234,86,107
1167,232,85,109
1166,230,84,111
1165,228,83,113
1164,226,82,115
1163,224,81,117
1162,222,80,119
1161,220,79,121
1160,218,78,123
1159,216,77,125
1158,214,76,127
1157,208,70,133
1154,208,70,133
1151,208,70,133
1148,208,70,133
1145,208,70,133
1142,208,70,133
1139,208,70,133
1136,208,70,133
1133,208,70,133
1130,208,70,133
1127,208,70,133
1124,208,70,133
1121,208,70,133
1118,208,70,133
1115,208,70,133
1106,202,67,139
1102,202,67,139
1098,202,67,139
1094,202,67,139
1090,202,67,139
1086,202,67,139
1082,202,67,139
1078,202,67,139
1074,202,67,139
1070,202,67,139
1066,202,67,139
1062,202,67,139
1058,202,67,139
1054,202,67,139
1050,202,67,139
1052,201,71,137
1049,201,70,137
1046,201,69,137
1043,201,68,137
1040,201,67,137
1037,201,66,137
1034,201,65,137
1031,201,64,137
1028,201,63,137
1025,201,62,137
1022,201,61,137
1019,201,60,137
1016,201,59,137
1013,201,58,137
1010,201,57,137
1002,199,57,144
998,199,58,143
994,199,59,142
990,199,60,141
986,199,61,140
982,199,62,139
978,199,63,138
974,199,64,137
970,199,65,136
966,199,66,135
962,199,67,134
958,199,68,133
954,199,69,132
950,199,70,131
946,199,71,130
948,204,66,135
945,204,68,135
942,204,70,135
939,204,72,135
936,204,74,135
933,204,76,135
930,204,78,135
927,204,80,135
924,204,82,135
921,204,84,135
918,204,86,135
915,204,88,135
912,204,90,135
909,204,92,135
906,204,94,135
898,199,94,142
896,199,91,142
894,199,88,142
892,199,85,142
890,199,82,142
888,199,79,142
886,199,76,142
884,199,73,142
882,199,70,142
880,199,67,142
878,199,64,142
876,199,61,142
874,199,58,142
872,199,55,142
870,199,52,142
869,201,49,135
864,201,50,135
859,201,51,135
854,201,52,135
849,201,53,135
844,201,54,135
839,201,55,135
834,201,56,135
829,201,57,135
824,201,58,135
819,201,59,135
814,201,60,135
809,201,61,135
804,201,62,135
799,201,63,135
799,206,71,135
797,206,70,134
795,206,69,133
793,206,68,132
791,206,67,131
789,206,66,130
787,206,65,129
785,206,64,128
783,206,63,127
781,206,62,126
779,206,61,125
777,206,60,124
775,206,59,123
773,206,58,122
771,206,57,121
773,213,58,123
773,214,57,121
773,215,56,119
773,216,55,117
773,217,54,115
773,218,53,113
773,219,52,111
773,220,51,109
773,221,50,107
773,222,49,105
773,223,48,103
773,224,47,101
773,225,46,99
773,226,45,97
773,227,44,95
771,235,49,96
770,236,50,95
769,237,51,94
768,238,52,93
767,239,53,92
766,240,54,91
765,241,55,90
764,242,56,89
763,243,57,88
762,244,58,87
761,245,59,86
760,246,60,85
759,247,61,84
758,248,62,83
757,249,63,82
763,247,66,80
763,247,66,80
763,247,66,80
763,247,66,80
763,247,66,80
763,247,66,80
763,247,66,80
763,247,66,80
763,247,66,80
763,247,66,80
763,247,66,80
763,247,66,80
763,247,66,80
763,247,66,80
763,247,66,80
760,251,69,81
760,251,69,81
760,251,69,81
760,251,69,81
760,251,69,81
760,251,69,81
760,251,69,81
760,251,69,81
760,251,69,81
760,251,69,81
760,251,69,81
760,251,69,81
760,251,69,81
760,251,69,81
760,251,69,81
763,252,68,80
763,251,68,81
763,250,68,82
763,249,68,83
763,248,68,84
763,247,68,85
763,246,68,86
763,245,68,87
763,244,68,88
763,243,68,89
763,242,68,90
763,241,68,91
763,240,68,92
763,239,68,93
763,238,68,94
760,240,69,89
758,240,69,90
756,240,69,91
754,240,69,92
752,240,69,93
750,240,69,94
748,240,69,95
746,240,69,96
744,240,69,97
742,240,69,98
740,240,69,99
738,240,69,100
736,240,69,101
734,240,69,102
732,240,69,103
736,233,73,98
735,234,73,97
734,235,73,96
733,236,73,95
732,237,73,94
731,238,73,93
730,239,73,92
729,240,73,91
728,241,73,90
727,242,73,89
726,243,73,88
725,244,73,87
724,245,73,86
723,246,73,85
722,247,73,84
725,242,73,87
724,242,74,87
723,242,75,87
722,242,76,87
721,242,77,87
720,242,78,87
719,242,79,87
718,242,80,87
717,242,81,87
716,242,82,87
715,242,83,87
714,242,84,87
713,242,85,87
712,242,86,87
711,242,87,87
717,240,81,91
717,238,80,93
717,236,79,95
717,234,78,97
717,232,77,99
717,230,76,101
717,228,75,103
717,226,74,105
717,224,73,107
717,222,72,109
717,220,71,111
717,218,70,113
717,216,69,115
717,214,68,117
717,212,67,119
715,209,61,120
714,209,61,121
713,209,61,122
712,209,61,123
711,209,61,124
710,209,61,125
709,209,61,126
708,209,61,127
707,209,61,128
706,209,61,129
705,209,61,130
704,209,61,131
703,209,61,132
702,209,61,133
701,209,61,134
695,204,55,128
692,204,54,128
689,204,53,128
686,204,52,128
683,204,51,128
680,204,50,128
677,204,49,128
674,204,48,128
671,204,47,128
668,204,46,128
665,204,45,128
662,204,44,128
659,204,43,128
656,204,42,128
653,204,41,128
652,202,42,130
