1327,287,65,128
1326,286,65,129
1325,285,65,130
1324,284,65,131
1323,283,65,132
1322,282,65,133
1321,281,65,134
1320,280,65,135
1319,279,65,136
1318,278,65,137
1317,277,65,138
1316,276,65,139
1315,275,65,140
1314,274,65,141
1313,273,65,142
1309,274,71,137
1307,275,71,136
1305,276,71,135
1303,277,71,134
1301,278,71,133
1299,279,71,132
1297,280,71,131
1295,281,71,130
1293,282,71,129
1291,283,71,128
1289,284,71,127
1287,285,71,126
1285,286,71,125
1283,287,71,124
1281,288,71,123
1280,291,69,125
1279,292,70,124
1278,293,71,123
1277,294,72,122
1276,295,73,121
1275,296,74,120
1274,297,75,119
1273,298,76,118
1272,299,77,117
1271,300,78,116
1270,301,79,115
1269,302,80,114
1268,303,81,113
1267,304,82,112
1266,305,83,111
1267,303,82,116
1266,304,83,115
1265,305,84,114
1264,306,85,113
1263,307,86,112
1262,308,87,111
1261,309,88,110
1260,310,89,109
1259,311,90,108
1258,312,91,107
1257,313,92,106
1256,314,93,105
1255,315,94,104
1254,316,95,103
1253,317,96,102
1255,315,97,100
1255,315,97,100
1255,315,97,100
1255,315,97,100
1255,315,97,100
1255,315,97,100
1255,315,97,100
1255,315,97,100
1255,315,97,100
1255,315,97,100
1255,315,97,100
1255,315,97,100
1255,315,97,100
1255,315,97,100
1255,315,97,100
1255,313,97,103
1255,313,97,103
1255,313,97,103
1255,313,97,103
1255,313,97,103
1255,313,97,103
1255,313,97,103
1255,313,97,103
1255,313,97,103
1255,313,97,103
1255,313,97,103
1255,313,97,103
1255,313,97,103
1255,313,97,103
1255,313,97,103
1262,316,92,98
1260,314,92,101
1258,312,92,104
1256,310,92,107
1254,308,92,110
1252,306,92,113
1250,304,92,116
1248,302,92,119
1246,300,92,122
1244,298,92,125
1242,296,92,128
1240,294,92,131
1238,292,92,134
1236,290,92,137
1234,288,92,140
1234,280,85,138
1230,280,85,138
1226,280,85,138
1222,280,85,138
1218,280,85,138
1214,280,85,138
1210,280,85,138
1206,280,85,138
1202,280,85,138
1198,280,85,138
1194,280,85,138
1190,280,85,138
1186,280,85,138
1182,280,85,138
1178,280,85,138
1168,280,88,145
1164,280,87,145
1160,280,86,145
1156,280,85,145
1152,280,84,145
1148,280,83,145
1144,280,82,145
1140,280,81,145
1136,280,80,145
1132,280,79,145
1128,280,78,145
1124,280,77,145
1120,280,76,145
1116,280,75,145
1112,280,74,145
1107,281,76,146
1102,281,75,146
1097,281,74,146
1092,281,73,146
1087,281,72,146
1082,281,71,146
1077,281,70,146
1072,281,69,146
1067,281,68,146
1062,281,67,146
1057,281,66,146
1052,281,65,146
1047,281,64,146
1042,281,63,146
1037,281,62,146
1039,284,60,150
1035,284,62,150
1031,284,64,150
1027,284,66,150
1023,284,68,150
1019,284,70,150
1015,284,72,150
1011,284,74,150
1007,284,76,150
1003,284,78,150
999,284,80,150
995,284,82,150
991,284,84,150
987,284,86,150
983,284,88,150
983,283,93,148
979,283,91,148
975,283,89,148
971,283,87,148
967,283,85,148
963,283,83,148
959,283,81,148
955,283,79,148
951,283,77,148
947,283,75,148
943,283,73,148
939,283,71,148
935,283,69,148
931,283,67,148
927,283,65,148
927,284,66,146
922,284,67,146
917,284,68,146
912,284,69,146
907,284,70,146
902,284,71,146
897,284,72,146
892,284,73,146
887,284,74,146
882,284,75,146
877,284,76,146
872,284,77,146
867,284,78,146
862,284,79,146
857,284,80,146
854,290,79,140
853,291,78,138
852,292,77,136
851,293,76,134
850,294,75,132
849,295,74,130
848,296,73,128
847,297,72,126
846,298,71,124
845,299,70,122
844,300,69,120
843,301,68,118
842,302,67,116
841,303,66,114
840,304,65,112
837,310,58,111
836,312,59,109
835,314,60,107
834,316,61,105
833,318,62,103
832,320,63,101
831,322,64,99
830,324,65,97
829,326,66,95
828,328,67,93
827,330,68,91
826,332,69,89
825,334,70,87
824,336,71,85
823,338,72,83
828,337,72,84
828,337,72,84
828,337,72,84
828,337,72,84
828,337,72,84
828,337,72,84
828,337,72,84
828,337,72,84
828,337,72,84
828,337,72,84
828,337,72,84
828,337,72,84
828,337,72,84
828,337,72,84
828,337,72,84
833,341,67,81
833,341,67,81
833,341,67,81
833,341,67,81
833,341,67,81
833,341,67,81
833,341,67,81
833,341,67,81
833,341,67,81
833,341,67,81
833,341,67,81
833,341,67,81
833,341,67,81
833,341,67,81
833,341,67,81
828,340,71,81
828,339,71,82
828,338,71,83
828,337,71,84
828,336,71,85
828,335,71,86
828,334,71,87
828,333,71,88
828,332,71,89
828,331,71,90
828,330,71,91
828,329,71,92
828,328,71,93
828,327,71,94
828,326,71,95
833,326,66,96
831,326,67,96
829,326,68,96
827,326,69,96
825,326,70,96
823,326,71,96
821,326,72,96
819,326,73,96
817,326,74,96
815,326,75,96
813,326,76,96
811,326,77,96
809,326,78,96
807,326,79,96
805,326,80,96
803,328,76,94
802,328,76,94
801,328,76,94
800,328,76,94
799,328,76,94
798,328,76,94
797,328,76,94
796,328,76,94
795,328,76,94
794,328,76,94
793,328,76,94
792,328,76,94
791,328,76,94
790,328,76,94
789,328,76,94
789,332,75,89
789,330,74,91
789,328,73,93
789,326,72,95
789,324,71,97
789,322,70,99
789,320,69,101
789,318,68,103
789,316,67,105
789,314,66,107
789,312,65,109
789,310,64,111
789,308,63,113
789,306,62,115
789,304,61,117
782,306,61,115
781,305,62,116
780,304,63,117
779,303,64,118
778,302,65,119
777,301,66,120
776,300,67,121
775,299,68,122
774,298,69,123
773,297,70,124
772,296,71,125
771,295,72,126
770,294,73,127
769,293,74,128
768,292,75,129
762,294,69,125
759,294,68,126
756,294,67,127
753,294,66,128
750,294,65,129
747,294,64,130
744,294,63,131
741,294,62,132
738,294,61,133
735,294,60,134
732,294,59,135
729,294,58,136
726,294,57,137
723,294,56,138
720,294,55,139
713,296,48,137
