1196,242,72,79
1195,242,73,79
1194,242,74,79
1193,242,75,79
1192,242,76,79
1191,242,77,79
1190,242,78,79
1189,242,79,79
1188,242,80,79
1187,242,81,79
1186,242,82,79
1185,242,83,79
1184,242,84,79
1183,242,85,79
1182,242,86,79
1182,240,86,81
1182,239,85,82
1182,238,84,83
1182,237,83,84
1182,236,82,85
1182,235,81,86
1182,234,80,87
1182,233,79,88
1182,232,78,89
1182,231,77,90
1182,230,76,91
1182,229,75,92
1182,228,74,93
1182,227,73,94
1182,226,72,95
1187,224,77,96
1187,224,77,96
1187,224,77,96
1187,224,77,96
1187,224,77,96
1187,224,77,96
1187,224,77,96
1187,224,77,96
1187,224,77,96
1187,224,77,96
1187,224,77,96
1187,224,77,96
1187,224,77,96
1187,224,77,96
1187,224,77,96
1180,229,80,89
1179,228,80,90
1178,227,80,91
1177,226,80,92
1176,225,80,93
1175,224,80,94
1174,223,80,95
1173,222,80,96
1172,221,80,97
1171,220,80,98
1170,219,80,99
1169,218,80,100
1168,217,80,101
1167,216,80,102
1166,215,80,103
1160,211,74,104
1159,210,74,105
1158,209,74,106
1157,208,74,107
1156,207,74,108
1155,206,74,109
1154,205,74,110
1153,204,74,111
1152,203,74,112
1151,202,74,113
1150,201,74,114
1149,200,74,115
1148,199,74,116
1147,198,74,117
1146,197,74,118
1141,202,73,124
1141,202,73,124
1141,202,73,124
1141,202,73,124
1141,202,73,124
1141,202,73,124
1141,202,73,124
1141,202,73,124
1141,202,73,124
1141,202,73,124
1141,202,73,124
1141,202,73,124
1141,202,73,124
1141,202,73,124
1141,202,73,124
1134,204,75,121
1129,204,75,122
1124,204,75,123
1119,204,75,124
1114,204,75,125
1109,204,75,126
1104,204,75,127
1099,204,75,128
1094,204,75,129
1089,204,75,130
1084,204,75,131
1079,204,75,132
1074,204,75,133
1069,204,75,134
1064,204,75,135
1052,198,70,133
1049,197,70,133
1046,196,70,133
1043,195,70,133
1040,194,70,133
1037,193,70,133
1034,192,70,133
1031,191,70,133
1028,190,70,133
1025,189,70,133
1022,188,70,133
1019,187,70,133
1016,186,70,133
1013,185,70,133
1010,184,70,133
1008,189,65,131
1004,189,65,131
1000,189,65,131
996,189,65,131
992,189,65,131
988,189,65,131
984,189,65,131
980,189,65,131
976,189,65,131
972,189,65,131
968,189,65,131
964,189,65,131
960,189,65,131
956,189,65,131
952,189,65,131
950,193,63,133
947,193,64,133
944,193,65,133
941,193,66,133
938,193,67,133
935,193,68,133
932,193,69,133
929,193,70,133
926,193,71,133
923,193,72,133
920,193,73,133
917,193,74,133
914,193,75,133
911,193,76,133
908,193,77,133
902,191,72,139
899,191,72,138
896,191,72,137
893,191,72,136
890,191,72,135
887,191,72,134
884,191,72,133
881,191,72,132
878,191,72,131
875,191,72,130
872,191,72,129
869,191,72,128
866,191,72,127
863,191,72,126
860,191,72,125
854,189,67,127
853,189,67,127
852,189,67,127
851,189,67,127
850,189,67,127
849,189,67,127
848,189,67,127
847,189,67,127
846,189,67,127
845,189,67,127
844,189,67,127
843,189,67,127
842,189,67,127
841,189,67,127
840,189,67,127
837,194,64,127
834,194,64,127
831,194,64,127
828,194,64,127
825,194,64,127
822,194,64,127
819,194,64,127
816,194,64,127
813,194,64,127
810,194,64,127
807,194,64,127
804,194,64,127
801,194,64,127
798,194,64,127
795,194,64,127
798,199,70,129
797,199,70,129
796,199,70,129
795,199,70,129
794,199,70,129
793,199,70,129
792,199,70,129
791,199,70,129
790,199,70,129
789,199,70,129
788,199,70,129
787,199,70,129
786,199,70,129
785,199,70,129
784,199,70,129
785,196,76,132
785,197,76,130
785,198,76,128
785,199,76,126
785,200,76,124
785,201,76,122
785,202,76,120
785,203,76,118
785,204,76,116
785,205,76,114
785,206,76,112
785,207,76,110
785,208,76,108
785,209,76,106
785,210,76,104
778,206,79,107
778,206,79,107
778,206,79,107
778,206,79,107
778,206,79,107
778,206,79,107
778,206,79,107
778,206,79,107
778,206,79,107
778,206,79,107
778,206,79,107
778,206,79,107
778,206,79,107
778,206,79,107
778,206,79,107
775,206,86,110
775,206,86,110
775,206,86,110
775,206,86,110
775,206,86,110
775,206,86,110
775,206,86,110
775,206,86,110
775,206,86,110
775,206,86,110
775,206,86,110
775,206,86,110
775,206,86,110
775,206,86,110
775,206,86,110
775,212,93,106
775,212,93,106
775,212,93,106
775,212,93,106
775,212,93,106
775,212,93,106
775,212,93,106
775,212,93,106
775,212,93,106
775,212,93,106
775,212,93,106
775,212,93,106
775,212,93,106
775,212,93,106
775,212,93,106
778,209,97,109
777,210,96,108
776,211,95,107
775,212,94,106
774,213,93,105
773,214,92,104
772,215,91,103
771,216,90,102
770,217,89,101
769,218,88,100
768,219,87,99
767,220,86,98
766,221,85,97
765,222,84,96
764,223,83,95
768,219,89,88
768,218,88,89
768,217,87,90
768,216,86,91
768,215,85,92
768,214,84,93
768,213,83,94
768,212,82,95
768,211,81,96
768,210,80,97
768,209,79,98
768,208,78,99
768,207,77,100
768,206,76,101
768,205,75,102
766,202,72,101
765,202,72,101
764,202,72,101
763,202,72,101
762,202,72,101
761,202,72,101
760,202,72,101
759,202,72,101
758,202,72,101
757,202,72,101
756,202,72,101
755,202,72,101
754,202,72,101
753,202,72,101
752,202,72,101
746,206,72,102
745,206,72,102
744,206,72,102
743,206,72,102
742,206,72,102
741,206,72,102
740,206,72,102
739,206,72,102
738,206,72,102
737,206,72,102
736,206,72,102
735,206,72,102
734,206,72,102
733,206,72,102
732,206,72,102
730,201,72,104
729,202,72,103
728,203,72,102
727,204,72,101
726,205,72,100
725,206,72,99
724,207,72,98
723,208,72,97
722,209,72,96
721,210,72,95
720,211,72,94
719,212,72,93
718,213,72,92
717,214,72,91
716,215,72,90
711,217,70,88
710,218,71,88
709,219,72,88
708,220,73,88
707,221,74,88
706,222,75,88
705,223,76,88
704,224,77,88
703,225,78,88
702,226,79,88
701,227,80,88
700,228,81,88
699,229,82,88
698,230,83,88
697,231,84,88
698,234,83,86
698,234,83,86
698,234,83,86
698,234,83,86
698,234,83,86
698,234,83,86
698,234,83,86
698,234,83,86
698,234,83,86
698,234,83,86
698,234,83,86
698,234,83,86
698,234,83,86
698,234,83,86
698,234,83,86
695,234,84,81
695,234,84,81
695,234,84,81
695,234,84,81
695,234,84,81
695,234,84,81
695,234,84,81
695,234,84,81
695,234,84,81
695,234,84,81
695,234,84,81
695,234,84,81
695,234,84,81
695,234,84,81
695,234,84,81
693,230,86,86
693,230,86,86
693,230,86,86
693,230,86,86
693,230,86,86
693,230,86,86
693,230,86,86
693,230,86,86
693,230,86,86
693,230,86,86
693,230,86,86
693,230,86,86
693,230,86,86
693,230,86,86
693,230,86,86
695,234,81,87
694,233,81,87
693,232,81,87
692,231,81,87
691,230,81,87
690,229,81,87
689,228,81,87
688,227,81,87
687,226,81,87
686,225,81,87
685,224,81,87
684,223,81,87
683,222,81,87
682,221,81,87
681,220,81,87
686,219,75,93
686,218,75,94
686,217,75,95
686,216,75,96
686,215,75,97
686,214,75,98
686,213,75,99
686,212,75,100
686,211,75,101
686,210,75,102
686,209,75,103
686,208,75,104
686,207,75,105
686,206,75,106
686,205,75,107
684,207,69,113
684,206,68,114
684,205,67,115
684,204,66,116
684,203,65,117
684,202,64,118
684,201,63,119
684,200,62,120
684,199,61,121
684,198,60,122
684,197,59,123
684,196,58,124
684,195,57,125
684,194,56,126
684,193,55,127
677,199,58,124
