1259,143,128,145
1259,143,128,145
1259,143,128,145
1259,143,128,145
1259,143,128,145
1259,143,128,145
1259,143,128,145
1259,143,128,145
1259,143,128,145
1259,143,128,145
1259,143,128,145
1259,143,128,145
1259,143,128,145
1259,143,128,145
1259,143,128,145
1259,140,128,148
1259,139,127,149
1259,138,126,150
1259,137,125,151
1259,136,124,152
1259,135,123,153
1259,134,122,154
1259,133,121,155
1259,132,120,156
1259,131,119,157
1259,130,118,158
1259,129,117,159
1259,128,116,160
1259,127,115,161
1259,126,114,162
1259,127,107,158
1258,125,105,160
1257,123,103,162
1256,121,101,164
1255,119,99,166
1254,117,97,168
1253,115,95,170
1252,113,93,172
1251,111,91,174
1250,109,89,176
1249,107,87,178
1248,105,85,180
1247,103,83,182
1246,101,81,184
1245,99,79,186
1240,94,78,193
1236,94,79,193
1232,94,80,193
1228,94,81,193
1224,94,82,193
1220,94,83,193
1216,94,84,193
1212,94,85,193
1208,94,86,193
1204,94,87,193
1200,94,88,193
1196,94,89,193
1192,94,90,193
1188,94,91,193
1184,94,92,193
1180,87,99,200
1175,87,100,200
1170,87,101,200
1165,87,102,200
1160,87,103,200
1155,87,104,200
1150,87,105,200
1145,87,106,200
1140,87,107,200
1135,87,108,200
1130,87,109,200
1125,87,110,200
1120,87,111,200
1115,87,112,200
1110,87,113,200
1100,85,107,197
1095,85,107,197
1090,85,107,197
1085,85,107,197
1080,85,107,197
1075,85,107,197
1070,85,107,197
1065,85,107,197
1060,85,107,197
1055,85,107,197
1050,85,107,197
1045,85,107,197
1040,85,107,197
1035,85,107,197
1030,85,107,197
1021,85,111,197
1016,85,111,197
1011,85,111,197
1006,85,111,197
1001,85,111,197
996,85,111,197
991,85,111,197
986,85,111,197
981,85,111,197
976,85,111,197
971,85,111,197
966,85,111,197
961,85,111,197
956,85,111,197
951,85,111,197
946,79,110,203
941,79,109,203
936,79,108,203
931,79,107,203
926,79,106,203
921,79,105,203
916,79,104,203
911,79,103,203
906,79,102,203
901,79,101,203
896,79,100,203
891,79,99,203
886,79,98,203
881,79,97,203
876,79,96,203
869,75,102,207
865,75,101,206
861,75,100,205
857,75,99,204
853,75,98,203
849,75,97,202
845,75,96,201
841,75,95,200
837,75,94,199
833,75,93,198
829,75,92,197
825,75,91,196
821,75,90,195
817,75,89,194
813,75,88,193
807,76,90,195
804,76,89,195
801,76,88,195
798,76,87,195
795,76,86,195
792,76,85,195
789,76,84,195
786,76,83,195
783,76,82,195
780,76,81,195
777,76,80,195
774,76,79,195
771,76,78,195
768,76,77,195
765,76,76,195
763,69,78,198
760,69,78,197
757,69,78,196
754,69,78,195
751,69,78,194
748,69,78,193
745,69,78,192
742,69,78,191
739,69,78,190
736,69,78,189
733,69,78,188
730,69,78,187
727,69,78,186
724,69,78,185
721,69,78,184
718,75,78,186
717,76,78,184
716,77,78,182
715,78,78,180
714,79,78,178
713,80,78,176
712,81,78,174
711,82,78,172
710,83,78,170
709,84,78,168
708,85,78,166
707,86,78,164
706,87,78,162
705,88,78,160
704,89,78,158
696,97,73,156
696,98,73,155
696,99,73,154
696,100,73,153
696,101,73,152
696,102,73,151
696,103,73,150
696,104,73,149
696,105,73,148
696,106,73,147
696,107,73,146
696,108,73,145
696,109,73,144
696,110,73,143
696,111,73,142
693,105,76,148
693,105,76,148
693,105,76,148
693,105,76,148
693,105,76,148
693,105,76,148
693,105,76,148
693,105,76,148
693,105,76,148
693,105,76,148
693,105,76,148
693,105,76,148
693,105,76,148
693,105,76,148
693,105,76,148
691,99,80,153
691,97,80,154
691,95,80,155
691,93,80,156
691,91,80,157
691,89,80,158
691,87,80,159
691,85,80,160
691,83,80,161
691,81,80,162
691,79,80,163
691,77,80,164
691,75,80,165
691,73,80,166
691,71,80,167
698,76,73,171
697,76,75,171
696,76,77,171
695,76,79,171
694,76,81,171
693,76,83,171
692,76,85,171
691,76,87,171
690,76,89,171
689,76,91,171
688,76,93,171
687,76,95,171
686,76,97,171
685,76,99,171
684,76,101,171
682,79,107,171
682,80,108,170
682,81,109,169
682,82,110,168
682,83,111,167
682,84,112,166
682,85,113,165
682,86,114,164
682,87,115,163
682,88,116,162
682,89,117,161
682,90,118,160
682,91,119,159
682,92,120,158
682,93,121,157
675,91,121,150
675,91,120,150
675,91,119,150
675,91,118,150
675,91,117,150
675,91,116,150
675,91,115,150
675,91,114,150
675,91,113,150
675,91,112,150
675,91,111,150
675,91,110,150
675,91,109,150
675,91,108,150
675,91,107,150
674,84,103,157
674,83,102,158
674,82,101,159
674,81,100,160
674,80,99,161
674,79,98,162
674,78,97,163
674,77,96,164
674,76,95,165
674,75,94,166
674,74,93,167
674,73,92,168
674,72,91,169
674,71,90,170
674,70,89,171
667,76,81,165
666,76,81,165
665,76,81,165
664,76,81,165
663,76,81,165
662,76,81,165
661,76,81,165
660,76,81,165
659,76,81,165
658,76,81,165
657,76,81,165
656,76,81,165
655,76,81,165
654,76,81,165
653,76,81,165
645,79,79,161
644,79,79,161
643,79,79,161
642,79,79,161
641,79,79,161
640,79,79,161
639,79,79,161
638,79,79,161
637,79,79,161
636,79,79,161
635,79,79,161
634,79,79,161
633,79,79,161
632,79,79,161
631,79,79,161
628,72,74,163
626,73,74,162
624,74,74,161
622,75,74,160
620,76,74,159
618,77,74,158
616,78,74,157
614,79,74,156
612,80,74,155
610,81,74,154
608,82,74,153
606,83,74,152
604,84,74,151
602,85,74,150
600,86,74,149
600,94,80,144
599,95,81,143
598,96,82,142
597,97,83,141
596,98,84,140
595,99,85,139
594,100,86,138
593,101,87,137
592,102,88,136
591,103,89,135
590,104,90,134
589,105,91,133
588,106,92,132
587,107,93,131
586,108,94,130
580,114,102,127
580,114,102,127
580,114,102,127
580,114,102,127
580,114,102,127
580,114,102,127
580,114,102,127
580,114,102,127
580,114,102,127
580,114,102,127
580,114,102,127
580,114,102,127
580,114,102,127
580,114,102,127
580,114,102,127
583,109,102,131
583,109,102,131
583,109,102,131
583,109,102,131
583,109,102,131
583,109,102,131
583,109,102,131
583,109,102,131
583,109,102,131
583,109,102,131
583,109,102,131
583,109,102,131
583,109,102,131
583,109,102,131
583,109,102,131
586,109,96,129
585,109,97,129
584,109,98,129
583,109,99,129
582,109,100,129
581,109,101,129
580,109,102,129
579,109,103,129
578,109,104,129
577,109,105,129
576,109,106,129
575,109,107,129
574,109,108,129
573,109,109,129
572,109,110,129
576,109,112,132
576,108,109,133
576,107,106,134
576,106,103,135
576,105,100,136
576,104,97,137
576,103,94,138
576,102,91,139
576,101,88,140
576,100,85,141
576,99,82,142
576,98,79,143
576,97,76,144
576,96,73,145
576,95,70,146
571,88,73,150
570,87,74,151
569,86,75,152
568,85,76,153
567,84,77,154
566,83,78,155
565,82,79,156
564,81,80,157
563,80,81,158
562,79,82,159
561,78,83,160
560,77,84,161
559,76,85,162
558,75,86,163
557,74,87,164
559,67,85,170
556,67,86,170
553,67,87,170
550,67,88,170
547,67,89,170
544,67,90,170
541,67,91,170
538,67,92,170
535,67,93,170
532,67,94,170
529,67,95,170
526,67,96,170
523,67,97,170
520,67,98,170
517,67,99,170
521,64,102,171
518,64,99,171
515,64,96,171
512,64,93,171
509,64,90,171
506,64,87,171
503,64,84,171
500,64,81,171
497,64,78,171
494,64,75,171
491,64,72,171
488,64,69,171
485,64,66,171
482,64,63,171
479,64,60,171
480,63,58,178
