1217,212,116,116
1217,212,116,116
1217,212,116,116
1217,212,116,116
1217,212,116,116
1217,212,116,116
1217,212,116,116
1217,212,116,116
1217,212,116,116
1217,212,116,116
1217,212,116,116
1217,212,116,116
1217,212,116,116
1217,212,116,116
1217,212,116,116
1213,212,115,112
1213,211,113,114
1213,210,111,116
1213,209,109,118
1213,208,107,120
1213,207,105,122
1213,206,103,124
1213,205,101,126
1213,204,99,128
1213,203,97,130
1213,202,95,132
1213,201,93,134
1213,200,91,136
1213,199,89,138
1213,198,87,140
1210,190,81,139
1208,189,80,140
1206,188,79,141
1204,187,78,142
1202,186,77,143
1200,185,76,144
1198,184,75,145
1196,183,74,146
1194,182,73,147
1192,181,72,148
1190,180,71,149
1188,179,70,150
1186,178,69,151
1184,177,68,152
1182,176,67,153
1178,178,72,159
1175,178,71,159
1172,178,70,159
1169,178,69,159
1166,178,68,159
1163,178,67,159
1160,178,66,159
1157,178,65,159
1154,178,64,159
1151,178,63,159
1148,178,62,159
1145,178,61,159
1142,178,60,159
1139,178,59,159
1136,178,58,159
1135,176,53,166
1131,176,54,166
1127,176,55,166
1123,176,56,166
1119,176,57,166
1115,176,58,166
1111,176,59,166
1107,176,60,166
1103,176,61,166
1099,176,62,166
1095,176,63,166
1091,176,64,166
1087,176,65,166
1083,176,66,166
1079,176,67,166
1080,183,67,165
1076,183,68,165
1072,183,69,165
1068,183,70,165
1064,183,71,165
1060,183,72,165
1056,183,73,165
1052,183,74,165
1048,183,75,165
1044,183,76,165
1040,183,77,165
1036,183,78,165
1032,183,79,165
1028,183,80,165
1024,183,81,165
1022,189,77,165
1017,189,77,165
1012,189,77,165
1007,189,77,165
1002,189,77,165
997,189,77,165
992,189,77,165
987,189,77,165
982,189,77,165
977,189,77,165
972,189,77,165
967,189,77,165
962,189,77,165
957,189,77,165
952,189,77,165
954,194,79,169
950,194,79,169
946,194,79,169
942,194,79,169
938,194,79,169
934,194,79,169
930,194,79,169
926,194,79,169
922,194,79,169
918,194,79,169
914,194,79,169
910,194,79,169
906,194,79,169
902,194,79,169
898,194,79,169
889,198,84,167
886,198,83,167
883,198,82,167
880,198,81,167
877,198,80,167
874,198,79,167
871,198,78,167
868,198,77,167
865,198,76,167
862,198,75,167
859,198,74,167
856,198,73,167
853,198,72,167
850,198,71,167
847,198,70,167
844,201,74,164
841,202,73,163
838,203,72,162
835,204,71,161
832,205,70,160
829,206,69,159
826,207,68,158
823,208,67,157
820,209,66,156
817,210,65,155
814,211,64,154
811,212,63,153
808,213,62,152
805,214,61,151
802,215,60,150
802,209,66,151
800,210,66,150
798,211,66,149
796,212,66,148
794,213,66,147
792,214,66,146
790,215,66,145
788,216,66,144
786,217,66,143
784,218,66,142
782,219,66,141
780,220,66,140
778,221,66,139
776,222,66,138
774,223,66,137
777,219,59,141
777,220,59,140
777,221,59,139
777,222,59,138
777,223,59,137
777,224,59,136
777,225,59,135
777,226,59,134
777,227,59,133
777,228,59,132
777,229,59,131
777,230,59,130
777,231,59,129
777,232,59,128
777,233,59,127
770,234,65,125
770,234,65,124
770,234,65,123
770,234,65,122
770,234,65,121
770,234,65,120
770,234,65,119
770,234,65,118
770,234,65,117
770,234,65,116
770,234,65,115
770,234,65,114
770,234,65,113
770,234,65,112
770,234,65,111
768,239,61,115
768,238,61,116
768,237,61,117
768,236,61,118
768,235,61,119
768,234,61,120
768,233,61,121
768,232,61,122
768,231,61,123
768,230,61,124
768,229,61,125
768,228,61,126
768,227,61,127
768,226,61,128
768,225,61,129
771,225,56,123
771,224,57,124
771,223,58,125
771,222,59,126
771,221,60,127
771,220,61,128
771,219,62,129
771,218,63,130
771,217,64,131
771,216,65,132
771,215,66,133
771,214,67,134
771,213,68,135
771,212,69,136
771,211,70,137
771,212,69,137
770,213,71,136
769,214,73,135
768,215,75,134
767,216,77,133
766,217,79,132
765,218,81,131
764,219,83,130
763,220,85,129
762,221,87,128
761,222,89,127
760,223,91,126
759,224,93,125
758,225,95,124
757,226,97,123
757,223,99,120
757,223,98,120
757,223,97,120
757,223,96,120
757,223,95,120
757,223,94,120
757,223,93,120
757,223,92,120
757,223,91,120
757,223,90,120
757,223,89,120
757,223,88,120
757,223,87,120
757,223,86,120
757,223,85,120
761,223,84,122
761,222,83,123
761,221,82,124
761,220,81,125
761,219,80,126
761,218,79,127
761,217,78,128
761,216,77,129
761,215,76,130
761,214,75,131
761,213,74,132
761,212,73,133
761,211,72,134
761,210,71,135
761,209,70,136
755,215,74,131
754,215,73,131
753,215,72,131
752,215,71,131
751,215,70,131
750,215,69,131
749,215,68,131
748,215,67,131
747,215,66,131
746,215,65,131
745,215,64,131
744,215,63,131
743,215,62,131
742,215,61,131
741,215,60,131
745,219,66,132
743,219,66,132
741,219,66,132
739,219,66,132
737,219,66,132
735,219,66,132
733,219,66,132
731,219,66,132
729,219,66,132
727,219,66,132
725,219,66,132
723,219,66,132
721,219,66,132
719,219,66,132
717,219,66,132
722,219,68,132
721,219,68,132
720,219,68,132
719,219,68,132
718,219,68,132
717,219,68,132
716,219,68,132
715,219,68,132
714,219,68,132
713,219,68,132
712,219,68,132
711,219,68,132
710,219,68,132
709,219,68,132
708,219,68,132
704,223,65,126
702,225,67,125
700,227,69,124
698,229,71,123
696,231,73,122
694,233,75,121
692,235,77,120
690,237,79,119
688,239,81,118
686,241,83,117
684,243,85,116
682,245,87,115
680,247,89,114
678,249,91,113
676,251,93,112
679,250,88,104
679,250,88,104
679,250,88,104
679,250,88,104
679,250,88,104
679,250,88,104
679,250,88,104
679,250,88,104
679,250,88,104
679,250,88,104
679,250,88,104
679,250,88,104
679,250,88,104
679,250,88,104
679,250,88,104
683,248,89,101
683,248,89,101
683,248,89,101
683,248,89,101
683,248,89,101
683,248,89,101
683,248,89,101
683,248,89,101
683,248,89,101
683,248,89,101
683,248,89,101
683,248,89,101
683,248,89,101
683,248,89,101
683,248,89,101
683,251,91,103
683,251,91,103
683,251,91,103
683,251,91,103
683,251,91,103
683,251,91,103
683,251,91,103
683,251,91,103
683,251,91,103
683,251,91,103
683,251,91,103
683,251,91,103
683,251,91,103
683,251,91,103
683,251,91,103
683,250,91,101
682,250,92,101
681,250,93,101
680,250,94,101
679,250,95,101
678,250,96,101
677,250,97,101
676,250,98,101
675,250,99,101
674,250,100,101
673,250,101,101
672,250,102,101
671,250,103,101
670,250,104,101
669,250,105,101
670,250,99,101
670,248,96,103
670,246,93,105
670,244,90,107
670,242,87,109
670,240,84,111
670,238,81,113
670,236,78,115
670,234,75,117
670,232,72,119
670,230,69,121
670,228,66,123
670,226,63,125
670,224,60,127
670,222,57,129
674,225,61,124
673,224,62,125
672,223,63,126
671,222,64,127
670,221,65,128
669,220,66,129
668,219,67,130
667,218,68,131
666,217,69,132
665,216,70,133
664,215,71,134
663,214,72,135
662,213,73,136
661,212,74,137
660,211,75,138
663,217,72,132
660,217,74,133
657,217,76,134
654,217,78,135
651,217,80,136
648,217,82,137
645,217,84,138
642,217,86,139
639,217,88,140
636,217,90,141
633,217,92,142
630,217,94,143
627,217,96,144
624,217,98,145
621,217,100,146
621,219,96,141
617,220,95,141
613,221,94,141
609,222,93,141
605,223,92,141
601,224,91,141
597,225,90,141
593,226,89,141
589,227,88,141
585,228,87,141
581,229,86,141
577,230,85,141
573,231,84,141
569,232,83,141
565,233,82,141
560,228,88,140
