1476,282,62,68
1474,281,62,69
1472,280,62,70
1470,279,62,71
1468,278,62,72
1466,277,62,73
1464,276,62,74
1462,275,62,75
1460,274,62,76
1458,273,62,77
1456,272,62,78
1454,271,62,79
1452,270,62,80
1450,269,62,81
1448,268,62,82
1450,261,58,89
1448,262,58,87
1446,263,58,85
1444,264,58,83
1442,265,58,81
1440,266,58,79
1438,267,58,77
1436,268,58,75
1434,269,58,73
1432,270,58,71
1430,271,58,69
1428,272,58,67
1426,273,58,65
1424,274,58,63
1422,275,58,61
1422,279,55,66
1422,276,54,69
1422,273,53,72
1422,270,52,75
1422,267,51,78
1422,264,50,81
1422,261,49,84
1422,258,48,87
1422,255,47,90
1422,252,46,93
1422,249,45,96
1422,246,44,99
1422,243,43,102
1422,240,42,105
1422,237,41,108
1417,239,40,109
1415,238,40,110
1413,237,40,111
1411,236,40,112
1409,235,40,113
1407,234,40,114
1405,233,40,115
1403,232,40,116
1401,231,40,117
1399,230,40,118
1397,229,40,119
1395,228,40,120
1393,227,40,121
1391,226,40,122
1389,225,40,123
1380,227,43,121
1377,227,45,121
1374,227,47,121
1371,227,49,121
1368,227,51,121
1365,227,53,121
1362,227,55,121
1359,227,57,121
1356,227,59,121
1353,227,61,121
1350,227,63,121
1347,227,65,121
1344,227,67,121
1341,227,69,121
1338,227,71,121
1336,232,75,120
1335,233,73,119
1334,234,71,118
1333,235,69,117
1332,236,67,116
1331,237,65,115
1330,238,63,114
1329,239,61,113
1328,240,59,112
1327,241,57,111
1326,242,55,110
1325,243,53,109
1324,244,51,108
1323,245,49,107
1322,246,47,106
1325,242,51,110
1321,244,54,107
1317,246,57,104
1313,248,60,101
1309,250,63,98
1305,252,66,95
1301,254,69,92
1297,256,72,89
1293,258,75,86
1289,260,78,83
1285,262,81,80
1281,264,84,77
1277,266,87,74
1273,268,90,71
1269,270,93,68
1264,273,99,72
1263,273,98,72
1262,273,97,72
1261,273,96,72
1260,273,95,72
1259,273,94,72
1258,273,93,72
1257,273,92,72
1256,273,91,72
1255,273,90,72
1254,273,89,72
1253,273,88,72
1252,273,87,72
1251,273,86,72
1250,273,85,72
1253,274,86,74
1251,272,84,76
1249,270,82,78
1247,268,80,80
1245,266,78,82
1243,264,76,84
1241,262,74,86
1239,260,72,88
1237,258,70,90
1235,256,68,92
1233,254,66,94
1231,252,64,96
1229,250,62,98
1227,248,60,100
1225,246,58,102
1218,242,58,106
1214,242,58,107
1210,242,58,108
1206,242,58,109
1202,242,58,110
1198,242,58,111
1194,242,58,112
1190,242,58,113
1186,242,58,114
1182,242,58,115
1178,242,58,116
1174,242,58,117
1170,242,58,118
1166,242,58,119
1162,242,58,120
1156,235,59,115
1151,234,59,115
1146,233,59,115
1141,232,59,115
1136,231,59,115
1131,230,59,115
1126,229,59,115
1121,228,59,115
1116,227,59,115
1111,226,59,115
1106,225,59,115
1101,224,59,115
1096,223,59,115
1091,222,59,115
1086,221,59,115
1087,225,64,120
1083,225,63,120
1079,225,62,120
1075,225,61,120
1071,225,60,120
1067,225,59,120
1063,225,58,120
1059,225,57,120
1055,225,56,120
1051,225,55,120
1047,225,54,120
1043,225,53,120
1039,225,52,120
1035,225,51,120
1031,225,50,120
1029,227,56,118
1026,231,56,115
1023,235,56,112
1020,239,56,109
1017,243,56,106
1014,247,56,103
1011,251,56,100
1008,255,56,97
1005,259,56,94
1002,263,56,91
999,267,56,88
996,271,56,85
993,275,56,82
990,279,56,79
987,283,56,76
986,284,56,69
985,283,56,70
984,282,56,71
983,281,56,72
982,280,56,73
981,279,56,74
980,278,56,75
979,277,56,76
978,276,56,77
977,275,56,78
976,274,56,79
975,273,56,80
974,272,56,81
973,271,56,82
972,270,56,83
973,265,60,88
972,263,60,89
971,261,60,90
970,259,60,91
969,257,60,92
968,255,60,93
967,253,60,94
966,251,60,95
965,249,60,96
964,247,60,97
963,245,60,98
962,243,60,99
961,241,60,100
960,239,60,101
959,237,60,102
962,240,62,107
959,240,62,108
956,240,62,109
953,240,62,110
950,240,62,111
947,240,62,112
944,240,62,113
941,240,62,114
938,240,62,115
935,240,62,116
932,240,62,117
929,240,62,118
926,240,62,119
923,240,62,120
920,240,62,121
924,234,60,127
920,235,61,126
916,236,62,125
912,237,63,124
908,238,64,123
904,239,65,122
900,240,66,121
896,241,67,120
892,242,68,119
888,243,69,118
884,244,70,117
880,245,71,116
876,246,72,115
872,247,73,114
868,248,74,113
870,243,73,117
868,243,73,117
866,243,73,117
864,243,73,117
862,243,73,117
860,243,73,117
858,243,73,117
856,243,73,117
854,243,73,117
852,243,73,117
850,243,73,117
848,243,73,117
846,243,73,117
844,243,73,117
842,243,73,117
837,245,66,123
836,245,66,122
835,245,66,121
834,245,66,120
833,245,66,119
832,245,66,118
831,245,66,117
830,245,66,116
829,245,66,115
828,245,66,114
827,245,66,113
826,245,66,112
825,245,66,111
824,245,66,110
823,245,66,109
826,245,64,115
826,247,63,113
826,249,62,111
826,251,61,109
826,253,60,107
826,255,59,105
826,257,58,103
826,259,57,101
826,261,56,99
826,263,55,97
826,265,54,95
826,267,53,93
826,269,52,91
826,271,51,89
826,273,50,87
826,271,54,87
825,271,55,86
824,271,56,85
823,271,57,84
822,271,58,83
821,271,59,82
820,271,60,81
819,271,61,80
818,271,62,79
817,271,63,78
816,271,64,77
815,271,65,76
814,271,66,75
813,271,67,74
812,271,68,73
811,273,62,77
810,271,62,80
809,269,62,83
808,267,62,86
807,265,62,89
806,263,62,92
805,261,62,95
804,259,62,98
803,257,62,101
802,255,62,104
801,253,62,107
800,251,62,110
799,249,62,113
798,247,62,116
797,245,62,119
798,248,64,122
796,248,64,121
794,248,64,120
792,248,64,119
790,248,64,118
788,248,64,117
786,248,64,116
784,248,64,115
782,248,64,114
780,248,64,113
778,248,64,112
776,248,64,111
774,248,64,110
772,248,64,109
770,248,64,108
771,247,67,111
