1337,70,91,88
1336,68,90,89
1335,66,89,90
1334,64,88,91
1333,62,87,92
1332,60,86,93
1331,58,85,94
1330,56,84,95
1329,54,83,96
1328,52,82,97
1327,50,81,98
1326,48,80,99
1325,46,79,100
1324,44,78,101
1323,42,77,102
1325,47,81,103
1324,46,80,105
1323,45,79,107
1322,44,78,109
1321,43,77,111
1320,42,76,113
1319,41,75,115
1318,40,74,117
1317,39,73,119
1316,38,72,121
1315,37,71,123
1314,36,70,125
1313,35,69,127
1312,34,68,129
1311,33,67,131
1314,32,62,128
1311,31,63,128
1308,30,64,128
1305,29,65,128
1302,28,66,128
1299,27,67,128
1296,26,68,128
1293,25,69,128
1290,24,70,128
1287,23,71,128
1284,22,72,128
1281,21,73,128
1278,20,74,128
1275,19,75,128
1272,18,76,128
1272,24,75,131
1270,24,75,132
1268,24,75,133
1266,24,75,134
1264,24,75,135
1262,24,75,136
1260,24,75,137
1258,24,75,138
1256,24,75,139
1254,24,75,140
1252,24,75,141
1250,24,75,142
1248,24,75,143
1246,24,75,144
1244,24,75,145
1235,18,79,142
1234,18,78,142
1233,18,77,142
1232,18,76,142
1231,18,75,142
1230,18,74,142
1229,18,73,142
1228,18,72,142
1227,18,71,142
1226,18,70,142
1225,18,69,142
1224,18,68,142
1223,18,67,142
1222,18,66,142
1221,18,65,142
1222,19,70,135
1220,19,71,135
1218,19,72,135
1216,19,73,135
1214,19,74,135
1212,19,75,135
1210,19,76,135
1208,19,77,135
1206,19,78,135
1204,19,79,135
1202,19,80,135
1200,19,81,135
1198,19,82,135
1196,19,83,135
1194,19,84,135
1193,26,78,132
1189,27,81,131
1185,28,84,130
1181,29,87,129
1177,30,90,128
1173,31,93,127
1169,32,96,126
1165,33,99,125
1161,34,102,124
1157,35,105,123
1153,36,108,122
1149,37,111,121
1145,38,114,120
1141,39,117,119
1137,40,120,118
1138,36,122,119
1138,36,121,119
1138,36,120,119
1138,36,119,119
1138,36,118,119
1138,36,117,119
1138,36,116,119
1138,36,115,119
1138,36,114,119
1138,36,113,119
1138,36,112,119
1138,36,111,119
1138,36,110,119
1138,36,109,119
1138,36,108,119
1138,39,102,116
1135,38,101,117
1132,37,100,118
1129,36,99,119
1126,35,98,120
1123,34,97,121
1120,33,96,122
1117,32,95,123
1114,31,94,124
1111,30,93,125
1108,29,92,126
1105,28,91,127
1102,27,90,128
1099,26,89,129
1096,25,88,130
1086,24,90,126
1083,23,90,127
1080,22,90,128
1077,21,90,129
1074,20,90,130
1071,19,90,131
1068,18,90,132
1065,17,90,133
1062,16,90,134
1059,15,90,135
1056,14,90,136
1053,13,90,137
1050,12,90,138
1047,11,90,139
1044,10,90,140
1048,8,87,147
1045,8,87,147
1042,8,87,147
1039,8,87,147
1036,8,87,147
1033,8,87,147
1030,8,87,147
1027,8,87,147
1024,8,87,147
1021,8,87,147
1018,8,87,147
1015,8,87,147
1012,8,87,147
1009,8,87,147
1006,8,87,147
998,9,86,153
994,9,86,152
990,9,86,151
986,9,86,150
982,9,86,149
978,9,86,148
974,9,86,147
970,9,86,146
966,9,86,145
962,9,86,144
958,9,86,143
954,9,86,142
950,9,86,141
946,9,86,140
942,9,86,139
936,11,85,141
933,11,85,142
930,11,85,143
927,11,85,144
924,11,85,145
921,11,85,146
918,11,85,147
915,11,85,148
912,11,85,149
909,11,85,150
906,11,85,151
903,11,85,152
900,11,85,153
897,11,85,154
894,11,85,155
891,8,81,154
888,8,81,153
885,8,81,152
882,8,81,151
879,8,81,150
876,8,81,149
873,8,81,148
870,8,81,147
867,8,81,146
864,8,81,145
861,8,81,144
858,8,81,143
855,8,81,142
852,8,81,141
849,8,81,140
851,14,84,144
850,14,84,144
849,14,84,144
848,14,84,144
847,14,84,144
846,14,84,144
845,14,84,144
844,14,84,144
843,14,84,144
842,14,84,144
841,14,84,144
840,14,84,144
839,14,84,144
838,14,84,144
837,14,84,144
838,14,89,149
838,14,89,149
838,14,89,149
838,14,89,149
838,14,89,149
838,14,89,149
838,14,89,149
838,14,89,149
838,14,89,149
838,14,89,149
838,14,89,149
838,14,89,149
838,14,89,149
838,14,89,149
838,14,89,149
834,14,82,153
833,14,82,152
832,14,82,151
831,14,82,150
830,14,82,149
829,14,82,148
828,14,82,147
827,14,82,146
826,14,82,145
825,14,82,144
824,14,82,143
823,14,82,142
822,14,82,141
821,14,82,140
820,14,82,139
816,13,82,142
813,13,82,142
810,13,82,142
807,13,82,142
804,13,82,142
801,13,82,142
798,13,82,142
795,13,82,142
792,13,82,142
789,13,82,142
786,13,82,142
783,13,82,142
780,13,82,142
777,13,82,142
774,13,82,142
777,13,82,147
775,13,82,146
773,13,82,145
771,13,82,144
769,13,82,143
767,13,82,142
765,13,82,141
763,13,82,140
761,13,82,139
759,13,82,138
757,13,82,137
755,13,82,136
753,13,82,135
751,13,82,134
749,13,82,133
742,14,84,136
739,14,85,136
736,14,86,136
733,14,87,136
730,14,88,136
727,14,89,136
724,14,90,136
721,14,91,136
718,14,92,136
715,14,93,136
712,14,94,136
709,14,95,136
706,14,96,136
703,14,97,136
700,14,98,136
693,21,104,129
691,21,103,129
689,21,102,129
687,21,101,129
685,21,100,129
683,21,99,129
681,21,98,129
679,21,97,129
677,21,96,129
675,21,95,129
673,21,94,129
671,21,93,129
669,21,92,129
667,21,91,129
665,21,90,129
660,21,93,128
661,21,92,127
662,21,91,126
663,21,90,125
664,21,89,124
665,21,88,123
666,21,87,122
667,21,86,121
668,21,85,120
669,21,84,119
670,21,83,118
671,21,82,117
672,21,81,116
673,21,80,115
674,21,79,114
671,26,85,114
670,26,85,115
669,26,85,116
668,26,85,117
667,26,85,118
666,26,85,119
665,26,85,120
664,26,85,121
663,26,85,122
662,26,85,123
661,26,85,124
660,26,85,125
659,26,85,126
658,26,85,127
657,26,85,128
663,31,92,124
664,31,92,123
665,31,92,122
666,31,92,121
667,31,92,120
668,31,92,119
669,31,92,118
670,31,92,117
671,31,92,116
672,31,92,115
673,31,92,114
674,31,92,113
675,31,92,112
676,31,92,111
677,31,92,110
671,34,87,116
671,34,86,116
671,34,85,116
671,34,84,116
671,34,83,116
671,34,82,116
671,34,81,116
671,34,80,116
671,34,79,116
671,34,78,116
671,34,77,116
671,34,76,116
671,34,75,116
671,34,74,116
671,34,73,116
678,27,77,122
676,27,78,122
674,27,79,122
672,27,80,122
670,27,81,122
668,27,82,122
666,27,83,122
664,27,84,122
662,27,85,122
660,27,86,122
658,27,87,122
656,27,88,122
654,27,89,122
652,27,90,122
650,27,91,122
654,31,99,121
652,30,98,121
650,29,97,121
648,28,96,121
646,27,95,121
644,26,94,121
642,25,93,121
640,24,92,121
638,23,91,121
636,22,90,121
634,21,89,121
632,20,88,121
630,19,87,121
628,18,86,121
626,17,85,121
625,23,85,122
623,23,85,123
621,23,85,124
619,23,85,125
617,23,85,126
615,23,85,127
613,23,85,128
611,23,85,129
609,23,85,130
607,23,85,131
605,23,85,132
603,23,85,133
601,23,85,134
599,23,85,135
597,23,85,136
601,29,84,131
598,29,84,132
595,29,84,133
592,29,84,134
589,29,84,135
586,29,84,136
583,29,84,137
580,29,84,138
577,29,84,139
574,29,84,140
571,29,84,141
568,29,84,142
565,29,84,143
562,29,84,144
559,29,84,145
555,31,89,139
553,31,89,138
551,31,89,137
549,31,89,136
547,31,89,135
545,31,89,134
543,31,89,133
541,31,89,132
539,31,89,131
537,31,89,130
535,31,89,129
533,31,89,128
531,31,89,127
529,31,89,126
527,31,89,125
531,29,86,129
