1485,196,98,157
1484,197,98,156
1483,198,98,155
1482,199,98,154
1481,200,98,153
1480,201,98,152
1479,202,98,151
1478,203,98,150
1477,204,98,149
1476,205,98,148
1475,206,98,147
1474,207,98,146
1473,208,98,145
1472,209,98,144
1471,210,98,143
1471,208,105,141
1471,204,102,144
1471,200,99,147
1471,196,96,150
1471,192,93,153
1471,188,90,156
1471,184,87,159
1471,180,84,162
1471,176,81,165
1471,172,78,168
1471,168,75,171
1471,164,72,174
1471,160,69,177
1471,156,66,180
1471,152,63,183
1468,154,66,189
1466,154,66,188
1464,154,66,187
1462,154,66,186
1460,154,66,185
1458,154,66,184
1456,154,66,183
1454,154,66,182
1452,154,66,181
1450,154,66,180
1448,154,66,179
1446,154,66,178
1444,154,66,177
1442,154,66,176
1440,154,66,175
1435,154,61,178
1432,153,61,179
1429,152,61,180
1426,151,61,181
1423,150,61,182
1420,149,61,183
1417,148,61,184
1414,147,61,185
1411,146,61,186
1408,145,61,187
1405,144,61,188
1402,143,61,189
1399,142,61,190
1396,141,61,191
1393,140,61,192
1390,139,68,191
1387,139,70,190
1384,139,72,189
1381,139,74,188
1378,139,76,187
1375,139,78,186
1372,139,80,185
1369,139,82,184
1366,139,84,183
1363,139,86,182
1360,139,88,181
1357,139,90,180
1354,139,92,179
1351,139,94,178
1348,139,96,177
1340,144,94,183
1339,145,93,183
1338,146,92,183
1337,147,91,183
1336,148,90,183
1335,149,89,183
1334,150,88,183
1333,151,87,183
1332,152,86,183
1331,153,85,183
1330,154,84,183
1329,155,83,183
1328,156,82,183
1327,157,81,183
1326,158,80,183
1320,153,72,176
1315,154,77,175
1310,155,82,174
1305,156,87,173
1300,157,92,172
1295,158,97,171
1290,159,102,170
1285,160,107,169
1280,161,112,168
1275,162,117,167
1270,163,122,166
1265,164,127,165
1260,165,132,164
1255,166,137,163
1250,167,142,162
1244,171,143,155
1242,172,144,154
1240,173,145,153
1238,174,146,152
1236,175,147,151
1234,176,148,150
1232,177,149,149
1230,178,150,148
1228,179,151,147
1226,180,152,146
1224,181,153,145
1222,182,154,144
1220,183,155,143
1218,184,156,142
1216,185,157,141
1217,188,158,135
1216,184,155,138
1215,180,152,141
1214,176,149,144
1213,172,146,147
1212,168,143,150
1211,164,140,153
1210,160,137,156
1209,156,134,159
1208,152,131,162
1207,148,128,165
1206,144,125,168
1205,140,122,171
1204,136,119,174
1203,132,116,177
1203,135,106,186
1198,134,106,187
1193,133,106,188
1188,132,106,189
1183,131,106,190
1178,130,106,191
1173,129,106,192
1168,128,106,193
1163,127,106,194
1158,126,106,195
1153,125,106,196
1148,124,106,197
1143,123,106,198
1138,122,106,199
1133,121,106,200
1135,119,103,202
1130,119,103,202
1125,119,103,202
1120,119,103,202
1115,119,103,202
1110,119,103,202
1105,119,103,202
1100,119,103,202
1095,119,103,202
1090,119,103,202
1085,119,103,202
1080,119,103,202
1075,119,103,202
1070,119,103,202
1065,119,103,202
1054,124,101,197
1049,123,101,198
1044,122,101,199
1039,121,101,200
1034,120,101,201
1029,119,101,202
1024,118,101,203
1019,117,101,204
1014,116,101,205
1009,115,101,206
1004,114,101,207
999,113,101,208
994,112,101,209
989,111,101,210
984,110,101,211
979,107,104,217
975,108,102,216
971,109,100,215
967,110,98,214
963,111,96,213
959,112,94,212
955,113,92,211
951,114,90,210
947,115,88,209
943,116,86,208
939,117,84,207
935,118,82,206
931,119,80,205
927,120,78,204
923,121,76,203
924,121,81,199
920,123,82,197
916,125,83,195
912,127,84,193
908,129,85,191
904,131,86,189
900,133,87,187
896,135,88,185
892,137,89,183
888,139,90,181
884,141,91,179
880,143,92,177
876,145,93,175
872,147,94,173
868,149,95,171
867,156,98,162
867,158,97,160
867,160,96,158
867,162,95,156
867,164,94,154
867,166,93,152
867,168,92,150
867,170,91,148
867,172,90,146
867,174,89,144
867,176,88,142
867,178,87,140
867,180,86,138
867,182,85,136
867,184,84,134
862,185,77,138
861,183,77,140
860,181,77,142
859,179,77,144
858,177,77,146
857,175,77,148
856,173,77,150
855,171,77,152
854,169,77,154
853,167,77,156
852,165,77,158
851,163,77,160
850,161,77,162
849,159,77,164
848,157,77,166
848,150,84,167
847,148,83,168
846,146,82,169
845,144,81,170
844,142,80,171
843,140,79,172
842,138,78,173
841,136,77,174
840,134,76,175
839,132,75,176
838,130,74,177
837,128,73,178
836,126,72,179
835,124,71,180
834,122,70,181
834,118,70,188
829,118,72,189
824,118,74,190
819,118,76,191
814,118,78,192
809,118,80,193
804,118,82,194
799,118,84,195
794,118,86,196
789,118,88,197
784,118,90,198
779,118,92,199
774,118,94,200
769,118,96,201
764,118,98,202
766,112,100,203
764,111,98,203
762,110,96,203
760,109,94,203
758,108,92,203
756,107,90,203
754,106,88,203
752,105,86,203
750,104,84,203
748,103,82,203
746,102,80,203
744,101,78,203
742,100,76,203
740,99,74,203
738,98,72,203
739,96,77,199
735,96,78,200
731,96,79,201
727,96,80,202
723,96,81,203
719,96,82,204
715,96,83,205
711,96,84,206
707,96,85,207
703,96,86,208
699,96,87,209
695,96,88,210
691,96,89,211
687,96,90,212
683,96,91,213
682,93,85,207
680,94,85,206
678,95,85,205
676,96,85,204
674,97,85,203
672,98,85,202
670,99,85,201
668,100,85,200
666,101,85,199
664,102,85,198
662,103,85,197
660,104,85,196
658,105,85,195
656,106,85,194
654,107,85,193
649,104,87,191
649,106,87,190
649,108,87,189
649,110,87,188
649,112,87,187
649,114,87,186
649,116,87,185
649,118,87,184
649,120,87,183
649,122,87,182
649,124,87,181
649,126,87,180
649,128,87,179
649,130,87,178
649,132,87,177
644,128,92,169
644,130,92,167
644,132,92,165
644,134,92,163
644,136,92,161
644,138,92,159
644,140,92,157
644,142,92,155
644,144,92,153
644,146,92,151
644,148,92,149
644,150,92,147
644,152,92,145
644,154,92,143
644,156,92,141
647,156,93,141
646,155,93,141
645,154,93,141
644,153,93,141
643,152,93,141
642,151,93,141
641,150,93,141
640,149,93,141
639,148,93,141
638,147,93,141
637,146,93,141
636,145,93,141
635,144,93,141
634,143,93,141
633,142,93,141
638,147,95,148
636,145,96,149
634,143,97,150
632,141,98,151
630,139,99,152
628,137,100,153
626,135,101,154
624,133,102,155
622,131,103,156
620,129,104,157
618,127,105,158
616,125,106,159
614,123,107,160
612,121,108,161
610,119,109,162
614,115,105,169
614,114,104,170
614,113,103,171
614,112,102,172
614,111,101,173
614,110,100,174
614,109,99,175
614,108,98,176
614,107,97,177
614,106,96,178
614,105,95,179
614,104,94,180
614,103,93,181
614,102,92,182
614,101,91,183
616,101,91,190
612,101,92,191
608,101,93,192
604,101,94,193
600,101,95,194
596,101,96,195
592,101,97,196
588,101,98,197
584,101,99,198
580,101,100,199
576,101,101,200
572,101,102,201
568,101,103,202
564,101,104,203
560,101,105,204
559,102,108,202
558,102,106,202
557,102,104,202
556,102,102,202
555,102,100,202
554,102,98,202
553,102,96,202
552,102,94,202
551,102,92,202
550,102,90,202
549,102,88,202
548,102,86,202
547,102,84,202
546,102,82,202
545,102,80,202
540,107,82,207
