1353,368,75,90
1352,367,75,90
1351,366,75,90
1350,365,75,90
1349,364,75,90
1348,363,75,90
1347,362,75,90
1346,361,75,90
1345,360,75,90
1344,359,75,90
1343,358,75,90
1342,357,75,90
1341,356,75,90
1340,355,75,90
1339,354,75,90
1338,352,74,94
1336,352,73,94
1334,352,72,94
1332,352,71,94
1330,352,70,94
1328,352,69,94
1326,352,68,94
1324,352,67,94
1322,352,66,94
1320,352,65,94
1318,352,64,94
1316,352,63,94
1314,352,62,94
1312,352,61,94
1310,352,60,94
1315,353,66,88
1314,354,66,87
1313,355,66,86
1312,356,66,85
1311,357,66,84
1310,358,66,83
1309,359,66,82
1308,360,66,81
1307,361,66,80
1306,362,66,79
1305,363,66,78
1304,364,66,77
1303,365,66,76
1302,366,66,75
1301,367,66,74
1305,364,73,77
1305,362,72,79
1305,360,71,81
1305,358,70,83
1305,356,69,85
1305,354,68,87
1305,352,67,89
1305,350,66,91
1305,348,65,93
1305,346,64,95
1305,344,63,97
1305,342,62,99
1305,340,61,101
1305,338,60,103
1305,336,59,105
1300,338,56,103
1299,337,55,104
1298,336,54,105
1297,335,53,106
1296,334,52,107
1295,333,51,108
1294,332,50,109
1293,331,49,110
1292,330,48,111
1291,329,47,112
1290,328,46,113
1289,327,45,114
1288,326,44,115
1287,325,43,116
1286,324,42,117
1283,327,47,113
1281,326,47,114
1279,325,47,115
1277,324,47,116
1275,323,47,117
1273,322,47,118
1271,321,47,119
1269,320,47,120
1267,319,47,121
1265,318,47,122
1263,317,47,123
1261,316,47,124
1259,315,47,125
1257,314,47,126
1255,313,47,127
1254,312,54,128
1252,313,54,127
1250,314,54,126
1248,315,54,125
1246,316,54,124
1244,317,54,123
1242,318,54,122
1240,319,54,121
1238,320,54,120
1236,321,54,119
1234,322,54,118
1232,323,54,117
1230,324,54,116
1228,325,54,115
1226,326,54,114
1230,323,59,118
1229,323,58,118
1228,323,57,118
1227,323,56,118
1226,323,55,118
1225,323,54,118
1224,323,53,118
1223,323,52,118
1222,323,51,118
1221,323,50,118
1220,323,49,118
1219,323,48,118
1218,323,47,118
1217,323,46,118
1216,323,45,118
1220,329,49,117
1217,330,51,116
1214,331,53,115
1211,332,55,114
1208,333,57,113
1205,334,59,112
1202,335,61,111
1199,336,63,110
1196,337,65,109
1193,338,67,108
1190,339,69,107
1187,340,71,106
1184,341,73,105
1181,342,75,104
1178,343,77,103
1182,344,81,97
1180,345,82,96
1178,346,83,95
1176,347,84,94
1174,348,85,93
1172,349,86,92
1170,350,87,91
1168,351,88,90
1166,352,89,89
1164,353,90,88
1162,354,91,87
1160,355,92,86
1158,356,93,85
1156,357,94,84
1154,358,95,83
1155,362,98,82
1154,361,96,83
1153,360,94,84
1152,359,92,85
1151,358,90,86
1150,357,88,87
1149,356,86,88
1148,355,84,89
1147,354,82,90
1146,353,80,91
1145,352,78,92
1144,351,76,93
1143,350,74,94
1142,349,72,95
1141,348,70,96
1139,343,70,98
1137,341,69,100
1135,339,68,102
1133,337,67,104
1131,335,66,106
1129,333,65,108
1127,331,64,110
1125,329,63,112
1123,327,62,114
1121,325,61,116
1119,323,60,118
1117,321,59,120
1115,319,58,122
1113,317,57,124
1111,315,56,126
1115,311,56,130
1112,311,56,131
1109,311,56,132
1106,311,56,133
1103,311,56,134
1100,311,56,135
1097,311,56,136
1094,311,56,137
1091,311,56,138
1088,311,56,139
1085,311,56,140
1082,311,56,141
1079,311,56,142
1076,311,56,143
1073,311,56,144
1064,307,61,139
1062,307,61,139
1060,307,61,139
1058,307,61,139
1056,307,61,139
1054,307,61,139
1052,307,61,139
1050,307,61,139
1048,307,61,139
1046,307,61,139
1044,307,61,139
1042,307,61,139
1040,307,61,139
1038,307,61,139
1036,307,61,139
1031,306,61,141
1027,306,61,141
1023,306,61,141
1019,306,61,141
1015,306,61,141
1011,306,61,141
1007,306,61,141
1003,306,61,141
999,306,61,141
995,306,61,141
991,306,61,141
987,306,61,141
983,306,61,141
979,306,61,141
975,306,61,141
977,309,62,138
974,310,62,138
971,311,62,138
968,312,62,138
965,313,62,138
962,314,62,138
959,315,62,138
956,316,62,138
953,317,62,138
950,318,62,138
947,319,62,138
944,320,62,138
941,321,62,138
938,322,62,138
935,323,62,138
934,320,59,141
933,323,59,138
932,326,59,135
931,329,59,132
930,332,59,129
929,335,59,126
928,338,59,123
927,341,59,120
926,344,59,117
925,347,59,114
924,350,59,111
923,353,59,108
922,356,59,105
921,359,59,102
920,362,59,99
912,361,64,92
912,361,64,92
912,361,64,92
912,361,64,92
912,361,64,92
912,361,64,92
912,361,64,92
912,361,64,92
912,361,64,92
912,361,64,92
912,361,64,92
912,361,64,92
912,361,64,92
912,361,64,92
912,361,64,92
910,365,57,90
909,363,56,92
908,361,55,94
907,359,54,96
906,357,53,98
905,355,52,100
904,353,51,102
903,351,50,104
902,349,49,106
901,347,48,108
900,345,47,110
899,343,46,112
898,341,45,114
897,339,44,116
896,337,43,118
901,335,49,118
900,334,49,118
899,333,49,118
898,332,49,118
897,331,49,118
896,330,49,118
895,329,49,118
894,328,49,118
893,327,49,118
892,326,49,118
891,325,49,118
890,324,49,118
889,323,49,118
888,322,49,118
887,321,49,118
882,327,49,120
879,327,51,121
876,327,53,122
873,327,55,123
870,327,57,124
867,327,59,125
864,327,61,126
861,327,63,127
858,327,65,128
855,327,67,129
852,327,69,130
849,327,71,131
846,327,73,132
843,327,75,133
840,327,77,134
838,323,76,132
836,324,75,131
834,325,74,130
832,326,73,129
830,327,72,128
828,328,71,127
826,329,70,126
824,330,69,125
822,331,68,124
820,332,67,123
818,333,66,122
816,334,65,121
814,335,64,120
812,336,63,119
810,337,62,118
809,332,54,111
807,332,54,111
805,332,54,111
803,332,54,111
801,332,54,111
799,332,54,111
797,332,54,111
795,332,54,111
793,332,54,111
791,332,54,111
789,332,54,111
787,332,54,111
785,332,54,111
783,332,54,111
781,332,54,111
782,330,55,108
781,330,56,108
780,330,57,108
779,330,58,108
778,330,59,108
777,330,60,108
776,330,61,108
775,330,62,108
774,330,63,108
773,330,64,108
772,330,65,108
771,330,66,108
770,330,67,108
769,330,68,108
768,330,69,108
763,333,67,105
763,334,67,104
763,335,67,103
763,336,67,102
763,337,67,101
763,338,67,100
763,339,67,99
763,340,67,98
763,341,67,97
763,342,67,96
763,343,67,95
763,344,67,94
763,345,67,93
763,346,67,92
763,347,67,91
756,349,71,86
756,349,70,85
756,349,69,84
756,349,68,83
756,349,67,82
756,349,66,81
756,349,65,80
756,349,64,79
756,349,63,78
756,349,62,77
756,349,61,76
756,349,60,75
756,349,59,74
756,349,58,73
756,349,57,72
763,353,62,77
763,353,62,77
763,353,62,77
763,353,62,77
763,353,62,77
763,353,62,77
763,353,62,77
763,353,62,77
763,353,62,77
763,353,62,77
763,353,62,77
763,353,62,77
763,353,62,77
763,353,62,77
763,353,62,77
758,358,69,79
758,356,68,80
758,354,67,81
758,352,66,82
758,350,65,83
758,348,64,84
758,346,63,85
758,344,62,86
758,342,61,87
758,340,60,88
758,338,59,89
758,336,58,90
758,334,57,91
758,332,56,92
758,330,55,93
759,332,53,100
758,332,53,100
757,332,53,100
756,332,53,100
755,332,53,100
754,332,53,100
753,332,53,100
752,332,53,100
751,332,53,100
750,332,53,100
749,332,53,100
748,332,53,100
747,332,53,100
746,332,53,100
745,332,53,100
749,335,56,99
746,334,57,101
743,333,58,103
740,332,59,105
737,331,60,107
734,330,61,109
731,329,62,111
728,328,63,113
725,327,64,115
722,326,65,117
719,325,66,119
716,324,67,121
713,323,68,123
710,322,69,125
707,321,70,127
705,324,74,135
