1265,559,137,365
1260,559,136,365
1255,559,135,365
1250,559,134,365
1245,559,133,365
1240,559,132,365
1235,559,131,365
1230,559,130,365
1225,559,129,365
1220,559,128,365
1215,559,127,365
1210,559,126,365
1205,559,125,365
1200,559,124,365
1195,559,123,365
1191,563,128,361
1189,563,127,361
1187,563,126,361
1185,563,125,361
1183,563,124,361
1181,563,123,361
1179,563,122,361
1177,563,121,361
1175,563,120,361
1173,563,119,361
1171,563,118,361
1169,563,117,361
1167,563,116,361
1165,563,115,361
1163,563,114,361
1160,559,110,365
1156,559,111,366
1152,559,112,367
1148,559,113,368
1144,559,114,369
1140,559,115,370
1136,559,116,371
1132,559,117,372
1128,559,118,373
1124,559,119,374
1120,559,120,375
1116,559,121,376
1112,559,122,377
1108,559,123,378
1104,559,124,379
1106,559,128,381
1105,559,127,381
1104,559,126,381
1103,559,125,381
1102,559,124,381
1101,559,123,381
1100,559,122,381
1099,559,121,381
1098,559,120,381
1097,559,119,381
1096,559,118,381
1095,559,117,381
1094,559,116,381
1093,559,115,381
1092,559,114,381
1090,565,114,377
1090,565,114,378
1090,565,114,379
1090,565,114,380
1090,565,114,381
1090,565,114,382
1090,565,114,383
1090,565,114,384
1090,565,114,385
1090,565,114,386
1090,565,114,387
1090,565,114,388
1090,565,114,389
1090,565,114,390
1090,565,114,391
1086,569,112,392
1083,569,115,392
1080,569,118,392
1077,569,121,392
1074,569,124,392
1071,569,127,392
1068,569,130,392
1065,569,133,392
1062,569,136,392
1059,569,139,392
1056,569,142,392
1053,569,145,392
1050,569,148,392
1047,569,151,392
1044,569,154,392
1035,571,159,394
1033,572,159,393
1031,573,159,392
1029,574,159,391
1027,575,159,390
1025,576,159,389
1023,577,159,388
1021,578,159,387
1019,579,159,386
1017,580,159,385
1015,581,159,384
1013,582,159,383
1011,583,159,382
1009,584,159,381
1007,585,159,380
1003,583,166,382
998,583,165,382
993,583,164,382
988,583,163,382
983,583,162,382
978,583,161,382
973,583,160,382
968,583,159,382
963,583,158,382
958,583,157,382
953,583,156,382
948,583,155,382
943,583,154,382
938,583,153,382
933,583,152,382
930,589,147,386
926,589,147,386
922,589,147,386
918,589,147,386
914,589,147,386
910,589,147,386
906,589,147,386
902,589,147,386
898,589,147,386
894,589,147,386
890,589,147,386
886,589,147,386
882,589,147,386
878,589,147,386
874,589,147,386
868,583,142,380
862,583,144,379
856,583,146,378
850,583,148,377
844,583,150,376
838,583,152,375
832,583,154,374
826,583,156,373
820,583,158,372
814,583,160,371
808,583,162,370
802,583,164,369
796,583,166,368
790,583,168,367
784,583,170,366
779,581,178,370
775,580,178,371
771,579,178,372
767,578,178,373
763,577,178,374
759,576,178,375
755,575,178,376
751,574,178,377
747,573,178,378
743,572,178,379
739,571,178,380
735,570,178,381
731,569,178,382
727,568,178,383
723,567,178,384
724,571,171,378
723,570,170,376
722,569,169,374
721,568,168,372
720,567,167,370
719,566,166,368
718,565,165,366
717,564,164,364
716,563,163,362
715,562,162,360
714,561,161,358
713,560,160,356
712,559,159,354
711,558,158,352
710,557,157,350
714,559,159,345
716,558,156,344
718,557,153,343
720,556,150,342
722,555,147,341
724,554,144,340
726,553,141,339
728,552,138,338
730,551,135,337
732,550,132,336
734,549,129,335
736,548,126,334
738,547,123,333
740,546,120,332
742,545,117,331
744,549,119,327
745,549,119,327
746,549,119,327
747,549,119,327
748,549,119,327
749,549,119,327
750,549,119,327
751,549,119,327
752,549,119,327
753,549,119,327
754,549,119,327
755,549,119,327
756,549,119,327
757,549,119,327
758,549,119,327
765,545,118,321
764,547,119,318
763,549,120,315
762,551,121,312
761,553,122,309
760,555,123,306
759,557,124,303
758,559,125,300
757,561,126,297
756,563,127,294
755,565,128,291
754,567,129,288
753,569,130,285
752,571,131,282
751,573,132,279
753,577,130,281
753,580,130,279
753,583,130,277
753,586,130,275
753,589,130,273
753,592,130,271
753,595,130,269
753,598,130,267
753,601,130,265
753,604,130,263
753,607,130,261
753,610,130,259
753,613,130,257
753,616,130,255
753,619,130,253
751,617,130,247
752,619,130,245
753,621,130,243
754,623,130,241
755,625,130,239
756,627,130,237
757,629,130,235
758,631,130,233
759,633,130,231
760,635,130,229
761,637,130,227
762,639,130,225
763,641,130,223
764,643,130,221
765,645,130,219
765,651,128,215
765,652,128,213
765,653,128,211
765,654,128,209
765,655,128,207
765,656,128,205
765,657,128,203
765,658,128,201
765,659,128,199
765,660,128,197
765,661,128,195
765,662,128,193
765,663,128,191
765,664,128,189
765,665,128,187
765,671,126,189
765,671,126,189
765,671,126,189
765,671,126,189
765,671,126,189
765,671,126,189
765,671,126,189
765,671,126,189
765,671,126,189
765,671,126,189
765,671,126,189
765,671,126,189
765,671,126,189
765,671,126,189
765,671,126,189
769,673,120,187
770,673,119,187
771,673,118,187
772,673,117,187
773,673,116,187
774,673,115,187
775,673,114,187
776,673,113,187
777,673,112,187
778,673,111,187
779,673,110,187
780,673,109,187
781,673,108,187
782,673,107,187
783,673,106,187
781,667,110,189
781,667,110,189
781,667,110,189
781,667,110,189
781,667,110,189
781,667,110,189
781,667,110,189
781,667,110,189
781,667,110,189
781,667,110,189
781,667,110,189
781,667,110,189
781,667,110,189
781,667,110,189
781,667,110,189
781,671,108,189
781,671,108,189
781,671,108,189
781,671,108,189
781,671,108,189
781,671,108,189
781,671,108,189
781,671,108,189
781,671,108,189
781,671,108,189
781,671,108,189
781,671,108,189
781,671,108,189
781,671,108,189
781,671,108,189
779,676,114,182
779,676,114,182
779,676,114,182
779,676,114,182
779,676,114,182
779,676,114,182
779,676,114,182
779,676,114,182
779,676,114,182
779,676,114,182
779,676,114,182
779,676,114,182
779,676,114,182
779,676,114,182
779,676,114,182
773,680,116,180
773,680,116,180
773,680,116,180
773,680,116,180
773,680,116,180
773,680,116,180
773,680,116,180
773,680,116,180
773,680,116,180
773,680,116,180
773,680,116,180
773,680,116,180
773,680,116,180
773,680,116,180
773,680,116,180
771,678,118,182
771,678,118,182
771,678,118,182
771,678,118,182
771,678,118,182
771,678,118,182
771,678,118,182
771,678,118,182
771,678,118,182
771,678,118,182
771,678,118,182
771,678,118,182
771,678,118,182
771,678,118,182
771,678,118,182
773,676,116,182
773,676,116,182
773,676,116,182
773,676,116,182
773,676,116,182
773,676,116,182
773,676,116,182
773,676,116,182
773,676,116,182
773,676,116,182
773,676,116,182
773,676,116,182
773,676,116,182
773,676,116,182
773,676,116,182
773,673,112,189
773,671,112,191
773,669,112,193
773,667,112,195
773,665,112,197
773,663,112,199
773,661,112,201
773,659,112,203
773,657,112,205
773,655,112,207
773,653,112,209
773,651,112,211
773,649,112,213
773,647,112,215
773,645,112,217
769,641,116,223
768,636,117,227
767,631,118,231
766,626,119,235
765,621,120,239
764,616,121,243
763,611,122,247
762,606,123,251
761,601,124,255
760,596,125,259
759,591,126,263
758,586,127,267
757,581,128,271
756,576,129,275
755,571,130,279
751,573,128,277
751,570,128,280
751,567,128,283
751,564,128,286
751,561,128,289
751,558,128,292
751,555,128,295
751,552,128,298
751,549,128,301
751,546,128,304
751,543,128,307
751,540,128,310
751,537,128,313
751,534,128,316
751,531,128,319
749,534,130,326
746,535,132,326
743,536,134,326
740,537,136,326
737,538,138,326
734,539,140,326
731,540,142,326
728,541,144,326
725,542,146,326
722,543,148,326
719,544,150,326
716,545,152,326
713,546,154,326
710,547,156,326
707,548,158,326
700,545,155,327
