1492,592,116,314
1491,593,114,313
1490,594,112,312
1489,595,110,311
1488,596,108,310
1487,597,106,309
1486,598,104,308
1485,599,102,307
1484,600,100,306
1483,601,98,305
1482,602,96,304
1481,603,94,303
1480,604,92,302
1479,605,90,301
1478,606,88,300
1481,604,89,304
1476,605,92,305
1471,606,95,306
1466,607,98,307
1461,608,101,308
1456,609,104,309
1451,610,107,310
1446,611,110,311
1441,612,113,312
1436,613,116,313
1431,614,119,314
1426,615,122,315
1421,616,125,316
1416,617,128,317
1411,618,131,318
1404,613,131,313
1400,613,130,314
1396,613,129,315
1392,613,128,316
1388,613,127,317
1384,613,126,318
1380,613,125,319
1376,613,124,320
1372,613,123,321
1368,613,122,322
1364,613,121,323
1360,613,120,324
1356,613,119,325
1352,613,118,326
1348,613,117,327
1339,617,122,326
1337,617,121,326
1335,617,120,326
1333,617,119,326
1331,617,118,326
1329,617,117,326
1327,617,116,326
1325,617,115,326
1323,617,114,326
1321,617,113,326
1319,617,112,326
1317,617,111,326
1315,617,110,326
1313,617,109,326
1311,617,108,326
1307,619,102,328
1303,619,103,328
1299,619,104,328
1295,619,105,328
1291,619,106,328
1287,619,107,328
1283,619,108,328
1279,619,109,328
1275,619,110,328
1271,619,111,328
1267,619,112,328
1263,619,113,328
1259,619,114,328
1255,619,115,328
1251,619,116,328
1247,623,120,326
1241,623,119,328
1235,623,118,330
1229,623,117,332
1223,623,116,334
1217,623,115,336
1211,623,114,338
1205,623,113,340
1199,623,112,342
1193,623,111,344
1187,623,110,346
1181,623,109,348
1175,623,108,350
1169,623,107,352
1163,623,106,354
1163,623,108,357
1162,624,108,357
1161,625,108,357
1160,626,108,357
1159,627,108,357
1158,628,108,357
1157,629,108,357
1156,630,108,357
1155,631,108,357
1154,632,108,357
1153,633,108,357
1152,634,108,357
1151,635,108,357
1150,636,108,357
1149,637,108,357
1154,633,115,351
1150,633,118,351
1146,633,121,351
1142,633,124,351
1138,633,127,351
1134,633,130,351
1130,633,133,351
1126,633,136,351
1122,633,139,351
1118,633,142,351
1114,633,145,351
1110,633,148,351
1106,633,151,351
1102,633,154,351
1098,633,157,351
1087,637,159,351
1085,637,157,351
1083,637,155,351
1081,637,153,351
1079,637,151,351
1077,637,149,351
1075,637,147,351
1073,637,145,351
1071,637,143,351
1069,637,141,351
1067,637,139,351
1065,637,137,351
1063,637,135,351
1061,637,133,351
1059,637,131,351
1062,641,125,351
1058,642,127,350
1054,643,129,349
1050,644,131,348
1046,645,133,347
1042,646,135,346
1038,647,137,345
1034,648,139,344
1030,649,141,343
1026,650,143,342
1022,651,145,341
1018,652,147,340
1014,653,149,339
1010,654,151,338
1006,655,153,337
997,650,156,340
992,649,155,340
987,648,154,340
982,647,153,340
977,646,152,340
972,645,151,340
967,644,150,340
962,643,149,340
957,642,148,340
952,641,147,340
947,640,146,340
942,639,145,340
937,638,144,340
932,637,143,340
927,636,142,340
918,641,141,343
913,641,142,342
908,641,143,341
903,641,144,340
898,641,145,339
893,641,146,338
888,641,147,337
883,641,148,336
878,641,149,335
873,641,150,334
868,641,151,333
863,641,152,332
858,641,153,331
853,641,154,330
848,641,155,329
844,635,161,334
843,634,160,334
842,633,159,334
841,632,158,334
840,631,157,334
839,630,156,334
838,629,155,334
837,628,154,334
836,627,153,334
835,626,152,334
834,625,151,334
833,624,150,334
832,623,149,334
831,622,148,334
830,621,147,334
834,627,141,338
832,626,141,336
830,625,141,334
828,624,141,332
826,623,141,330
824,622,141,328
822,621,141,326
820,620,141,324
818,619,141,322
816,618,141,320
814,617,141,318
812,616,141,316
810,615,141,314
808,614,141,312
806,613,141,310
811,615,145,315
813,614,143,314
815,613,141,313
817,612,139,312
819,611,137,311
821,610,135,310
823,609,133,309
825,608,131,308
827,607,129,307
829,606,127,306
831,605,125,305
833,604,123,304
835,603,121,303
837,602,119,302
839,601,117,301
848,606,121,300
849,614,120,291
850,622,119,282
851,630,118,273
852,638,117,264
853,646,116,255
854,654,115,246
855,662,114,237
856,670,113,228
857,678,112,219
858,686,111,210
859,694,110,201
860,702,109,192
861,710,108,183
862,718,107,174
869,728,112,163
869,728,112,163
869,728,112,163
869,728,112,163
869,728,112,163
869,728,112,163
869,728,112,163
869,728,112,163
869,728,112,163
869,728,112,163
869,728,112,163
869,728,112,163
869,728,112,163
869,728,112,163
869,728,112,163
865,730,116,167
865,730,115,166
865,730,114,165
865,730,113,164
865,730,112,163
865,730,111,162
865,730,110,161
865,730,109,160
865,730,108,159
865,730,107,158
865,730,106,157
865,730,105,156
865,730,104,155
865,730,103,154
865,730,102,153
871,730,108,157
871,730,108,158
871,730,108,159
871,730,108,160
871,730,108,161
871,730,108,162
871,730,108,163
871,730,108,164
871,730,108,165
871,730,108,166
871,730,108,167
871,730,108,168
871,730,108,169
871,730,108,170
871,730,108,171
867,726,110,165
867,726,110,165
867,726,110,165
867,726,110,165
867,726,110,165
867,726,110,165
867,726,110,165
867,726,110,165
867,726,110,165
867,726,110,165
867,726,110,165
867,726,110,165
867,726,110,165
867,726,110,165
867,726,110,165
863,722,114,167
863,720,114,170
863,718,114,173
863,716,114,176
863,714,114,179
863,712,114,182
863,710,114,185
863,708,114,188
863,706,114,191
863,704,114,194
863,702,114,197
863,700,114,200
863,698,114,203
863,696,114,206
863,694,114,209
859,687,116,212
858,682,116,216
857,677,116,220
856,672,116,224
855,667,116,228
854,662,116,232
853,657,116,236
852,652,116,240
851,647,116,244
850,642,116,248
849,637,116,252
848,632,116,256
847,627,116,260
846,622,116,264
845,617,116,268
848,619,121,266
848,618,120,268
848,617,119,270
848,616,118,272
848,615,117,274
848,614,116,276
848,613,115,278
848,612,114,280
848,611,113,282
848,610,112,284
848,609,111,286
848,608,110,288
848,607,109,290
848,606,108,292
848,605,107,294
855,600,110,295
851,601,111,295
847,602,112,295
843,603,113,295
839,604,114,295
835,605,115,295
831,606,116,295
827,607,117,295
823,608,118,295
819,609,119,295
815,610,120,295
811,611,121,295
807,612,122,295
803,613,123,295
799,614,124,295
788,608,120,300
