1350,597,136,287
1349,597,133,288
1348,597,130,289
1347,597,127,290
1346,597,124,291
1345,597,121,292
1344,597,118,293
1343,597,115,294
1342,597,112,295
1341,597,109,296
1340,597,106,297
1339,597,103,298
1338,597,100,299
1337,597,97,300
1336,597,94,301
1337,597,87,297
1332,597,89,298
1327,597,91,299
1322,597,93,300
1317,597,95,301
1312,597,97,302
1307,597,99,303
1302,597,101,304
1297,597,103,305
1292,597,105,306
1287,597,107,307
1282,597,109,308
1277,597,111,309
1272,597,113,310
1267,597,115,311
1266,601,115,306
1261,601,115,306
1256,601,115,306
1251,601,115,306
1246,601,115,306
1241,601,115,306
1236,601,115,306
1231,601,115,306
1226,601,115,306
1221,601,115,306
1216,601,115,306
1211,601,115,306
1206,601,115,306
1201,601,115,306
1196,601,115,306
1196,601,121,308
1196,601,118,309
1196,601,115,310
1196,601,112,311
1196,601,109,312
1196,601,106,313
1196,601,103,314
1196,601,100,315
1196,601,97,316
1196,601,94,317
1196,601,91,318
1196,601,88,319
1196,601,85,320
1196,601,82,321
1196,601,79,322
1189,595,82,319
1186,595,84,319
1183,595,86,319
1180,595,88,319
1177,595,90,319
1174,595,92,319
1171,595,94,319
1168,595,96,319
1165,595,98,319
1162,595,100,319
1159,595,102,319
1156,595,104,319
1153,595,106,319
1150,595,108,319
1147,595,110,319
1137,593,111,321
1136,593,110,322
1135,593,109,323
1134,593,108,324
1133,593,107,325
1132,593,106,326
1131,593,105,327
1130,593,104,328
1129,593,103,329
1128,593,102,330
1127,593,101,331
1126,593,100,332
1125,593,99,333
1124,593,98,334
1123,593,97,335
1129,599,102,335
1129,600,103,334
1129,601,104,333
1129,602,105,332
1129,603,106,331
1129,604,107,330
1129,605,108,329
1129,606,109,328
1129,607,110,327
1129,608,111,326
1129,609,112,325
1129,610,113,324
1129,611,114,323
1129,612,115,322
1129,613,116,321
1123,608,116,327
1119,608,119,328
1115,608,122,329
1111,608,125,330
1107,608,128,331
1103,608,131,332
1099,608,134,333
1095,608,137,334
1091,608,140,335
1087,608,143,336
1083,608,146,337
1079,608,149,338
1075,608,152,339
1071,608,155,340
1067,608,158,341
1058,606,156,341
1057,606,153,340
1056,606,150,339
1055,606,147,338
1054,606,144,337
1053,606,141,336
1052,606,138,335
1051,606,135,334
1050,606,132,333
1049,606,129,332
1048,606,126,331
1047,606,123,330
1046,606,120,329
1045,606,117,328
1044,606,114,327
1043,612,111,333
1038,612,113,333
1033,612,115,333
1028,612,117,333
1023,612,119,333
1018,612,121,333
1013,612,123,333
1008,612,125,333
1003,612,127,333
998,612,129,333
993,612,131,333
988,612,133,333
983,612,135,333
978,612,137,333
973,612,139,333
974,614,141,331
968,614,141,331
962,614,141,331
956,614,141,331
950,614,141,331
944,614,141,331
938,614,141,331
932,614,141,331
926,614,141,331
920,614,141,331
914,614,141,331
908,614,141,331
902,614,141,331
896,614,141,331
890,614,141,331
880,608,140,331
877,607,140,331
874,606,140,331
871,605,140,331
868,604,140,331
865,603,140,331
862,602,140,331
859,601,140,331
856,600,140,331
853,599,140,331
850,598,140,331
847,597,140,331
844,596,140,331
841,595,140,331
838,594,140,331
829,599,138,325
829,598,137,324
829,597,136,323
829,596,135,322
829,595,134,321
829,594,133,320
829,593,132,319
829,592,131,318
829,591,130,317
829,590,129,316
829,589,128,315
829,588,127,314
829,587,126,313
829,586,125,312
829,585,124,311
826,589,120,314
825,588,119,313
824,587,118,312
823,586,117,311
822,585,116,310
821,584,115,309
820,583,114,308
819,582,113,307
818,581,112,306
817,580,111,305
816,579,110,304
815,578,109,303
814,577,108,302
813,576,107,301
812,575,106,300
811,578,104,296
812,578,104,295
813,578,104,294
814,578,104,293
815,578,104,292
816,578,104,291
817,578,104,290
818,578,104,289
819,578,104,288
820,578,104,287
821,578,104,286
822,578,104,285
823,578,104,284
824,578,104,283
825,578,104,282
829,572,97,287
829,573,97,285
829,574,97,283
829,575,97,281
829,576,97,279
829,577,97,277
829,578,97,275
829,579,97,273
829,580,97,271
829,581,97,269
829,582,97,267
829,583,97,265
829,584,97,263
829,585,97,261
829,586,97,259
824,593,96,257
823,596,98,255
822,599,100,253
821,602,102,251
820,605,104,249
819,608,106,247
818,611,108,245
817,614,110,243
816,617,112,241
815,620,114,239
814,623,116,237
813,626,118,235
812,629,120,233
811,632,122,231
810,635,124,229
814,631,119,221
814,633,119,219
814,635,119,217
814,637,119,215
814,639,119,213
814,641,119,211
814,643,119,209
814,645,119,207
814,647,119,205
814,649,119,203
814,651,119,201
814,653,119,199
814,655,119,197
814,657,119,195
814,659,119,193
820,662,115,195
820,663,114,193
820,664,113,191
820,665,112,189
820,666,111,187
820,667,110,185
820,668,109,183
820,669,108,181
820,670,107,179
820,671,106,177
820,672,105,175
820,673,104,173
820,674,103,171
820,675,102,169
820,676,101,167
826,683,102,165
826,683,102,165
826,683,102,165
826,683,102,165
826,683,102,165
826,683,102,165
826,683,102,165
826,683,102,165
826,683,102,165
826,683,102,165
826,683,102,165
826,683,102,165
826,683,102,165
826,683,102,165
826,683,102,165
824,688,104,162
824,688,104,162
824,688,104,162
824,688,104,162
824,688,104,162
824,688,104,162
824,688,104,162
824,688,104,162
824,688,104,162
824,688,104,162
824,688,104,162
824,688,104,162
824,688,104,162
824,688,104,162
824,688,104,162
831,686,97,162
831,686,97,163
831,686,97,164
831,686,97,165
831,686,97,166
831,686,97,167
831,686,97,168
831,686,97,169
831,686,97,170
831,686,97,171
831,686,97,172
831,686,97,173
831,686,97,174
831,686,97,175
831,686,97,176
835,681,100,172
834,682,100,171
833,683,100,170
832,684,100,169
831,685,100,168
830,686,100,167
829,687,100,166
828,688,100,165
827,689,100,164
826,690,100,163
825,691,100,162
824,692,100,161
823,693,100,160
822,694,100,159
821,695,100,158
827,692,103,152
827,692,104,153
827,692,105,154
827,692,106,155
827,692,107,156
827,692,108,157
827,692,109,158
827,692,110,159
827,692,111,160
827,692,112,161
827,692,113,162
827,692,114,163
827,692,115,164
827,692,116,165
827,692,117,166
822,690,111,162
822,690,111,162
822,690,111,162
822,690,111,162
822,690,111,162
822,690,111,162
822,690,111,162
822,690,111,162
822,690,111,162
822,690,111,162
822,690,111,162
822,690,111,162
822,690,111,162
822,690,111,162
822,690,111,162
824,690,107,162
824,690,107,162
824,690,107,162
824,690,107,162
824,690,107,162
824,690,107,162
824,690,107,162
824,690,107,162
824,690,107,162
824,690,107,162
824,690,107,162
824,690,107,162
824,690,107,162
824,690,107,162
824,690,107,162
822,688,108,160
822,688,108,161
822,688,108,162
822,688,108,163
822,688,108,164
822,688,108,165
822,688,108,166
822,688,108,167
822,688,108,168
822,688,108,169
822,688,108,170
822,688,108,171
822,688,108,172
822,688,108,173
822,688,108,174
824,683,107,169
824,680,107,172
824,677,107,175
824,674,107,178
824,671,107,181
824,668,107,184
824,665,107,187
824,662,107,190
824,659,107,193
824,656,107,196
824,653,107,199
824,650,107,202
824,647,107,205
824,644,107,208
824,641,107,211
822,637,109,218
