1497,405,98,341
1493,405,99,342
1489,405,100,343
1485,405,101,344
1481,405,102,345
1477,405,103,346
1473,405,104,347
1469,405,105,348
1465,405,106,349
1461,405,107,350
1457,405,108,351
1453,405,109,352
1449,405,110,353
1445,405,111,354
1441,405,112,355
1434,411,113,352
1433,411,113,351
1432,411,113,350
1431,411,113,349
1430,411,113,348
1429,411,113,347
1428,411,113,346
1427,411,113,345
1426,411,113,344
1425,411,113,343
1424,411,113,342
1423,411,113,341
1422,411,113,340
1421,411,113,339
1420,411,113,338
1413,415,108,342
1408,415,110,342
1403,415,112,342
1398,415,114,342
1393,415,116,342
1388,415,118,342
1383,415,120,342
1378,415,122,342
1373,415,124,342
1368,415,126,342
1363,415,128,342
1358,415,130,342
1353,415,132,342
1348,415,134,342
1343,415,136,342
1333,417,139,346
1331,417,137,347
1329,417,135,348
1327,417,133,349
1325,417,131,350
1323,417,129,351
1321,417,127,352
1319,417,125,353
1317,417,123,354
1315,417,121,355
1313,417,119,356
1311,417,117,357
1309,417,115,358
1307,417,113,359
1305,417,111,360
1300,417,116,363
1299,417,116,363
1298,417,116,363
1297,417,116,363
1296,417,116,363
1295,417,116,363
1294,417,116,363
1293,417,116,363
1292,417,116,363
1291,417,116,363
1290,417,116,363
1289,417,116,363
1288,417,116,363
1287,417,116,363
1286,417,116,363
1285,422,109,360
1280,422,111,360
1275,422,113,360
1270,422,115,360
1265,422,117,360
1260,422,119,360
1255,422,121,360
1250,422,123,360
1245,422,125,360
1240,422,127,360
1235,422,129,360
1230,422,131,360
1225,422,133,360
1220,422,135,360
1215,422,137,360
1214,426,135,362
1213,425,133,363
1212,424,131,364
1211,423,129,365
1210,422,127,366
1209,421,125,367
1208,420,123,368
1207,419,121,369
1206,418,119,370
1205,417,117,371
1204,416,115,372
1203,415,113,373
1202,414,111,374
1201,413,109,375
1200,412,107,376
1199,413,98,371
1194,414,102,370
1189,415,106,369
1184,416,110,368
1179,417,114,367
1174,418,118,366
1169,419,122,365
1164,420,126,364
1159,421,130,363
1154,422,134,362
1149,423,138,361
1144,424,142,360
1139,425,146,359
1134,426,150,358
1129,427,154,357
1117,422,156,362
1115,422,152,362
1113,422,148,362
1111,422,144,362
1109,422,140,362
1107,422,136,362
1105,422,132,362
1103,422,128,362
1101,422,124,362
1099,422,120,362
1097,422,116,362
1095,422,112,362
1093,422,108,362
1091,422,104,362
1089,422,100,362
1089,428,96,360
1083,428,98,360
1077,428,100,360
1071,428,102,360
1065,428,104,360
1059,428,106,360
1053,428,108,360
1047,428,110,360
1041,428,112,360
1035,428,114,360
1029,428,116,360
1023,428,118,360
1017,428,120,360
1011,428,122,360
1005,428,124,360
1000,426,131,356
995,426,132,355
990,426,133,354
985,426,134,353
980,426,135,352
975,426,136,351
970,426,137,350
965,426,138,349
960,426,139,348
955,426,140,347
950,426,141,346
945,426,142,345
940,426,143,344
935,426,144,343
930,426,145,342
927,421,144,346
923,420,144,346
919,419,144,346
915,418,144,346
911,417,144,346
907,416,144,346
903,415,144,346
899,414,144,346
895,413,144,346
891,412,144,346
887,411,144,346
883,410,144,346
879,409,144,346
875,408,144,346
871,407,144,346
869,411,150,339
869,411,149,339
869,411,148,339
869,411,147,339
869,411,146,339
869,411,145,339
869,411,144,339
869,411,143,339
869,411,142,339
869,411,141,339
869,411,140,339
869,411,139,339
869,411,138,339
869,411,137,339
869,411,136,339
862,407,137,339
863,407,135,338
864,407,133,337
865,407,131,336
866,407,129,335
867,407,127,334
868,407,125,333
869,407,123,332
870,407,121,331
871,407,119,330
872,407,117,329
873,407,115,328
874,407,113,327
875,407,111,326
876,407,109,325
875,405,114,318
874,406,114,317
873,407,114,316
872,408,114,315
871,409,114,314
870,410,114,313
869,411,114,312
868,412,114,311
867,413,114,310
866,414,114,309
865,415,114,308
864,416,114,307
863,417,114,306
862,418,114,305
861,419,114,304
867,419,113,306
867,422,113,303
867,425,113,300
867,428,113,297
867,431,113,294
867,434,113,291
867,437,113,288
867,440,113,285
867,443,113,282
867,446,113,279
867,449,113,276
867,452,113,273
867,455,113,270
867,458,113,267
867,461,113,264
860,462,120,263
860,466,120,260
860,470,120,257
860,474,120,254
860,478,120,251
860,482,120,248
860,486,120,245
860,490,120,242
860,494,120,239
860,498,120,236
860,502,120,233
860,506,120,230
860,510,120,227
860,514,120,224
860,518,120,221
862,523,118,223
862,524,117,222
862,525,116,221
862,526,115,220
862,527,114,219
862,528,113,218
862,529,112,217
862,530,111,216
862,531,110,215
862,532,109,214
862,533,108,213
862,534,107,212
862,535,106,211
862,536,105,210
862,537,104,209
869,534,109,208
869,534,109,208
869,534,109,208
869,534,109,208
869,534,109,208
869,534,109,208
869,534,109,208
869,534,109,208
869,534,109,208
869,534,109,208
869,534,109,208
869,534,109,208
869,534,109,208
869,534,109,208
869,534,109,208
873,536,109,204
873,536,109,204
873,536,109,204
873,536,109,204
873,536,109,204
873,536,109,204
873,536,109,204
873,536,109,204
873,536,109,204
873,536,109,204
873,536,109,204
873,536,109,204
873,536,109,204
873,536,109,204
873,536,109,204
873,540,107,202
873,540,107,202
873,540,107,202
873,540,107,202
873,540,107,202
873,540,107,202
873,540,107,202
873,540,107,202
873,540,107,202
873,540,107,202
873,540,107,202
873,540,107,202
873,540,107,202
873,540,107,202
873,540,107,202
873,542,107,198
873,542,107,198
873,542,107,198
873,542,107,198
873,542,107,198
873,542,107,198
873,542,107,198
873,542,107,198
873,542,107,198
873,542,107,198
873,542,107,198
873,542,107,198
873,542,107,198
873,542,107,198
873,542,107,198
871,540,111,198
871,540,111,198
871,540,111,198
871,540,111,198
871,540,111,198
871,540,111,198
871,540,111,198
871,540,111,198
871,540,111,198
871,540,111,198
871,540,111,198
871,540,111,198
871,540,111,198
871,540,111,198
871,540,111,198
871,540,113,195
871,540,113,195
871,540,113,195
871,540,113,195
871,540,113,195
871,540,113,195
871,540,113,195
871,540,113,195
871,540,113,195
871,540,113,195
871,540,113,195
871,540,113,195
871,540,113,195
871,540,113,195
871,540,113,195
867,538,113,195
866,535,114,198
865,532,115,201
864,529,116,204
863,526,117,207
862,523,118,210
861,520,119,213
860,517,120,216
859,514,121,219
858,511,122,222
857,508,123,225
856,505,124,228
855,502,125,231
854,499,126,234
853,496,127,237
845,498,135,240
845,493,136,243
845,488,137,246
845,483,138,249
845,478,139,252
845,473,140,255
845,468,141,258
845,463,142,261
845,458,143,264
845,453,144,267
845,448,145,270
845,443,146,273
845,438,147,276
845,433,148,279
845,428,149,282
852,428,145,291
853,426,144,294
854,424,143,297
855,422,142,300
856,420,141,303
857,418,140,306
858,416,139,309
859,414,138,312
860,412,137,315
861,410,136,318
862,408,135,321
863,406,134,324
864,404,133,327
865,402,132,330
866,400,131,333
862,402,131,338
859,403,132,338
856,404,133,338
853,405,134,338
850,406,135,338
847,407,136,338
844,408,137,338
841,409,138,338
838,410,139,338
835,411,140,338
832,412,141,338
829,413,142,338
826,414,143,338
823,415,144,338
820,416,145,338
817,421,141,336
811,422,143,335
805,423,145,334
799,424,147,333
793,425,149,332
787,426,151,331
781,427,153,330
775,428,155,329
769,429,157,328
763,430,159,327
757,431,161,326
751,432,163,325
745,433,165,324
739,434,167,323
733,435,169,322
724,438,174,321
716,438,174,322
708,438,174,323
700,438,174,324
692,438,174,325
684,438,174,326
676,438,174,327
668,438,174,328
660,438,174,329
652,438,174,330
644,438,174,331
636,438,174,332
628,438,174,333
620,438,174,334
612,438,174,335
597,441,176,330
