1601,192,123,399
1596,192,125,400
1591,192,127,401
1586,192,129,402
1581,192,131,403
1576,192,133,404
1571,192,135,405
1566,192,137,406
1561,192,139,407
1556,192,141,408
1551,192,143,409
1546,192,145,410
1541,192,147,411
1536,192,149,412
1531,192,151,413
1522,190,147,419
1520,190,148,419
1518,190,149,419
1516,190,150,419
1514,190,151,419
1512,190,152,419
1510,190,153,419
1508,190,154,419
1506,190,155,419
1504,190,156,419
1502,190,157,419
1500,190,158,419
1498,190,159,419
1496,190,160,419
1494,190,161,419
1486,188,163,423
1480,188,165,423
1474,188,167,423
1468,188,169,423
1462,188,171,423
1456,188,173,423
1450,188,175,423
1444,188,177,423
1438,188,179,423
1432,188,181,423
1426,188,183,423
1420,188,185,423
1414,188,187,423
1408,188,189,423
1402,188,191,423
1389,181,191,428
1389,181,187,429
1389,181,183,430
1389,181,179,431
1389,181,175,432
1389,181,171,433
1389,181,167,434
1389,181,163,435
1389,181,159,436
1389,181,155,437
1389,181,151,438
1389,181,147,439
1389,181,143,440
1389,181,139,441
1389,181,135,442
1387,179,138,445
1385,180,138,444
1383,181,138,443
1381,182,138,442
1379,183,138,441
1377,184,138,440
1375,185,138,439
1373,186,138,438
1371,187,138,437
1369,188,138,436
1367,189,138,435
1365,190,138,434
1363,191,138,433
1361,192,138,432
1359,193,138,431
1352,188,144,434
1346,187,146,434
1340,186,148,434
1334,185,150,434
1328,184,152,434
1322,183,154,434
1316,182,156,434
1310,181,158,434
1304,180,160,434
1298,179,162,434
1292,178,164,434
1286,177,166,434
1280,176,168,434
1274,175,170,434
1268,174,172,434
1261,179,176,436
1261,178,172,437
1261,177,168,438
1261,176,164,439
1261,175,160,440
1261,174,156,441
1261,173,152,442
1261,172,148,443
1261,171,144,444
1261,170,140,445
1261,169,136,446
1261,168,132,447
1261,167,128,448
1261,166,124,449
1261,165,120,450
1261,161,109,452
1254,161,113,451
1247,161,117,450
1240,161,121,449
1233,161,125,448
1226,161,129,447
1219,161,133,446
1212,161,137,445
1205,161,141,444
1198,161,145,443
1191,161,149,442
1184,161,153,441
1177,161,157,440
1170,161,161,439
1163,161,165,438
1151,168,173,441
1148,168,170,441
1145,168,167,441
1142,168,164,441
1139,168,161,441
1136,168,158,441
1133,168,155,441
1130,168,152,441
1127,168,149,441
1124,168,146,441
1121,168,143,441
1118,168,140,441
1115,168,137,441
1112,168,134,441
1109,168,131,441
1104,166,134,436
1098,165,136,437
1092,164,138,438
1086,163,140,439
1080,162,142,440
1074,161,144,441
1068,160,146,442
1062,159,148,443
1056,158,150,444
1050,157,152,445
1044,156,154,446
1038,155,156,447
1032,154,158,448
1026,153,160,449
1020,152,162,450
1018,148,158,445
1010,147,159,444
1002,146,160,443
994,145,161,442
986,144,162,441
978,143,163,440
970,142,164,439
962,141,165,438
954,140,166,437
946,139,167,436
938,138,168,435
930,137,169,434
922,136,170,433
914,135,171,432
906,134,172,431
903,137,180,432
900,137,180,431
897,137,180,430
894,137,180,429
891,137,180,428
888,137,180,427
885,137,180,426
882,137,180,425
879,137,180,424
876,137,180,423
873,137,180,422
870,137,180,421
867,137,180,420
864,137,180,419
861,137,180,418
861,131,178,414
860,130,178,414
859,129,178,414
858,128,178,414
857,127,178,414
856,126,178,414
855,125,178,414
854,124,178,414
853,123,178,414
852,122,178,414
851,121,178,414
850,120,178,414
849,119,178,414
848,118,178,414
847,117,178,414
850,111,171,415
850,111,168,413
850,111,165,411
850,111,162,409
850,111,159,407
850,111,156,405
850,111,153,403
850,111,150,401
850,111,147,399
850,111,144,397
850,111,141,395
850,111,138,393
850,111,135,391
850,111,132,389
850,111,129,387
855,115,131,389
854,116,131,389
853,117,131,389
852,118,131,389
851,119,131,389
850,120,131,389
849,121,131,389
848,122,131,389
847,123,131,389
846,124,131,389
845,125,131,389
844,126,131,389
843,127,131,389
842,128,131,389
841,129,131,389
844,133,133,382
843,137,133,378
842,141,133,374
841,145,133,370
840,149,133,366
839,153,133,362
838,157,133,358
837,161,133,354
836,165,133,350
835,169,133,346
834,173,133,342
833,177,133,338
832,181,133,334
831,185,133,330
830,189,133,326
835,190,133,322
835,195,133,319
835,200,133,316
835,205,133,313
835,210,133,310
835,215,133,307
835,220,133,304
835,225,133,301
835,230,133,298
835,235,133,295
835,240,133,292
835,245,133,289
835,250,133,286
835,255,133,283
835,260,133,280
832,260,136,272
832,261,136,270
832,262,136,268
832,263,136,266
832,264,136,264
832,265,136,262
832,266,136,260
832,267,136,258
832,268,136,256
832,269,136,254
832,270,136,252
832,271,136,250
832,272,136,248
832,273,136,246
832,274,136,244
837,277,131,246
837,277,131,246
837,277,131,246
837,277,131,246
837,277,131,246
837,277,131,246
837,277,131,246
837,277,131,246
837,277,131,246
837,277,131,246
837,277,131,246
837,277,131,246
837,277,131,246
837,277,131,246
837,277,131,246
844,275,131,251
844,275,131,251
844,275,131,251
844,275,131,251
844,275,131,251
844,275,131,251
844,275,131,251
844,275,131,251
844,275,131,251
844,275,131,251
844,275,131,251
844,275,131,251
844,275,131,251
844,275,131,251
844,275,131,251
839,280,136,248
840,280,135,248
841,280,134,248
842,280,133,248
843,280,132,248
844,280,131,248
845,280,130,248
846,280,129,248
847,280,128,248
848,280,127,248
849,280,126,248
850,280,125,248
851,280,124,248
852,280,123,248
853,280,122,248
852,284,125,244
851,284,126,244
850,284,127,244
849,284,128,244
848,284,129,244
847,284,130,244
846,284,131,244
845,284,132,244
844,284,133,244
843,284,134,244
842,284,135,244
841,284,136,244
840,284,137,244
839,284,138,244
838,284,139,244
839,282,138,244
839,282,138,244
839,282,138,244
839,282,138,244
839,282,138,244
839,282,138,244
839,282,138,244
839,282,138,244
839,282,138,244
839,282,138,244
839,282,138,244
839,282,138,244
839,282,138,244
839,282,138,244
839,282,138,244
839,280,140,248
839,280,140,248
839,280,140,248
839,280,140,248
839,280,140,248
839,280,140,248
839,280,140,248
839,280,140,248
839,280,140,248
839,280,140,248
839,280,140,248
839,280,140,248
839,280,140,248
839,280,140,248
839,280,140,248
832,277,136,249
831,273,137,253
830,269,138,257
829,265,139,261
828,261,140,265
827,257,141,269
826,253,142,273
825,249,143,277
824,245,144,281
823,241,145,285
822,237,146,289
821,233,147,293
820,229,148,297
819,225,149,301
818,221,150,305
815,212,158,314
816,207,159,318
817,202,160,322
818,197,161,326
819,192,162,330
820,187,163,334
821,182,164,338
822,177,165,342
823,172,166,346
824,167,167,350
825,162,168,354
826,157,169,358
827,152,170,362
828,147,171,366
829,142,172,370
837,131,175,373
836,129,175,376
835,127,175,379
834,125,175,382
833,123,175,385
832,121,175,388
831,119,175,391
830,117,175,394
829,115,175,397
828,113,175,400
827,111,175,403
826,109,175,406
825,107,175,409
824,105,175,412
823,103,175,415
826,107,173,421
823,108,171,421
820,109,169,421
817,110,167,421
814,111,165,421
811,112,163,421
808,113,161,421
805,114,159,421
802,115,157,421
799,116,155,421
796,117,153,421
793,118,151,421
790,119,149,421
787,120,147,421
784,121,145,421
784,126,138,417
775,127,144,416
766,128,150,415
757,129,156,414
748,130,162,413
739,131,168,412
730,132,174,411
721,133,180,410
712,134,186,409
703,135,192,408
694,136,198,407
685,137,204,406
676,138,210,405
667,139,216,404
658,140,222,403
645,148,222,399
635,148,222,399
625,148,222,399
615,148,222,399
605,148,222,399
595,148,222,399
585,148,222,399
575,148,222,399
565,148,222,399
555,148,222,399
545,148,222,399
535,148,222,399
525,148,222,399
515,148,222,399
505,148,222,399
488,150,222,402
