1219,402,111,367
1215,402,112,367
1211,402,113,367
1207,402,114,367
1203,402,115,367
1199,402,116,367
1195,402,117,367
1191,402,118,367
1187,402,119,367
1183,402,120,367
1179,402,121,367
1175,402,122,367
1171,402,123,367
1167,402,124,367
1163,402,125,367
1162,406,119,367
1160,406,120,367
1158,406,121,367
1156,406,122,367
1154,406,123,367
1152,406,124,367
1150,406,125,367
1148,406,126,367
1146,406,127,367
1144,406,128,367
1142,406,129,367
1140,406,130,367
1138,406,131,367
1136,406,132,367
1134,406,133,367
1132,407,134,371
1131,407,134,371
1130,407,134,371
1129,407,134,371
1128,407,134,371
1127,407,134,371
1126,407,134,371
1125,407,134,371
1124,407,134,371
1123,407,134,371
1122,407,134,371
1121,407,134,371
1120,407,134,371
1119,407,134,371
1118,407,134,371
1124,409,128,375
1124,409,126,375
1124,409,124,375
1124,409,122,375
1124,409,120,375
1124,409,118,375
1124,409,116,375
1124,409,114,375
1124,409,112,375
1124,409,110,375
1124,409,108,375
1124,409,106,375
1124,409,104,375
1124,409,102,375
1124,409,100,375
1130,409,92,369
1129,408,92,369
1128,407,92,369
1127,406,92,369
1126,405,92,369
1125,404,92,369
1124,403,92,369
1123,402,92,369
1122,401,92,369
1121,400,92,369
1120,399,92,369
1119,398,92,369
1118,397,92,369
1117,396,92,369
1116,395,92,369
1119,400,92,367
1117,400,94,366
1115,400,96,365
1113,400,98,364
1111,400,100,363
1109,400,102,362
1107,400,104,361
1105,400,106,360
1103,400,108,359
1101,400,110,358
1099,400,112,357
1097,400,114,356
1095,400,116,355
1093,400,118,354
1091,400,120,353
1090,400,121,347
1090,403,119,344
1090,406,117,341
1090,409,115,338
1090,412,113,335
1090,415,111,332
1090,418,109,329
1090,421,107,326
1090,424,105,323
1090,427,103,320
1090,430,101,317
1090,433,99,314
1090,436,97,311
1090,439,95,308
1090,442,93,305
1094,440,96,296
1093,444,96,292
1092,448,96,288
1091,452,96,284
1090,456,96,280
1089,460,96,276
1088,464,96,272
1087,468,96,268
1086,472,96,264
1085,476,96,260
1084,480,96,256
1083,484,96,252
1082,488,96,248
1081,492,96,244
1080,496,96,240
1077,500,100,233
1077,501,99,232
1077,502,98,231
1077,503,97,230
1077,504,96,229
1077,505,95,228
1077,506,94,227
1077,507,93,226
1077,508,92,225
1077,509,91,224
1077,510,90,223
1077,511,89,222
1077,512,88,221
1077,513,87,220
1077,514,86,219
1079,515,90,214
1078,515,91,214
1077,515,92,214
1076,515,93,214
1075,515,94,214
1074,515,95,214
1073,515,96,214
1072,515,97,214
1071,515,98,214
1070,515,99,214
1069,515,100,214
1068,515,101,214
1067,515,102,214
1066,515,103,214
1065,515,104,214
1071,518,98,209
1071,518,99,209
1071,518,100,209
1071,518,101,209
1071,518,102,209
1071,518,103,209
1071,518,104,209
1071,518,105,209
1071,518,106,209
1071,518,107,209
1071,518,108,209
1071,518,109,209
1071,518,110,209
1071,518,111,209
1071,518,112,209
1066,524,107,203
1066,524,107,203
1066,524,107,203
1066,524,107,203
1066,524,107,203
1066,524,107,203
1066,524,107,203
1066,524,107,203
1066,524,107,203
1066,524,107,203
1066,524,107,203
1066,524,107,203
1066,524,107,203
1066,524,107,203
1066,524,107,203
1066,522,107,209
1067,522,106,208
1068,522,105,207
1069,522,104,206
1070,522,103,205
1071,522,102,204
1072,522,101,203
1073,522,100,202
1074,522,99,201
1075,522,98,200
1076,522,97,199
1077,522,96,198
1078,522,95,197
1079,522,94,196
1080,522,93,195
1075,528,98,201
1075,528,98,201
1075,528,98,201
1075,528,98,201
1075,528,98,201
1075,528,98,201
1075,528,98,201
1075,528,98,201
1075,528,98,201
1075,528,98,201
1075,528,98,201
1075,528,98,201
1075,528,98,201
1075,528,98,201
1075,528,98,201
1079,526,94,207
1079,526,95,207
1079,526,96,207
1079,526,97,207
1079,526,98,207
1079,526,99,207
1079,526,100,207
1079,526,101,207
1079,526,102,207
1079,526,103,207
1079,526,104,207
1079,526,105,207
1079,526,106,207
1079,526,107,207
1079,526,108,207
1083,531,103,202
1083,531,103,201
1083,531,103,200
1083,531,103,199
1083,531,103,198
1083,531,103,197
1083,531,103,196
1083,531,103,195
1083,531,103,194
1083,531,103,193
1083,531,103,192
1083,531,103,191
1083,531,103,190
1083,531,103,189
1083,531,103,188
1079,535,103,192
1078,535,104,192
1077,535,105,192
1076,535,106,192
1075,535,107,192
1074,535,108,192
1073,535,109,192
1072,535,110,192
1071,535,111,192
1070,535,112,192
1069,535,113,192
1068,535,114,192
1067,535,115,192
1066,535,116,192
1065,535,117,192
1069,535,121,198
1068,535,121,198
1067,535,121,198
1066,535,121,198
1065,535,121,198
1064,535,121,198
1063,535,121,198
1062,535,121,198
1061,535,121,198
1060,535,121,198
1059,535,121,198
1058,535,121,198
1057,535,121,198
1056,535,121,198
1055,535,121,198
1058,537,128,196
1059,537,127,196
1060,537,126,196
1061,537,125,196
1062,537,124,196
1063,537,123,196
1064,537,122,196
1065,537,121,196
1066,537,120,196
1067,537,119,196
1068,537,118,196
1069,537,117,196
1070,537,116,196
1071,537,115,196
1072,537,114,196
1075,537,111,196
1075,537,111,196
1075,537,111,196
1075,537,111,196
1075,537,111,196
1075,537,111,196
1075,537,111,196
1075,537,111,196
1075,537,111,196
1075,537,111,196
1075,537,111,196
1075,537,111,196
1075,537,111,196
1075,537,111,196
1075,537,111,196
1075,540,105,189
1075,540,105,189
1075,540,105,189
1075,540,105,189
1075,540,105,189
1075,540,105,189
1075,540,105,189
1075,540,105,189
1075,540,105,189
1075,540,105,189
1075,540,105,189
1075,540,105,189
1075,540,105,189
1075,540,105,189
1075,540,105,189
1075,539,107,190
1075,539,107,190
1075,539,107,190
1075,539,107,190
1075,539,107,190
1075,539,107,190
1075,539,107,190
1075,539,107,190
1075,539,107,190
1075,539,107,190
1075,539,107,190
1075,539,107,190
1075,539,107,190
1075,539,107,190
1075,539,107,190
1079,542,105,187
1079,542,105,187
1079,542,105,187
1079,542,105,187
1079,542,105,187
1079,542,105,187
1079,542,105,187
1079,542,105,187
1079,542,105,187
1079,542,105,187
1079,542,105,187
1079,542,105,187
1079,542,105,187
1079,542,105,187
1079,542,105,187
1077,539,107,190
1077,539,107,190
1077,539,107,190
1077,539,107,190
1077,539,107,190
1077,539,107,190
1077,539,107,190
1077,539,107,190
1077,539,107,190
1077,539,107,190
1077,539,107,190
1077,539,107,190
1077,539,107,190
1077,539,107,190
1077,539,107,190
1077,539,105,188
1077,539,105,188
1077,539,105,188
1077,539,105,188
1077,539,105,188
1077,539,105,188
1077,539,105,188
1077,539,105,188
1077,539,105,188
1077,539,105,188
1077,539,105,188
1077,539,105,188
1077,539,105,188
1077,539,105,188
1077,539,105,188
1081,539,101,192
1081,539,101,192
1081,539,101,192
1081,539,101,192
1081,539,101,192
1081,539,101,192
1081,539,101,192
1081,539,101,192
1081,539,101,192
1081,539,101,192
1081,539,101,192
1081,539,101,192
1081,539,101,192
1081,539,101,192
1081,539,101,192
1077,533,103,198
1077,531,103,200
1077,529,103,202
1077,527,103,204
1077,525,103,206
1077,523,103,208
1077,521,103,210
1077,519,103,212
1077,517,103,214
1077,515,103,216
1077,513,103,218
1077,511,103,220
1077,509,103,222
1077,507,103,224
1077,505,103,226
1077,508,105,221
1077,507,105,223
1077,506,105,225
1077,505,105,227
1077,504,105,229
1077,503,105,231
1077,502,105,233
1077,501,105,235
1077,500,105,237
1077,499,105,239
1077,498,105,241
1077,497,105,243
1077,496,105,245
1077,495,105,247
1077,494,105,249
1083,489,103,247
1082,487,103,249
1081,485,103,251
1080,483,103,253
1079,481,103,255
1078,479,103,257
1077,477,103,259
1076,475,103,261
1075,473,103,263
1074,471,103,265
1073,469,103,267
1072,467,103,269
1071,465,103,271
1070,463,103,273
1069,461,103,275
1073,458,96,276
1064,455,103,278
1055,452,110,280
1046,449,117,282
1037,446,124,284
1028,443,131,286
1019,440,138,288
1010,437,145,290
1001,434,152,292
992,431,159,294
983,428,166,296
974,425,173,298
965,422,180,300
956,419,187,302
947,416,194,304
931,413,208,305
