1191,140,186,450
1191,141,183,450
1191,142,180,450
1191,143,177,450
1191,144,174,450
1191,145,171,450
1191,146,168,450
1191,147,165,450
1191,148,162,450
1191,149,159,450
1191,150,156,450
1191,151,153,450
1191,152,150,450
1191,153,147,450
1191,154,144,450
1195,149,138,445
1192,149,142,445
1189,149,146,445
1186,149,150,445
1183,149,154,445
1180,149,158,445
1177,149,162,445
1174,149,166,445
1171,149,170,445
1168,149,174,445
1165,149,178,445
1162,149,182,445
1159,149,186,445
1156,149,190,445
1153,149,194,445
1149,146,199,452
1149,146,198,452
1149,146,197,452
1149,146,196,452
1149,146,195,452
1149,146,194,452
1149,146,193,452
1149,146,192,452
1149,146,191,452
1149,146,190,452
1149,146,189,452
1149,146,188,452
1149,146,187,452
1149,146,186,452
1149,146,185,452
1149,140,181,456
1151,140,177,456
1153,140,173,456
1155,140,169,456
1157,140,165,456
1159,140,161,456
1161,140,157,456
1163,140,153,456
1165,140,149,456
1167,140,145,456
1169,140,141,456
1171,140,137,456
1173,140,133,456
1175,140,129,456
1177,140,125,456
1175,135,116,463
1172,134,118,462
1169,133,120,461
1166,132,122,460
1163,131,124,459
1160,130,126,458
1157,129,128,457
1154,128,130,456
1151,127,132,455
1148,126,134,454
1145,125,136,453
1142,124,138,452
1139,123,140,451
1136,122,142,450
1133,121,144,449
1129,124,151,450
1128,126,150,446
1127,128,149,442
1126,130,148,438
1125,132,147,434
1124,134,146,430
1123,136,145,426
1122,138,144,422
1121,140,143,418
1120,142,142,414
1119,144,141,410
1118,146,140,406
1117,148,139,402
1116,150,138,398
1115,152,137,394
1120,149,136,396
1119,154,135,390
1118,159,134,384
1117,164,133,378
1116,169,132,372
1115,174,131,366
1114,179,130,360
1113,184,129,354
1112,189,128,348
1111,194,127,342
1110,199,126,336
1109,204,125,330
1108,209,124,324
1107,214,123,318
1106,219,122,312
1107,229,120,309
1106,231,120,307
1105,233,120,305
1104,235,120,303
1103,237,120,301
1102,239,120,299
1101,241,120,297
1100,243,120,295
1099,245,120,293
1098,247,120,291
1097,249,120,289
1096,251,120,287
1095,253,120,285
1094,255,120,283
1093,257,120,281
1096,257,127,279
1095,258,127,278
1094,259,127,277
1093,260,127,276
1092,261,127,275
1091,262,127,274
1090,263,127,273
1089,264,127,272
1088,265,127,271
1087,266,127,270
1086,267,127,269
1085,268,127,268
1084,269,127,267
1083,270,127,266
1082,271,127,265
1078,266,131,268
1079,266,130,268
1080,266,129,268
1081,266,128,268
1082,266,127,268
1083,266,126,268
1084,266,125,268
1085,266,124,268
1086,266,123,268
1087,266,122,268
1088,266,121,268
1089,266,120,268
1090,266,119,268
1091,266,118,268
1092,266,117,268
1087,266,122,265
1087,267,122,264
1087,268,122,263
1087,269,122,262
1087,270,122,261
1087,271,122,260
1087,272,122,259
1087,273,122,258
1087,274,122,257
1087,275,122,256
1087,276,122,255
1087,277,122,254
1087,278,122,253
1087,279,122,252
1087,280,122,251
1081,274,124,255
1081,274,124,255
1081,274,124,255
1081,274,124,255
1081,274,124,255
1081,274,124,255
1081,274,124,255
1081,274,124,255
1081,274,124,255
1081,274,124,255
1081,274,124,255
1081,274,124,255
1081,274,124,255
1081,274,124,255
1081,274,124,255
1087,279,125,250
1087,279,124,250
1087,279,123,250
1087,279,122,250
1087,279,121,250
1087,279,120,250
1087,279,119,250
1087,279,118,250
1087,279,117,250
1087,279,116,250
1087,279,115,250
1087,279,114,250
1087,279,113,250
1087,279,112,250
1087,279,111,250
1094,281,109,252
1094,281,110,252
1094,281,111,252
1094,281,112,252
1094,281,113,252
1094,281,114,252
1094,281,115,252
1094,281,116,252
1094,281,117,252
1094,281,118,252
1094,281,119,252
1094,281,120,252
1094,281,121,252
1094,281,122,252
1094,281,123,252
1098,283,125,251
1098,283,125,250
1098,283,125,249
1098,283,125,248
1098,283,125,247
1098,283,125,246
1098,283,125,245
1098,283,125,244
1098,283,125,243
1098,283,125,242
1098,283,125,241
1098,283,125,240
1098,283,125,239
1098,283,125,238
1098,283,125,237
1092,290,131,241
1092,290,131,241
1092,290,131,241
1092,290,131,241
1092,290,131,241
1092,290,131,241
1092,290,131,241
1092,290,131,241
1092,290,131,241
1092,290,131,241
1092,290,131,241
1092,290,131,241
1092,290,131,241
1092,290,131,241
1092,290,131,241
1092,292,135,235
1091,292,136,235
1090,292,137,235
1089,292,138,235
1088,292,139,235
1087,292,140,235
1086,292,141,235
1085,292,142,235
1084,292,143,235
1083,292,144,235
1082,292,145,235
1081,292,146,235
1080,292,147,235
1079,292,148,235
1078,292,149,235
1074,294,153,239
1074,294,153,239
1074,294,153,239
1074,294,153,239
1074,294,153,239
1074,294,153,239
1074,294,153,239
1074,294,153,239
1074,294,153,239
1074,294,153,239
1074,294,153,239
1074,294,153,239
1074,294,153,239
1074,294,153,239
1074,294,153,239
1076,295,149,234
1077,295,147,234
1078,295,145,234
1079,295,143,234
1080,295,141,234
1081,295,139,234
1082,295,137,234
1083,295,135,234
1084,295,133,234
1085,295,131,234
1086,295,129,234
1087,295,127,234
1088,295,125,234
1089,295,123,234
1090,295,121,234
1094,294,124,237
1094,294,124,237
1094,294,124,237
1094,294,124,237
1094,294,124,237
1094,294,124,237
1094,294,124,237
1094,294,124,237
1094,294,124,237
1094,294,124,237
1094,294,124,237
1094,294,124,237
1094,294,124,237
1094,294,124,237
1094,294,124,237
1094,297,126,236
1094,297,126,236
1094,297,126,236
1094,297,126,236
1094,297,126,236
1094,297,126,236
1094,297,126,236
1094,297,126,236
1094,297,126,236
1094,297,126,236
1094,297,126,236
1094,297,126,236
1094,297,126,236
1094,297,126,236
1094,297,126,236
1094,297,120,230
1094,297,120,230
1094,297,120,230
1094,297,120,230
1094,297,120,230
1094,297,120,230
1094,297,120,230
1094,297,120,230
1094,297,120,230
1094,297,120,230
1094,297,120,230
1094,297,120,230
1094,297,120,230
1094,297,120,230
1094,297,120,230
1096,297,127,232
1096,297,127,232
1096,297,127,232
1096,297,127,232
1096,297,127,232
1096,297,127,232
1096,297,127,232
1096,297,127,232
1096,297,127,232
1096,297,127,232
1096,297,127,232
1096,297,127,232
1096,297,127,232
1096,297,127,232
1096,297,127,232
1094,299,122,234
1094,299,122,234
1094,299,122,234
1094,299,122,234
1094,299,122,234
1094,299,122,234
1094,299,122,234
1094,299,122,234
1094,299,122,234
1094,299,122,234
1094,299,122,234
1094,299,122,234
1094,299,122,234
1094,299,122,234
1094,299,122,234
1096,301,120,232
1096,301,120,232
1096,301,120,232
1096,301,120,232
1096,301,120,232
1096,301,120,232
1096,301,120,232
1096,301,120,232
1096,301,120,232
1096,301,120,232
1096,301,120,232
1096,301,120,232
1096,301,120,232
1096,301,120,232
1096,301,120,232
1100,303,118,226
1099,301,119,228
1098,299,120,230
1097,297,121,232
1096,295,122,234
1095,293,123,236
1094,291,124,238
1093,289,125,240
1092,287,126,242
1091,285,127,244
1090,283,128,246
1089,281,129,248
1088,279,130,250
1087,277,131,252
1086,275,132,254
1087,275,136,259
1088,273,135,261
1089,271,134,263
1090,269,133,265
1091,267,132,267
1092,265,131,269
1093,263,130,271
1094,261,129,273
1095,259,128,275
1096,257,127,277
1097,255,126,279
1098,253,125,281
1099,251,124,283
1100,249,123,285
1101,247,122,287
1098,247,125,287
1098,246,125,288
1098,245,125,289
1098,244,125,290
1098,243,125,291
1098,242,125,292
1098,241,125,293
1098,240,125,294
1098,239,125,295
1098,238,125,296
1098,237,125,297
1098,236,125,298
1098,235,125,299
1098,234,125,300
1098,233,125,301
1098,229,120,309
1092,224,125,312
1086,219,130,315
1080,214,135,318
1074,209,140,321
1068,204,145,324
1062,199,150,327
1056,194,155,330
1050,189,160,333
1044,184,165,336
1038,179,170,339
1032,174,175,342
1026,169,180,345
1020,164,185,348
1014,159,190,351
1008,149,195,353
995,146,195,356
982,143,195,359
969,140,195,362
956,137,195,365
943,134,195,368
930,131,195,371
917,128,195,374
904,125,195,377
891,122,195,380
878,119,195,383
865,116,195,386
852,113,195,389
839,110,195,392
826,107,195,395
816,110,197,403
