1278,463,138,325
1275,463,136,326
1272,463,134,327
1269,463,132,328
1266,463,130,329
1263,463,128,330
1260,463,126,331
1257,463,124,332
1254,463,122,333
1251,463,120,334
1248,463,118,335
1245,463,116,336
1242,463,114,337
1239,463,112,338
1236,463,110,339
1229,466,106,334
1228,466,107,334
1227,466,108,334
1226,466,109,334
1225,466,110,334
1224,466,111,334
1223,466,112,334
1222,466,113,334
1221,466,114,334
1220,466,115,334
1219,466,116,334
1218,466,117,334
1217,466,118,334
1216,466,119,334
1215,466,120,334
1207,470,117,332
1206,470,117,332
1205,470,117,332
1204,470,117,332
1203,470,117,332
1202,470,117,332
1201,470,117,332
1200,470,117,332
1199,470,117,332
1198,470,117,332
1197,470,117,332
1196,470,117,332
1195,470,117,332
1194,470,117,332
1193,470,117,332
1194,470,114,334
1194,470,112,334
1194,470,110,334
1194,470,108,334
1194,470,106,334
1194,470,104,334
1194,470,102,334
1194,470,100,334
1194,470,98,334
1194,470,96,334
1194,470,94,334
1194,470,92,334
1194,470,90,334
1194,470,88,334
1194,470,86,334
1200,464,77,340
1197,464,79,338
1194,464,81,336
1191,464,83,334
1188,464,85,332
1185,464,87,330
1182,464,89,328
1179,464,91,326
1176,464,93,324
1173,464,95,322
1170,464,97,320
1167,464,99,318
1164,464,101,316
1161,464,103,314
1158,464,105,312
1158,466,112,305
1157,473,110,297
1156,480,108,289
1155,487,106,281
1154,494,104,273
1153,501,102,265
1152,508,100,257
1151,515,98,249
1150,522,96,241
1149,529,94,233
1148,536,92,225
1147,543,90,217
1146,550,88,209
1145,557,86,201
1144,564,84,193
1140,571,88,189
1140,571,88,189
1140,571,88,189
1140,571,88,189
1140,571,88,189
1140,571,88,189
1140,571,88,189
1140,571,88,189
1140,571,88,189
1140,571,88,189
1140,571,88,189
1140,571,88,189
1140,571,88,189
1140,571,88,189
1140,571,88,189
1138,571,90,189
1138,572,90,188
1138,573,90,187
1138,574,90,186
1138,575,90,185
1138,576,90,184
1138,577,90,183
1138,578,90,182
1138,579,90,181
1138,580,90,180
1138,581,90,179
1138,582,90,178
1138,583,90,177
1138,584,90,176
1138,585,90,175
1142,580,90,178
1142,580,90,179
1142,580,90,180
1142,580,90,181
1142,580,90,182
1142,580,90,183
1142,580,90,184
1142,580,90,185
1142,580,90,186
1142,580,90,187
1142,580,90,188
1142,580,90,189
1142,580,90,190
1142,580,90,191
1142,580,90,192
1145,575,90,187
1145,576,90,186
1145,577,90,185
1145,578,90,184
1145,579,90,183
1145,580,90,182
1145,581,90,181
1145,582,90,180
1145,583,90,179
1145,584,90,178
1145,585,90,177
1145,586,90,176
1145,587,90,175
1145,588,90,174
1145,589,90,173
1149,584,93,176
1149,584,94,176
1149,584,95,176
1149,584,96,176
1149,584,97,176
1149,584,98,176
1149,584,99,176
1149,584,100,176
1149,584,101,176
1149,584,102,176
1149,584,103,176
1149,584,104,176
1149,584,105,176
1149,584,106,176
1149,584,107,176
1145,585,101,177
1144,585,102,177
1143,585,103,177
1142,585,104,177
1141,585,105,177
1140,585,106,177
1139,585,107,177
1138,585,108,177
1137,585,109,177
1136,585,110,177
1135,585,111,177
1134,585,112,177
1133,585,113,177
1132,585,114,177
1131,585,115,177
1131,587,115,177
1132,587,114,177
1133,587,113,177
1134,587,112,177
1135,587,111,177
1136,587,110,177
1137,587,109,177
1138,587,108,177
1139,587,107,177
1140,587,106,177
1141,587,105,177
1142,587,104,177
1143,587,103,177
1144,587,102,177
1145,587,101,177
1147,585,95,177
1147,585,95,177
1147,585,95,177
1147,585,95,177
1147,585,95,177
1147,585,95,177
1147,585,95,177
1147,585,95,177
1147,585,95,177
1147,585,95,177
1147,585,95,177
1147,585,95,177
1147,585,95,177
1147,585,95,177
1147,585,95,177
1147,587,94,178
1147,587,94,178
1147,587,94,178
1147,587,94,178
1147,587,94,178
1147,587,94,178
1147,587,94,178
1147,587,94,178
1147,587,94,178
1147,587,94,178
1147,587,94,178
1147,587,94,178
1147,587,94,178
1147,587,94,178
1147,587,94,178
1147,592,90,172
1147,592,90,172
1147,592,90,172
1147,592,90,172
1147,592,90,172
1147,592,90,172
1147,592,90,172
1147,592,90,172
1147,592,90,172
1147,592,90,172
1147,592,90,172
1147,592,90,172
1147,592,90,172
1147,592,90,172
1147,592,90,172
1149,587,90,177
1149,587,90,177
1149,587,90,177
1149,587,90,177
1149,587,90,177
1149,587,90,177
1149,587,90,177
1149,587,90,177
1149,587,90,177
1149,587,90,177
1149,587,90,177
1149,587,90,177
1149,587,90,177
1149,587,90,177
1149,587,90,177
1151,591,86,171
1151,591,86,171
1151,591,86,171
1151,591,86,171
1151,591,86,171
1151,591,86,171
1151,591,86,171
1151,591,86,171
1151,591,86,171
1151,591,86,171
1151,591,86,171
1151,591,86,171
1151,591,86,171
1151,591,86,171
1151,591,86,171
1149,589,84,171
1149,588,84,173
1149,587,84,175
1149,586,84,177
1149,585,84,179
1149,584,84,181
1149,583,84,183
1149,582,84,185
1149,581,84,187
1149,580,84,189
1149,579,84,191
1149,578,84,193
1149,577,84,195
1149,576,84,197
1149,575,84,199
1149,568,90,196
1149,566,90,198
1149,564,90,200
1149,562,90,202
1149,560,90,204
1149,558,90,206
1149,556,90,208
1149,554,90,210
1149,552,90,212
1149,550,90,214
1149,548,90,216
1149,546,90,218
1149,544,90,220
1149,542,90,222
1149,540,90,224
1149,542,93,222
1145,539,96,224
1141,536,99,226
1137,533,102,228
1133,530,105,230
1129,527,108,232
1125,524,111,234
1121,521,114,236
1117,518,117,238
1113,515,120,240
1109,512,123,242
1105,509,126,244
1101,506,129,246
1097,503,132,248
1093,500,135,250
1089,491,141,259
1076,490,144,261
1063,489,147,263
1050,488,150,265
1037,487,153,267
1024,486,156,269
1011,485,159,271
998,484,162,273
985,483,165,275
972,482,168,277
959,481,171,279
946,480,174,281
933,479,177,283
920,478,180,285
907,477,183,287
897,473,179,294
884,473,175,295
871,473,171,296
858,473,167,297
845,473,163,298
832,473,159,299
819,473,155,300
806,473,151,301
793,473,147,302
780,473,143,303
767,473,139,304
754,473,135,305
741,473,131,306
728,473,127,307
715,473,123,308
699,475,117,308
