1266,446,110,310
1263,446,108,310
1260,446,106,310
1257,446,104,310
1254,446,102,310
1251,446,100,310
1248,446,98,310
1245,446,96,310
1242,446,94,310
1239,446,92,310
1236,446,90,310
1233,446,88,310
1230,446,86,310
1227,446,84,310
1224,446,82,310
1227,443,79,311
1223,443,80,311
1219,443,81,311
1215,443,82,311
1211,443,83,311
1207,443,84,311
1203,443,85,311
1199,443,86,311
1195,443,87,311
1191,443,88,311
1187,443,89,311
1183,443,90,311
1179,443,91,311
1175,443,92,311
1171,443,93,311
1171,448,101,315
1169,448,104,315
1167,448,107,315
1165,448,110,315
1163,448,113,315
1161,448,116,315
1159,448,119,315
1157,448,122,315
1155,448,125,315
1153,448,128,315
1151,448,131,315
1149,448,134,315
1147,448,137,315
1145,448,140,315
1143,448,143,315
1134,446,142,320
1134,446,141,320
1134,446,140,320
1134,446,139,320
1134,446,138,320
1134,446,137,320
1134,446,136,320
1134,446,135,320
1134,446,134,320
1134,446,133,320
1134,446,132,320
1134,446,131,320
1134,446,130,320
1134,446,129,320
1134,446,128,320
1134,446,128,322
1136,446,124,322
1138,446,120,322
1140,446,116,322
1142,446,112,322
1144,446,108,322
1146,446,104,322
1148,446,100,322
1150,446,96,322
1152,446,92,322
1154,446,88,322
1156,446,84,322
1158,446,80,322
1160,446,76,322
1162,446,72,322
1157,441,73,327
1155,441,75,325
1153,441,77,323
1151,441,79,321
1149,441,81,319
1147,441,83,317
1145,441,85,315
1143,441,87,313
1141,441,89,311
1139,441,91,309
1137,441,93,307
1135,441,95,305
1133,441,97,303
1131,441,99,301
1129,441,101,299
1127,441,96,302
1126,443,95,300
1125,445,94,298
1124,447,93,296
1123,449,92,294
1122,451,91,292
1121,453,90,290
1120,455,89,288
1119,457,88,286
1118,459,87,284
1117,461,86,282
1116,463,85,280
1115,465,84,278
1114,467,83,276
1113,469,82,274
1115,466,83,265
1114,470,83,261
1113,474,83,257
1112,478,83,253
1111,482,83,249
1110,486,83,245
1109,490,83,241
1108,494,83,237
1107,498,83,233
1106,502,83,229
1105,506,83,225
1104,510,83,221
1103,514,83,217
1102,518,83,213
1101,522,83,209
1100,523,82,204
1099,524,82,203
1098,525,82,202
1097,526,82,201
1096,527,82,200
1095,528,82,199
1094,529,82,198
1093,530,82,197
1092,531,82,196
1091,532,82,195
1090,533,82,194
1089,534,82,193
1088,535,82,192
1087,536,82,191
1086,537,82,190
1090,540,82,182
1090,540,82,182
1090,540,82,182
1090,540,82,182
1090,540,82,182
1090,540,82,182
1090,540,82,182
1090,540,82,182
1090,540,82,182
1090,540,82,182
1090,540,82,182
1090,540,82,182
1090,540,82,182
1090,540,82,182
1090,540,82,182
1088,538,86,185
1088,538,86,184
1088,538,86,183
1088,538,86,182
1088,538,86,181
1088,538,86,180
1088,538,86,179
1088,538,86,178
1088,538,86,177
1088,538,86,176
1088,538,86,175
1088,538,86,174
1088,538,86,173
1088,538,86,172
1088,538,86,171
1083,545,89,177
1083,545,89,177
1083,545,89,177
1083,545,89,177
1083,545,89,177
1083,545,89,177
1083,545,89,177
1083,545,89,177
1083,545,89,177
1083,545,89,177
1083,545,89,177
1083,545,89,177
1083,545,89,177
1083,545,89,177
1083,545,89,177
1088,548,84,179
1088,548,84,179
1088,548,84,179
1088,548,84,179
1088,548,84,179
1088,548,84,179
1088,548,84,179
1088,548,84,179
1088,548,84,179
1088,548,84,179
1088,548,84,179
1088,548,84,179
1088,548,84,179
1088,548,84,179
1088,548,84,179
1090,553,82,175
1090,553,83,175
1090,553,84,175
1090,553,85,175
1090,553,86,175
1090,553,87,175
1090,553,88,175
1090,553,89,175
1090,553,90,175
1090,553,91,175
1090,553,92,175
1090,553,93,175
1090,553,94,175
1090,553,95,175
1090,553,96,175
1092,553,90,175
1092,553,90,175
1092,553,90,175
1092,553,90,175
1092,553,90,175
1092,553,90,175
1092,553,90,175
1092,553,90,175
1092,553,90,175
1092,553,90,175
1092,553,90,175
1092,553,90,175
1092,553,90,175
1092,553,90,175
1092,553,90,175
1088,553,94,172
1088,553,94,172
1088,553,94,172
1088,553,94,172
1088,553,94,172
1088,553,94,172
1088,553,94,172
1088,553,94,172
1088,553,94,172
1088,553,94,172
1088,553,94,172
1088,553,94,172
1088,553,94,172
1088,553,94,172
1088,553,94,172
1088,556,96,166
1087,556,97,166
1086,556,98,166
1085,556,99,166
1084,556,100,166
1083,556,101,166
1082,556,102,166
1081,556,103,166
1080,556,104,166
1079,556,105,166
1078,556,106,166
1077,556,107,166
1076,556,108,166
1075,556,109,166
1074,556,110,166
1074,560,114,167
1075,560,113,167
1076,560,112,167
1077,560,111,167
1078,560,110,167
1079,560,109,167
1080,560,108,167
1081,560,107,167
1082,560,106,167
1083,560,105,167
1084,560,104,167
1085,560,103,167
1086,560,102,167
1087,560,101,167
1088,560,100,167
1090,558,96,165
1090,558,96,165
1090,558,96,165
1090,558,96,165
1090,558,96,165
1090,558,96,165
1090,558,96,165
1090,558,96,165
1090,558,96,165
1090,558,96,165
1090,558,96,165
1090,558,96,165
1090,558,96,165
1090,558,96,165
1090,558,96,165
1092,560,90,165
1092,560,90,165
1092,560,90,165
1092,560,90,165
1092,560,90,165
1092,560,90,165
1092,560,90,165
1092,560,90,165
1092,560,90,165
1092,560,90,165
1092,560,90,165
1092,560,90,165
1092,560,90,165
1092,560,90,165
1092,560,90,165
1093,561,88,161
1093,561,88,162
1093,561,88,163
1093,561,88,164
1093,561,88,165
1093,561,88,166
1093,561,88,167
1093,561,88,168
1093,561,88,169
1093,561,88,170
1093,561,88,171
1093,561,88,172
1093,561,88,173
1093,561,88,174
1093,561,88,175
1092,558,90,169
1092,558,90,169
1092,558,90,169
1092,558,90,169
1092,558,90,169
1092,558,90,169
1092,558,90,169
1092,558,90,169
1092,558,90,169
1092,558,90,169
1092,558,90,169
1092,558,90,169
1092,558,90,169
1092,558,90,169
1092,558,90,169
1095,560,84,167
1095,560,84,166
1095,560,84,165
1095,560,84,164
1095,560,84,163
1095,560,84,162
1095,560,84,161
1095,560,84,160
1095,560,84,159
1095,560,84,158
1095,560,84,157
1095,560,84,156
1095,560,84,155
1095,560,84,154
1095,560,84,153
1092,565,85,158
1092,565,85,158
1092,565,85,158
1092,565,85,158
1092,565,85,158
1092,565,85,158
1092,565,85,158
1092,565,85,158
1092,565,85,158
1092,565,85,158
1092,565,85,158
1092,565,85,158
1092,565,85,158
1092,565,85,158
1092,565,85,158
1093,561,82,162
1093,560,82,163
1093,559,82,164
1093,558,82,165
1093,557,82,166
1093,556,82,167
1093,555,82,168
1093,554,82,169
1093,553,82,170
1093,552,82,171
1093,551,82,172
1093,550,82,173
1093,549,82,174
1093,548,82,175
1093,547,82,176
1095,548,86,174
1095,546,86,176
1095,544,86,178
1095,542,86,180
1095,540,86,182
1095,538,86,184
1095,536,86,186
1095,534,86,188
1095,532,86,190
1095,530,86,192
1095,528,86,194
1095,526,86,196
1095,524,86,198
1095,522,86,200
1095,520,86,202
1102,525,84,200
1102,523,83,202
1102,521,82,204
1102,519,81,206
1102,517,80,208
1102,515,79,210
1102,513,78,212
1102,511,77,214
1102,509,76,216
1102,507,75,218
1102,505,74,220
1102,503,73,222
1102,501,72,224
1102,499,71,226
1102,497,70,228
1100,499,75,226
