1148,22,93,163
1143,22,93,163
1138,22,93,163
1133,22,93,163
1128,22,93,163
1123,22,93,163
1118,22,93,163
1113,22,93,163
1108,22,93,163
1103,22,93,163
1098,22,93,163
1093,22,93,163
1088,22,93,163
1083,22,93,163
1078,22,93,163
1080,16,93,166
1076,16,92,166
1072,16,91,166
1068,16,90,166
1064,16,89,166
1060,16,88,166
1056,16,87,166
1052,16,86,166
1048,16,85,166
1044,16,84,166
1040,16,83,166
1036,16,82,166
1032,16,81,166
1028,16,80,166
1024,16,79,166
1016,13,85,162
1013,13,84,162
1010,13,83,162
1007,13,82,162
1004,13,81,162
1001,13,80,162
998,13,79,162
995,13,78,162
992,13,77,162
989,13,76,162
986,13,75,162
983,13,74,162
980,13,73,162
977,13,72,162
974,13,71,162
971,15,70,155
967,15,70,155
963,15,70,155
959,15,70,155
955,15,70,155
951,15,70,155
947,15,70,155
943,15,70,155
939,15,70,155
935,15,70,155
931,15,70,155
927,15,70,155
923,15,70,155
919,15,70,155
915,15,70,155
914,13,77,150
911,13,76,150
908,13,75,150
905,13,74,150
902,13,73,150
899,13,72,150
896,13,71,150
893,13,70,150
890,13,69,150
887,13,68,150
884,13,67,150
881,13,66,150
878,13,65,150
875,13,64,150
872,13,63,150
876,15,61,145
871,15,62,145
866,15,63,145
861,15,64,145
856,15,65,145
851,15,66,145
846,15,67,145
841,15,68,145
836,15,69,145
831,15,70,145
826,15,71,145
821,15,72,145
816,15,73,145
811,15,74,145
806,15,75,145
808,15,78,138
805,15,76,138
802,15,74,138
799,15,72,138
796,15,70,138
793,15,68,138
790,15,66,138
787,15,64,138
784,15,62,138
781,15,60,138
778,15,58,138
775,15,56,138
772,15,54,138
769,15,52,138
766,15,50,138
767,22,55,136
765,23,55,137
763,24,55,138
761,25,55,139
759,26,55,140
757,27,55,141
755,28,55,142
753,29,55,143
751,30,55,144
749,31,55,145
747,32,55,146
745,33,55,147
743,34,55,148
741,35,55,149
739,36,55,150
730,40,49,144
728,41,50,144
726,42,51,144
724,43,52,144
722,44,53,144
720,45,54,144
718,46,55,144
716,47,56,144
714,48,57,144
712,49,58,144
710,50,59,144
708,51,60,144
706,52,61,144
704,53,62,144
702,54,63,144
695,61,58,146
692,63,58,145
689,65,58,144
686,67,58,143
683,69,58,142
680,71,58,141
677,73,58,140
674,75,58,139
671,77,58,138
668,79,58,137
665,81,58,136
662,83,58,135
659,85,58,134
656,87,58,133
653,89,58,132
649,88,58,136
647,88,58,137
645,88,58,138
643,88,58,139
641,88,58,140
639,88,58,141
637,88,58,142
635,88,58,143
633,88,58,144
631,88,58,145
629,88,58,146
627,88,58,147
625,88,58,148
623,88,58,149
621,88,58,150
614,91,57,149
613,91,57,150
612,91,57,151
611,91,57,152
610,91,57,153
609,91,57,154
608,91,57,155
607,91,57,156
606,91,57,157
605,91,57,158
604,91,57,159
603,91,57,160
602,91,57,161
601,91,57,162
600,91,57,163
594,96,53,157
594,97,53,157
594,98,53,157
594,99,53,157
594,100,53,157
594,101,53,157
594,102,53,157
594,103,53,157
594,104,53,157
594,105,53,157
594,106,53,157
594,107,53,157
594,108,53,157
594,109,53,157
594,110,53,157
587,108,54,160
587,109,54,161
587,110,54,162
587,111,54,163
587,112,54,164
587,113,54,165
587,114,54,166
587,115,54,167
587,116,54,168
587,117,54,169
587,118,54,170
587,119,54,171
587,120,54,172
587,121,54,173
587,122,54,174
589,116,59,169
591,116,59,170
593,116,59,171
595,116,59,172
597,116,59,173
599,116,59,174
601,116,59,175
603,116,59,176
605,116,59,177
607,116,59,178
609,116,59,179
611,116,59,180
613,116,59,181
615,116,59,182
617,116,59,183
622,122,56,184
624,124,58,183
626,126,60,182
628,128,62,181
630,130,64,180
632,132,66,179
634,134,68,178
636,136,70,177
638,138,72,176
640,140,74,175
642,142,76,174
644,144,78,173
646,146,80,172
648,148,82,171
650,150,84,170
655,150,84,169
657,153,85,167
659,156,86,165
661,159,87,163
663,162,88,161
665,165,89,159
667,168,90,157
669,171,91,155
671,174,92,153
673,177,93,151
675,180,94,149
677,183,95,147
679,186,96,145
681,189,97,143
683,192,98,141
679,189,93,142
679,190,93,142
679,191,93,142
679,192,93,142
679,193,93,142
679,194,93,142
679,195,93,142
679,196,93,142
679,197,93,142
679,198,93,142
679,199,93,142
679,200,93,142
679,201,93,142
679,202,93,142
679,203,93,142
686,201,99,135
686,201,99,135
686,201,99,135
686,201,99,135
686,201,99,135
686,201,99,135
686,201,99,135
686,201,99,135
686,201,99,135
686,201,99,135
686,201,99,135
686,201,99,135
686,201,99,135
686,201,99,135
686,201,99,135
688,200,95,136
688,200,95,136
688,200,95,136
688,200,95,136
688,200,95,136
688,200,95,136
688,200,95,136
688,200,95,136
688,200,95,136
688,200,95,136
688,200,95,136
688,200,95,136
688,200,95,136
688,200,95,136
688,200,95,136
690,200,93,133
690,200,93,133
690,200,93,133
690,200,93,133
690,200,93,133
690,200,93,133
690,200,93,133
690,200,93,133
690,200,93,133
690,200,93,133
690,200,93,133
690,200,93,133
690,200,93,133
690,200,93,133
690,200,93,133
686,203,97,135
686,203,97,135
686,203,97,135
686,203,97,135
686,203,97,135
686,203,97,135
686,203,97,135
686,203,97,135
686,203,97,135
686,203,97,135
686,203,97,135
686,203,97,135
686,203,97,135
686,203,97,135
686,203,97,135
690,205,93,131
690,205,93,131
690,205,93,131
690,205,93,131
690,205,93,131
690,205,93,131
690,205,93,131
690,205,93,131
690,205,93,131
690,205,93,131
690,205,93,131
690,205,93,131
690,205,93,131
690,205,93,131
690,205,93,131
690,205,97,133
690,205,97,133
690,205,97,133
690,205,97,133
690,205,97,133
690,205,97,133
690,205,97,133
690,205,97,133
690,205,97,133
690,205,97,133
690,205,97,133
690,205,97,133
690,205,97,133
690,205,97,133
690,205,97,133
693,206,95,132
693,206,95,132
693,206,95,132
693,206,95,132
693,206,95,132
693,206,95,132
693,206,95,132
693,206,95,132
693,206,95,132
693,206,95,132
693,206,95,132
693,206,95,132
693,206,95,132
693,206,95,132
693,206,95,132
688,206,97,128
688,206,97,128
688,206,97,128
688,206,97,128
688,206,97,128
688,206,97,128
688,206,97,128
688,206,97,128
688,206,97,128
688,206,97,128
688,206,97,128
688,206,97,128
688,206,97,128
688,206,97,128
688,206,97,128
692,203,93,131
692,203,93,131
692,203,93,131
692,203,93,131
692,203,93,131
692,203,93,131
692,203,93,131
692,203,93,131
692,203,93,131
692,203,93,131
692,203,93,131
692,203,93,131
692,203,93,131
692,203,93,131
692,203,93,131
688,205,91,129
688,202,90,132
688,199,89,135
688,196,88,138
688,193,87,141
688,190,86,144
688,187,85,147
688,184,84,150
688,181,83,153
688,178,82,156
688,175,81,159
688,172,80,162
688,169,79,165
688,166,78,168
688,163,77,171
686,166,77,172
685,165,77,174
684,164,77,176
683,163,77,178
682,162,77,180
681,161,77,182
680,160,77,184
679,159,77,186
678,158,77,188
677,157,77,190
676,156,77,192
675,155,77,194
674,154,77,196
673,153,77,198
672,152,77,200
671,152,71,198
671,153,72,198
671,154,73,198
671,155,74,198
671,156,75,198
671,157,76,198
671,158,77,198
671,159,78,198
671,160,79,198
671,161,80,198
671,162,81,198
671,163,82,198
671,164,83,198
671,165,84,198
671,166,85,198
675,164,84,201
