1078,259,68,142
1074,259,68,142
1070,259,68,142
1066,259,68,142
1062,259,68,142
1058,259,68,142
1054,259,68,142
1050,259,68,142
1046,259,68,142
1042,259,68,142
1038,259,68,142
1034,259,68,142
1030,259,68,142
1026,259,68,142
1022,259,68,142
1011,252,66,147
1007,252,65,147
1003,252,64,147
999,252,63,147
995,252,62,147
991,252,61,147
987,252,60,147
983,252,59,147
979,252,58,147
975,252,57,147
971,252,56,147
967,252,55,147
963,252,54,147
959,252,53,147
955,252,52,147
950,252,50,147
946,252,50,147
942,252,50,147
938,252,50,147
934,252,50,147
930,252,50,147
926,252,50,147
922,252,50,147
918,252,50,147
914,252,50,147
910,252,50,147
906,252,50,147
902,252,50,147
898,252,50,147
894,252,50,147
891,252,56,144
888,252,55,144
885,252,54,144
882,252,53,144
879,252,52,144
876,252,51,144
873,252,50,144
870,252,49,144
867,252,48,144
864,252,47,144
861,252,46,144
858,252,45,144
855,252,44,144
852,252,43,144
849,252,42,144
845,250,43,138
842,250,44,138
839,250,45,138
836,250,46,138
833,250,47,138
830,250,48,138
827,250,49,138
824,250,50,138
821,250,51,138
818,250,52,138
815,250,53,138
812,250,54,138
809,250,55,138
806,250,56,138
803,250,57,138
794,252,52,133
790,252,52,133
786,252,52,133
782,252,52,133
778,252,52,133
774,252,52,133
770,252,52,133
766,252,52,133
762,252,52,133
758,252,52,133
754,252,52,133
750,252,52,133
746,252,52,133
742,252,52,133
738,252,52,133
739,254,50,131
736,254,50,131
733,254,50,131
730,254,50,131
727,254,50,131
724,254,50,131
721,254,50,131
718,254,50,131
715,254,50,131
712,254,50,131
709,254,50,131
706,254,50,131
703,254,50,131
700,254,50,131
697,254,50,131
688,259,48,124
685,260,48,124
682,261,48,124
679,262,48,124
676,263,48,124
673,264,48,124
670,265,48,124
667,266,48,124
664,267,48,124
661,268,48,124
658,269,48,124
655,270,48,124
652,271,48,124
649,272,48,124
646,273,48,124
648,279,45,131
646,280,46,131
644,281,47,131
642,282,48,131
640,283,49,131
638,284,50,131
636,285,51,131
634,286,52,131
632,287,53,131
630,288,54,131
628,289,55,131
626,290,56,131
624,291,57,131
622,292,58,131
620,293,59,131
613,299,54,125
610,301,54,125
607,303,54,125
604,305,54,125
601,307,54,125
598,309,54,125
595,311,54,125
592,313,54,125
589,315,54,125
586,317,54,125
583,319,54,125
580,321,54,125
577,323,54,125
574,325,54,125
571,327,54,125
574,322,50,126
572,322,50,127
570,322,50,128
568,322,50,129
566,322,50,130
564,322,50,131
562,322,50,132
560,322,50,133
558,322,50,134
556,322,50,135
554,322,50,136
552,322,50,137
550,322,50,138
548,322,50,139
546,322,50,140
546,324,52,138
545,325,51,138
544,326,50,138
543,327,49,138
542,328,48,138
541,329,47,138
540,330,46,138
539,331,45,138
538,332,44,138
537,333,43,138
536,334,42,138
535,335,41,138
534,336,40,138
533,337,39,138
532,338,38,138
536,333,44,140
536,333,45,141
536,333,46,142
536,333,47,143
536,333,48,144
536,333,49,145
536,333,50,146
536,333,51,147
536,333,52,148
536,333,53,149
536,333,54,150
536,333,55,151
536,333,56,152
536,333,57,153
536,333,58,154
532,337,54,154
533,338,54,154
534,339,54,154
535,340,54,154
536,341,54,154
537,342,54,154
538,343,54,154
539,344,54,154
540,345,54,154
541,346,54,154
542,347,54,154
543,348,54,154
544,349,54,154
545,350,54,154
546,351,54,154
548,351,60,158
551,352,60,158
554,353,60,158
557,354,60,158
560,355,60,158
563,356,60,158
566,357,60,158
569,358,60,158
572,359,60,158
575,360,60,158
578,361,60,158
581,362,60,158
584,363,60,158
587,364,60,158
590,365,60,158
595,366,56,163
597,369,58,161
599,372,60,159
601,375,62,157
603,378,64,155
605,381,66,153
607,384,68,151
609,387,70,149
611,390,72,147
613,393,74,145
615,396,76,143
617,399,78,141
619,402,80,139
621,405,82,137
623,408,84,135
619,404,84,136
620,405,85,135
621,406,86,134
622,407,87,133
623,408,88,132
624,409,89,131
625,410,90,130
626,411,91,129
627,412,92,128
628,413,93,127
629,414,94,126
630,415,95,125
631,416,96,124
632,417,97,123
633,418,98,122
627,418,97,124
627,418,96,124
627,418,95,124
627,418,94,124
627,418,93,124
627,418,92,124
627,418,91,124
627,418,90,124
627,418,89,124
627,418,88,124
627,418,87,124
627,418,86,124
627,418,85,124
627,418,84,124
627,418,83,124
629,423,85,119
629,423,85,119
629,423,85,119
629,423,85,119
629,423,85,119
629,423,85,119
629,423,85,119
629,423,85,119
629,423,85,119
629,423,85,119
629,423,85,119
629,423,85,119
629,423,85,119
629,423,85,119
629,423,85,119
631,422,87,120
631,422,87,120
631,422,87,120
631,422,87,120
631,422,87,120
631,422,87,120
631,422,87,120
631,422,87,120
631,422,87,120
631,422,87,120
631,422,87,120
631,422,87,120
631,422,87,120
631,422,87,120
631,422,87,120
633,422,83,121
633,422,83,121
633,422,83,121
633,422,83,121
633,422,83,121
633,422,83,121
633,422,83,121
633,422,83,121
633,422,83,121
633,422,83,121
633,422,83,121
633,422,83,121
633,422,83,121
633,422,83,121
633,422,83,121
629,423,89,122
629,423,89,122
629,423,89,122
629,423,89,122
629,423,89,122
629,423,89,122
629,423,89,122
629,423,89,122
629,423,89,122
629,423,89,122
629,423,89,122
629,423,89,122
629,423,89,122
629,423,89,122
629,423,89,122
629,427,89,115
629,427,89,115
629,427,89,115
629,427,89,115
629,427,89,115
629,427,89,115
629,427,89,115
629,427,89,115
629,427,89,115
629,427,89,115
629,427,89,115
629,427,89,115
629,427,89,115
629,427,89,115
629,427,89,115
631,427,87,113
631,427,87,114
631,427,87,115
631,427,87,116
631,427,87,117
631,427,87,118
631,427,87,119
631,427,87,120
631,427,87,121
631,427,87,122
631,427,87,123
631,427,87,124
631,427,87,125
631,427,87,126
631,427,87,127
631,420,85,122
631,420,85,122
631,420,85,122
631,420,85,122
631,420,85,122
631,420,85,122
631,420,85,122
631,420,85,122
631,420,85,122
631,420,85,122
631,420,85,122
631,420,85,122
631,420,85,122
631,420,85,122
631,420,85,122
631,422,83,120
631,420,82,122
631,418,81,124
631,416,80,126
631,414,79,128
631,412,78,130
631,410,77,132
631,408,76,134
631,406,75,136
631,404,74,138
631,402,73,140
631,400,72,142
631,398,71,144
631,396,70,146
631,394,69,148
627,387,74,156
626,386,74,157
625,385,74,158
624,384,74,159
623,383,74,160
622,382,74,161
621,381,74,162
620,380,74,163
619,379,74,164
618,378,74,165
617,377,74,166
616,376,74,167
615,375,74,168
614,374,74,169
613,373,74,170
615,376,68,176
