1112,372,87,208
1106,372,88,208
1100,372,89,208
1094,372,90,208
1088,372,91,208
1082,372,92,208
1076,372,93,208
1070,372,94,208
1064,372,95,208
1058,372,96,208
1052,372,97,208
1046,372,98,208
1040,372,99,208
1034,372,100,208
1028,372,101,208
1018,369,97,204
1011,369,96,204
1004,369,95,204
997,369,94,204
990,369,93,204
983,369,92,204
976,369,91,204
969,369,90,204
962,369,89,204
955,369,88,204
948,369,87,204
941,369,86,204
934,369,85,204
927,369,84,204
920,369,83,204
918,362,78,200
912,362,77,200
906,362,76,200
900,362,75,200
894,362,74,200
888,362,73,200
882,362,72,200
876,362,71,200
870,362,70,200
864,362,69,200
858,362,68,200
852,362,67,200
846,362,66,200
840,362,65,200
834,362,64,200
832,356,70,201
828,356,70,201
824,356,70,201
820,356,70,201
816,356,70,201
812,356,70,201
808,356,70,201
804,356,70,201
800,356,70,201
796,356,70,201
792,356,70,201
788,356,70,201
784,356,70,201
780,356,70,201
776,356,70,201
774,351,75,196
770,351,75,196
766,351,75,196
762,351,75,196
758,351,75,196
754,351,75,196
750,351,75,196
746,351,75,196
742,351,75,196
738,351,75,196
734,351,75,196
730,351,75,196
726,351,75,196
722,351,75,196
718,351,75,196
715,348,73,190
711,349,73,189
707,350,73,188
703,351,73,187
699,352,73,186
695,353,73,185
691,354,73,184
687,355,73,183
683,356,73,182
679,357,73,181
675,358,73,180
671,359,73,179
667,360,73,178
663,361,73,177
659,362,73,176
652,356,68,175
646,356,67,175
640,356,66,175
634,356,65,175
628,356,64,175
622,356,63,175
616,356,62,175
610,356,61,175
604,356,60,175
598,356,59,175
592,356,58,175
586,356,57,175
580,356,56,175
574,356,55,175
568,356,54,175
564,356,60,171
561,358,61,171
558,360,62,171
555,362,63,171
552,364,64,171
549,366,65,171
546,368,66,171
543,370,67,171
540,372,68,171
537,374,69,171
534,376,70,171
531,378,71,171
528,380,72,171
525,382,73,171
522,384,74,171
513,379,68,173
510,380,68,174
507,381,68,175
504,382,68,176
501,383,68,177
498,384,68,178
495,385,68,179
492,386,68,180
489,387,68,181
486,388,68,182
483,389,68,183
480,390,68,184
477,391,68,185
474,392,68,186
471,393,68,187
462,397,70,185
458,399,70,184
454,401,70,183
450,403,70,182
446,405,70,181
442,407,70,180
438,409,70,179
434,411,70,178
430,413,70,177
426,415,70,176
422,417,70,175
418,419,70,174
414,421,70,173
410,423,70,172
406,425,70,171
398,432,73,173
395,432,73,174
392,432,73,175
389,432,73,176
386,432,73,177
383,432,73,178
380,432,73,179
377,432,73,180
374,432,73,181
371,432,73,182
368,432,73,183
365,432,73,184
362,432,73,185
359,432,73,186
356,432,73,187
355,434,75,185
354,434,74,186
353,434,73,187
352,434,72,188
351,434,71,189
350,434,70,190
349,434,69,191
348,434,68,192
347,434,67,193
346,434,66,194
345,434,65,195
344,434,64,196
343,434,63,197
342,434,62,198
341,434,61,199
341,441,66,196
340,442,67,196
339,443,68,196
338,444,69,196
337,445,70,196
336,446,71,196
335,447,72,196
334,448,73,196
333,449,74,196
332,450,75,196
331,451,76,196
330,452,77,196
329,453,78,196
328,454,79,196
327,455,80,196
325,454,74,200
326,455,74,201
327,456,74,202
328,457,74,203
329,458,74,204
330,459,74,205
331,460,74,206
332,461,74,207
333,462,74,208
334,463,74,209
335,464,74,210
336,465,74,211
337,466,74,212
338,467,74,213
339,468,74,214
337,464,74,219
340,465,74,220
343,466,74,221
346,467,74,222
349,468,74,223
352,469,74,224
355,470,74,225
358,471,74,226
361,472,74,227
364,473,74,228
367,474,74,229
370,475,74,230
373,476,74,231
376,477,74,232
379,478,74,233
384,477,81,237
387,480,82,235
390,483,83,233
393,486,84,231
396,489,85,229
399,492,86,227
402,495,87,225
405,498,88,223
408,501,89,221
411,504,90,219
414,507,91,217
417,510,92,215
420,513,93,213
423,516,94,211
426,519,95,209
425,517,101,213
427,521,102,211
429,525,103,209
431,529,104,207
433,533,105,205
435,537,106,203
437,541,107,201
439,545,108,199
441,549,109,197
443,553,110,195
445,557,111,193
447,561,112,191
449,565,113,189
451,569,114,187
453,573,115,185
453,572,116,180
453,573,117,179
453,574,118,178
453,575,119,177
453,576,120,176
453,577,121,175
453,578,122,174
453,579,123,173
453,580,124,172
453,581,125,171
453,582,126,170
453,583,127,169
453,584,128,168
453,585,129,167
453,586,130,166
455,586,124,171
455,586,123,171
455,586,122,171
455,586,121,171
455,586,120,171
455,586,119,171
455,586,118,171
455,586,117,171
455,586,116,171
455,586,115,171
455,586,114,171
455,586,113,171
455,586,112,171
455,586,111,171
455,586,110,171
462,583,115,172
462,583,115,172
462,583,115,172
462,583,115,172
462,583,115,172
462,583,115,172
462,583,115,172
462,583,115,172
462,583,115,172
462,583,115,172
462,583,115,172
462,583,115,172
462,583,115,172
462,583,115,172
462,583,115,172
466,583,113,169
466,583,113,169
466,583,113,169
466,583,113,169
466,583,113,169
466,583,113,169
466,583,113,169
466,583,113,169
466,583,113,169
466,583,113,169
466,583,113,169
466,583,113,169
466,583,113,169
466,583,113,169
466,583,113,169
462,584,117,168
462,584,117,168
462,584,117,168
462,584,117,168
462,584,117,168
462,584,117,168
462,584,117,168
462,584,117,168
462,584,117,168
462,584,117,168
462,584,117,168
462,584,117,168
462,584,117,168
462,584,117,168
462,584,117,168
464,586,117,167
464,586,117,167
464,586,117,167
464,586,117,167
464,586,117,167
464,586,117,167
464,586,117,167
464,586,117,167
464,586,117,167
464,586,117,167
464,586,117,167
464,586,117,167
464,586,117,167
464,586,117,167
464,586,117,167
464,588,115,164
464,588,115,164
464,588,115,164
464,588,115,164
464,588,115,164
464,588,115,164
464,588,115,164
464,588,115,164
464,588,115,164
464,588,115,164
464,588,115,164
464,588,115,164
464,588,115,164
464,588,115,164
464,588,115,164
464,586,117,164
464,586,117,164
464,586,117,164
464,586,117,164
464,586,117,164
464,586,117,164
464,586,117,164
464,586,117,164
464,586,117,164
464,586,117,164
464,586,117,164
464,586,117,164
464,586,117,164
464,586,117,164
464,586,117,164
466,586,117,167
466,586,117,167
466,586,117,167
466,586,117,167
466,586,117,167
466,586,117,167
466,586,117,167
466,586,117,167
466,586,117,167
466,586,117,167
466,586,117,167
466,586,117,167
466,586,117,167
466,586,117,167
466,586,117,167
466,583,113,170
465,583,113,170
464,583,113,170
463,583,113,170
462,583,113,170
461,583,113,170
460,583,113,170
459,583,113,170
458,583,113,170
457,583,113,170
456,583,113,170
455,583,113,170
454,583,113,170
453,583,113,170
452,583,113,170
455,576,114,177
454,572,114,181
453,568,114,185
452,564,114,189
451,560,114,193
450,556,114,197
449,552,114,201
448,548,114,205
447,544,114,209
446,540,114,213
445,536,114,217
444,532,114,221
443,528,114,225
442,524,114,229
441,520,114,233
443,523,108,232
