1107,168,40,134
1103,168,40,134
1099,168,40,134
1095,168,40,134
1091,168,40,134
1087,168,40,134
1083,168,40,134
1079,168,40,134
1075,168,40,134
1071,168,40,134
1067,168,40,134
1063,168,40,134
1059,168,40,134
1055,168,40,134
1051,168,40,134
1049,164,42,127
1045,164,42,127
1041,164,42,127
1037,164,42,127
1033,164,42,127
1029,164,42,127
1025,164,42,127
1021,164,42,127
1017,164,42,127
1013,164,42,127
1009,164,42,127
1005,164,42,127
1001,164,42,127
997,164,42,127
993,164,42,127
986,164,37,131
981,164,38,131
976,164,39,131
971,164,40,131
966,164,41,131
961,164,42,131
956,164,43,131
951,164,44,131
946,164,45,131
941,164,46,131
936,164,47,131
931,164,48,131
926,164,49,131
921,164,50,131
916,164,51,131
908,166,53,127
904,166,53,127
900,166,53,127
896,166,53,127
892,166,53,127
888,166,53,127
884,166,53,127
880,166,53,127
876,166,53,127
872,166,53,127
868,166,53,127
864,166,53,127
860,166,53,127
856,166,53,127
852,166,53,127
852,163,46,130
848,163,46,129
844,163,46,128
840,163,46,127
836,163,46,126
832,163,46,125
828,163,46,124
824,163,46,123
820,163,46,122
816,163,46,121
812,163,46,120
808,163,46,119
804,163,46,118
800,163,46,117
796,163,46,116
795,170,41,121
789,171,43,120
783,172,45,119
777,173,47,118
771,174,49,117
765,175,51,116
759,176,53,115
753,177,55,114
747,178,57,113
741,179,59,112
735,180,61,111
729,181,63,110
723,182,65,109
717,183,67,108
711,184,69,107
712,179,70,112
710,179,68,112
708,179,66,112
706,179,64,112
704,179,62,112
702,179,60,112
700,179,58,112
698,179,56,112
696,179,54,112
694,179,52,112
692,179,50,112
690,179,48,112
688,179,46,112
686,179,44,112
684,179,42,112
677,186,45,114
674,188,46,114
671,190,47,114
668,192,48,114
665,194,49,114
662,196,50,114
659,198,51,114
656,200,52,114
653,202,53,114
650,204,54,114
647,206,55,114
644,208,56,114
641,210,57,114
638,212,58,114
635,214,59,114
629,209,55,116
626,211,56,117
623,213,57,118
620,215,58,119
617,217,59,120
614,219,60,121
611,221,61,122
608,223,62,123
605,225,63,124
602,227,64,125
599,229,65,126
596,231,66,127
593,233,67,128
590,235,68,129
587,237,69,130
588,237,63,132
586,238,63,132
584,239,63,132
582,240,63,132
580,241,63,132
578,242,63,132
576,243,63,132
574,244,63,132
572,245,63,132
570,246,63,132
568,247,63,132
566,248,63,132
564,249,63,132
562,250,63,132
560,251,63,132
553,251,67,133
552,251,67,133
551,251,67,133
550,251,67,133
549,251,67,133
548,251,67,133
547,251,67,133
546,251,67,133
545,251,67,133
544,251,67,133
543,251,67,133
542,251,67,133
541,251,67,133
540,251,67,133
539,251,67,133
532,255,71,137
533,255,69,138
534,255,67,139
535,255,65,140
536,255,63,141
537,255,61,142
538,255,59,143
539,255,57,144
540,255,55,145
541,255,53,146
542,255,51,147
543,255,49,148
544,255,47,149
545,255,45,150
546,255,43,151
540,260,47,148
541,261,47,148
542,262,47,148
543,263,47,148
544,264,47,148
545,265,47,148
546,266,47,148
547,267,47,148
548,268,47,148
549,269,47,148
550,270,47,148
551,271,47,148
552,272,47,148
553,273,47,148
554,274,47,148
551,273,53,153
553,274,53,153
555,275,53,153
557,276,53,153
559,277,53,153
561,278,53,153
563,279,53,153
565,280,53,153
567,281,53,153
569,282,53,153
571,283,53,153
573,284,53,153
575,285,53,153
577,286,53,153
579,287,53,153
575,285,56,157
577,287,57,156
579,289,58,155
581,291,59,154
583,293,60,153
585,295,61,152
587,297,62,151
589,299,63,150
591,301,64,149
593,303,65,148
595,305,66,147
597,307,67,146
599,309,68,145
601,311,69,144
603,313,70,143
605,312,73,141
606,314,74,140
607,316,75,139
608,318,76,138
609,320,77,137
610,322,78,136
611,324,79,135
612,326,80,134
613,328,81,133
614,330,82,132
615,332,83,131
616,334,84,130
617,336,85,129
618,338,86,128
619,340,87,127
619,336,90,122
619,336,89,122
619,336,88,122
619,336,87,122
619,336,86,122
619,336,85,122
619,336,84,122
619,336,83,122
619,336,82,122
619,336,81,122
619,336,80,122
619,336,79,122
619,336,78,122
619,336,77,122
619,336,76,122
619,340,82,120
619,340,82,120
619,340,82,120
619,340,82,120
619,340,82,120
619,340,82,120
619,340,82,120
619,340,82,120
619,340,82,120
619,340,82,120
619,340,82,120
619,340,82,120
619,340,82,120
619,340,82,120
619,340,82,120
617,340,88,120
617,340,88,120
617,340,88,120
617,340,88,120
617,340,88,120
617,340,88,120
617,340,88,120
617,340,88,120
617,340,88,120
617,340,88,120
617,340,88,120
617,340,88,120
617,340,88,120
617,340,88,120
617,340,88,120
619,338,84,122
619,338,84,122
619,338,84,122
619,338,84,122
619,338,84,122
619,338,84,122
619,338,84,122
619,338,84,122
619,338,84,122
619,338,84,122
619,338,84,122
619,338,84,122
619,338,84,122
619,338,84,122
619,338,84,122
621,340,88,120
621,340,88,120
621,340,88,120
621,340,88,120
621,340,88,120
621,340,88,120
621,340,88,120
621,340,88,120
621,340,88,120
621,340,88,120
621,340,88,120
621,340,88,120
621,340,88,120
621,340,88,120
621,340,88,120
621,340,84,122
621,340,84,122
621,340,84,122
621,340,84,122
621,340,84,122
621,340,84,122
621,340,84,122
621,340,84,122
621,340,84,122
621,340,84,122
621,340,84,122
621,340,84,122
621,340,84,122
621,340,84,122
621,340,84,122
625,342,86,121
625,342,86,121
625,342,86,121
625,342,86,121
625,342,86,121
625,342,86,121
625,342,86,121
625,342,86,121
625,342,86,121
625,342,86,121
625,342,86,121
625,342,86,121
625,342,86,121
625,342,86,121
625,342,86,121
619,344,88,118
619,344,88,118
619,344,88,118
619,344,88,118
619,344,88,118
619,344,88,118
619,344,88,118
619,344,88,118
619,344,88,118
619,344,88,118
619,344,88,118
619,344,88,118
619,344,88,118
619,344,88,118
619,344,88,118
621,344,86,116
621,344,86,117
621,344,86,118
621,344,86,119
621,344,86,120
621,344,86,121
621,344,86,122
621,344,86,123
621,344,86,124
621,344,86,125
621,344,86,126
621,344,86,127
621,344,86,128
621,344,86,129
621,344,86,130
617,338,88,125
617,338,88,125
617,338,88,125
617,338,88,125
617,338,88,125
617,338,88,125
617,338,88,125
617,338,88,125
617,338,88,125
617,338,88,125
617,338,88,125
617,338,88,125
617,338,88,125
617,338,88,125
617,338,88,125
623,340,86,120
623,340,86,120
623,340,86,120
623,340,86,120
623,340,86,120
623,340,86,120
623,340,86,120
623,340,86,120
623,340,86,120
623,340,86,120
623,340,86,120
623,340,86,120
623,340,86,120
623,340,86,120
623,340,86,120
621,336,88,126
622,334,86,128
623,332,84,130
624,330,82,132
625,328,80,134
626,326,78,136
627,324,76,138
628,322,74,140
629,320,72,142
630,318,70,144
631,316,68,146
632,314,66,148
633,312,64,150
634,310,62,152
635,308,60,154
634,299,63,163
635,298,63,165
636,297,63,167
637,296,63,169
638,295,63,171
639,294,63,173
640,293,63,175
641,292,63,177
642,291,63,179
643,290,63,181
644,289,63,183
645,288,63,185
646,287,63,187
647,286,63,189
648,285,63,191
656,290,68,186
657,291,68,186
658,292,68,186
659,293,68,186
660,294,68,186
661,295,68,186
662,296,68,186
663,297,68,186
664,298,68,186
665,299,68,186
666,300,68,186
667,301,68,186
668,302,68,186
669,303,68,186
670,304,68,186
669,299,67,193
