1184,1,50,155
1179,1,50,155
1174,1,50,155
1169,1,50,155
1164,1,50,155
1159,1,50,155
1154,1,50,155
1149,1,50,155
1144,1,50,155
1139,1,50,155
1134,1,50,155
1129,1,50,155
1124,1,50,155
1119,1,50,155
1114,1,50,155
1110,0,54,152
1105,0,54,152
1100,0,54,152
1095,0,54,152
1090,0,54,152
1085,0,54,152
1080,0,54,152
1075,0,54,152
1070,0,54,152
1065,0,54,152
1060,0,54,152
1055,0,54,152
1050,0,54,152
1045,0,54,152
1040,0,54,152
1041,0,53,149
1036,0,53,148
1031,0,53,147
1026,0,53,146
1021,0,53,145
1016,0,53,144
1011,0,53,143
1006,0,53,142
1001,0,53,141
996,0,53,140
991,0,53,139
986,0,53,138
981,0,53,137
976,0,53,136
971,0,53,135
971,1,47,139
966,1,47,139
961,1,47,139
956,1,47,139
951,1,47,139
946,1,47,139
941,1,47,139
936,1,47,139
931,1,47,139
926,1,47,139
921,1,47,139
916,1,47,139
911,1,47,139
906,1,47,139
901,1,47,139
899,0,54,144
894,0,54,143
889,0,54,142
884,0,54,141
879,0,54,140
874,0,54,139
869,0,54,138
864,0,54,137
859,0,54,136
854,0,54,135
849,0,54,134
844,0,54,133
839,0,54,132
834,0,54,131
829,0,54,130
826,5,53,134
822,5,53,135
818,5,53,136
814,5,53,137
810,5,53,138
806,5,53,139
802,5,53,140
798,5,53,141
794,5,53,142
790,5,53,143
786,5,53,144
782,5,53,145
778,5,53,146
774,5,53,147
770,5,53,148
760,8,50,144
757,10,51,144
754,12,52,144
751,14,53,144
748,16,54,144
745,18,55,144
742,20,56,144
739,22,57,144
736,24,58,144
733,26,59,144
730,28,60,144
727,30,61,144
724,32,62,144
721,34,63,144
718,36,64,144
710,35,59,148
707,37,60,148
704,39,61,148
701,41,62,148
698,43,63,148
695,45,64,148
692,47,65,148
689,49,66,148
686,51,67,148
683,53,68,148
680,55,69,148
677,57,70,148
674,59,71,148
671,61,72,148
668,63,73,148
659,68,71,146
655,69,72,146
651,70,73,146
647,71,74,146
643,72,75,146
639,73,76,146
635,74,77,146
631,75,78,146
627,76,79,146
623,77,80,146
619,78,81,146
615,79,82,146
611,80,83,146
607,81,84,146
603,82,85,146
606,88,81,141
604,89,81,142
602,90,81,143
600,91,81,144
598,92,81,145
596,93,81,146
594,94,81,147
592,95,81,148
590,96,81,149
588,97,81,150
586,98,81,151
584,99,81,152
582,100,81,153
580,101,81,154
578,102,81,155
579,98,79,155
579,98,78,156
579,98,77,157
579,98,76,158
579,98,75,159
579,98,74,160
579,98,73,161
579,98,72,162
579,98,71,163
579,98,70,164
579,98,69,165
579,98,68,166
579,98,67,167
579,98,66,168
579,98,65,169
583,105,58,163
584,106,58,164
585,107,58,165
586,108,58,166
587,109,58,167
588,110,58,168
589,111,58,169
590,112,58,170
591,113,58,171
592,114,58,172
593,115,58,173
594,116,58,174
595,117,58,175
596,118,58,176
597,119,58,177
591,114,60,173
592,115,60,174
593,116,60,175
594,117,60,176
595,118,60,177
596,119,60,178
597,120,60,179
598,121,60,180
599,122,60,181
600,123,60,182
601,124,60,183
602,125,60,184
603,126,60,185
604,127,60,186
605,128,60,187
608,127,64,184
610,129,66,183
612,131,68,182
614,133,70,181
616,135,72,180
618,137,74,179
620,139,76,178
622,141,78,177
624,143,80,176
626,145,82,175
628,147,84,174
630,149,86,173
632,151,88,172
634,153,90,171
636,155,92,170
638,155,87,162
640,157,88,161
642,159,89,160
644,161,90,159
646,163,91,158
648,165,92,157
650,167,93,156
652,169,94,155
654,171,95,154
656,173,96,153
658,175,97,152
660,177,98,151
662,179,99,150
664,181,100,149
666,183,101,148
663,184,102,149
663,185,102,148
663,186,102,147
663,187,102,146
663,188,102,145
663,189,102,144
663,190,102,143
663,191,102,142
663,192,102,141
663,193,102,140
663,194,102,139
663,195,102,138
663,196,102,137
663,197,102,136
663,198,102,135
661,194,96,137
661,194,96,137
661,194,96,137
661,194,96,137
661,194,96,137
661,194,96,137
661,194,96,137
661,194,96,137
661,194,96,137
661,194,96,137
661,194,96,137
661,194,96,137
661,194,96,137
661,194,96,137
661,194,96,137
663,195,98,134
664,195,98,134
665,195,98,134
666,195,98,134
667,195,98,134
668,195,98,134
669,195,98,134
670,195,98,134
671,195,98,134
672,195,98,134
673,195,98,134
674,195,98,134
675,195,98,134
676,195,98,134
677,195,98,134
671,194,94,135
671,194,94,135
671,194,94,135
671,194,94,135
671,194,94,135
671,194,94,135
671,194,94,135
671,194,94,135
671,194,94,135
671,194,94,135
671,194,94,135
671,194,94,135
671,194,94,135
671,194,94,135
671,194,94,135
671,195,96,134
671,195,96,134
671,195,96,134
671,195,96,134
671,195,96,134
671,195,96,134
671,195,96,134
671,195,96,134
671,195,96,134
671,195,96,134
671,195,96,134
671,195,96,134
671,195,96,134
671,195,96,134
671,195,96,134
671,197,96,129
671,197,96,129
671,197,96,129
671,197,96,129
671,197,96,129
671,197,96,129
671,197,96,129
671,197,96,129
671,197,96,129
671,197,96,129
671,197,96,129
671,197,96,129
671,197,96,129
671,197,96,129
671,197,96,129
669,195,100,134
669,195,100,134
669,195,100,134
669,195,100,134
669,195,100,134
669,195,100,134
669,195,100,134
669,195,100,134
669,195,100,134
669,195,100,134
669,195,100,134
669,195,100,134
669,195,100,134
669,195,100,134
669,195,100,134
671,199,99,130
671,199,99,130
671,199,99,130
671,199,99,130
671,199,99,130
671,199,99,130
671,199,99,130
671,199,99,130
671,199,99,130
671,199,99,130
671,199,99,130
671,199,99,130
671,199,99,130
671,199,99,130
671,199,99,130
667,197,100,131
667,197,100,132
667,197,100,133
667,197,100,134
667,197,100,135
667,197,100,136
667,197,100,137
667,197,100,138
667,197,100,139
667,197,100,140
667,197,100,141
667,197,100,142
667,197,100,143
667,197,100,144
667,197,100,145
669,194,98,139
669,194,98,139
669,194,98,139
669,194,98,139
669,194,98,139
669,194,98,139
669,194,98,139
669,194,98,139
669,194,98,139
669,194,98,139
669,194,98,139
669,194,98,139
669,194,98,139
669,194,98,139
669,194,98,139
669,194,100,137
669,194,100,137
669,194,100,137
669,194,100,137
669,194,100,137
669,194,100,137
669,194,100,137
669,194,100,137
669,194,100,137
669,194,100,137
669,194,100,137
669,194,100,137
669,194,100,137
669,194,100,137
669,194,100,137
669,194,94,134
669,191,93,137
669,188,92,140
669,185,91,143
669,182,90,146
669,179,89,149
669,176,88,152
669,173,87,155
669,170,86,158
669,167,85,161
669,164,84,164
669,161,83,167
669,158,82,170
669,155,81,173
669,152,80,176
674,156,79,175
675,155,78,177
676,154,77,179
677,153,76,181
678,152,75,183
679,151,74,185
680,150,73,187
681,149,72,189
682,148,71,191
683,147,70,193
684,146,69,195
685,145,68,197
686,144,67,199
687,143,66,201
688,142,65,203
690,138,69,202
690,138,71,203
690,138,73,204
690,138,75,205
690,138,77,206
690,138,79,207
690,138,81,208
690,138,83,209
690,138,85,210
690,138,87,211
690,138,89,212
690,138,91,213
690,138,93,214
690,138,95,215
690,138,97,216
697,143,98,220
699,146,96,219
701,149,94,218
703,152,92,217
705,155,90,216
707,158,88,215
709,161,86,214
711,164,84,213
713,167,82,212
715,170,80,211
717,173,78,210
719,176,76,209
721,179,74,208
723,182,72,207
725,185,70,206
724,182,73,209
