1116,241,65,139
1109,241,67,139
1102,241,69,139
1095,241,71,139
1088,241,73,139
1081,241,75,139
1074,241,77,139
1067,241,79,139
1060,241,81,139
1053,241,83,139
1046,241,85,139
1039,241,87,139
1032,241,89,139
1025,241,91,139
1018,241,93,139
1018,243,91,138
1013,243,90,138
1008,243,89,138
1003,243,88,138
998,243,87,138
993,243,86,138
988,243,85,138
983,243,84,138
978,243,83,138
973,243,82,138
968,243,81,138
963,243,80,138
958,243,79,138
953,243,78,138
948,243,77,138
947,249,70,134
941,250,69,134
935,251,68,134
929,252,67,134
923,253,66,134
917,254,65,134
911,255,64,134
905,256,63,134
899,257,62,134
893,258,61,134
887,259,60,134
881,260,59,134
875,261,58,134
869,262,57,134
863,263,56,134
857,258,61,133
852,259,61,132
847,260,61,131
842,261,61,130
837,262,61,129
832,263,61,128
827,264,61,127
822,265,61,126
817,266,61,125
812,267,61,124
807,268,61,123
802,269,61,122
797,270,61,121
792,271,61,120
787,272,61,119
777,271,57,124
773,272,57,124
769,273,57,124
765,274,57,124
761,275,57,124
757,276,57,124
753,277,57,124
749,278,57,124
745,279,57,124
741,280,57,124
737,281,57,124
733,282,57,124
729,283,57,124
725,284,57,124
721,285,57,124
715,293,61,130
711,296,62,131
707,299,63,132
703,302,64,133
699,305,65,134
695,308,66,135
691,311,67,136
687,314,68,137
683,317,69,138
679,320,70,139
675,323,71,140
671,326,72,141
667,329,73,142
663,332,74,143
659,335,75,144
659,332,69,141
656,333,69,141
653,334,69,141
650,335,69,141
647,336,69,141
644,337,69,141
641,338,69,141
638,339,69,141
635,340,69,141
632,341,69,141
629,342,69,141
626,343,69,141
623,344,69,141
620,345,69,141
617,346,69,141
610,350,70,137
609,351,69,138
608,352,68,139
607,353,67,140
606,354,66,141
605,355,65,142
604,356,64,143
603,357,63,144
602,358,62,145
601,359,61,146
600,360,60,147
599,361,59,148
598,362,58,149
597,363,57,150
596,364,56,151
602,360,54,154
603,361,54,155
604,362,54,156
605,363,54,157
606,364,54,158
607,365,54,159
608,366,54,160
609,367,54,161
610,368,54,162
611,369,54,163
612,370,54,164
613,371,54,165
614,372,54,166
615,373,54,167
616,374,54,168
610,372,60,164
612,373,61,164
614,374,62,164
616,375,63,164
618,376,64,164
620,377,65,164
622,378,66,164
624,379,67,164
626,380,68,164
628,381,69,164
630,382,70,164
632,383,71,164
634,384,72,164
636,385,73,164
638,386,74,164
641,387,73,167
643,390,74,165
645,393,75,163
647,396,76,161
649,399,77,159
651,402,78,157
653,405,79,155
655,408,80,153
657,411,81,151
659,414,82,149
661,417,83,147
663,420,84,145
665,423,85,143
667,426,86,141
669,429,87,139
677,429,93,138
677,430,93,137
677,431,93,136
677,432,93,135
677,433,93,134
677,434,93,133
677,435,93,132
677,436,93,131
677,437,93,130
677,438,93,129
677,439,93,128
677,440,93,127
677,441,93,126
677,442,93,125
677,443,93,124
679,444,89,122
679,444,89,122
679,444,89,122
679,444,89,122
679,444,89,122
679,444,89,122
679,444,89,122
679,444,89,122
679,444,89,122
679,444,89,122
679,444,89,122
679,444,89,122
679,444,89,122
679,444,89,122
679,444,89,122
681,446,87,120
681,446,87,120
681,446,87,120
681,446,87,120
681,446,87,120
681,446,87,120
681,446,87,120
681,446,87,120
681,446,87,120
681,446,87,120
681,446,87,120
681,446,87,120
681,446,87,120
681,446,87,120
681,446,87,120
683,446,93,120
683,446,92,120
683,446,91,120
683,446,90,120
683,446,89,120
683,446,88,120
683,446,87,120
683,446,86,120
683,446,85,120
683,446,84,120
683,446,83,120
683,446,82,120
683,446,81,120
683,446,80,120
683,446,79,120
689,447,85,119
689,447,85,119
689,447,85,119
689,447,85,119
689,447,85,119
689,447,85,119
689,447,85,119
689,447,85,119
689,447,85,119
689,447,85,119
689,447,85,119
689,447,85,119
689,447,85,119
689,447,85,119
689,447,85,119
683,447,91,122
683,447,91,122
683,447,91,122
683,447,91,122
683,447,91,122
683,447,91,122
683,447,91,122
683,447,91,122
683,447,91,122
683,447,91,122
683,447,91,122
683,447,91,122
683,447,91,122
683,447,91,122
683,447,91,122
687,446,87,118
687,446,87,118
687,446,87,118
687,446,87,118
687,446,87,118
687,446,87,118
687,446,87,118
687,446,87,118
687,446,87,118
687,446,87,118
687,446,87,118
687,446,87,118
687,446,87,118
687,446,87,118
687,446,87,118
685,444,85,122
685,444,86,122
685,444,87,122
685,444,88,122
685,444,89,122
685,444,90,122
685,444,91,122
685,444,92,122
685,444,93,122
685,444,94,122
685,444,95,122
685,444,96,122
685,444,97,122
685,444,98,122
685,444,99,122
681,446,93,118
681,444,92,120
681,442,91,122
681,440,90,124
681,438,89,126
681,436,88,128
681,434,87,130
681,432,86,132
681,430,85,134
681,428,84,136
681,426,83,138
681,424,82,140
681,422,81,142
681,420,80,144
681,418,79,146
679,419,85,147
681,417,83,149
683,415,81,151
685,413,79,153
687,411,77,155
689,409,75,157
691,407,73,159
693,405,71,161
695,403,69,163
697,401,67,165
699,399,65,167
701,397,63,169
703,395,61,171
705,393,59,173
707,391,57,175
711,390,61,182
712,391,62,183
713,392,63,184
714,393,64,185
715,394,65,186
716,395,66,187
717,396,67,188
718,397,68,189
719,398,69,190
720,399,70,191
721,400,71,192
722,401,72,193
723,402,73,194
724,403,74,195
725,404,75,196
725,404,79,200
728,405,80,202
731,406,81,204
734,407,82,206
737,408,83,208
740,409,84,210
743,410,85,212
746,411,86,214
749,412,87,216
752,413,88,218
755,414,89,220
758,415,90,222
761,416,91,224
764,417,92,226
767,418,93,228
767,424,89,231
