1442,61,98,231
1441,60,99,231
1440,59,100,231
1439,58,101,231
1438,57,102,231
1437,56,103,231
1436,55,104,231
1435,54,105,231
1434,53,106,231
1433,52,107,231
1432,51,108,231
1431,50,109,231
1430,49,110,231
1429,48,111,231
1428,47,112,231
1426,49,106,231
1426,49,105,229
1426,49,104,227
1426,49,103,225
1426,49,102,223
1426,49,101,221
1426,49,100,219
1426,49,99,217
1426,49,98,215
1426,49,97,213
1426,49,96,211
1426,49,95,209
1426,49,94,207
1426,49,93,205
1426,49,92,203
1424,52,87,203
1420,51,89,203
1416,50,91,203
1412,49,93,203
1408,48,95,203
1404,47,97,203
1400,46,99,203
1396,45,101,203
1392,44,103,203
1388,43,105,203
1384,42,107,203
1380,41,109,203
1376,40,111,203
1372,39,113,203
1368,38,115,203
1364,40,124,210
1362,40,121,210
1360,40,118,210
1358,40,115,210
1356,40,112,210
1354,40,109,210
1352,40,106,210
1350,40,103,210
1348,40,100,210
1346,40,97,210
1344,40,94,210
1342,40,91,210
1340,40,88,210
1338,40,85,210
1336,40,82,210
1341,38,79,210
1335,37,79,210
1329,36,79,210
1323,35,79,210
1317,34,79,210
1311,33,79,210
1305,32,79,210
1299,31,79,210
1293,30,79,210
1287,29,79,210
1281,28,79,210
1275,27,79,210
1269,26,79,210
1263,25,79,210
1257,24,79,210
1256,27,84,206
1252,27,84,206
1248,27,84,206
1244,27,84,206
1240,27,84,206
1236,27,84,206
1232,27,84,206
1228,27,84,206
1224,27,84,206
1220,27,84,206
1216,27,84,206
1212,27,84,206
1208,27,84,206
1204,27,84,206
1200,27,84,206
1190,25,82,203
1185,25,82,203
1180,25,82,203
1175,25,82,203
1170,25,82,203
1165,25,82,203
1160,25,82,203
1155,25,82,203
1150,25,82,203
1145,25,82,203
1140,25,82,203
1135,25,82,203
1130,25,82,203
1125,25,82,203
1120,25,82,203
1112,20,84,196
1108,20,84,196
1104,20,84,196
1100,20,84,196
1096,20,84,196
1092,20,84,196
1088,20,84,196
1084,20,84,196
1080,20,84,196
1076,20,84,196
1072,20,84,196
1068,20,84,196
1064,20,84,196
1060,20,84,196
1056,20,84,196
1052,13,86,198
1048,13,86,197
1044,13,86,196
1040,13,86,195
1036,13,86,194
1032,13,86,193
1028,13,86,192
1024,13,86,191
1020,13,86,190
1016,13,86,189
1012,13,86,188
1008,13,86,187
1004,13,86,186
1000,13,86,185
996,13,86,184
993,13,91,184
991,13,90,183
989,13,89,182
987,13,88,181
985,13,87,180
983,13,86,179
981,13,85,178
979,13,84,177
977,13,83,176
975,13,82,175
973,13,81,174
971,13,80,173
969,13,79,172
967,13,78,171
965,13,77,170
960,15,73,174
958,14,73,174
956,13,73,174
954,12,73,174
952,11,73,174
950,10,73,174
948,9,73,174
946,8,73,174
944,7,73,174
942,6,73,174
940,5,73,174
938,4,73,174
936,3,73,174
934,2,73,174
932,1,73,174
929,6,69,167
927,7,69,166
925,8,69,165
923,9,69,164
921,10,69,163
919,11,69,162
917,12,69,161
915,13,69,160
913,14,69,159
911,15,69,158
909,16,69,157
907,17,69,156
905,18,69,155
903,19,69,154
901,20,69,153
893,22,74,148
893,23,74,147
893,24,74,146
893,25,74,145
893,26,74,144
893,27,74,143
893,28,74,142
893,29,74,141
893,30,74,140
893,31,74,139
893,32,74,138
893,33,74,137
893,34,74,136
893,35,74,135
893,36,74,134
894,38,67,127
894,39,66,126
894,40,65,125
894,41,64,124
894,42,63,123
894,43,62,122
894,44,61,121
894,45,60,120
894,46,59,119
894,47,58,118
894,48,57,117
894,49,56,116
894,50,55,115
894,51,54,114
894,52,53,113
893,47,59,106
893,47,59,107
893,47,59,108
893,47,59,109
893,47,59,110
893,47,59,111
893,47,59,112
893,47,59,113
893,47,59,114
893,47,59,115
893,47,59,116
893,47,59,117
893,47,59,118
893,47,59,119
893,47,59,120
893,47,57,116
893,47,57,116
893,47,57,116
893,47,57,116
893,47,57,116
893,47,57,116
893,47,57,116
893,47,57,116
893,47,57,116
893,47,57,116
893,47,57,116
893,47,57,116
893,47,57,116
893,47,57,116
893,47,57,116
893,49,59,116
893,49,59,116
893,49,59,116
893,49,59,116
893,49,59,116
893,49,59,116
893,49,59,116
893,49,59,116
893,49,59,116
893,49,59,116
893,49,59,116
893,49,59,116
893,49,59,116
893,49,59,116
893,49,59,116
893,49,61,116
893,49,61,115
893,49,61,114
893,49,61,113
893,49,61,112
893,49,61,111
893,49,61,110
893,49,61,109
893,49,61,108
893,49,61,107
893,49,61,106
893,49,61,105
893,49,61,104
893,49,61,103
893,49,61,102
891,49,61,106
891,49,61,106
891,49,61,106
891,49,61,106
891,49,61,106
891,49,61,106
891,49,61,106
891,49,61,106
891,49,61,106
891,49,61,106
891,49,61,106
891,49,61,106
891,49,61,106
891,49,61,106
891,49,61,106
891,49,59,109
891,49,59,108
891,49,59,107
891,49,59,106
891,49,59,105
891,49,59,104
891,49,59,103
891,49,59,102
891,49,59,101
891,49,59,100
891,49,59,99
891,49,59,98
891,49,59,97
891,49,59,96
891,49,59,95
889,55,61,96
889,55,61,96
889,55,61,96
889,55,61,96
889,55,61,96
889,55,61,96
889,55,61,96
889,55,61,96
889,55,61,96
889,55,61,96
889,55,61,96
889,55,61,96
889,55,61,96
889,55,61,96
889,55,61,96
889,52,63,103
889,52,63,103
889,52,63,103
889,52,63,103
889,52,63,103
889,52,63,103
889,52,63,103
889,52,63,103
889,52,63,103
889,52,63,103
889,52,63,103
889,52,63,103
889,52,63,103
889,52,63,103
889,52,63,103
887,50,63,101
887,50,63,101
887,50,63,101
887,50,63,101
887,50,63,101
887,50,63,101
887,50,63,101
887,50,63,101
887,50,63,101
887,50,63,101
887,50,63,101
887,50,63,101
887,50,63,101
887,50,63,101
887,50,63,101
894,54,60,96
894,54,60,97
894,54,60,98
894,54,60,99
894,54,60,100
894,54,60,101
894,54,60,102
894,54,60,103
894,54,60,104
894,54,60,105
894,54,60,106
894,54,60,107
894,54,60,108
894,54,60,109
894,54,60,110
896,49,56,104
896,49,56,104
896,49,56,104
896,49,56,104
896,49,56,104
896,49,56,104
896,49,56,104
896,49,56,104
896,49,56,104
896,49,56,104
896,49,56,104
896,49,56,104
896,49,56,104
896,49,56,104
896,49,56,104
889,50,63,110
887,48,63,111
885,46,63,112
883,44,63,113
881,42,63,114
879,40,63,115
877,38,63,116
875,36,63,117
873,34,63,118
871,32,63,119
869,30,63,120
867,28,63,121
865,26,63,122
863,24,63,123
861,22,63,124
865,20,62,126
864,19,62,128
863,18,62,130
862,17,62,132
861,16,62,134
860,15,62,136
859,14,62,138
858,13,62,140
857,12,62,142
856,11,62,144
855,10,62,146
854,9,62,148
853,8,62,150
852,7,62,152
851,6,62,154
846,8,63,159
846,9,64,160
846,10,65,161
846,11,66,162
846,12,67,163
846,13,68,164
846,14,69,165
846,15,70,166
846,16,71,167
846,17,72,168
846,18,73,169
846,19,74,170
846,20,75,171
846,21,76,172
846,22,77,173
844,16,75,174
842,16,76,175
840,16,77,176
838,16,78,177
836,16,79,178
834,16,80,179
832,16,81,180
830,16,82,181
828,16,83,182
826,16,84,183
824,16,85,184
822,16,86,185
820,16,87,186
818,16,88,187
816,16,89,188
807,18,85,193
802,18,86,195
797,18,87,197
792,18,88,199
787,18,89,201
782,18,90,203
777,18,91,205
772,18,92,207
767,18,93,209
762,18,94,211
757,18,95,213
752,18,96,215
747,18,97,217
742,18,98,219
737,18,99,221
733,20,95,223
