1392,260,98,226
1391,260,98,226
1390,260,98,226
1389,260,98,226
1388,260,98,226
1387,260,98,226
1386,260,98,226
1385,260,98,226
1384,260,98,226
1383,260,98,226
1382,260,98,226
1381,260,98,226
1380,260,98,226
1379,260,98,226
1378,260,98,226
1380,253,92,226
1379,254,92,224
1378,255,92,222
1377,256,92,220
1376,257,92,218
1375,258,92,216
1374,259,92,214
1373,260,92,212
1372,261,92,210
1371,262,92,208
1370,263,92,206
1369,264,92,204
1368,265,92,202
1367,266,92,200
1366,267,92,198
1366,263,89,195
1363,262,90,195
1360,261,91,195
1357,260,92,195
1354,259,93,195
1351,258,94,195
1348,257,95,195
1345,256,96,195
1342,255,97,195
1339,254,98,195
1336,253,99,195
1333,252,100,195
1330,251,101,195
1327,250,102,195
1324,249,103,195
1315,253,104,194
1309,253,104,193
1303,253,104,192
1297,253,104,191
1291,253,104,190
1285,253,104,189
1279,253,104,188
1273,253,104,187
1267,253,104,186
1261,253,104,185
1255,253,104,184
1249,253,104,183
1243,253,104,182
1237,253,104,181
1231,253,104,180
1224,257,108,177
1219,257,105,176
1214,257,102,175
1209,257,99,174
1204,257,96,173
1199,257,93,172
1194,257,90,171
1189,257,87,170
1184,257,84,169
1179,257,81,168
1174,257,78,167
1169,257,75,166
1164,257,72,165
1159,257,69,164
1154,257,66,163
1154,261,61,160
1148,261,62,160
1142,261,63,160
1136,261,64,160
1130,261,65,160
1124,261,66,160
1118,261,67,160
1112,261,68,160
1106,261,69,160
1100,261,70,160
1094,261,71,160
1088,261,72,160
1082,261,73,160
1076,261,74,160
1070,261,75,160
1065,263,69,163
1060,263,69,164
1055,263,69,165
1050,263,69,166
1045,263,69,167
1040,263,69,168
1035,263,69,169
1030,263,69,170
1025,263,69,171
1020,263,69,172
1015,263,69,173
1010,263,69,174
1005,263,69,175
1000,263,69,176
995,263,69,177
993,257,73,171
990,258,73,170
987,259,73,169
984,260,73,168
981,261,73,167
978,262,73,166
975,263,73,165
972,264,73,164
969,265,73,163
966,266,73,162
963,267,73,161
960,268,73,160
957,269,73,159
954,270,73,158
951,271,73,157
942,265,73,152
939,265,72,151
936,265,71,150
933,265,70,149
930,265,69,148
927,265,68,147
924,265,67,146
921,265,66,145
918,265,65,144
915,265,64,143
912,265,63,142
909,265,62,141
906,265,61,140
903,265,60,139
900,265,59,138
900,260,55,139
899,262,55,137
898,264,55,135
897,266,55,133
896,268,55,131
895,270,55,129
894,272,55,127
893,274,55,125
892,276,55,123
891,278,55,121
890,280,55,119
889,282,55,117
888,284,55,115
887,286,55,113
886,288,55,111
881,295,50,109
880,296,50,108
879,297,50,107
878,298,50,106
877,299,50,105
876,300,50,104
875,301,50,103
874,302,50,102
873,303,50,101
872,304,50,100
871,305,50,99
870,306,50,98
869,307,50,97
868,308,50,96
867,309,50,95
872,308,57,93
872,308,57,93
872,308,57,93
872,308,57,93
872,308,57,93
872,308,57,93
872,308,57,93
872,308,57,93
872,308,57,93
872,308,57,93
872,308,57,93
872,308,57,93
872,308,57,93
872,308,57,93
872,308,57,93
877,305,54,96
877,305,54,96
877,305,54,96
877,305,54,96
877,305,54,96
877,305,54,96
877,305,54,96
877,305,54,96
877,305,54,96
877,305,54,96
877,305,54,96
877,305,54,96
877,305,54,96
877,305,54,96
877,305,54,96
879,302,52,99
879,302,52,99
879,302,52,99
879,302,52,99
879,302,52,99
879,302,52,99
879,302,52,99
879,302,52,99
879,302,52,99
879,302,52,99
879,302,52,99
879,302,52,99
879,302,52,99
879,302,52,99
879,302,52,99
874,302,57,99
874,302,57,99
874,302,57,99
874,302,57,99
874,302,57,99
874,302,57,99
874,302,57,99
874,302,57,99
874,302,57,99
874,302,57,99
874,302,57,99
874,302,57,99
874,302,57,99
874,302,57,99
874,302,57,99
875,302,57,97
875,303,57,96
875,304,57,95
875,305,57,94
875,306,57,93
875,307,57,92
875,308,57,91
875,309,57,90
875,310,57,89
875,311,57,88
875,312,57,87
875,313,57,86
875,314,57,85
875,315,57,84
875,316,57,83
877,310,54,87
877,310,54,87
877,310,54,87
877,310,54,87
877,310,54,87
877,310,54,87
877,310,54,87
877,310,54,87
877,310,54,87
877,310,54,87
877,310,54,87
877,310,54,87
877,310,54,87
877,310,54,87
877,310,54,87
882,308,49,88
882,308,49,88
882,308,49,88
882,308,49,88
882,308,49,88
882,308,49,88
882,308,49,88
882,308,49,88
882,308,49,88
882,308,49,88
882,308,49,88
882,308,49,88
882,308,49,88
882,308,49,88
882,308,49,88
884,303,48,93
884,303,48,93
884,303,48,93
884,303,48,93
884,303,48,93
884,303,48,93
884,303,48,93
884,303,48,93
884,303,48,93
884,303,48,93
884,303,48,93
884,303,48,93
884,303,48,93
884,303,48,93
884,303,48,93
882,305,50,92
880,303,51,94
878,301,52,96
876,299,53,98
874,297,54,100
872,295,55,102
870,293,56,104
868,291,57,106
866,289,58,108
864,287,59,110
862,285,60,112
860,283,61,114
858,281,62,116
856,279,63,118
854,277,64,120
856,281,64,116
855,280,63,117
854,279,62,118
853,278,61,119
852,277,60,120
851,276,59,121
850,275,58,122
849,274,57,123
848,273,56,124
847,272,55,125
846,271,54,126
845,270,53,127
844,269,52,128
843,268,51,129
842,267,50,130
842,268,54,128
841,268,55,130
840,268,56,132
839,268,57,134
838,268,58,136
837,268,59,138
836,268,60,140
835,268,61,142
834,268,62,144
833,268,63,146
832,268,64,148
831,268,65,150
830,268,66,152
829,268,67,154
828,268,68,156
828,269,64,157
825,270,64,159
822,271,64,161
819,272,64,163
816,273,64,165
813,274,64,167
810,275,64,169
807,276,64,171
804,277,64,173
801,278,64,175
798,279,64,177
795,280,64,179
792,281,64,181
789,282,64,183
786,283,64,185
777,281,66,184
