1357,157,74,215
1354,157,75,214
1351,157,76,213
1348,157,77,212
1345,157,78,211
1342,157,79,210
1339,157,80,209
1336,157,81,208
1333,157,82,207
1330,157,83,206
1327,157,84,205
1324,157,85,204
1321,157,86,203
1318,157,87,202
1315,157,88,201
1306,155,87,207
1305,155,87,207
1304,155,87,207
1303,155,87,207
1302,155,87,207
1301,155,87,207
1300,155,87,207
1299,155,87,207
1298,155,87,207
1297,155,87,207
1296,155,87,207
1295,155,87,207
1294,155,87,207
1293,155,87,207
1292,155,87,207
1293,150,87,200
1292,150,87,199
1291,150,87,198
1290,150,87,197
1289,150,87,196
1288,150,87,195
1287,150,87,194
1286,150,87,193
1285,150,87,192
1284,150,87,191
1283,150,87,190
1282,150,87,189
1281,150,87,188
1280,150,87,187
1279,150,87,186
1284,143,81,191
1283,143,81,191
1282,143,81,191
1281,143,81,191
1280,143,81,191
1279,143,81,191
1278,143,81,191
1277,143,81,191
1276,143,81,191
1275,143,81,191
1274,143,81,191
1273,143,81,191
1272,143,81,191
1271,143,81,191
1270,143,81,191
1265,136,86,187
1262,136,88,186
1259,136,90,185
1256,136,92,184
1253,136,94,183
1250,136,96,182
1247,136,98,181
1244,136,100,180
1241,136,102,179
1238,136,104,178
1235,136,106,177
1232,136,108,176
1229,136,110,175
1226,136,112,174
1223,136,114,173
1216,138,113,171
1213,138,110,171
1210,138,107,171
1207,138,104,171
1204,138,101,171
1201,138,98,171
1198,138,95,171
1195,138,92,171
1192,138,89,171
1189,138,86,171
1186,138,83,171
1183,138,80,171
1180,138,77,171
1177,138,74,171
1174,138,71,171
1176,133,72,169
1171,133,73,169
1166,133,74,169
1161,133,75,169
1156,133,76,169
1151,133,77,169
1146,133,78,169
1141,133,79,169
1136,133,80,169
1131,133,81,169
1126,133,82,169
1121,133,83,169
1116,133,84,169
1111,133,85,169
1106,133,86,169
1105,128,81,163
1102,128,80,163
1099,128,79,163
1096,128,78,163
1093,128,77,163
1090,128,76,163
1087,128,75,163
1084,128,74,163
1081,128,73,163
1078,128,72,163
1075,128,71,163
1072,128,70,163
1069,128,69,163
1066,128,68,163
1063,128,67,163
1055,122,65,163
1051,122,65,163
1047,122,65,163
1043,122,65,163
1039,122,65,163
1035,122,65,163
1031,122,65,163
1027,122,65,163
1023,122,65,163
1019,122,65,163
1015,122,65,163
1011,122,65,163
1007,122,65,163
1003,122,65,163
999,122,65,163
988,121,70,163
984,120,70,163
980,119,70,163
976,118,70,163
972,117,70,163
968,116,70,163
964,115,70,163
960,114,70,163
956,113,70,163
952,112,70,163
948,111,70,163
944,110,70,163
940,109,70,163
936,108,70,163
932,107,70,163
935,113,70,161
932,113,70,161
929,113,70,161
926,113,70,161
923,113,70,161
920,113,70,161
917,113,70,161
914,113,70,161
911,113,70,161
908,113,70,161
905,113,70,161
902,113,70,161
899,113,70,161
896,113,70,161
893,113,70,161
886,113,74,156
884,113,73,155
882,113,72,154
880,113,71,153
878,113,70,152
876,113,69,151
874,113,68,150
872,113,67,149
870,113,66,148
868,113,65,147
866,113,64,146
864,113,63,145
862,113,62,144
860,113,61,143
858,113,60,142
851,114,61,140
849,114,61,140
847,114,61,140
845,114,61,140
843,114,61,140
841,114,61,140
839,114,61,140
837,114,61,140
835,114,61,140
833,114,61,140
831,114,61,140
829,114,61,140
827,114,61,140
825,114,61,140
823,114,61,140
818,117,58,138
817,118,58,137
816,119,58,136
815,120,58,135
814,121,58,134
813,122,58,133
812,123,58,132
811,124,58,131
810,125,58,130
809,126,58,129
808,127,58,128
807,128,58,127
806,129,58,126
805,130,58,125
804,131,58,124
801,136,58,116
801,137,58,115
801,138,58,114
801,139,58,113
801,140,58,112
801,141,58,111
801,142,58,110
801,143,58,109
801,144,58,108
801,145,58,107
801,146,58,106
801,147,58,105
801,148,58,104
801,149,58,103
801,150,58,102
805,154,52,98
805,154,52,98
805,154,52,98
805,154,52,98
805,154,52,98
805,154,52,98
805,154,52,98
805,154,52,98
805,154,52,98
805,154,52,98
805,154,52,98
805,154,52,98
805,154,52,98
805,154,52,98
805,154,52,98
805,155,47,97
805,155,47,97
805,155,47,97
805,155,47,97
805,155,47,97
805,155,47,97
805,155,47,97
805,155,47,97
805,155,47,97
805,155,47,97
805,155,47,97
805,155,47,97
805,155,47,97
805,155,47,97
805,155,47,97
801,158,53,93
801,158,53,93
801,158,53,93
801,158,53,93
801,158,53,93
801,158,53,93
801,158,53,93
801,158,53,93
801,158,53,93
801,158,53,93
801,158,53,93
801,158,53,93
801,158,53,93
801,158,53,93
801,158,53,93
801,154,51,95
801,154,51,95
801,154,51,95
801,154,51,95
801,154,51,95
801,154,51,95
801,154,51,95
801,154,51,95
801,154,51,95
801,154,51,95
801,154,51,95
801,154,51,95
801,154,51,95
801,154,51,95
801,154,51,95
803,158,49,91
803,158,49,91
803,158,49,91
803,158,49,91
803,158,49,91
803,158,49,91
803,158,49,91
803,158,49,91
803,158,49,91
803,158,49,91
803,158,49,91
803,158,49,91
803,158,49,91
803,158,49,91
803,158,49,91
801,155,51,92
801,155,51,92
801,155,51,92
801,155,51,92
801,155,51,92
801,155,51,92
801,155,51,92
801,155,51,92
801,155,51,92
801,155,51,92
801,155,51,92
801,155,51,92
801,155,51,92
801,155,51,92
801,155,51,92
798,155,56,94
798,155,56,94
798,155,56,94
798,155,56,94
798,155,56,94
798,155,56,94
798,155,56,94
798,155,56,94
798,155,56,94
798,155,56,94
798,155,56,94
798,155,56,94
798,155,56,94
798,155,56,94
798,155,56,94
803,160,51,92
803,160,51,92
803,160,51,92
803,160,51,92
803,160,51,92
803,160,51,92
803,160,51,92
803,160,51,92
803,160,51,92
803,160,51,92
803,160,51,92
803,160,51,92
803,160,51,92
803,160,51,92
803,160,51,92
807,158,48,93
807,158,48,93
807,158,48,93
807,158,48,93
807,158,48,93
807,158,48,93
807,158,48,93
807,158,48,93
807,158,48,93
807,158,48,93
807,158,48,93
807,158,48,93
807,158,48,93
807,158,48,93
807,158,48,93
805,158,49,89
805,158,49,89
805,158,49,89
805,158,49,89
805,158,49,89
805,158,49,89
805,158,49,89
805,158,49,89
805,158,49,89
805,158,49,89
805,158,49,89
805,158,49,89
805,158,49,89
805,158,49,89
805,158,49,89
805,157,50,87
804,157,51,88
803,157,52,89
802,157,53,90
801,157,54,91
800,157,55,92
799,157,56,93
798,157,57,94
797,157,58,95
796,157,59,96
795,157,60,97
794,157,61,98
793,157,62,99
792,157,63,100
791,157,64,101
794,157,60,95
793,155,60,96
792,153,60,97
791,151,60,98
790,149,60,99
789,147,60,100
788,145,60,101
787,143,60,102
786,141,60,103
785,139,60,104
784,137,60,105
783,135,60,106
782,133,60,107
781,131,60,108
780,129,60,109
776,130,59,117
0,0,0,0
0,0,0,0
0,0,0,0
0,0,0,0
0,0,0,0
0,0,0,0
0,0,0,0
0,0,0,0
0,0,0,0
0,0,0,0
0,0,0,0
0,0,0,0
0,0,0,0
0,0,0,0
