1355,33,88,232
1353,33,88,230
1351,33,88,228
1349,33,88,226
1347,33,88,224
1345,33,88,222
1343,33,88,220
1341,33,88,218
1339,33,88,216
1337,33,88,214
1335,33,88,212
1333,33,88,210
1331,33,88,208
1329,33,88,206
1327,33,88,204
1321,39,85,208
1318,38,84,208
1315,37,83,208
1312,36,82,208
1309,35,81,208
1306,34,80,208
1303,33,79,208
1300,32,78,208
1297,31,77,208
1294,30,76,208
1291,29,75,208
1288,28,74,208
1285,27,73,208
1282,26,72,208
1279,25,71,208
1273,21,77,207
1269,20,80,208
1265,19,83,209
1261,18,86,210
1257,17,89,211
1253,16,92,212
1249,15,95,213
1245,14,98,214
1241,13,101,215
1237,12,104,216
1233,11,107,217
1229,10,110,218
1225,9,113,219
1221,8,116,220
1217,7,119,221
1210,13,124,224
1207,13,122,223
1204,13,120,222
1201,13,118,221
1198,13,116,220
1195,13,114,219
1192,13,112,218
1189,13,110,217
1186,13,108,216
1183,13,106,215
1180,13,104,214
1177,13,102,213
1174,13,100,212
1171,13,98,211
1168,13,96,210
1162,19,88,209
1158,19,87,207
1154,19,86,205
1150,19,85,203
1146,19,84,201
1142,19,83,199
1138,19,82,197
1134,19,81,195
1130,19,80,193
1126,19,79,191
1122,19,78,189
1118,19,77,187
1114,19,76,185
1110,19,75,183
1106,19,74,181
1107,13,77,184
1104,13,78,185
1101,13,79,186
1098,13,80,187
1095,13,81,188
1092,13,82,189
1089,13,83,190
1086,13,84,191
1083,13,85,192
1080,13,86,193
1077,13,87,194
1074,13,88,195
1071,13,89,196
1068,13,90,197
1065,13,91,198
1055,6,93,206
1052,6,93,204
1049,6,93,202
1046,6,93,200
1043,6,93,198
1040,6,93,196
1037,6,93,194
1034,6,93,192
1031,6,93,190
1028,6,93,188
1025,6,93,186
1022,6,93,184
1019,6,93,182
1016,6,93,180
1013,6,93,178
1003,13,92,179
1001,13,91,177
999,13,90,175
997,13,89,173
995,13,88,171
993,13,87,169
991,13,86,167
989,13,85,165
987,13,84,163
985,13,83,161
983,13,82,159
981,13,81,157
979,13,80,155
977,13,79,153
975,13,78,151
979,14,79,153
978,14,79,153
977,14,79,153
976,14,79,153
975,14,79,153
974,14,79,153
973,14,79,153
972,14,79,153
971,14,79,153
970,14,79,153
969,14,79,153
968,14,79,153
967,14,79,153
966,14,79,153
965,14,79,153
966,18,84,158
965,18,83,157
964,18,82,156
963,18,81,155
962,18,80,154
961,18,79,153
960,18,78,152
959,18,77,151
958,18,76,150
957,18,75,149
956,18,74,148
955,18,73,147
954,18,72,146
953,18,71,145
952,18,70,144
953,18,73,136
951,18,73,135
949,18,73,134
947,18,73,133
945,18,73,132
943,18,73,131
941,18,73,130
939,18,73,129
937,18,73,128
935,18,73,127
933,18,73,126
931,18,73,125
929,18,73,124
927,18,73,123
925,18,73,122
918,18,75,124
916,18,75,124
914,18,75,124
912,18,75,124
910,18,75,124
908,18,75,124
906,18,75,124
904,18,75,124
902,18,75,124
900,18,75,124
898,18,75,124
896,18,75,124
894,18,75,124
892,18,75,124
890,18,75,124
883,21,82,117
882,21,82,117
881,21,82,117
880,21,82,117
879,21,82,117
878,21,82,117
877,21,82,117
876,21,82,117
875,21,82,117
874,21,82,117
873,21,82,117
872,21,82,117
871,21,82,117
870,21,82,117
869,21,82,117
868,18,77,115
868,17,76,116
868,16,75,117
868,15,74,118
868,14,73,119
868,13,72,120
868,12,71,121
868,11,70,122
868,10,69,123
868,9,68,124
868,8,67,125
868,7,66,126
868,6,65,127
868,5,64,128
868,4,63,129
870,8,64,123
868,8,65,123
866,8,66,123
864,8,67,123
862,8,68,123
860,8,69,123
858,8,70,123
856,8,71,123
854,8,72,123
852,8,73,123
850,8,74,123
848,8,75,123
846,8,76,123
844,8,77,123
842,8,78,123
844,13,80,125
844,14,80,124
844,15,80,123
844,16,80,122
844,17,80,121
844,18,80,120
844,19,80,119
844,20,80,118
844,21,80,117
844,22,80,116
844,23,80,115
844,24,80,114
844,25,80,113
844,26,80,112
844,27,80,111
851,28,77,110
851,28,77,110
851,28,77,110
851,28,77,110
851,28,77,110
851,28,77,110
851,28,77,110
851,28,77,110
851,28,77,110
851,28,77,110
851,28,77,110
851,28,77,110
851,28,77,110
851,28,77,110
851,28,77,110
844,29,82,107
844,29,82,107
844,29,82,107
844,29,82,107
844,29,82,107
844,29,82,107
844,29,82,107
844,29,82,107
844,29,82,107
844,29,82,107
844,29,82,107
844,29,82,107
844,29,82,107
844,29,82,107
844,29,82,107
844,34,88,102
844,34,88,102
844,34,88,102
844,34,88,102
844,34,88,102
844,34,88,102
844,34,88,102
844,34,88,102
844,34,88,102
844,34,88,102
844,34,88,102
844,34,88,102
844,34,88,102
844,34,88,102
844,34,88,102
847,34,85,102
847,33,85,102
847,32,85,102
847,31,85,102
847,30,85,102
847,29,85,102
847,28,85,102
847,27,85,102
847,26,85,102
847,25,85,102
847,24,85,102
847,23,85,102
847,22,85,102
847,21,85,102
847,20,85,102
840,26,92,105
841,26,92,105
842,26,92,105
843,26,92,105
844,26,92,105
845,26,92,105
846,26,92,105
847,26,92,105
848,26,92,105
849,26,92,105
850,26,92,105
851,26,92,105
852,26,92,105
853,26,92,105
854,26,92,105
849,26,88,108
849,26,88,108
849,26,88,108
849,26,88,108
849,26,88,108
849,26,88,108
849,26,88,108
849,26,88,108
849,26,88,108
849,26,88,108
849,26,88,108
849,26,88,108
849,26,88,108
849,26,88,108
849,26,88,108
847,33,90,105
847,33,90,105
847,33,90,105
847,33,90,105
847,33,90,105
847,33,90,105
847,33,90,105
847,33,90,105
847,33,90,105
847,33,90,105
847,33,90,105
847,33,90,105
847,33,90,105
847,33,90,105
847,33,90,105
840,28,96,106
840,28,97,106
840,28,98,106
840,28,99,106
840,28,100,106
840,28,101,106
840,28,102,106
840,28,103,106
840,28,104,106
840,28,105,106
840,28,106,106
840,28,107,106
840,28,108,106
840,28,109,106
840,28,110,106
833,33,114,111
834,33,112,111
835,33,110,111
836,33,108,111
837,33,106,111
838,33,104,111
839,33,102,111
840,33,100,111
841,33,98,111
842,33,96,111
843,33,94,111
844,33,92,111
845,33,90,111
846,33,88,111
847,33,86,111
846,33,91,105
846,33,91,105
846,33,91,105
846,33,91,105
846,33,91,105
846,33,91,105
846,33,91,105
846,33,91,105
846,33,91,105
846,33,91,105
846,33,91,105
846,33,91,105
846,33,91,105
846,33,91,105
846,33,91,105
844,33,97,106
844,33,96,106
844,33,95,106
844,33,94,106
844,33,93,106
844,33,92,106
844,33,91,106
844,33,90,106
844,33,89,106
844,33,88,106
844,33,87,106
844,33,86,106
844,33,85,106
844,33,84,106
844,33,83,106
851,33,86,103
849,32,86,105
847,31,86,107
845,30,86,109
843,29,86,111
841,28,86,113
839,27,86,115
837,26,86,117
835,25,86,119
833,24,86,121
831,23,86,123
829,22,86,125
827,21,86,127
825,20,86,129
823,19,86,131
827,14,90,133
827,13,90,134
827,12,90,135
827,11,90,136
827,10,90,137
827,9,90,138
827,8,90,139
827,7,90,140
827,6,90,141
827,5,90,142
827,4,90,143
827,3,90,144
827,2,90,145
827,1,90,146
827,0,90,147
820,0,90,147
818,0,90,148
816,0,90,149
814,0,90,150
812,0,90,151
810,0,90,152
808,0,90,153
806,0,90,154
804,0,90,155
802,0,90,156
800,0,90,157
798,0,90,158
796,0,90,159
794,0,90,160
792,0,90,161
785,6,93,163
