1329,264,74,200
1328,263,73,198
1327,262,72,196
1326,261,71,194
1325,260,70,192
1324,259,69,190
1323,258,68,188
1322,257,67,186
1321,256,66,184
1320,255,65,182
1319,254,64,180
1318,253,63,178
1317,252,62,176
1316,251,61,174
1315,250,60,172
1310,253,60,173
1306,254,61,173
1302,255,62,173
1298,256,63,173
1294,257,64,173
1290,258,65,173
1286,259,66,173
1282,260,67,173
1278,261,68,173
1274,262,69,173
1270,263,70,173
1266,264,71,173
1262,265,72,173
1258,266,73,173
1254,267,74,173
1255,264,69,173
1251,263,70,174
1247,262,71,175
1243,261,72,176
1239,260,73,177
1235,259,74,178
1231,258,75,179
1227,257,76,180
1223,256,77,181
1219,255,78,182
1215,254,79,183
1211,253,80,184
1207,252,81,185
1203,251,82,186
1199,250,83,187
1194,251,87,195
1190,252,86,193
1186,253,85,191
1182,254,84,189
1178,255,83,187
1174,256,82,185
1170,257,81,183
1166,258,80,181
1162,259,79,179
1158,260,78,177
1154,261,77,175
1150,262,76,173
1146,263,75,171
1142,264,74,169
1138,265,73,167
1132,260,70,166
1127,260,70,166
1122,260,70,166
1117,260,70,166
1112,260,70,166
1107,260,70,166
1102,260,70,166
1097,260,70,166
1092,260,70,166
1087,260,70,166
1082,260,70,166
1077,260,70,166
1072,260,70,166
1067,260,70,166
1062,260,70,166
1062,255,68,168
1058,255,69,168
1054,255,70,168
1050,255,71,168
1046,255,72,168
1042,255,73,168
1038,255,74,168
1034,255,75,168
1030,255,76,168
1026,255,77,168
1022,255,78,168
1018,255,79,168
1014,255,80,168
1010,255,81,168
1006,255,82,168
999,260,77,170
997,260,77,169
995,260,77,168
993,260,77,167
991,260,77,166
989,260,77,165
987,260,77,164
985,260,77,163
983,260,77,162
981,260,77,161
979,260,77,160
977,260,77,159
975,260,77,158
973,260,77,157
971,260,77,156
972,264,77,150
970,264,76,150
968,264,75,150
966,264,74,150
964,264,73,150
962,264,72,150
960,264,71,150
958,264,70,150
956,264,69,150
954,264,68,150
952,264,67,150
950,264,66,150
948,264,65,150
946,264,64,150
944,264,63,150
947,260,66,147
945,260,67,147
943,260,68,147
941,260,69,147
939,260,70,147
937,260,71,147
935,260,72,147
933,260,73,147
931,260,74,147
929,260,75,147
927,260,76,147
925,260,77,147
923,260,78,147
921,260,79,147
919,260,80,147
913,256,75,152
910,256,74,151
907,256,73,150
904,256,72,149
901,256,71,148
898,256,70,147
895,256,69,146
892,256,68,145
889,256,67,144
886,256,66,143
883,256,65,142
880,256,64,141
877,256,63,140
874,256,62,139
871,256,61,138
874,262,57,130
873,262,57,130
872,262,57,130
871,262,57,130
870,262,57,130
869,262,57,130
868,262,57,130
867,262,57,130
866,262,57,130
865,262,57,130
864,262,57,130
863,262,57,130
862,262,57,130
861,262,57,130
860,262,57,130
859,258,55,134
858,259,55,134
857,260,55,134
856,261,55,134
855,262,55,134
854,263,55,134
853,264,55,134
852,265,55,134
851,266,55,134
850,267,55,134
849,268,55,134
848,269,55,134
847,270,55,134
846,271,55,134
845,272,55,134
842,269,56,138
842,271,56,136
842,273,56,134
842,275,56,132
842,277,56,130
842,279,56,128
842,281,56,126
842,283,56,124
842,285,56,122
842,287,56,120
842,289,56,118
842,291,56,116
842,293,56,114
842,295,56,112
842,297,56,110
848,296,50,105
848,296,50,105
848,296,50,105
848,296,50,105
848,296,50,105
848,296,50,105
848,296,50,105
848,296,50,105
848,296,50,105
848,296,50,105
848,296,50,105
848,296,50,105
848,296,50,105
848,296,50,105
848,296,50,105
846,296,52,102
846,296,52,102
846,296,52,102
846,296,52,102
846,296,52,102
846,296,52,102
846,296,52,102
846,296,52,102
846,296,52,102
846,296,52,102
846,296,52,102
846,296,52,102
846,296,52,102
846,296,52,102
846,296,52,102
850,292,52,107
850,292,52,107
850,292,52,107
850,292,52,107
850,292,52,107
850,292,52,107
850,292,52,107
850,292,52,107
850,292,52,107
850,292,52,107
850,292,52,107
850,292,52,107
850,292,52,107
850,292,52,107
850,292,52,107
852,294,52,105
852,294,52,105
852,294,52,105
852,294,52,105
852,294,52,105
852,294,52,105
852,294,52,105
852,294,52,105
852,294,52,105
852,294,52,105
852,294,52,105
852,294,52,105
852,294,52,105
852,294,52,105
852,294,52,105
853,300,55,105
853,300,55,105
853,300,55,105
853,300,55,105
853,300,55,105
853,300,55,105
853,300,55,105
853,300,55,105
853,300,55,105
853,300,55,105
853,300,55,105
853,300,55,105
853,300,55,105
853,300,55,105
853,300,55,105
852,296,58,109
852,296,58,108
852,296,58,107
852,296,58,106
852,296,58,105
852,296,58,104
852,296,58,103
852,296,58,102
852,296,58,101
852,296,58,100
852,296,58,99
852,296,58,98
852,296,58,97
852,296,58,96
852,296,58,95
852,298,54,101
852,298,54,101
852,298,54,101
852,298,54,101
852,298,54,101
852,298,54,101
852,298,54,101
852,298,54,101
852,298,54,101
852,298,54,101
852,298,54,101
852,298,54,101
852,298,54,101
852,298,54,101
852,298,54,101
850,296,52,103
850,296,52,103
850,296,52,103
850,296,52,103
850,296,52,103
850,296,52,103
850,296,52,103
850,296,52,103
850,296,52,103
850,296,52,103
850,296,52,103
850,296,52,103
850,296,52,103
850,296,52,103
850,296,52,103
850,296,52,107
850,296,52,107
850,296,52,107
850,296,52,107
850,296,52,107
850,296,52,107
850,296,52,107
850,296,52,107
850,296,52,107
850,296,52,107
850,296,52,107
850,296,52,107
850,296,52,107
850,296,52,107
850,296,52,107
846,294,56,104
844,292,56,107
842,290,56,110
840,288,56,113
838,286,56,116
836,284,56,119
834,282,56,122
832,280,56,125
830,278,56,128
828,276,56,131
826,274,56,134
824,272,56,137
822,270,56,140
820,268,56,143
818,266,56,146
815,264,62,146
