1220,132,81,187
1219,132,80,187
1218,132,79,187
1217,132,78,187
1216,132,77,187
1215,132,76,187
1214,132,75,187
1213,132,74,187
1212,132,73,187
1211,132,72,187
1210,132,71,187
1209,132,70,187
1208,132,69,187
1207,132,68,187
1206,132,67,187
1201,128,68,183
1199,128,68,183
1197,128,68,183
1195,128,68,183
1193,128,68,183
1191,128,68,183
1189,128,68,183
1187,128,68,183
1185,128,68,183
1183,128,68,183
1181,128,68,183
1179,128,68,183
1177,128,68,183
1175,128,68,183
1173,128,68,183
1167,130,75,185
1164,130,75,185
1161,130,75,185
1158,130,75,185
1155,130,75,185
1152,130,75,185
1149,130,75,185
1146,130,75,185
1143,130,75,185
1140,130,75,185
1137,130,75,185
1134,130,75,185
1131,130,75,185
1128,130,75,185
1125,130,75,185
1127,124,79,180
1124,124,79,180
1121,124,79,180
1118,124,79,180
1115,124,79,180
1112,124,79,180
1109,124,79,180
1106,124,79,180
1103,124,79,180
1100,124,79,180
1097,124,79,180
1094,124,79,180
1091,124,79,180
1088,124,79,180
1085,124,79,180
1083,119,85,185
1080,120,84,183
1077,121,83,181
1074,122,82,179
1071,123,81,177
1068,124,80,175
1065,125,79,173
1062,126,78,171
1059,127,77,169
1056,128,76,167
1053,129,75,165
1050,130,74,163
1047,131,73,161
1044,132,72,159
1041,133,71,157
1036,130,65,159
1032,130,66,160
1028,130,67,161
1024,130,68,162
1020,130,69,163
1016,130,70,164
1012,130,71,165
1008,130,72,166
1004,130,73,167
1000,130,74,168
996,130,75,169
992,130,76,170
988,130,77,171
984,130,78,172
980,130,79,173
980,124,74,167
977,124,74,166
974,124,74,165
971,124,74,164
968,124,74,163
965,124,74,162
962,124,74,161
959,124,74,160
956,124,74,159
953,124,74,158
950,124,74,157
947,124,74,156
944,124,74,155
941,124,74,154
938,124,74,153
935,120,73,159
933,120,74,159
931,120,75,159
929,120,76,159
927,120,77,159
925,120,78,159
923,120,79,159
921,120,80,159
919,120,81,159
917,120,82,159
915,120,83,159
913,120,84,159
911,120,85,159
909,120,86,159
907,120,87,159
906,124,85,163
904,124,84,162
902,124,83,161
900,124,82,160
898,124,81,159
896,124,80,158
894,124,79,157
892,124,78,156
890,124,77,155
888,124,76,154
886,124,75,153
884,124,74,152
882,124,73,151
880,124,72,150
878,124,71,149
883,130,74,149
881,129,75,149
879,128,76,149
877,127,77,149
875,126,78,149
873,125,79,149
871,124,80,149
869,123,81,149
867,122,82,149
865,121,83,149
863,120,84,149
861,119,85,149
859,118,86,149
857,117,87,149
855,116,88,149
855,111,85,150
854,111,84,150
853,111,83,150
852,111,82,150
851,111,81,150
850,111,80,150
849,111,79,150
848,111,78,150
847,111,77,150
846,111,76,150
845,111,75,150
844,111,74,150
843,111,73,150
842,111,72,150
841,111,71,150
840,106,75,151
838,107,75,150
836,108,75,149
834,109,75,148
832,110,75,147
830,111,75,146
828,112,75,145
826,113,75,144
824,114,75,143
822,115,75,142
820,116,75,141
818,117,75,140
816,118,75,139
814,119,75,138
812,120,75,137
807,119,68,134
806,118,68,135
805,117,68,136
804,116,68,137
803,115,68,138
802,114,68,139
801,113,68,140
800,112,68,141
799,111,68,142
798,110,68,143
797,109,68,144
796,108,68,145
795,107,68,146
794,106,68,147
793,105,68,148
788,109,64,148
788,110,63,147
788,111,62,146
788,112,61,145
788,113,60,144
788,114,59,143
788,115,58,142
788,116,57,141
788,117,56,140
788,118,55,139
788,119,54,138
788,120,53,137
788,121,52,136
788,122,51,135
788,123,50,134
792,117,49,136
791,117,49,136
790,117,49,136
789,117,49,136
788,117,49,136
787,117,49,136
786,117,49,136
785,117,49,136
784,117,49,136
783,117,49,136
782,117,49,136
781,117,49,136
780,117,49,136
779,117,49,136
778,117,49,136
775,124,54,135
775,125,54,132
775,126,54,129
775,127,54,126
775,128,54,123
775,129,54,120
775,130,54,117
775,131,54,114
775,132,54,111
775,133,54,108
775,134,54,105
775,135,54,102
775,136,54,99
775,137,54,96
775,138,54,93
775,145,50,97
775,145,50,96
775,145,50,95
775,145,50,94
775,145,50,93
775,145,50,92
775,145,50,91
775,145,50,90
775,145,50,89
775,145,50,88
775,145,50,87
775,145,50,86
775,145,50,85
775,145,50,84
775,145,50,83
777,152,50,88
777,152,50,88
777,152,50,88
777,152,50,88
777,152,50,88
777,152,50,88
777,152,50,88
777,152,50,88
777,152,50,88
777,152,50,88
777,152,50,88
777,152,50,88
777,152,50,88
777,152,50,88
777,152,50,88
777,150,50,90
778,150,50,90
779,150,50,90
780,150,50,90
781,150,50,90
782,150,50,90
783,150,50,90
784,150,50,90
785,150,50,90
786,150,50,90
787,150,50,90
788,150,50,90
789,150,50,90
790,150,50,90
791,150,50,90
786,152,43,88
786,152,43,88
786,152,43,88
786,152,43,88
786,152,43,88
786,152,43,88
786,152,43,88
786,152,43,88
786,152,43,88
786,152,43,88
786,152,43,88
786,152,43,88
786,152,43,88
786,152,43,88
786,152,43,88
784,152,49,94
784,152,49,94
784,152,49,94
784,152,49,94
784,152,49,94
784,152,49,94
784,152,49,94
784,152,49,94
784,152,49,94
784,152,49,94
784,152,49,94
784,152,49,94
784,152,49,94
784,152,49,94
784,152,49,94
784,150,49,94
784,150,49,94
784,150,49,94
784,150,49,94
784,150,49,94
784,150,49,94
784,150,49,94
784,150,49,94
784,150,49,94
784,150,49,94
784,150,49,94
784,150,49,94
784,150,49,94
784,150,49,94
784,150,49,94
781,148,52,96
781,148,52,96
781,148,52,96
781,148,52,96
781,148,52,96
781,148,52,96
781,148,52,96
781,148,52,96
781,148,52,96
781,148,52,96
781,148,52,96
781,148,52,96
781,148,52,96
781,148,52,96
781,148,52,96
781,150,54,90
781,150,54,91
781,150,54,92
781,150,54,93
781,150,54,94
781,150,54,95
781,150,54,96
781,150,54,97
781,150,54,98
781,150,54,99
781,150,54,100
781,150,54,101
781,150,54,102
781,150,54,103
781,150,54,104
784,150,51,98
784,150,51,98
784,150,51,98
784,150,51,98
784,150,51,98
784,150,51,98
784,150,51,98
784,150,51,98
784,150,51,98
784,150,51,98
784,150,51,98
784,150,51,98
784,150,51,98
784,150,51,98
784,150,51,98
781,150,50,94
781,150,50,94
781,150,50,94
781,150,50,94
781,150,50,94
781,150,50,94
781,150,50,94
781,150,50,94
781,150,50,94
781,150,50,94
781,150,50,94
781,150,50,94
781,150,50,94
781,150,50,94
781,150,50,94
781,148,46,98
781,148,46,97
781,148,46,96
781,148,46,95
781,148,46,94
781,148,46,93
781,148,46,92
781,148,46,91
781,148,46,90
781,148,46,89
781,148,46,88
781,148,46,87
781,148,46,86
781,148,46,85
781,148,46,84
784,152,43,88
782,151,45,90
780,150,47,92
778,149,49,94
776,148,51,96
774,147,53,98
772,146,55,100
770,145,57,102
768,144,59,104
766,143,61,106
764,142,63,108
762,141,65,110
760,140,67,112
758,139,69,114
756,138,71,116
760,130,67,118
759,129,66,118
758,128,65,118
757,127,64,118
756,126,63,118
755,125,62,118
754,124,61,118
753,123,60,118
752,122,59,118
751,121,58,118
750,120,57,118
749,119,56,118
748,118,55,118
747,117,54,118
746,116,53,118
752,122,58,122
751,122,58,123
750,122,58,124
749,122,58,125
748,122,58,126
747,122,58,127
746,122,58,128
745,122,58,129
744,122,58,130
743,122,58,131
742,122,58,132
741,122,58,133
740,122,58,134
739,122,58,135
738,122,58,136
739,128,54,135
