1266,195,90,264
1261,195,92,265
1256,195,94,266
1251,195,96,267
1246,195,98,268
1241,195,100,269
1236,195,102,270
1231,195,104,271
1226,195,106,272
1221,195,108,273
1216,195,110,274
1211,195,112,275
1206,195,114,276
1201,195,116,277
1196,195,118,278
1187,188,123,276
1183,187,122,276
1179,186,121,276
1175,185,120,276
1171,184,119,276
1167,183,118,276
1163,182,117,276
1159,181,116,276
1155,180,115,276
1151,179,114,276
1147,178,113,276
1143,177,112,276
1139,176,111,276
1135,175,110,276
1131,174,109,276
1120,174,108,280
1114,175,109,278
1108,176,110,276
1102,177,111,274
1096,178,112,272
1090,179,113,270
1084,180,114,268
1078,181,115,266
1072,182,116,264
1066,183,117,262
1060,184,118,260
1054,185,119,258
1048,186,120,256
1042,187,121,254
1036,188,122,252
1034,188,116,246
1031,187,114,246
1028,186,112,246
1025,185,110,246
1022,184,108,246
1019,183,106,246
1016,182,104,246
1013,181,102,246
1010,180,100,246
1007,179,98,246
1004,178,96,246
1001,177,94,246
998,176,92,246
995,175,90,246
992,174,88,246
983,177,83,249
978,176,85,249
973,175,87,249
968,174,89,249
963,173,91,249
958,172,93,249
953,171,95,249
948,170,97,249
943,169,99,249
938,168,101,249
933,167,103,249
928,166,105,249
923,165,107,249
918,164,109,249
913,163,111,249
912,164,114,254
909,165,114,252
906,166,114,250
903,167,114,248
900,168,114,246
897,169,114,244
894,170,114,242
891,171,114,240
888,172,114,238
885,173,114,236
882,174,114,234
879,175,114,232
876,176,114,230
873,177,114,228
870,178,114,226
863,177,119,229
861,176,118,229
859,175,117,229
857,174,116,229
855,173,115,229
853,172,114,229
851,171,113,229
849,170,112,229
847,169,111,229
845,168,110,229
843,167,109,229
841,166,108,229
839,165,107,229
837,164,106,229
835,163,105,229
836,160,104,233
834,159,105,233
832,158,106,233
830,157,107,233
828,156,108,233
826,155,109,233
824,154,110,233
822,153,111,233
820,152,112,233
818,151,113,233
816,150,114,233
814,149,115,233
812,148,116,233
810,147,117,233
808,146,118,233
810,147,121,231
807,147,120,231
804,147,119,231
801,147,118,231
798,147,117,231
795,147,116,231
792,147,115,231
789,147,114,231
786,147,113,231
783,147,112,231
780,147,111,231
777,147,110,231
774,147,109,231
771,147,108,231
768,147,107,231
772,154,103,228
770,154,102,227
768,154,101,226
766,154,100,225
764,154,99,224
762,154,98,223
760,154,97,222
758,154,96,221
756,154,95,220
754,154,94,219
752,154,93,218
750,154,92,217
748,154,91,216
746,154,90,215
744,154,89,214
735,156,83,216
733,155,83,216
731,154,83,216
729,153,83,216
727,152,83,216
725,151,83,216
723,150,83,216
721,149,83,216
719,148,83,216
717,147,83,216
715,146,83,216
713,145,83,216
711,144,83,216
709,143,83,216
707,142,83,216
703,147,79,213
702,147,79,213
701,147,79,213
700,147,79,213
699,147,79,213
698,147,79,213
697,147,79,213
696,147,79,213
695,147,79,213
694,147,79,213
693,147,79,213
692,147,79,213
691,147,79,213
690,147,79,213
689,147,79,213
692,147,83,210
691,149,82,208
690,151,81,206
689,153,80,204
688,155,79,202
687,157,78,200
686,159,77,198
685,161,76,196
684,163,75,194
683,165,74,192
682,167,73,190
681,169,72,188
680,171,71,186
679,173,70,184
678,175,69,182
681,174,68,173
681,176,68,171
681,178,68,169
681,180,68,167
681,182,68,165
681,184,68,163
681,186,68,161
681,188,68,159
681,190,68,157
681,192,68,155
681,194,68,153
681,196,68,151
681,198,68,149
681,200,68,147
681,202,68,145
677,200,70,142
677,200,70,142
677,200,70,142
677,200,70,142
677,200,70,142
677,200,70,142
677,200,70,142
677,200,70,142
677,200,70,142
677,200,70,142
677,200,70,142
677,200,70,142
677,200,70,142
677,200,70,142
677,200,70,142
679,195,72,149
679,195,72,149
679,195,72,149
679,195,72,149
679,195,72,149
679,195,72,149
679,195,72,149
679,195,72,149
679,195,72,149
679,195,72,149
679,195,72,149
679,195,72,149
679,195,72,149
679,195,72,149
679,195,72,149
684,200,65,145
684,200,66,145
684,200,67,145
684,200,68,145
684,200,69,145
684,200,70,145
684,200,71,145
684,200,72,145
684,200,73,145
684,200,74,145
684,200,75,145
684,200,76,145
684,200,77,145
684,200,78,145
684,200,79,145
686,198,74,151
686,198,74,150
686,198,74,149
686,198,74,148
686,198,74,147
686,198,74,146
686,198,74,145
686,198,74,144
686,198,74,143
686,198,74,142
686,198,74,141
686,198,74,140
686,198,74,139
686,198,74,138
686,198,74,137
681,203,72,139
681,203,72,138
681,203,72,137
681,203,72,136
681,203,72,135
681,203,72,134
681,203,72,133
681,203,72,132
681,203,72,131
681,203,72,130
681,203,72,129
681,203,72,128
681,203,72,127
681,203,72,126
681,203,72,125
686,208,70,128
686,208,70,129
686,208,70,130
686,208,70,131
686,208,70,132
686,208,70,133
686,208,70,134
686,208,70,135
686,208,70,136
686,208,70,137
686,208,70,138
686,208,70,139
686,208,70,140
686,208,70,141
686,208,70,142
686,206,74,139
686,206,74,139
686,206,74,139
686,206,74,139
686,206,74,139
686,206,74,139
686,206,74,139
686,206,74,139
686,206,74,139
686,206,74,139
686,206,74,139
686,206,74,139
686,206,74,139
686,206,74,139
686,206,74,139
683,203,79,146
683,203,78,146
683,203,77,146
683,203,76,146
683,203,75,146
683,203,74,146
683,203,73,146
683,203,72,146
683,203,71,146
683,203,70,146
683,203,69,146
683,203,68,146
683,203,67,146
683,203,66,146
683,203,65,146
688,203,70,149
688,203,70,149
688,203,70,149
688,203,70,149
688,203,70,149
688,203,70,149
688,203,70,149
688,203,70,149
688,203,70,149
688,203,70,149
688,203,70,149
688,203,70,149
688,203,70,149
688,203,70,149
688,203,70,149
683,203,70,147
683,203,70,147
683,203,70,147
683,203,70,147
683,203,70,147
683,203,70,147
683,203,70,147
683,203,70,147
683,203,70,147
683,203,70,147
683,203,70,147
683,203,70,147
683,203,70,147
683,203,70,147
683,203,70,147
686,200,67,142
686,200,67,142
686,200,67,142
686,200,67,142
686,200,67,142
686,200,67,142
686,200,67,142
686,200,67,142
686,200,67,142
686,200,67,142
686,200,67,142
686,200,67,142
686,200,67,142
686,200,67,142
686,200,67,142
684,205,69,142
683,204,70,143
682,203,71,144
681,202,72,145
680,201,73,146
679,200,74,147
678,199,75,148
677,198,76,149
676,197,77,150
675,196,78,151
674,195,79,152
673,194,80,153
672,193,81,154
671,192,82,155
670,191,83,156
670,192,85,153
668,189,85,155
666,186,85,157
664,183,85,159
662,180,85,161
660,177,85,163
658,174,85,165
656,171,85,167
654,168,85,169
652,165,85,171
650,162,85,173
648,159,85,175
646,156,85,177
644,153,85,179
642,150,85,181
644,154,78,183
643,154,78,184
642,154,78,185
641,154,78,186
640,154,78,187
639,154,78,188
638,154,78,189
637,154,78,190
636,154,78,191
635,154,78,192
634,154,78,193
633,154,78,194
632,154,78,195
631,154,78,196
630,154,78,197
630,152,72,200
628,152,72,201
626,152,72,202
624,152,72,203
622,152,72,204
620,152,72,205
618,152,72,206
616,152,72,207
614,152,72,208
612,152,72,209
610,152,72,210
608,152,72,211
606,152,72,212
604,152,72,213
602,152,72,214
601,157,66,221
598,157,67,222
595,157,68,223
592,157,69,224
589,157,70,225
586,157,71,226
583,157,72,227
580,157,73,228
577,157,74,229
574,157,75,230
571,157,76,231
568,157,77,232
565,157,78,233
562,157,79,234
559,157,80,235
551,162,87,229
