1240,99,79,205
1237,99,79,205
1234,99,79,205
1231,99,79,205
1228,99,79,205
1225,99,79,205
1222,99,79,205
1219,99,79,205
1216,99,79,205
1213,99,79,205
1210,99,79,205
1207,99,79,205
1204,99,79,205
1201,99,79,205
1198,99,79,205
1199,94,72,205
1197,94,72,204
1195,94,72,203
1193,94,72,202
1191,94,72,201
1189,94,72,200
1187,94,72,199
1185,94,72,198
1183,94,72,197
1181,94,72,196
1179,94,72,195
1177,94,72,194
1175,94,72,193
1173,94,72,192
1171,94,72,191
1167,91,67,196
1165,91,68,196
1163,91,69,196
1161,91,70,196
1159,91,71,196
1157,91,72,196
1155,91,73,196
1153,91,74,196
1151,91,75,196
1149,91,76,196
1147,91,77,196
1145,91,78,196
1143,91,79,196
1141,91,80,196
1139,91,81,196
1144,84,75,198
1144,84,75,198
1144,84,75,198
1144,84,75,198
1144,84,75,198
1144,84,75,198
1144,84,75,198
1144,84,75,198
1144,84,75,198
1144,84,75,198
1144,84,75,198
1144,84,75,198
1144,84,75,198
1144,84,75,198
1144,84,75,198
1140,87,69,192
1140,87,69,192
1140,87,69,192
1140,87,69,192
1140,87,69,192
1140,87,69,192
1140,87,69,192
1140,87,69,192
1140,87,69,192
1140,87,69,192
1140,87,69,192
1140,87,69,192
1140,87,69,192
1140,87,69,192
1140,87,69,192
1137,89,75,191
1136,89,76,191
1135,89,77,191
1134,89,78,191
1133,89,79,191
1132,89,80,191
1131,89,81,191
1130,89,82,191
1129,89,83,191
1128,89,84,191
1127,89,85,191
1126,89,86,191
1125,89,87,191
1124,89,88,191
1123,89,89,191
1129,87,83,193
1130,87,82,193
1131,87,81,193
1132,87,80,193
1133,87,79,193
1134,87,78,193
1135,87,77,193
1136,87,76,193
1137,87,75,193
1138,87,74,193
1139,87,73,193
1140,87,72,193
1141,87,71,193
1142,87,70,193
1143,87,69,193
1137,89,72,186
1136,89,72,186
1135,89,72,186
1134,89,72,186
1133,89,72,186
1132,89,72,186
1131,89,72,186
1130,89,72,186
1129,89,72,186
1128,89,72,186
1127,89,72,186
1126,89,72,186
1125,89,72,186
1124,89,72,186
1123,89,72,186
1128,89,77,190
1128,89,77,190
1128,89,77,190
1128,89,77,190
1128,89,77,190
1128,89,77,190
1128,89,77,190
1128,89,77,190
1128,89,77,190
1128,89,77,190
1128,89,77,190
1128,89,77,190
1128,89,77,190
1128,89,77,190
1128,89,77,190
1128,89,77,190
1128,89,77,190
1128,89,77,190
1128,89,77,190
1128,89,77,190
1128,89,77,190
1128,89,77,190
1128,89,77,190
1128,89,77,190
1128,89,77,190
1128,89,77,190
1128,89,77,190
1128,89,77,190
1128,89,77,190
1128,89,77,190
1129,92,80,183
1129,92,80,183
1129,92,80,183
1129,92,80,183
1129,92,80,183
1129,92,80,183
1129,92,80,183
1129,92,80,183
1129,92,80,183
1129,92,80,183
1129,92,80,183
1129,92,80,183
1129,92,80,183
1129,92,80,183
1129,92,80,183
1126,91,79,186
1126,91,78,186
1126,91,77,186
1126,91,76,186
1126,91,75,186
1126,91,74,186
1126,91,73,186
1126,91,72,186
1126,91,71,186
1126,91,70,186
1126,91,69,186
1126,91,68,186
1126,91,67,186
1126,91,66,186
1126,91,65,186
1128,94,70,183
1128,94,70,183
1128,94,70,183
1128,94,70,183
1128,94,70,183
1128,94,70,183
1128,94,70,183
1128,94,70,183
1128,94,70,183
1128,94,70,183
1128,94,70,183
1128,94,70,183
1128,94,70,183
1128,94,70,183
1128,94,70,183
1124,94,76,183
1124,94,76,183
1124,94,76,183
1124,94,76,183
1124,94,76,183
1124,94,76,183
1124,94,76,183
1124,94,76,183
1124,94,76,183
1124,94,76,183
1124,94,76,183
1124,94,76,183
1124,94,76,183
1124,94,76,183
1124,94,76,183
1126,91,74,180
1126,91,75,180
1126,91,76,180
1126,91,77,180
1126,91,78,180
1126,91,79,180
1126,91,80,180
1126,91,81,180
1126,91,82,180
1126,91,83,180
1126,91,84,180
1126,91,85,180
1126,91,86,180
1126,91,87,180
1126,91,88,180
1121,87,88,187
1121,87,87,187
1121,87,86,187
1121,87,85,187
1121,87,84,187
1121,87,83,187
1121,87,82,187
1121,87,81,187
1121,87,80,187
1121,87,79,187
1121,87,78,187
1121,87,77,187
1121,87,76,187
1121,87,75,187
1121,87,74,187
1121,86,79,194
1121,86,79,194
1121,86,79,194
1121,86,79,194
1121,86,79,194
1121,86,79,194
1121,86,79,194
1121,86,79,194
1121,86,79,194
1121,86,79,194
1121,86,79,194
1121,86,79,194
1121,86,79,194
1121,86,79,194
1121,86,79,194
1128,86,77,193
1128,86,77,193
1128,86,77,193
1128,86,77,193
1128,86,77,193
1128,86,77,193
1128,86,77,193
1128,86,77,193
1128,86,77,193
1128,86,77,193
1128,86,77,193
1128,86,77,193
1128,86,77,193
1128,86,77,193
1128,86,77,193
1128,87,84,195
1128,87,84,195
1128,87,84,195
1128,87,84,195
1128,87,84,195
1128,87,84,195
1128,87,84,195
1128,87,84,195
1128,87,84,195
1128,87,84,195
1128,87,84,195
1128,87,84,195
1128,87,84,195
1128,87,84,195
1128,87,84,195
1126,87,81,190
1126,87,81,190
1126,87,81,190
1126,87,81,190
1126,87,81,190
1126,87,81,190
1126,87,81,190
1126,87,81,190
1126,87,81,190
1126,87,81,190
1126,87,81,190
1126,87,81,190
1126,87,81,190
1126,87,81,190
1126,87,81,190
1129,84,76,195
1129,84,76,195
1129,84,76,195
1129,84,76,195
1129,84,76,195
1129,84,76,195
1129,84,76,195
1129,84,76,195
1129,84,76,195
1129,84,76,195
1129,84,76,195
1129,84,76,195
1129,84,76,195
1129,84,76,195
1129,84,76,195
1129,86,74,193
1129,86,74,193
1129,86,74,193
1129,86,74,193
1129,86,74,193
1129,86,74,193
1129,86,74,193
1129,86,74,193
1129,86,74,193
1129,86,74,193
1129,86,74,193
1129,86,74,193
1129,86,74,193
1129,86,74,193
1129,86,74,193
1128,87,77,192
1128,87,77,192
1128,87,77,192
1128,87,77,192
1128,87,77,192
1128,87,77,192
1128,87,77,192
1128,87,77,192
1128,87,77,192
1128,87,77,192
1128,87,77,192
1128,87,77,192
1128,87,77,192
1128,87,77,192
1128,87,77,192
1124,86,79,191
1124,86,79,191
1124,86,79,191
1124,86,79,191
1124,86,79,191
1124,86,79,191
1124,86,79,191
1124,86,79,191
1124,86,79,191
1124,86,79,191
1124,86,79,191
1124,86,79,191
1124,86,79,191
1124,86,79,191
1124,86,79,191
1128,89,83,186
1128,89,83,186
1128,89,83,186
1128,89,83,186
1128,89,83,186
1128,89,83,186
1128,89,83,186
1128,89,83,186
1128,89,83,186
1128,89,83,186
1128,89,83,186
1128,89,83,186
1128,89,83,186
1128,89,83,186
1128,89,83,186
1131,89,78,190
1131,89,78,190
1131,89,78,190
1131,89,78,190
1131,89,78,190
1131,89,78,190
1131,89,78,190
1131,89,78,190
1131,89,78,190
1131,89,78,190
1131,89,78,190
1131,89,78,190
1131,89,78,190
1131,89,78,190
1131,89,78,190
1129,87,82,195
1127,87,82,195
1125,87,82,195
1123,87,82,195
1121,87,82,195
1119,87,82,195
1117,87,82,195
1115,87,82,195
1113,87,82,195
1111,87,82,195
1109,87,82,195
1107,87,82,195
1105,87,82,195
1103,87,82,195
1101,87,82,195
1099,87,76,196
1094,87,76,196
1089,87,76,196
1084,87,76,196
1079,87,76,196
1074,87,76,196
1069,87,76,196
1064,87,76,196
1059,87,76,196
1054,87,76,196
1049,87,76,196
1044,87,76,196
1039,87,76,196
1034,87,76,196
1029,87,76,196
1028,91,81,189
1020,91,82,189
1012,91,83,189
1004,91,84,189
996,91,85,189
988,91,86,189
980,91,87,189
972,91,88,189
964,91,89,189
956,91,90,189
948,91,91,189
940,91,92,189
932,91,93,189
924,91,94,189
916,91,95,189
911,97,90,191
899,96,92,193
887,95,94,195
875,94,96,197
863,93,98,199
851,92,100,201
839,91,102,203
827,90,104,205
815,89,106,207
803,88,108,209
791,87,110,211
779,86,112,213
767,85,114,215
755,84,116,217
743,83,118,219
734,78,119,218
