1197,181,64,174
1195,181,64,173
1193,181,64,172
1191,181,64,171
1189,181,64,170
1187,181,64,169
1185,181,64,168
1183,181,64,167
1181,181,64,166
1179,181,64,165
1177,181,64,164
1175,181,64,163
1173,181,64,162
1171,181,64,161
1169,181,64,160
1162,182,64,165
1161,182,64,165
1160,182,64,165
1159,182,64,165
1158,182,64,165
1157,182,64,165
1156,182,64,165
1155,182,64,165
1154,182,64,165
1153,182,64,165
1152,182,64,165
1151,182,64,165
1150,182,64,165
1149,182,64,165
1148,182,64,165
1142,181,57,165
1141,181,57,165
1140,181,57,165
1139,181,57,165
1138,181,57,165
1137,181,57,165
1136,181,57,165
1135,181,57,165
1134,181,57,165
1133,181,57,165
1132,181,57,165
1131,181,57,165
1130,181,57,165
1129,181,57,165
1128,181,57,165
1123,179,55,163
1123,179,55,163
1123,179,55,163
1123,179,55,163
1123,179,55,163
1123,179,55,163
1123,179,55,163
1123,179,55,163
1123,179,55,163
1123,179,55,163
1123,179,55,163
1123,179,55,163
1123,179,55,163
1123,179,55,163
1123,179,55,163
1120,186,58,156
1120,186,59,156
1120,186,60,156
1120,186,61,156
1120,186,62,156
1120,186,63,156
1120,186,64,156
1120,186,65,156
1120,186,66,156
1120,186,67,156
1120,186,68,156
1120,186,69,156
1120,186,70,156
1120,186,71,156
1120,186,72,156
1118,184,66,158
1118,184,66,158
1118,184,66,158
1118,184,66,158
1118,184,66,158
1118,184,66,158
1118,184,66,158
1118,184,66,158
1118,184,66,158
1118,184,66,158
1118,184,66,158
1118,184,66,158
1118,184,66,158
1118,184,66,158
1118,184,66,158
1111,184,67,163
1111,184,67,163
1111,184,67,163
1111,184,67,163
1111,184,67,163
1111,184,67,163
1111,184,67,163
1111,184,67,163
1111,184,67,163
1111,184,67,163
1111,184,67,163
1111,184,67,163
1111,184,67,163
1111,184,67,163
1111,184,67,163
1114,186,66,156
1114,186,66,156
1114,186,66,156
1114,186,66,156
1114,186,66,156
1114,186,66,156
1114,186,66,156
1114,186,66,156
1114,186,66,156
1114,186,66,156
1114,186,66,156
1114,186,66,156
1114,186,66,156
1114,186,66,156
1114,186,66,156
1111,186,69,156
1111,186,69,156
1111,186,69,156
1111,186,69,156
1111,186,69,156
1111,186,69,156
1111,186,69,156
1111,186,69,156
1111,186,69,156
1111,186,69,156
1111,186,69,156
1111,186,69,156
1111,186,69,156
1111,186,69,156
1111,186,69,156
1106,187,74,154
1106,187,74,154
1106,187,74,154
1106,187,74,154
1106,187,74,154
1106,187,74,154
1106,187,74,154
1106,187,74,154
1106,187,74,154
1106,187,74,154
1106,187,74,154
1106,187,74,154
1106,187,74,154
1106,187,74,154
1106,187,74,154
1111,186,71,156
1111,186,71,156
1111,186,71,156
1111,186,71,156
1111,186,71,156
1111,186,71,156
1111,186,71,156
1111,186,71,156
1111,186,71,156
1111,186,71,156
1111,186,71,156
1111,186,71,156
1111,186,71,156
1111,186,71,156
1111,186,71,156
1106,187,71,152
1106,187,71,152
1106,187,71,152
1106,187,71,152
1106,187,71,152
1106,187,71,152
1106,187,71,152
1106,187,71,152
1106,187,71,152
1106,187,71,152
1106,187,71,152
1106,187,71,152
1106,187,71,152
1106,187,71,152
1106,187,71,152
1107,189,73,153
1107,189,73,153
1107,189,73,153
1107,189,73,153
1107,189,73,153
1107,189,73,153
1107,189,73,153
1107,189,73,153
1107,189,73,153
1107,189,73,153
1107,189,73,153
1107,189,73,153
1107,189,73,153
1107,189,73,153
1107,189,73,153
1102,189,75,152
1102,189,75,152
1102,189,75,152
1102,189,75,152
1102,189,75,152
1102,189,75,152
1102,189,75,152
1102,189,75,152
1102,189,75,152
1102,189,75,152
1102,189,75,152
1102,189,75,152
1102,189,75,152
1102,189,75,152
1102,189,75,152
1106,187,76,151
1106,187,76,151
1106,187,76,151
1106,187,76,151
1106,187,76,151
1106,187,76,151
1106,187,76,151
1106,187,76,151
1106,187,76,151
1106,187,76,151
1106,187,76,151
1106,187,76,151
1106,187,76,151
1106,187,76,151
1106,187,76,151
1102,186,78,153
1102,186,78,153
1102,186,78,153
1102,186,78,153
1102,186,78,153
1102,186,78,153
1102,186,78,153
1102,186,78,153
1102,186,78,153
1102,186,78,153
1102,186,78,153
1102,186,78,153
1102,186,78,153
1102,186,78,153
1102,186,78,153
1102,184,78,158
1102,184,78,158
1102,184,78,158
1102,184,78,158
1102,184,78,158
1102,184,78,158
1102,184,78,158
1102,184,78,158
1102,184,78,158
1102,184,78,158
1102,184,78,158
1102,184,78,158
1102,184,78,158
1102,184,78,158
1102,184,78,158
1109,184,71,158
1109,184,71,158
1109,184,71,158
1109,184,71,158
1109,184,71,158
1109,184,71,158
1109,184,71,158
1109,184,71,158
1109,184,71,158
1109,184,71,158
1109,184,71,158
1109,184,71,158
1109,184,71,158
1109,184,71,158
1109,184,71,158
1109,186,69,153
1109,186,69,153
1109,186,69,153
1109,186,69,153
1109,186,69,153
1109,186,69,153
1109,186,69,153
1109,186,69,153
1109,186,69,153
1109,186,69,153
1109,186,69,153
1109,186,69,153
1109,186,69,153
1109,186,69,153
1109,186,69,153
1113,184,67,157
1113,184,67,157
1113,184,67,157
1113,184,67,157
1113,184,67,157
1113,184,67,157
1113,184,67,157
1113,184,67,157
1113,184,67,157
1113,184,67,157
1113,184,67,157
1113,184,67,157
1113,184,67,157
1113,184,67,157
1113,184,67,157
1113,184,67,155
1112,184,67,155
1111,184,67,155
1110,184,67,155
1109,184,67,155
1108,184,67,155
1107,184,67,155
1106,184,67,155
1105,184,67,155
1104,184,67,155
1103,184,67,155
1102,184,67,155
1101,184,67,155
1100,184,67,155
1099,184,67,155
1104,181,74,160
1104,181,74,160
1104,181,74,160
1104,181,74,160
1104,181,74,160
1104,181,74,160
1104,181,74,160
1104,181,74,160
1104,181,74,160
1104,181,74,160
1104,181,74,160
1104,181,74,160
1104,181,74,160
1104,181,74,160
1104,181,74,160
1111,184,67,157
1111,184,67,157
1111,184,67,157
1111,184,67,157
1111,184,67,157
1111,184,67,157
1111,184,67,157
1111,184,67,157
1111,184,67,157
1111,184,67,157
1111,184,67,157
1111,184,67,157
1111,184,67,157
1111,184,67,157
1111,184,67,157
1111,186,71,152
1111,186,71,152
1111,186,71,152
1111,186,71,152
1111,186,71,152
1111,186,71,152
1111,186,71,152
1111,186,71,152
1111,186,71,152
1111,186,71,152
1111,186,71,152
1111,186,71,152
1111,186,71,152
1111,186,71,152
1111,186,71,152
1107,184,70,157
1107,184,70,157
1107,184,70,157
1107,184,70,157
1107,184,70,157
1107,184,70,157
1107,184,70,157
1107,184,70,157
1107,184,70,157
1107,184,70,157
1107,184,70,157
1107,184,70,157
1107,184,70,157
1107,184,70,157
1107,184,70,157
1114,186,64,156
1114,186,64,156
1114,186,64,156
1114,186,64,156
1114,186,64,156
1114,186,64,156
1114,186,64,156
1114,186,64,156
1114,186,64,156
1114,186,64,156
1114,186,64,156
1114,186,64,156
1114,186,64,156
1114,186,64,156
1114,186,64,156
1114,184,63,160
1112,184,63,160
1110,184,63,160
1108,184,63,160
1106,184,63,160
1104,184,63,160
1102,184,63,160
1100,184,63,160
1098,184,63,160
1096,184,63,160
1094,184,63,160
1092,184,63,160
1090,184,63,160
1088,184,63,160
1086,184,63,160
1083,189,66,155
1078,190,67,155
1073,191,68,155
1068,192,69,155
1063,193,70,155
1058,194,71,155
1053,195,72,155
1048,196,73,155
1043,197,74,155
1038,198,75,155
1033,199,76,155
1028,200,77,155
1023,201,78,155
1018,202,79,155
1013,203,80,155
1009,202,85,155
1002,202,86,156
995,202,87,157
988,202,88,158
981,202,89,159
974,202,90,160
967,202,91,161
960,202,92,162
953,202,93,163
946,202,94,164
939,202,95,165
932,202,96,166
925,202,97,167
918,202,98,168
911,202,99,169
911,206,106,164
901,207,107,165
891,208,108,166
881,209,109,167
871,210,110,168
861,211,111,169
851,212,112,170
841,213,113,171
831,214,114,172
821,215,115,173
811,216,116,174
801,217,117,175
791,218,118,176
781,219,119,177
771,220,120,178
761,221,122,176
