1220,281,68,154
1218,281,67,154
1216,281,66,154
1214,281,65,154
1212,281,64,154
1210,281,63,154
1208,281,62,154
1206,281,61,154
1204,281,60,154
1202,281,59,154
1200,281,58,154
1198,281,57,154
1196,281,56,154
1194,281,55,154
1192,281,54,154
1197,275,50,154
1196,275,50,153
1195,275,50,152
1194,275,50,151
1193,275,50,150
1192,275,50,149
1191,275,50,148
1190,275,50,147
1189,275,50,146
1188,275,50,145
1187,275,50,144
1186,275,50,143
1185,275,50,142
1184,275,50,141
1183,275,50,140
1177,278,54,143
1177,278,54,143
1177,278,54,143
1177,278,54,143
1177,278,54,143
1177,278,54,143
1177,278,54,143
1177,278,54,143
1177,278,54,143
1177,278,54,143
1177,278,54,143
1177,278,54,143
1177,278,54,143
1177,278,54,143
1177,278,54,143
1170,277,60,144
1170,277,60,144
1170,277,60,144
1170,277,60,144
1170,277,60,144
1170,277,60,144
1170,277,60,144
1170,277,60,144
1170,277,60,144
1170,277,60,144
1170,277,60,144
1170,277,60,144
1170,277,60,144
1170,277,60,144
1170,277,60,144
1166,278,62,146
1166,278,62,146
1166,278,62,146
1166,278,62,146
1166,278,62,146
1166,278,62,146
1166,278,62,146
1166,278,62,146
1166,278,62,146
1166,278,62,146
1166,278,62,146
1166,278,62,146
1166,278,62,146
1166,278,62,146
1166,278,62,146
1166,280,60,139
1166,280,60,139
1166,280,60,139
1166,280,60,139
1166,280,60,139
1166,280,60,139
1166,280,60,139
1166,280,60,139
1166,280,60,139
1166,280,60,139
1166,280,60,139
1166,280,60,139
1166,280,60,139
1166,280,60,139
1166,280,60,139
1166,280,60,141
1166,280,60,141
1166,280,60,141
1166,280,60,141
1166,280,60,141
1166,280,60,141
1166,280,60,141
1166,280,60,141
1166,280,60,141
1166,280,60,141
1166,280,60,141
1166,280,60,141
1166,280,60,141
1166,280,60,141
1166,280,60,141
1165,281,63,142
1165,281,63,142
1165,281,63,142
1165,281,63,142
1165,281,63,142
1165,281,63,142
1165,281,63,142
1165,281,63,142
1165,281,63,142
1165,281,63,142
1165,281,63,142
1165,281,63,142
1165,281,63,142
1165,281,63,142
1165,281,63,142
1163,280,65,138
1163,280,65,138
1163,280,65,138
1163,280,65,138
1163,280,65,138
1163,280,65,138
1163,280,65,138
1163,280,65,138
1163,280,65,138
1163,280,65,138
1163,280,65,138
1163,280,65,138
1163,280,65,138
1163,280,65,138
1163,280,65,138
1163,281,63,140
1163,281,63,140
1163,281,63,140
1163,281,63,140
1163,281,63,140
1163,281,63,140
1163,281,63,140
1163,281,63,140
1163,281,63,140
1163,281,63,140
1163,281,63,140
1163,281,63,140
1163,281,63,140
1163,281,63,140
1163,281,63,140
1165,280,63,136
1165,280,63,136
1165,280,63,136
1165,280,63,136
1165,280,63,136
1165,280,63,136
1165,280,63,136
1165,280,63,136
1165,280,63,136
1165,280,63,136
1165,280,63,136
1165,280,63,136
1165,280,63,136
1165,280,63,136
1165,280,63,136
1163,278,67,140
1163,278,67,140
1163,278,67,140
1163,278,67,140
1163,278,67,140
1163,278,67,140
1163,278,67,140
1163,278,67,140
1163,278,67,140
1163,278,67,140
1163,278,67,140
1163,278,67,140
1163,278,67,140
1163,278,67,140
1163,278,67,140
1161,278,63,141
1161,278,63,141
1161,278,63,141
1161,278,63,141
1161,278,63,141
1161,278,63,141
1161,278,63,141
1161,278,63,141
1161,278,63,141
1161,278,63,141
1161,278,63,141
1161,278,63,141
1161,278,63,141
1161,278,63,141
1161,278,63,141
1166,278,58,141
1166,278,58,141
1166,278,58,141
1166,278,58,141
1166,278,58,141
1166,278,58,141
1166,278,58,141
1166,278,58,141
1166,278,58,141
1166,278,58,141
1166,278,58,141
1166,278,58,141
1166,278,58,141
1166,278,58,141
1166,278,58,141
1170,278,58,145
1170,278,58,145
1170,278,58,145
1170,278,58,145
1170,278,58,145
1170,278,58,145
1170,278,58,145
1170,278,58,145
1170,278,58,145
1170,278,58,145
1170,278,58,145
1170,278,58,145
1170,278,58,145
1170,278,58,145
1170,278,58,145
1170,275,56,143
1170,275,56,143
1170,275,56,143
1170,275,56,143
1170,275,56,143
1170,275,56,143
1170,275,56,143
1170,275,56,143
1170,275,56,143
1170,275,56,143
1170,275,56,143
1170,275,56,143
1170,275,56,143
1170,275,56,143
1170,275,56,143
1168,272,58,146
1168,272,58,146
1168,272,58,146
1168,272,58,146
1168,272,58,146
1168,272,58,146
1168,272,58,146
1168,272,58,146
1168,272,58,146
1168,272,58,146
1168,272,58,146
1168,272,58,146
1168,272,58,146
1168,272,58,146
1168,272,58,146
1166,277,56,142
1166,277,56,142
1166,277,56,142
1166,277,56,142
1166,277,56,142
1166,277,56,142
1166,277,56,142
1166,277,56,142
1166,277,56,142
1166,277,56,142
1166,277,56,142
1166,277,56,142
1166,277,56,142
1166,277,56,142
1166,277,56,142
1166,278,60,143
1167,278,60,143
1168,278,60,143
1169,278,60,143
1170,278,60,143
1171,278,60,143
1172,278,60,143
1173,278,60,143
1174,278,60,143
1175,278,60,143
1176,278,60,143
1177,278,60,143
1178,278,60,143
1179,278,60,143
1180,278,60,143
1174,278,56,143
1173,278,57,143
1172,278,58,143
1171,278,59,143
1170,278,60,143
1169,278,61,143
1168,278,62,143
1167,278,63,143
1166,278,64,143
1165,278,65,143
1164,278,66,143
1163,278,67,143
1162,278,68,143
1161,278,69,143
1160,278,70,143
1156,278,65,149
1152,278,66,149
1148,278,67,149
1144,278,68,149
1140,278,69,149
1136,278,70,149
1132,278,71,149
1128,278,72,149
1124,278,73,149
1120,278,74,149
1116,278,75,149
1112,278,76,149
1108,278,77,149
1104,278,78,149
1100,278,79,149
1090,285,81,150
1082,285,83,151
1074,285,85,152
1066,285,87,153
1058,285,89,154
1050,285,91,155
1042,285,93,156
1034,285,95,157
1026,285,97,158
1018,285,99,159
1010,285,101,160
1002,285,103,161
994,285,105,162
986,285,107,163
978,285,109,164
966,292,109,159
956,293,107,159
946,294,105,159
936,295,103,159
926,296,101,159
916,297,99,159
906,298,97,159
896,299,95,159
886,300,93,159
876,301,91,159
866,302,89,159
856,303,87,159
846,304,85,159
836,305,83,159
826,306,81,159
809,305,76,159
