1833,255,87,239
1833,255,87,238
1833,255,87,237
1833,255,87,236
1833,255,87,235
1833,255,87,234
1833,255,87,233
1833,255,87,232
1833,255,87,231
1833,255,87,230
1833,255,87,229
1833,255,87,228
1833,255,87,227
1833,255,87,226
1833,255,87,225
1829,255,91,231
1829,255,91,232
1829,255,91,233
1829,255,91,234
1829,255,91,235
1829,255,91,236
1829,255,91,237
1829,255,91,238
1829,255,91,239
1829,255,91,240
1829,255,91,241
1829,255,91,242
1829,255,91,243
1829,255,91,244
1829,255,91,245
1831,253,89,244
1831,253,89,244
1831,253,89,244
1831,253,89,244
1831,253,89,244
1831,253,89,244
1831,253,89,244
1831,253,89,244
1831,253,89,244
1831,253,89,244
1831,253,89,244
1831,253,89,244
1831,253,89,244
1831,253,89,244
1831,253,89,244
1826,260,94,242
1825,260,93,242
1824,260,92,242
1823,260,91,242
1822,260,90,242
1821,260,89,242
1820,260,88,242
1819,260,87,242
1818,260,86,242
1817,260,85,242
1816,260,84,242
1815,260,83,242
1814,260,82,242
1813,260,81,242
1812,260,80,242
1813,260,86,242
1813,261,86,241
1813,262,86,240
1813,263,86,239
1813,264,86,238
1813,265,86,237
1813,266,86,236
1813,267,86,235
1813,268,86,234
1813,269,86,233
1813,270,86,232
1813,271,86,231
1813,272,86,230
1813,273,86,229
1813,274,86,228
1806,268,88,222
1804,268,88,224
1802,268,88,226
1800,268,88,228
1798,268,88,230
1796,268,88,232
1794,268,88,234
1792,268,88,236
1790,268,88,238
1788,268,88,240
1786,268,88,242
1784,268,88,244
1782,268,88,246
1780,268,88,248
1778,268,88,250
1774,274,91,255
1772,273,91,256
1770,272,91,257
1768,271,91,258
1766,270,91,259
1764,269,91,260
1762,268,91,261
1760,267,91,262
1758,266,91,263
1756,265,91,264
1754,264,91,265
1752,263,91,266
1750,262,91,267
1748,261,91,268
1746,260,91,269
1748,266,86,277
1745,266,86,278
1742,266,86,279
1739,266,86,280
1736,266,86,281
1733,266,86,282
1730,266,86,283
1727,266,86,284
1724,266,86,285
1721,266,86,286
1718,266,86,287
1715,266,86,288
1712,266,86,289
1709,266,86,290
1706,266,86,291
1696,263,86,293
1692,262,86,294
1688,261,86,295
1684,260,86,296
1680,259,86,297
1676,258,86,298
1672,257,86,299
1668,256,86,300
1664,255,86,301
1660,254,86,302
1656,253,86,303
1652,252,86,304
1648,251,86,305
1644,250,86,306
1640,249,86,307
1629,252,86,310
1622,252,88,310
1615,252,90,310
1608,252,92,310
1601,252,94,310
1594,252,96,310
1587,252,98,310
1580,252,100,310
1573,252,102,310
1566,252,104,310
1559,252,106,310
1552,252,108,310
1545,252,110,310
1538,252,112,310
1531,252,114,310
1529,252,111,304
1526,251,110,306
1523,250,109,308
1520,249,108,310
1517,248,107,312
1514,247,106,314
1511,246,105,316
1508,245,104,318
1505,244,103,320
1502,243,102,322
1499,242,101,324
1496,241,100,326
1493,240,99,328
1490,239,98,330
1487,238,97,332
1479,242,91,330
1473,242,92,329
1467,242,93,328
1461,242,94,327
1455,242,95,326
1449,242,96,325
1443,242,97,324
1437,242,98,323
1431,242,99,322
1425,242,100,321
1419,242,101,320
1413,242,102,319
1407,242,103,318
1401,242,104,317
1395,242,105,316
1390,245,103,316
1380,244,105,318
1370,243,107,320
1360,242,109,322
1350,241,111,324
1340,240,113,326
1330,239,115,328
1320,238,117,330
1310,237,119,332
1300,236,121,334
1290,235,123,336
1280,234,125,338
1270,233,127,340
1260,232,129,342
1250,231,131,344
1237,236,133,350
1226,235,135,350
1215,234,137,350
1204,233,139,350
1193,232,141,350
1182,231,143,350
1171,230,145,350
1160,229,147,350
1149,228,149,350
1138,227,151,350
1127,226,153,350
1116,225,155,350
1105,224,157,350
1094,223,159,350
1083,222,161,350
1073,226,163,344
1065,226,162,342
1057,226,161,340
1049,226,160,338
1041,226,159,336
1033,226,158,334
1025,226,157,332
1017,226,156,330
1009,226,155,328
1001,226,154,326
993,226,153,324
985,226,152,322
977,226,151,320
969,226,150,318
961,226,149,316
953,220,144,312
946,219,144,312
939,218,144,312
932,217,144,312
925,216,144,312
918,215,144,312
911,214,144,312
904,213,144,312
897,212,144,312
890,211,144,312
883,210,144,312
876,209,144,312
869,208,144,312
862,207,144,312
855,206,144,312
843,205,138,305
840,203,135,304
837,201,132,303
834,199,129,302
831,197,126,301
828,195,123,300
825,193,120,299
822,191,117,298
819,189,114,297
816,187,111,296
813,185,108,295
810,183,105,294
807,181,102,293
804,179,99,292
801,177,96,291
796,180,98,293
792,179,97,291
788,178,96,289
784,177,95,287
780,176,94,285
776,175,93,283
772,174,92,281
768,173,91,279
764,172,90,277
760,171,89,275
756,170,88,273
752,169,87,271
748,168,86,269
744,167,85,267
740,166,84,265
739,167,88,268
736,166,89,266
733,165,90,264
730,164,91,262
727,163,92,260
724,162,93,258
721,161,94,256
718,160,95,254
715,159,96,252
712,158,97,250
709,157,98,248
706,156,99,246
703,155,100,244
700,154,101,242
697,153,102,240
687,158,97,241
686,158,96,240
685,158,95,239
684,158,94,238
683,158,93,237
682,158,92,236
681,158,91,235
680,158,90,234
679,158,89,233
678,158,88,232
677,158,87,231
676,158,86,230
675,158,85,229
674,158,84,228
673,158,83,227
672,158,80,224
671,161,80,219
670,164,80,214
669,167,80,209
668,170,80,204
667,173,80,199
666,176,80,194
665,179,80,189
664,182,80,184
663,185,80,179
662,188,80,174
661,191,80,169
660,194,80,164
659,197,80,159
658,200,80,154
659,197,79,150
659,198,79,148
659,199,79,146
659,200,79,144
659,201,79,142
659,202,79,140
659,203,79,138
659,204,79,136
659,205,79,134
659,206,79,132
659,207,79,130
659,208,79,128
659,209,79,126
659,210,79,124
659,211,79,122
657,212,75,127
657,212,75,127
657,212,75,127
657,212,75,127
657,212,75,127
657,212,75,127
657,212,75,127
657,212,75,127
657,212,75,127
657,212,75,127
657,212,75,127
657,212,75,127
657,212,75,127
657,212,75,127
657,212,75,127
657,213,78,124
657,213,78,124
657,213,78,124
657,213,78,124
657,213,78,124
657,213,78,124
657,213,78,124
657,213,78,124
657,213,78,124
657,213,78,124
657,213,78,124
657,213,78,124
657,213,78,124
657,213,78,124
657,213,78,124
664,209,76,127
664,209,76,127
664,209,76,127
664,209,76,127
664,209,76,127
664,209,76,127
664,209,76,127
664,209,76,127
664,209,76,127
664,209,76,127
664,209,76,127
664,209,76,127
664,209,76,127
664,209,76,127
664,209,76,127
662,209,80,133
662,209,80,133
662,209,80,133
662,209,80,133
662,209,80,133
662,209,80,133
662,209,80,133
662,209,80,133
662,209,80,133
662,209,80,133
662,209,80,133
662,209,80,133
662,209,80,133
662,209,80,133
662,209,80,133
667,205,73,134
