1781,82,67,192
1781,82,67,192
1781,82,67,192
1781,82,67,192
1781,82,67,192
1781,82,67,192
1781,82,67,192
1781,82,67,192
1781,82,67,192
1781,82,67,192
1781,82,67,192
1781,82,67,192
1781,82,67,192
1781,82,67,192
1781,82,67,192
1779,85,69,189
1778,85,69,189
1777,85,69,189
1776,85,69,189
1775,85,69,189
1774,85,69,189
1773,85,69,189
1772,85,69,189
1771,85,69,189
1770,85,69,189
1769,85,69,189
1768,85,69,189
1767,85,69,189
1766,85,69,189
1765,85,69,189
1759,87,72,184
1759,87,72,184
1759,87,72,184
1759,87,72,184
1759,87,72,184
1759,87,72,184
1759,87,72,184
1759,87,72,184
1759,87,72,184
1759,87,72,184
1759,87,72,184
1759,87,72,184
1759,87,72,184
1759,87,72,184
1759,87,72,184
1753,90,76,189
1752,90,76,190
1751,90,76,191
1750,90,76,192
1749,90,76,193
1748,90,76,194
1747,90,76,195
1746,90,76,196
1745,90,76,197
1744,90,76,198
1743,90,76,199
1742,90,76,200
1741,90,76,201
1740,90,76,202
1739,90,76,203
1736,90,70,201
1733,90,71,201
1730,90,72,201
1727,90,73,201
1724,90,74,201
1721,90,75,201
1718,90,76,201
1715,90,77,201
1712,90,78,201
1709,90,79,201
1706,90,80,201
1703,90,81,201
1700,90,82,201
1697,90,83,201
1694,90,84,201
1689,90,89,199
1688,90,88,201
1687,90,87,203
1686,90,86,205
1685,90,85,207
1684,90,84,209
1683,90,83,211
1682,90,82,213
1681,90,81,215
1680,90,80,217
1679,90,79,219
1678,90,78,221
1677,90,77,223
1676,90,76,225
1675,90,75,227
1674,85,72,227
1671,85,72,228
1668,85,72,229
1665,85,72,230
1662,85,72,231
1659,85,72,232
1656,85,72,233
1653,85,72,234
1650,85,72,235
1647,85,72,236
1644,85,72,237
1641,85,72,238
1638,85,72,239
1635,85,72,240
1632,85,72,241
1624,78,76,243
1621,78,75,244
1618,78,74,245
1615,78,73,246
1612,78,72,247
1609,78,71,248
1606,78,70,249
1603,78,69,250
1600,78,68,251
1597,78,67,252
1594,78,66,253
1591,78,65,254
1588,78,64,255
1585,78,63,256
1582,78,62,257
1583,80,62,256
1578,80,64,256
1573,80,66,256
1568,80,68,256
1563,80,70,256
1558,80,72,256
1553,80,74,256
1548,80,76,256
1543,80,78,256
1538,80,80,256
1533,80,82,256
1528,80,84,256
1523,80,86,256
1518,80,88,256
1513,80,90,256
1512,77,96,257
1508,77,96,258
1504,77,96,259
1500,77,96,260
1496,77,96,261
1492,77,96,262
1488,77,96,263
1484,77,96,264
1480,77,96,265
1476,77,96,266
1472,77,96,267
1468,77,96,268
1464,77,96,269
1460,77,96,270
1456,77,96,271
1450,70,96,279
1447,69,95,279
1444,68,94,279
1441,67,93,279
1438,66,92,279
1435,65,91,279
1432,64,90,279
1429,63,89,279
1426,62,88,279
1423,61,87,279
1420,60,86,279
1417,59,85,279
1414,58,84,279
1411,57,83,279
1408,56,82,279
1412,62,74,281
1407,62,75,281
1402,62,76,281
1397,62,77,281
1392,62,78,281
1387,62,79,281
1382,62,80,281
1377,62,81,281
1372,62,82,281
1367,62,83,281
1362,62,84,281
1357,62,85,281
1352,62,86,281
1347,62,87,281
1342,62,88,281
1336,58,85,286
1330,58,87,287
1324,58,89,288
1318,58,91,289
1312,58,93,290
1306,58,95,291
1300,58,97,292
1294,58,99,293
1288,58,101,294
1282,58,103,295
1276,58,105,296
1270,58,107,297
1264,58,109,298
1258,58,111,299
1252,58,113,300
1248,60,119,294
1239,59,121,293
1230,58,123,292
1221,57,125,291
1212,56,127,290
1203,55,129,289
1194,54,131,288
1185,53,133,287
1176,52,135,286
1167,51,137,285
1158,50,139,284
1149,49,141,283
1140,48,143,282
1131,47,145,281
1122,46,147,280
1111,51,155,282
1106,51,153,281
1101,51,151,280
1096,51,149,279
1091,51,147,278
1086,51,145,277
1081,51,143,276
1076,51,141,275
1071,51,139,274
1066,51,137,273
1061,51,135,272
1056,51,133,271
1051,51,131,270
1046,51,129,269
1041,51,127,268
1036,51,125,265
1032,50,124,264
1028,49,123,263
1024,48,122,262
1020,47,121,261
1016,46,120,260
1012,45,119,259
1008,44,118,258
1004,43,117,257
1000,42,116,256
996,41,115,255
992,40,114,254
988,39,113,253
984,38,112,252
980,37,111,251
971,41,115,255
969,40,113,253
967,39,111,251
965,38,109,249
963,37,107,247
961,36,105,245
959,35,103,243
957,34,101,241
955,33,99,239
953,32,97,237
951,31,95,235
949,30,93,233
947,29,91,231
945,28,89,229
943,27,87,227
945,30,85,229
943,30,85,228
941,30,85,227
939,30,85,226
937,30,85,225
935,30,85,224
933,30,85,223
931,30,85,222
929,30,85,221
927,30,85,220
925,30,85,219
923,30,85,218
921,30,85,217
919,30,85,216
917,30,85,215
913,25,79,219
911,25,78,219
909,25,77,219
907,25,76,219
905,25,75,219
903,25,74,219
901,25,73,219
899,25,72,219
897,25,71,219
895,25,70,219
893,25,69,219
891,25,68,219
889,25,67,219
887,25,66,219
885,25,65,219
879,18,68,214
877,18,68,212
875,18,68,210
873,18,68,208
871,18,68,206
869,18,68,204
867,18,68,202
865,18,68,200
863,18,68,198
861,18,68,196
859,18,68,194
857,18,68,192
855,18,68,190
853,18,68,188
851,18,68,186
853,11,70,189
853,11,70,188
853,11,70,187
853,11,70,186
853,11,70,185
853,11,70,184
853,11,70,183
853,11,70,182
853,11,70,181
853,11,70,180
853,11,70,179
853,11,70,178
853,11,70,177
853,11,70,176
853,11,70,175
847,10,65,172
847,11,65,170
847,12,65,168
847,13,65,166
847,14,65,164
847,15,65,162
847,16,65,160
847,17,65,158
847,18,65,156
847,19,65,154
847,20,65,152
847,21,65,150
847,22,65,148
847,23,65,146
847,24,65,144
849,31,59,136
848,32,60,134
847,33,61,132
846,34,62,130
845,35,63,128
844,36,64,126
843,37,65,124
842,38,66,122
841,39,67,120
840,40,68,118
839,41,69,116
838,42,70,114
837,43,71,112
836,44,72,110
835,45,73,108
840,50,76,110
840,50,76,110
840,50,76,110
840,50,76,110
840,50,76,110
840,50,76,110
840,50,76,110
840,50,76,110
840,50,76,110
840,50,76,110
840,50,76,110
840,50,76,110
840,50,76,110
840,50,76,110
840,50,76,110
840,53,70,109
840,53,70,109
840,53,70,109
840,53,70,109
840,53,70,109
840,53,70,109
840,53,70,109
840,53,70,109
840,53,70,109
840,53,70,109
840,53,70,109
840,53,70,109
840,53,70,109
840,53,70,109
840,53,70,109
847,55,65,108
847,55,65,108
847,55,65,108
847,55,65,108
847,55,65,108
847,55,65,108
847,55,65,108
847,55,65,108
847,55,65,108
847,55,65,108
847,55,65,108
847,55,65,108
847,55,65,108
847,55,65,108
847,55,65,108
845,57,67,108
845,57,67,108
845,57,67,108
845,57,67,108
845,57,67,108
845,57,67,108
845,57,67,108
845,57,67,108
845,57,67,108
845,57,67,108
845,57,67,108
845,57,67,108
845,57,67,108
845,57,67,108
845,57,67,108
845,53,65,103
846,53,64,104
847,53,63,105
848,53,62,106
849,53,61,107
850,53,60,108
851,53,59,109
852,53,58,110
853,53,57,111
854,53,56,112
855,53,55,113
856,53,54,114
857,53,53,115
858,53,52,116
859,53,51,117
855,50,55,113
853,49,57,114
851,48,59,115
849,47,61,116
847,46,63,117
845,45,65,118
843,44,67,119
841,43,69,120
839,42,71,121
837,41,73,122
835,40,75,123
833,39,77,124
831,38,79,125
829,37,81,126
827,36,83,127
819,30,85,130
815,29,85,131
811,28,85,132
807,27,85,133
803,26,85,134
799,25,85,135
795,24,85,136
791,23,85,137
787,22,85,138
783,21,85,139
779,20,85,140
775,19,85,141
771,18,85,142
767,17,85,143
763,16,85,144
759,18,87,147
