1738,246,108,243
1733,246,110,244
1728,246,112,245
1723,246,114,246
1718,246,116,247
1713,246,118,248
1708,246,120,249
1703,246,122,250
1698,246,124,251
1693,246,126,252
1688,246,128,253
1683,246,130,254
1678,246,132,255
1673,246,134,256
1668,246,136,257
1668,239,132,252
1667,239,130,252
1666,239,128,252
1665,239,126,252
1664,239,124,252
1663,239,122,252
1662,239,120,252
1661,239,118,252
1660,239,116,252
1659,239,114,252
1658,239,112,252
1657,239,110,252
1656,239,108,252
1655,239,106,252
1654,239,104,252
1649,239,103,248
1645,238,105,250
1641,237,107,252
1637,236,109,254
1633,235,111,256
1629,234,113,258
1625,233,115,260
1621,232,117,262
1617,231,119,264
1613,230,121,266
1609,229,123,268
1605,228,125,270
1601,227,127,272
1597,226,129,274
1593,225,131,276
1582,229,134,274
1580,229,134,274
1578,229,134,274
1576,229,134,274
1574,229,134,274
1572,229,134,274
1570,229,134,274
1568,229,134,274
1566,229,134,274
1564,229,134,274
1562,229,134,274
1560,229,134,274
1558,229,134,274
1556,229,134,274
1554,229,134,274
1551,234,128,280
1547,234,126,280
1543,234,124,280
1539,234,122,280
1535,234,120,280
1531,234,118,280
1527,234,116,280
1523,234,114,280
1519,234,112,280
1515,234,110,280
1511,234,108,280
1507,234,106,280
1503,234,104,280
1499,234,102,280
1495,234,100,280
1495,227,105,280
1490,227,105,281
1485,227,105,282
1480,227,105,283
1475,227,105,284
1470,227,105,285
1465,227,105,286
1460,227,105,287
1455,227,105,288
1450,227,105,289
1445,227,105,290
1440,227,105,291
1435,227,105,292
1430,227,105,293
1425,227,105,294
1420,232,99,292
1412,231,101,293
1404,230,103,294
1396,229,105,295
1388,228,107,296
1380,227,109,297
1372,226,111,298
1364,225,113,299
1356,224,115,300
1348,223,117,301
1340,222,119,302
1332,221,121,303
1324,220,123,304
1316,219,125,305
1308,218,127,306
1303,220,134,313
1300,220,132,313
1297,220,130,313
1294,220,128,313
1291,220,126,313
1288,220,124,313
1285,220,122,313
1282,220,120,313
1279,220,118,313
1276,220,116,313
1273,220,114,313
1270,220,112,313
1267,220,110,313
1264,220,108,313
1261,220,106,313
1251,218,97,312
1243,217,99,313
1235,216,101,314
1227,215,103,315
1219,214,105,316
1211,213,107,317
1203,212,109,318
1195,211,111,319
1187,210,113,320
1179,209,115,321
1171,208,117,322
1163,207,119,323
1155,206,121,324
1147,205,123,325
1139,204,125,326
1132,201,128,323
1127,202,127,322
1122,203,126,321
1117,204,125,320
1112,205,124,319
1107,206,123,318
1102,207,122,317
1097,208,121,316
1092,209,120,315
1087,210,119,314
1082,211,118,313
1077,212,117,312
1072,213,116,311
1067,214,115,310
1062,215,114,309
1062,211,111,310
1056,211,110,308
1050,211,109,306
1044,211,108,304
1038,211,107,302
1032,211,106,300
1026,211,105,298
1020,211,104,296
1014,211,103,294
1008,211,102,292
1002,211,101,290
996,211,100,288
990,211,99,286
984,211,98,284
978,211,97,282
966,211,103,287
960,210,105,287
954,209,107,287
948,208,109,287
942,207,111,287
936,206,113,287
930,205,115,287
924,204,117,287
918,203,119,287
912,202,121,287
906,201,123,287
900,200,125,287
894,199,127,287
888,198,129,287
882,197,131,287
878,195,139,291
874,194,138,290
870,193,137,289
866,192,136,288
862,191,135,287
858,190,134,286
854,189,133,285
850,188,132,284
846,187,131,283
842,186,130,282
838,185,129,281
834,184,128,280
830,183,127,279
826,182,126,278
822,181,125,277
822,179,118,280
817,179,118,278
812,179,118,276
807,179,118,274
802,179,118,272
797,179,118,270
792,179,118,268
787,179,118,266
782,179,118,264
777,179,118,262
772,179,118,260
767,179,118,258
762,179,118,256
757,179,118,254
752,179,118,252
753,176,124,250
749,175,123,251
745,174,122,252
741,173,121,253
737,172,120,254
733,171,119,255
729,170,118,256
725,169,117,257
721,168,116,258
717,167,115,259
713,166,114,260
709,165,113,261
705,164,112,262
701,163,111,263
697,162,110,264
697,158,111,261
695,157,110,260
693,156,109,259
691,155,108,258
689,154,107,257
687,153,106,256
685,152,105,255
683,151,104,254
681,150,103,253
679,149,102,252
677,148,101,251
675,147,100,250
673,146,99,249
671,145,98,248
669,144,97,247
664,148,101,248
663,148,101,246
662,148,101,244
661,148,101,242
660,148,101,240
659,148,101,238
658,148,101,236
657,148,101,234
656,148,101,232
655,148,101,230
654,148,101,228
653,148,101,226
652,148,101,224
651,148,101,222
650,148,101,220
647,149,99,225
647,150,98,221
647,151,97,217
647,152,96,213
647,153,95,209
647,154,94,205
647,155,93,201
647,156,92,197
647,157,91,193
647,158,90,189
647,159,89,185
647,160,88,181
647,161,87,177
647,162,86,173
647,163,85,169
647,160,82,162
645,161,83,161
643,162,84,160
641,163,85,159
639,164,86,158
637,165,87,157
635,166,88,156
633,167,89,155
631,168,90,154
629,169,91,153
627,170,92,152
625,171,93,151
623,172,94,150
621,173,95,149
619,174,96,148
622,174,91,144
623,176,90,143
624,178,89,142
625,180,88,141
626,182,87,140
627,184,86,139
628,186,85,138
629,188,84,137
630,190,83,136
631,192,82,135
632,194,81,134
633,196,80,133
634,198,79,132
635,200,78,131
636,202,77,130
639,202,74,130
638,202,74,130
637,202,74,130
636,202,74,130
635,202,74,130
634,202,74,130
633,202,74,130
632,202,74,130
631,202,74,130
630,202,74,130
629,202,74,130
628,202,74,130
627,202,74,130
626,202,74,130
625,202,74,130
630,199,76,137
630,199,76,137
630,199,76,137
630,199,76,137
630,199,76,137
630,199,76,137
630,199,76,137
630,199,76,137
630,199,76,137
630,199,76,137
630,199,76,137
630,199,76,137
630,199,76,137
630,199,76,137
630,199,76,137
628,202,78,134
628,202,78,134
628,202,78,134
628,202,78,134
628,202,78,134
628,202,78,134
628,202,78,134
628,202,78,134
628,202,78,134
628,202,78,134
628,202,78,134
628,202,78,134
628,202,78,134
628,202,78,134
628,202,78,134
626,204,83,133
626,204,83,133
626,204,83,133
626,204,83,133
626,204,83,133
626,204,83,133
626,204,83,133
626,204,83,133
626,204,83,133
626,204,83,133
626,204,83,133
626,204,83,133
626,204,83,133
626,204,83,133
626,204,83,133
626,206,83,130
626,206,83,130
626,206,83,130
626,206,83,130
626,206,83,130
626,206,83,130
626,206,83,130
626,206,83,130
626,206,83,130
626,206,83,130
626,206,83,130
626,206,83,130
626,206,83,130
626,206,83,130
626,206,83,130
626,206,83,126
626,206,83,126
626,206,83,126
626,206,83,126
626,206,83,126
626,206,83,126
626,206,83,126
626,206,83,126
626,206,83,126
626,206,83,126
626,206,83,126
626,206,83,126
626,206,83,126
626,206,83,126
626,206,83,126
626,204,83,133
626,204,83,133
626,204,83,133
626,204,83,133
626,204,83,133
626,204,83,133
626,204,83,133
626,204,83,133
626,204,83,133
626,204,83,133
626,204,83,133
626,204,83,133
626,204,83,133
626,204,83,133
626,204,83,133
633,204,82,137
631,204,82,137
629,204,82,137
627,204,82,137
625,204,82,137
623,204,82,137
621,204,82,137
619,204,82,137
617,204,82,137
615,204,82,137
613,204,82,137
611,204,82,137
609,204,82,137
607,204,82,137
605,204,82,137
610,197,88,142
605,193,89,145
600,189,90,148
595,185,91,151
590,181,92,154
585,177,93,157
580,173,94,160
575,169,95,163
570,165,96,166
565,161,97,169
560,157,98,172
555,153,99,175
550,149,100,178
545,145,101,181
540,141,102,184
539,142,99,180
533,144,98,177
527,146,97,174
521,148,96,171
515,150,95,168
509,152,94,165
503,154,93,162
497,156,92,159
491,158,91,156
485,160,90,153
479,162,89,150
473,164,88,147
467,166,87,144
461,168,86,141
455,170,85,138
445,179,80,135
