1489,166,67,169
1487,166,67,168
1485,166,67,167
1483,166,67,166
1481,166,67,165
1479,166,67,164
1477,166,67,163
1475,166,67,162
1473,166,67,161
1471,166,67,160
1469,166,67,159
1467,166,67,158
1465,166,67,157
1463,166,67,156
1461,166,67,155
1458,162,67,160
1455,162,68,161
1452,162,69,162
1449,162,70,163
1446,162,71,164
1443,162,72,165
1440,162,73,166
1437,162,74,167
1434,162,75,168
1431,162,76,169
1428,162,77,170
1425,162,78,171
1422,162,79,172
1419,162,80,173
1416,162,81,174
1414,162,82,169
1412,161,82,170
1410,160,82,171
1408,159,82,172
1406,158,82,173
1404,157,82,174
1402,156,82,175
1400,155,82,176
1398,154,82,177
1396,153,82,178
1394,152,82,179
1392,151,82,180
1390,150,82,181
1388,149,82,182
1386,148,82,183
1382,153,82,187
1381,152,82,188
1380,151,82,189
1379,150,82,190
1378,149,82,191
1377,148,82,192
1376,147,82,193
1375,146,82,194
1374,145,82,195
1373,144,82,196
1372,143,82,197
1371,142,82,198
1370,141,82,199
1369,140,82,200
1368,139,82,201
1362,145,80,197
1360,145,80,198
1358,145,80,199
1356,145,80,200
1354,145,80,201
1352,145,80,202
1350,145,80,203
1348,145,80,204
1346,145,80,205
1344,145,80,206
1342,145,80,207
1340,145,80,208
1338,145,80,209
1336,145,80,210
1334,145,80,211
1325,145,81,208
1321,146,82,208
1317,147,83,208
1313,148,84,208
1309,149,85,208
1305,150,86,208
1301,151,87,208
1297,152,88,208
1293,153,89,208
1289,154,90,208
1285,155,91,208
1281,156,92,208
1277,157,93,208
1273,158,94,208
1269,159,95,208
1265,153,100,210
1261,152,100,210
1257,151,100,210
1253,150,100,210
1249,149,100,210
1245,148,100,210
1241,147,100,210
1237,146,100,210
1233,145,100,210
1229,144,100,210
1225,143,100,210
1221,142,100,210
1217,141,100,210
1213,140,100,210
1209,139,100,210
1206,145,95,216
1202,145,96,216
1198,145,97,216
1194,145,98,216
1190,145,99,216
1186,145,100,216
1182,145,101,216
1178,145,102,216
1174,145,103,216
1170,145,104,216
1166,145,105,216
1162,145,106,216
1158,145,107,216
1154,145,108,216
1150,145,109,216
1142,143,111,210
1139,143,109,210
1136,143,107,210
1133,143,105,210
1130,143,103,210
1127,143,101,210
1124,143,99,210
1121,143,97,210
1118,143,95,210
1115,143,93,210
1112,143,91,210
1109,143,89,210
1106,143,87,210
1103,143,85,210
1100,143,83,210
1092,138,82,217
1089,137,82,218
1086,136,82,219
1083,135,82,220
1080,134,82,221
1077,133,82,222
1074,132,82,223
1071,131,82,224
1068,130,82,225
1065,129,82,226
1062,128,82,227
1059,127,82,228
1056,126,82,229
1053,125,82,230
1050,124,82,231
1040,123,86,232
1035,124,88,230
1030,125,90,228
1025,126,92,226
1020,127,94,224
1015,128,96,222
1010,129,98,220
1005,130,100,218
1000,131,102,216
995,132,104,214
990,133,106,212
985,134,108,210
980,135,110,208
975,136,112,206
970,137,114,204
963,132,112,208
960,132,110,207
957,132,108,206
954,132,106,205
951,132,104,204
948,132,102,203
945,132,100,202
942,132,98,201
939,132,96,200
936,132,94,199
933,132,92,198
930,132,90,197
927,132,88,196
924,132,86,195
921,132,84,194
914,130,87,195
911,130,87,195
908,130,87,195
905,130,87,195
902,130,87,195
899,130,87,195
896,130,87,195
893,130,87,195
890,130,87,195
887,130,87,195
884,130,87,195
881,130,87,195
878,130,87,195
875,130,87,195
872,130,87,195
868,123,93,189
866,121,92,189
864,119,91,189
862,117,90,189
860,115,89,189
858,113,88,189
856,111,87,189
854,109,86,189
852,107,85,189
850,105,84,189
848,103,83,189
846,101,82,189
844,99,81,189
842,97,80,189
840,95,79,189
836,98,82,196
834,99,81,194
832,100,80,192
830,101,79,190
828,102,78,188
826,103,77,186
824,104,76,184
822,105,75,182
820,106,74,180
818,107,73,178
816,108,72,176
814,109,71,174
812,110,70,172
810,111,69,170
808,112,68,168
801,117,66,171
799,116,66,170
797,115,66,169
795,114,66,168
793,113,66,167
791,112,66,166
789,111,66,165
787,110,66,164
785,109,66,163
783,108,66,162
781,107,66,161
779,106,66,160
777,105,66,159
775,104,66,158
773,103,66,157
768,106,67,163
767,106,67,163
766,106,67,163
765,106,67,163
764,106,67,163
763,106,67,163
762,106,67,163
761,106,67,163
760,106,67,163
759,106,67,163
758,106,67,163
757,106,67,163
756,106,67,163
755,106,67,163
754,106,67,163
757,100,64,166
756,100,64,165
755,100,64,164
754,100,64,163
753,100,64,162
752,100,64,161
751,100,64,160
750,100,64,159
749,100,64,158
748,100,64,157
747,100,64,156
746,100,64,155
745,100,64,154
744,100,64,153
743,100,64,152
742,104,68,154
742,106,67,152
742,108,66,150
742,110,65,148
742,112,64,146
742,114,63,144
742,116,62,142
742,118,61,140
742,120,60,138
742,122,59,136
742,124,58,134
742,126,57,132
742,128,56,130
742,130,55,128
742,132,54,126
744,128,60,119
744,130,60,118
744,132,60,117
744,134,60,116
744,136,60,115
744,138,60,114
744,140,60,113
744,142,60,112
744,144,60,111
744,146,60,110
744,148,60,109
744,150,60,108
744,152,60,107
744,154,60,106
744,156,60,105
746,151,55,100
746,151,55,100
746,151,55,100
746,151,55,100
746,151,55,100
746,151,55,100
746,151,55,100
746,151,55,100
746,151,55,100
746,151,55,100
746,151,55,100
746,151,55,100
746,151,55,100
746,151,55,100
746,151,55,100
746,149,51,100
746,150,51,99
746,151,51,98
746,152,51,97
746,153,51,96
746,154,51,95
746,155,51,94
746,156,51,93
746,157,51,92
746,158,51,91
746,159,51,90
746,160,51,89
746,161,51,88
746,162,51,87
746,163,51,86
748,162,47,78
748,161,47,79
748,160,47,80
748,159,47,81
748,158,47,82
748,157,47,83
748,156,47,84
748,155,47,85
748,154,47,86
748,153,47,87
748,152,47,88
748,151,47,89
748,150,47,90
748,149,47,91
748,148,47,92
744,153,53,87
744,153,53,87
744,153,53,87
744,153,53,87
744,153,53,87
744,153,53,87
744,153,53,87
744,153,53,87
744,153,53,87
744,153,53,87
744,153,53,87
744,153,53,87
744,153,53,87
744,153,53,87
744,153,53,87
742,158,53,85
742,158,53,86
742,158,53,87
742,158,53,88
742,158,53,89
742,158,53,90
742,158,53,91
742,158,53,92
742,158,53,93
742,158,53,94
742,158,53,95
742,158,53,96
742,158,53,97
742,158,53,98
742,158,53,99
746,154,55,95
746,154,55,95
746,154,55,95
746,154,55,95
746,154,55,95
746,154,55,95
746,154,55,95
746,154,55,95
746,154,55,95
746,154,55,95
746,154,55,95
746,154,55,95
746,154,55,95
746,154,55,95
746,154,55,95
742,151,57,98
743,151,57,97
744,151,57,96
745,151,57,95
746,151,57,94
747,151,57,93
748,151,57,92
749,151,57,91
750,151,57,90
751,151,57,89
752,151,57,88
753,151,57,87
754,151,57,86
755,151,57,85
756,151,57,84
750,153,52,90
748,153,53,90
746,153,54,90
744,153,55,90
742,153,56,90
740,153,57,90
738,153,58,90
736,153,59,90
734,153,60,90
732,153,61,90
730,153,62,90
728,153,63,90
726,153,64,90
724,153,65,90
722,153,66,90
715,147,63,93
711,145,63,96
707,143,63,99
703,141,63,102
699,139,63,105
695,137,63,108
691,135,63,111
687,133,63,114
683,131,63,117
679,129,63,120
675,127,63,123
671,125,63,126
667,123,63,129
663,121,63,132
659,119,63,135
662,119,61,134
658,119,62,136
654,119,63,138
650,119,64,140
646,119,65,142
642,119,66,144
638,119,67,146
634,119,68,148
630,119,69,150
626,119,70,152
622,119,71,154
618,119,72,156
614,119,73,158
610,119,74,160
606,119,75,162
597,119,73,163
