1628,51,122,242
1627,51,120,241
1626,51,118,240
1625,51,116,239
1624,51,114,238
1623,51,112,237
1622,51,110,236
1621,51,108,235
1620,51,106,234
1619,51,104,233
1618,51,102,232
1617,51,100,231
1616,51,98,230
1615,51,96,229
1614,51,94,228
1608,47,95,232
1604,47,96,231
1600,47,97,230
1596,47,98,229
1592,47,99,228
1588,47,100,227
1584,47,101,226
1580,47,102,225
1576,47,103,224
1572,47,104,223
1568,47,105,222
1564,47,106,221
1560,47,107,220
1556,47,108,219
1552,47,109,218
1548,53,110,219
1546,52,111,220
1544,51,112,221
1542,50,113,222
1540,49,114,223
1538,48,115,224
1536,47,116,225
1534,46,117,226
1532,45,118,227
1530,44,119,228
1528,43,120,229
1526,42,121,230
1524,41,122,231
1522,40,123,232
1520,39,124,233
1519,42,120,233
1516,42,119,235
1513,42,118,237
1510,42,117,239
1507,42,116,241
1504,42,115,243
1501,42,114,245
1498,42,113,247
1495,42,112,249
1492,42,111,251
1489,42,110,253
1486,42,109,255
1483,42,108,257
1480,42,107,259
1477,42,106,261
1475,42,110,265
1471,42,109,264
1467,42,108,263
1463,42,107,262
1459,42,106,261
1455,42,105,260
1451,42,104,259
1447,42,103,258
1443,42,102,257
1439,42,101,256
1435,42,100,255
1431,42,99,254
1427,42,98,253
1423,42,97,252
1419,42,96,251
1421,46,95,247
1415,46,96,247
1409,46,97,247
1403,46,98,247
1397,46,99,247
1391,46,100,247
1385,46,101,247
1379,46,102,247
1373,46,103,247
1367,46,104,247
1361,46,105,247
1355,46,106,247
1349,46,107,247
1343,46,108,247
1337,46,109,247
1338,44,107,249
1333,43,106,249
1328,42,105,249
1323,41,104,249
1318,40,103,249
1313,39,102,249
1308,38,101,249
1303,37,100,249
1298,36,99,249
1293,35,98,249
1288,34,97,249
1283,33,96,249
1278,32,95,249
1273,31,94,249
1268,30,93,249
1267,33,99,253
1261,32,100,253
1255,31,101,253
1249,30,102,253
1243,29,103,253
1237,28,104,253
1231,27,105,253
1225,26,106,253
1219,25,107,253
1213,24,108,253
1207,23,109,253
1201,22,110,253
1195,21,111,253
1189,20,112,253
1183,19,113,253
1180,24,108,251
1176,25,107,250
1172,26,106,249
1168,27,105,248
1164,28,104,247
1160,29,103,246
1156,30,102,245
1152,31,101,244
1148,32,100,243
1144,33,99,242
1140,34,98,241
1136,35,97,240
1132,36,96,239
1128,37,95,238
1124,38,94,237
1125,37,96,237
1120,36,96,236
1115,35,96,235
1110,34,96,234
1105,33,96,233
1100,32,96,232
1095,31,96,231
1090,30,96,230
1085,29,96,229
1080,28,96,228
1075,27,96,227
1070,26,96,226
1065,25,96,225
1060,24,96,224
1055,23,96,223
1044,26,90,228
1040,26,90,228
1036,26,90,228
1032,26,90,228
1028,26,90,228
1024,26,90,228
1020,26,90,228
1016,26,90,228
1012,26,90,228
1008,26,90,228
1004,26,90,228
1000,26,90,228
996,26,90,228
992,26,90,228
988,26,90,228
986,23,95,226
984,22,95,225
982,21,95,224
980,20,95,223
978,19,95,222
976,18,95,221
974,17,95,220
972,16,95,219
970,15,95,218
968,14,95,217
966,13,95,216
964,12,95,215
962,11,95,214
960,10,95,213
958,9,95,212
962,15,99,214
960,15,98,213
958,15,97,212
956,15,96,211
954,15,95,210
952,15,94,209
950,15,93,208
948,15,92,207
946,15,91,206
944,15,90,205
942,15,89,204
940,15,88,203
938,15,87,202
936,15,86,201
934,15,85,200
926,15,88,197
922,14,88,195
918,13,88,193
914,12,88,191
910,11,88,189
906,10,88,187
902,9,88,185
898,8,88,183
894,7,88,181
890,6,88,179
886,5,88,177
882,4,88,175
878,3,88,173
874,2,88,171
870,1,88,169
872,1,82,173
870,1,82,172
868,1,82,171
866,1,82,170
864,1,82,169
862,1,82,168
860,1,82,167
858,1,82,166
856,1,82,165
854,1,82,164
852,1,82,163
850,1,82,162
848,1,82,161
846,1,82,160
844,1,82,159
844,5,83,162
843,5,83,160
842,5,83,158
841,5,83,156
840,5,83,154
839,5,83,152
838,5,83,150
837,5,83,148
836,5,83,146
835,5,83,144
834,5,83,142
833,5,83,140
832,5,83,138
831,5,83,136
830,5,83,134
835,5,79,132
835,5,79,131
835,5,79,130
835,5,79,129
835,5,79,128
835,5,79,127
835,5,79,126
835,5,79,125
835,5,79,124
835,5,79,123
835,5,79,122
835,5,79,121
835,5,79,120
835,5,79,119
835,5,79,118
833,3,78,120
833,3,77,120
833,3,76,120
833,3,75,120
833,3,74,120
833,3,73,120
833,3,72,120
833,3,71,120
833,3,70,120
833,3,69,120
833,3,68,120
833,3,67,120
833,3,66,120
833,3,65,120
833,3,64,120
826,1,68,127
826,2,68,126
826,3,68,125
826,4,68,124
826,5,68,123
826,6,68,122
826,7,68,121
826,8,68,120
826,9,68,119
826,10,68,118
826,11,68,117
826,12,68,116
826,13,68,115
826,14,68,114
826,15,68,113
823,23,75,116
823,23,75,117
823,23,75,118
823,23,75,119
823,23,75,120
823,23,75,121
823,23,75,122
823,23,75,123
823,23,75,124
823,23,75,125
823,23,75,126
823,23,75,127
823,23,75,128
823,23,75,129
823,23,75,130
819,28,77,125
819,28,77,124
819,28,77,123
819,28,77,122
819,28,77,121
819,28,77,120
819,28,77,119
819,28,77,118
819,28,77,117
819,28,77,116
819,28,77,115
819,28,77,114
819,28,77,113
819,28,77,112
819,28,77,111
821,23,75,112
821,23,75,112
821,23,75,112
821,23,75,112
821,23,75,112
821,23,75,112
821,23,75,112
821,23,75,112
821,23,75,112
821,23,75,112
821,23,75,112
821,23,75,112
821,23,75,112
821,23,75,112
821,23,75,112
821,23,75,107
821,24,75,107
821,25,75,107
821,26,75,107
821,27,75,107
821,28,75,107
821,29,75,107
821,30,75,107
821,31,75,107
821,32,75,107
821,33,75,107
821,34,75,107
821,35,75,107
821,36,75,107
821,37,75,107
817,31,79,101
817,31,79,101
817,31,79,101
817,31,79,101
817,31,79,101
817,31,79,101
817,31,79,101
817,31,79,101
817,31,79,101
817,31,79,101
817,31,79,101
817,31,79,101
817,31,79,101
817,31,79,101
817,31,79,101
815,33,83,99
815,33,83,100
815,33,83,101
815,33,83,102
815,33,83,103
815,33,83,104
815,33,83,105
815,33,83,106
815,33,83,107
815,33,83,108
815,33,83,109
815,33,83,110
815,33,83,111
815,33,83,112
815,33,83,113
810,26,84,109
811,27,84,108
812,28,84,107
813,29,84,106
814,30,84,105
815,31,84,104
816,32,84,103
817,33,84,102
818,34,84,101
819,35,84,100
820,36,84,99
821,37,84,98
822,38,84,97
823,39,84,96
824,40,84,95
821,37,81,95
820,37,81,96
819,37,81,97
818,37,81,98
817,37,81,99
816,37,81,100
815,37,81,101
814,37,81,102
813,37,81,103
812,37,81,104
811,37,81,105
810,37,81,106
809,37,81,107
808,37,81,108
807,37,81,109
799,31,84,110
795,30,85,111
791,29,86,112
787,28,87,113
783,27,88,114
779,26,89,115
775,25,90,116
771,24,91,117
767,23,92,118
763,22,93,119
759,21,94,120
755,20,95,121
751,19,96,122
747,18,97,123
743,17,98,124
739,14,92,130
734,14,92,130
729,14,92,130
724,14,92,130
719,14,92,130
714,14,92,130
709,14,92,130
704,14,92,130
699,14,92,130
694,14,92,130
689,14,92,130
684,14,92,130
679,14,92,130
674,14,92,130
669,14,92,130
659,12,98,136
653,13,99,136
647,14,100,136
641,15,101,136
635,16,102,136
629,17,103,136
623,18,104,136
617,19,105,136
611,20,106,136
605,21,107,136
599,22,108,136
593,23,109,136
587,24,110,136
581,25,111,136
575,26,112,136
563,23,107,142
