1628,265,87,174
1625,264,87,174
1622,263,87,174
1619,262,87,174
1616,261,87,174
1613,260,87,174
1610,259,87,174
1607,258,87,174
1604,257,87,174
1601,256,87,174
1598,255,87,174
1595,254,87,174
1592,253,87,174
1589,252,87,174
1586,251,87,174
1577,257,85,174
1575,257,84,174
1573,257,83,174
1571,257,82,174
1569,257,81,174
1567,257,80,174
1565,257,79,174
1563,257,78,174
1561,257,77,174
1559,257,76,174
1557,257,75,174
1555,257,74,174
1553,257,73,174
1551,257,72,174
1549,257,71,174
1545,252,75,179
1541,252,77,181
1537,252,79,183
1533,252,81,185
1529,252,83,187
1525,252,85,189
1521,252,87,191
1517,252,89,193
1513,252,91,195
1509,252,93,197
1505,252,95,199
1501,252,97,201
1497,252,99,203
1493,252,101,205
1489,252,103,207
1479,252,99,210
1477,253,98,209
1475,254,97,208
1473,255,96,207
1471,256,95,206
1469,257,94,205
1467,258,93,204
1465,259,92,203
1463,260,91,202
1461,261,90,201
1459,262,89,200
1457,263,88,199
1455,264,87,198
1453,265,86,197
1451,266,85,196
1445,262,81,202
1440,262,81,203
1435,262,81,204
1430,262,81,205
1425,262,81,206
1420,262,81,207
1415,262,81,208
1410,262,81,209
1405,262,81,210
1400,262,81,211
1395,262,81,212
1390,262,81,213
1385,262,81,214
1380,262,81,215
1375,262,81,216
1368,263,74,212
1362,263,74,213
1356,263,74,214
1350,263,74,215
1344,263,74,216
1338,263,74,217
1332,263,74,218
1326,263,74,219
1320,263,74,220
1314,263,74,221
1308,263,74,222
1302,263,74,223
1296,263,74,224
1290,263,74,225
1284,263,74,226
1285,260,78,223
1279,260,78,224
1273,260,78,225
1267,260,78,226
1261,260,78,227
1255,260,78,228
1249,260,78,229
1243,260,78,230
1237,260,78,231
1231,260,78,232
1225,260,78,233
1219,260,78,234
1213,260,78,235
1207,260,78,236
1201,260,78,237
1196,260,76,235
1190,261,76,235
1184,262,76,235
1178,263,76,235
1172,264,76,235
1166,265,76,235
1160,266,76,235
1154,267,76,235
1148,268,76,235
1142,269,76,235
1136,270,76,235
1130,271,76,235
1124,272,76,235
1118,273,76,235
1112,274,76,235
1111,268,80,229
1106,268,79,229
1101,268,78,229
1096,268,77,229
1091,268,76,229
1086,268,75,229
1081,268,74,229
1076,268,73,229
1071,268,72,229
1066,268,71,229
1061,268,70,229
1056,268,69,229
1051,268,68,229
1046,268,67,229
1041,268,66,229
1037,268,65,229
1033,267,66,227
1029,266,67,225
1025,265,68,223
1021,264,69,221
1017,263,70,219
1013,262,71,217
1009,261,72,215
1005,260,73,213
1001,259,74,211
997,258,75,209
993,257,76,207
989,256,77,205
985,255,78,203
981,254,79,201
971,260,75,202
968,260,75,202
965,260,75,202
962,260,75,202
959,260,75,202
956,260,75,202
953,260,75,202
950,260,75,202
947,260,75,202
944,260,75,202
941,260,75,202
938,260,75,202
935,260,75,202
932,260,75,202
929,260,75,202
933,267,73,195
928,267,73,193
923,267,73,191
918,267,73,189
913,267,73,187
908,267,73,185
903,267,73,183
898,267,73,181
893,267,73,179
888,267,73,177
883,267,73,175
878,267,73,173
873,267,73,171
868,267,73,169
863,267,73,167
865,265,75,167
864,264,74,166
863,263,73,165
862,262,72,164
861,261,71,163
860,260,70,162
859,259,69,161
858,258,68,160
857,257,67,159
856,256,66,158
855,255,65,157
854,254,64,156
853,253,63,155
852,252,62,154
851,251,61,153
844,257,64,154
843,258,64,152
842,259,64,150
841,260,64,148
840,261,64,146
839,262,64,144
838,263,64,142
837,264,64,140
836,265,64,138
835,266,64,136
834,267,64,134
833,268,64,132
832,269,64,130
831,270,64,128
830,271,64,126
825,265,67,126
824,266,68,125
823,267,69,124
822,268,70,123
821,269,71,122
820,270,72,121
819,271,73,120
818,272,74,119
817,273,75,118
816,274,76,117
815,275,77,116
814,276,78,115
813,277,79,114
812,278,80,113
811,279,81,112
816,281,78,113
816,282,77,113
816,283,76,113
816,284,75,113
816,285,74,113
816,286,73,113
816,287,72,113
816,288,71,113
816,289,70,113
816,290,69,113
816,291,68,113
816,292,67,113
816,293,66,113
816,294,65,113
816,295,64,113
818,293,69,106
818,293,69,106
818,293,69,106
818,293,69,106
818,293,69,106
818,293,69,106
818,293,69,106
818,293,69,106
818,293,69,106
818,293,69,106
818,293,69,106
818,293,69,106
818,293,69,106
818,293,69,106
818,293,69,106
814,298,67,101
814,298,67,101
814,298,67,101
814,298,67,101
814,298,67,101
814,298,67,101
814,298,67,101
814,298,67,101
814,298,67,101
814,298,67,101
814,298,67,101
814,298,67,101
814,298,67,101
814,298,67,101
814,298,67,101
814,298,65,105
814,298,65,105
814,298,65,105
814,298,65,105
814,298,65,105
814,298,65,105
814,298,65,105
814,298,65,105
814,298,65,105
814,298,65,105
814,298,65,105
814,298,65,105
814,298,65,105
814,298,65,105
814,298,65,105
814,299,69,104
814,299,69,104
814,299,69,104
814,299,69,104
814,299,69,104
814,299,69,104
814,299,69,104
814,299,69,104
814,299,69,104
814,299,69,104
814,299,69,104
814,299,69,104
814,299,69,104
814,299,69,104
814,299,69,104
814,296,63,102
814,296,64,102
814,296,65,102
814,296,66,102
814,296,67,102
814,296,68,102
814,296,69,102
814,296,70,102
814,296,71,102
814,296,72,102
814,296,73,102
814,296,74,102
814,296,75,102
814,296,76,102
814,296,77,102
814,296,73,95
813,296,73,95
812,296,73,95
811,296,73,95
810,296,73,95
809,296,73,95
808,296,73,95
807,296,73,95
806,296,73,95
805,296,73,95
804,296,73,95
803,296,73,95
802,296,73,95
801,296,73,95
800,296,73,95
799,293,71,101
794,291,71,103
789,289,71,105
784,287,71,107
779,285,71,109
774,283,71,111
769,281,71,113
764,279,71,115
759,277,71,117
754,275,71,119
749,273,71,121
744,271,71,123
739,269,71,125
734,267,71,127
729,265,71,129
731,260,78,133
