897,164,94,226
896,164,93,226
895,164,92,226
894,164,91,226
893,164,90,226
892,164,89,226
891,164,88,226
890,164,87,226
889,164,86,226
888,164,85,226
887,164,84,226
886,164,83,226
885,164,82,226
884,164,81,226
883,164,80,226
878,160,82,221
877,160,81,221
876,160,80,221
875,160,79,221
874,160,78,221
873,160,77,221
872,160,76,221
871,160,75,221
870,160,74,221
869,160,73,221
868,160,72,221
867,160,71,221
866,160,70,221
865,160,69,221
864,160,68,221
869,160,65,219
867,160,66,219
865,160,67,219
863,160,68,219
861,160,69,219
859,160,70,219
857,160,71,219
855,160,72,219
853,160,73,219
851,160,74,219
849,160,75,219
847,160,76,219
845,160,77,219
843,160,78,219
841,160,79,219
840,160,78,214
839,160,78,213
838,160,78,212
837,160,78,211
836,160,78,210
835,160,78,209
834,160,78,208
833,160,78,207
832,160,78,206
831,160,78,205
830,160,78,204
829,160,78,203
828,160,78,202
827,160,78,201
826,160,78,200
831,156,72,206
830,156,72,206
829,156,72,206
828,156,72,206
827,156,72,206
826,156,72,206
825,156,72,206
824,156,72,206
823,156,72,206
822,156,72,206
821,156,72,206
820,156,72,206
819,156,72,206
818,156,72,206
817,156,72,206
821,156,70,203
820,156,70,203
819,156,70,203
818,156,70,203
817,156,70,203
816,156,70,203
815,156,70,203
814,156,70,203
813,156,70,203
812,156,70,203
811,156,70,203
810,156,70,203
809,156,70,203
808,156,70,203
807,156,70,203
809,158,70,197
808,158,70,197
807,158,70,197
806,158,70,197
805,158,70,197
804,158,70,197
803,158,70,197
802,158,70,197
801,158,70,197
800,158,70,197
799,158,70,197
798,158,70,197
797,158,70,197
796,158,70,197
795,158,70,197
798,154,70,195
797,154,70,195
796,154,70,195
795,154,70,195
794,154,70,195
793,154,70,195
792,154,70,195
791,154,70,195
790,154,70,195
789,154,70,195
788,154,70,195
787,154,70,195
786,154,70,195
785,154,70,195
784,154,70,195
783,156,73,190
782,156,72,190
781,156,71,190
780,156,70,190
779,156,69,190
778,156,68,190
777,156,67,190
776,156,66,190
775,156,65,190
774,156,64,190
773,156,63,190
772,156,62,190
771,156,61,190
770,156,60,190
769,156,59,190
764,152,65,190
763,152,65,189
762,152,65,188
761,152,65,187
760,152,65,186
759,152,65,185
758,152,65,184
757,152,65,183
756,152,65,182
755,152,65,181
754,152,65,180
753,152,65,179
752,152,65,178
751,152,65,177
750,152,65,176
750,156,65,178
748,156,65,178
746,156,65,178
744,156,65,178
742,156,65,178
740,156,65,178
738,156,65,178
736,156,65,178
734,156,65,178
732,156,65,178
730,156,65,178
728,156,65,178
726,156,65,178
724,156,65,178
722,156,65,178
727,154,64,177
726,154,63,177
725,154,62,177
724,154,61,177
723,154,60,177
722,154,59,177
721,154,58,177
720,154,57,177
719,154,56,177
718,154,55,177
717,154,54,177
716,154,53,177
715,154,52,177
714,154,51,177
713,154,50,177
705,154,49,177
703,154,51,177
701,154,53,177
699,154,55,177
697,154,57,177
695,154,59,177
693,154,61,177
691,154,63,177
689,154,65,177
687,154,67,177
685,154,69,177
683,154,71,177
681,154,73,177
679,154,75,177
677,154,77,177
674,158,72,171
672,158,71,171
670,158,70,171
668,158,69,171
666,158,68,171
664,158,67,171
662,158,66,171
660,158,65,171
658,158,64,171
656,158,63,171
654,158,62,171
652,158,61,171
650,158,60,171
648,158,59,171
646,158,58,171
646,156,62,169
645,156,62,169
644,156,62,169
643,156,62,169
642,156,62,169
641,156,62,169
640,156,62,169
639,156,62,169
638,156,62,169
637,156,62,169
636,156,62,169
635,156,62,169
634,156,62,169
633,156,62,169
632,156,62,169
627,158,65,169
625,158,65,169
623,158,65,169
621,158,65,169
619,158,65,169
617,158,65,169
615,158,65,169
613,158,65,169
611,158,65,169
609,158,65,169
607,158,65,169
605,158,65,169
603,158,65,169
601,158,65,169
599,158,65,169
603,160,62,163
602,160,61,163
601,160,60,163
600,160,59,163
599,160,58,163
598,160,57,163
597,160,56,163
596,160,55,163
595,160,54,163
594,160,53,163
593,160,52,163
592,160,51,163
591,160,50,163
590,160,49,163
589,160,48,163
591,156,48,165
590,156,48,165
589,156,48,165
588,156,48,165
587,156,48,165
586,156,48,165
585,156,48,165
584,156,48,165
583,156,48,165
582,156,48,165
581,156,48,165
580,156,48,165
579,156,48,165
578,156,48,165
577,156,48,165
576,156,51,163
574,156,52,163
572,156,53,163
570,156,54,163
568,156,55,163
566,156,56,163
564,156,57,163
562,156,58,163
560,156,59,163
558,156,60,163
556,156,61,163
554,156,62,163
552,156,63,163
550,156,64,163
548,156,65,163
543,162,66,161
543,162,64,161
543,162,62,161
543,162,60,161
543,162,58,161
543,162,56,161
543,162,54,161
543,162,52,161
543,162,50,161
543,162,48,161
543,162,46,161
543,162,44,161
543,162,42,161
543,162,40,161
543,162,38,161
536,160,39,163
534,160,40,163
532,160,41,163
530,160,42,163
528,160,43,163
526,160,44,163
524,160,45,163
522,160,46,163
520,160,47,163
518,160,48,163
516,160,49,163
514,160,50,163
512,160,51,163
510,160,52,163
508,160,53,163
508,164,60,169
505,164,60,169
502,164,60,169
499,164,60,169
496,164,60,169
493,164,60,169
490,164,60,169
487,164,60,169
484,164,60,169
481,164,60,169
478,164,60,169
475,164,60,169
472,164,60,169
469,164,60,169
466,164,60,169
467,166,67,170
466,166,65,170
465,166,63,170
464,166,61,170
463,166,59,170
462,166,57,170
461,166,55,170
460,166,53,170
459,166,51,170
458,166,49,170
457,166,47,170
456,166,45,170
455,166,43,170
454,166,41,170
453,166,39,170
458,166,44,170
456,167,45,170
454,168,46,170
452,169,47,170
450,170,48,170
448,171,49,170
446,172,50,170
444,173,51,170
442,174,52,170
440,175,53,170
438,176,54,170
436,177,55,170
434,178,56,170
432,179,57,170
430,180,58,170
424,175,65,169
422,175,65,169
420,175,65,169
418,175,65,169
416,175,65,169
414,175,65,169
412,175,65,169
410,175,65,169
408,175,65,169
406,175,65,169
404,175,65,169
402,175,65,169
400,175,65,169
398,175,65,169
396,175,65,169
389,173,60,173
388,173,60,173
387,173,60,173
386,173,60,173
385,173,60,173
384,173,60,173
383,173,60,173
382,173,60,173
381,173,60,173
380,173,60,173
379,173,60,173
378,173,60,173
377,173,60,173
376,173,60,173
375,173,60,173
370,179,58,168
367,179,59,168
364,179,60,168
361,179,61,168
358,179,62,168
355,179,63,168
352,179,64,168
349,179,65,168
346,179,66,168
343,179,67,168
340,179,68,168
337,179,69,168
334,179,70,168
331,179,71,168
328,179,72,168
332,180,70,169
331,180,69,169
330,180,68,169
329,180,67,169
328,180,66,169
327,180,65,169
326,180,64,169
325,180,63,169
324,180,62,169
323,180,61,169
322,180,60,169
321,180,59,169
320,180,58,169
319,180,57,169
318,180,56,169
310,180,54,169
308,180,54,169
306,180,54,169
304,180,54,169
302,180,54,169
300,180,54,169
298,180,54,169
296,180,54,169
294,180,54,169
292,180,54,169
290,180,54,169
288,180,54,169
286,180,54,169
284,180,54,169
282,180,54,169
286,184,60,163
284,184,60,163
282,184,60,163
280,184,60,163
278,184,60,163
276,184,60,163
274,184,60,163
272,184,60,163
270,184,60,163
268,184,60,163
266,184,60,163
264,184,60,163
262,184,60,163
260,184,60,163
258,184,60,163
255,190,63,161
