685,131,78,209
684,132,77,209
683,133,76,209
682,134,75,209
681,135,74,209
680,136,73,209
679,137,72,209
678,138,71,209
677,139,70,209
676,140,69,209
675,141,68,209
674,142,67,209
673,143,66,209
672,144,65,209
671,145,64,209
663,139,63,205
660,139,64,205
657,139,65,205
654,139,66,205
651,139,67,205
648,139,68,205
645,139,69,205
642,139,70,205
639,139,71,205
636,139,72,205
633,139,73,205
630,139,74,205
627,139,75,205
624,139,76,205
621,139,77,205
615,138,78,209
610,138,79,209
605,138,80,209
600,138,81,209
595,138,82,209
590,138,83,209
585,138,84,209
580,138,85,209
575,138,86,209
570,138,87,209
565,138,88,209
560,138,89,209
555,138,90,209
550,138,91,209
545,138,92,209
547,133,95,215
547,133,92,215
547,133,89,215
547,133,86,215
547,133,83,215
547,133,80,215
547,133,77,215
547,133,74,215
547,133,71,215
547,133,68,215
547,133,65,215
547,133,62,215
547,133,59,215
547,133,56,215
547,133,53,215
542,136,56,214
539,136,58,214
536,136,60,214
533,136,62,214
530,136,64,214
527,136,66,214
524,136,68,214
521,136,70,214
518,136,72,214
515,136,74,214
512,136,76,214
509,136,78,214
506,136,80,214
503,136,82,214
500,136,84,214
492,143,84,212
489,143,84,212
486,143,84,212
483,143,84,212
480,143,84,212
477,143,84,212
474,143,84,212
471,143,84,212
468,143,84,212
465,143,84,212
462,143,84,212
459,143,84,212
456,143,84,212
453,143,84,212
450,143,84,212
442,147,86,211
441,147,85,212
440,147,84,213
439,147,83,214
438,147,82,215
437,147,81,216
436,147,80,217
435,147,79,218
434,147,78,219
433,147,77,220
432,147,76,221
431,147,75,222
430,147,74,223
429,147,73,224
428,147,72,225
429,141,68,220
427,141,69,220
425,141,70,220
423,141,71,220
421,141,72,220
419,141,73,220
417,141,74,220
415,141,75,220
413,141,76,220
411,141,77,220
409,141,78,220
407,141,79,220
405,141,80,220
403,141,81,220
401,141,82,220
396,147,80,224
394,147,80,225
392,147,80,226
390,147,80,227
388,147,80,228
386,147,80,229
384,147,80,230
382,147,80,231
380,147,80,232
378,147,80,233
376,147,80,234
374,147,80,235
372,147,80,236
370,147,80,237
368,147,80,238
360,147,85,234
359,147,85,235
358,147,85,236
357,147,85,237
356,147,85,238
355,147,85,239
354,147,85,240
353,147,85,241
352,147,85,242
351,147,85,243
350,147,85,244
349,147,85,245
348,147,85,246
347,147,85,247
346,147,85,248
343,144,80,245
341,144,80,245
339,144,80,245
337,144,80,245
335,144,80,245
333,144,80,245
331,144,80,245
329,144,80,245
327,144,80,245
325,144,80,245
323,144,80,245
321,144,80,245
319,144,80,245
317,144,80,245
315,144,80,245
310,146,76,250
308,147,76,250
306,148,76,250
304,149,76,250
302,150,76,250
300,151,76,250
298,152,76,250
296,153,76,250
294,154,76,250
292,155,76,250
290,156,76,250
288,157,76,250
286,158,76,250
284,159,76,250
282,160,76,250
286,154,71,250
284,154,72,251
282,154,73,252
280,154,74,253
278,154,75,254
276,154,76,255
274,154,77,256
272,154,78,257
270,154,79,258
268,154,80,259
266,154,81,260
264,154,82,261
262,154,83,262
260,154,84,263
258,154,85,264
255,152,91,266
255,152,91,267
255,152,91,268
255,152,91,269
255,152,91,270
255,152,91,271
255,152,91,272
255,152,91,273
255,152,91,274
255,152,91,275
255,152,91,276
255,152,91,277
255,152,91,278
255,152,91,279
255,152,91,280
248,152,87,274
249,152,87,275
250,152,87,276
251,152,87,277
252,152,87,278
253,152,87,279
254,152,87,280
255,152,87,281
256,152,87,282
257,152,87,283
258,152,87,284
259,152,87,285
260,152,87,286
261,152,87,287
262,152,87,288
257,156,85,287
258,156,86,287
259,156,87,287
260,156,88,287
261,156,89,287
262,156,90,287
263,156,91,287
264,156,92,287
265,156,93,287
266,156,94,287
267,156,95,287
268,156,96,287
269,156,97,287
270,156,98,287
271,156,99,287
268,162,107,282
270,162,107,283
272,162,107,284
274,162,107,285
276,162,107,286
278,162,107,287
280,162,107,288
282,162,107,289
284,162,107,290
286,162,107,291
288,162,107,292
290,162,107,293
292,162,107,294
294,162,107,295
296,162,107,296
303,165,109,292
305,165,110,293
307,165,111,294
309,165,112,295
311,165,113,296
313,165,114,297
315,165,115,298
317,165,116,299
319,165,117,300
321,165,118,301
323,165,119,302
325,165,120,303
327,165,121,304
329,165,122,305
331,165,123,306
339,162,123,305
343,163,123,305
347,164,123,305
351,165,123,305
355,166,123,305
359,167,123,305
363,168,123,305
367,169,123,305
371,170,123,305
375,171,123,305
379,172,123,305
383,173,123,305
387,174,123,305
391,175,123,305
395,176,123,305
396,172,126,300
400,172,125,301
404,172,124,302
408,172,123,303
412,172,122,304
416,172,121,305
420,172,120,306
424,172,119,307
428,172,118,308
432,172,117,309
436,172,116,310
440,172,115,311
444,172,114,312
448,172,113,313
452,172,112,314
459,167,118,321
462,167,117,321
465,167,116,321
468,167,115,321
471,167,114,321
474,167,113,321
477,167,112,321
480,167,111,321
483,167,110,321
486,167,109,321
489,167,108,321
492,167,107,321
495,167,106,321
498,167,105,321
501,167,104,321
510,169,97,326
513,169,101,326
516,169,105,326
519,169,109,326
522,169,113,326
525,169,117,326
528,169,121,326
531,169,125,326
534,169,129,326
537,169,133,326
540,169,137,326
543,169,141,326
546,169,145,326
549,169,149,326
552,169,153,326
556,175,150,326
562,175,149,326
568,175,148,326
574,175,147,326
580,175,146,326
586,175,145,326
592,175,144,326
598,175,143,326
604,175,142,326
610,175,141,326
616,175,140,326
622,175,139,326
628,175,138,326
634,175,137,326
640,175,136,326
646,177,141,331
652,177,138,332
658,177,135,333
664,177,132,334
670,177,129,335
676,177,126,336
682,177,123,337
688,177,120,338
694,177,117,339
700,177,114,340
706,177,111,341
712,177,108,342
718,177,105,343
724,177,102,344
730,177,99,345
733,172,98,342
736,173,101,342
739,174,104,342
742,175,107,342
745,176,110,342
748,177,113,342
751,178,116,342
754,179,119,342
757,180,122,342
760,181,125,342
763,182,128,342
766,183,131,342
769,184,134,342
772,185,137,342
775,186,140,342
775,180,150,341
781,180,150,341
787,180,150,341
793,180,150,341
799,180,150,341
805,180,150,341
811,180,150,341
817,180,150,341
823,180,150,341
829,180,150,341
835,180,150,341
841,180,150,341
847,180,150,341
853,180,150,341
859,180,150,341
870,185,156,336
877,185,152,336
884,185,148,336
891,185,144,336
898,185,140,336
905,185,136,336
912,185,132,336
919,185,128,336
926,185,124,336
933,185,120,336
940,185,116,336
947,185,112,336
954,185,108,336
961,185,104,336
968,185,100,336
982,183,101,338
985,183,103,338
988,183,105,338
991,183,107,338
994,183,109,338
997,183,111,338
1000,183,113,338
1003,183,115,338
1006,183,117,338
1009,183,119,338
1012,183,121,338
1015,183,123,338
1018,183,125,338
1021,183,127,338
1024,183,129,338
1023,186,130,338
1028,187,133,338
1033,188,136,338
1038,189,139,338
1043,190,142,338
1048,191,145,338
1053,192,148,338
1058,193,151,338
1063,194,154,338
1068,195,157,338
1073,196,160,338
1078,197,163,338
1083,198,166,338
1088,199,169,338
1093,200,172,338
1091,195,172,344
1099,196,171,343
1107,197,170,342
1115,198,169,341
1123,199,168,340
1131,200,167,339
1139,201,166,338
1147,202,165,337
1155,203,164,336
1163,204,163,335
1171,205,162,334
1179,206,161,333
1187,207,160,332
1195,208,159,331
1203,209,158,330
1205,204,151,327
