811,320,36,146
809,320,36,146
807,320,36,146
805,320,36,146
803,320,36,146
801,320,36,146
799,320,36,146
797,320,36,146
795,320,36,146
793,320,36,146
791,320,36,146
789,320,36,146
787,320,36,146
785,320,36,146
783,320,36,146
774,318,41,143
772,318,41,143
770,318,41,143
768,318,41,143
766,318,41,143
764,318,41,143
762,318,41,143
760,318,41,143
758,318,41,143
756,318,41,143
754,318,41,143
752,318,41,143
750,318,41,143
748,318,41,143
746,318,41,143
740,323,47,148
738,323,47,148
736,323,47,148
734,323,47,148
732,323,47,148
730,323,47,148
728,323,47,148
726,323,47,148
724,323,47,148
722,323,47,148
720,323,47,148
718,323,47,148
716,323,47,148
714,323,47,148
712,323,47,148
706,323,53,155
704,323,53,154
702,323,53,153
700,323,53,152
698,323,53,151
696,323,53,150
694,323,53,149
692,323,53,148
690,323,53,147
688,323,53,146
686,323,53,145
684,323,53,144
682,323,53,143
680,323,53,142
678,323,53,141
676,321,51,147
674,321,51,147
672,321,51,147
670,321,51,147
668,321,51,147
666,321,51,147
664,321,51,147
662,321,51,147
660,321,51,147
658,321,51,147
656,321,51,147
654,321,51,147
652,321,51,147
650,321,51,147
648,321,51,147
646,325,51,153
644,325,52,153
642,325,53,153
640,325,54,153
638,325,55,153
636,325,56,153
634,325,57,153
632,325,58,153
630,325,59,153
628,325,60,153
626,325,61,153
624,325,62,153
622,325,63,153
620,325,64,153
618,325,65,153
618,328,64,160
616,328,64,160
614,328,64,160
612,328,64,160
610,328,64,160
608,328,64,160
606,328,64,160
604,328,64,160
602,328,64,160
600,328,64,160
598,328,64,160
596,328,64,160
594,328,64,160
592,328,64,160
590,328,64,160
591,326,65,162
589,326,65,162
587,326,65,162
585,326,65,162
583,326,65,162
581,326,65,162
579,326,65,162
577,326,65,162
575,326,65,162
573,326,65,162
571,326,65,162
569,326,65,162
567,326,65,162
565,326,65,162
563,326,65,162
568,326,65,165
567,327,64,164
566,328,63,163
565,329,62,162
564,330,61,161
563,331,60,160
562,332,59,159
561,333,58,158
560,334,57,157
559,335,56,156
558,336,55,155
557,337,54,154
556,338,53,153
555,339,52,152
554,340,51,151
552,335,54,153
550,335,54,153
548,335,54,153
546,335,54,153
544,335,54,153
542,335,54,153
540,335,54,153
538,335,54,153
536,335,54,153
534,335,54,153
532,335,54,153
530,335,54,153
528,335,54,153
526,335,54,153
524,335,54,153
529,335,51,159
527,335,51,161
525,335,51,163
523,335,51,165
521,335,51,167
519,335,51,169
517,335,51,171
515,335,51,173
513,335,51,175
511,335,51,177
509,335,51,179
507,335,51,181
505,335,51,183
503,335,51,185
501,335,51,187
499,333,58,189
498,333,58,188
497,333,58,187
496,333,58,186
495,333,58,185
494,333,58,184
493,333,58,183
492,333,58,182
491,333,58,181
490,333,58,180
489,333,58,179
488,333,58,178
487,333,58,177
486,333,58,176
485,333,58,175
483,333,52,173
483,333,52,174
483,333,52,175
483,333,52,176
483,333,52,177
483,333,52,178
483,333,52,179
483,333,52,180
483,333,52,181
483,333,52,182
483,333,52,183
483,333,52,184
483,333,52,185
483,333,52,186
483,333,52,187
480,335,57,191
480,335,57,191
480,335,57,191
480,335,57,191
480,335,57,191
480,335,57,191
480,335,57,191
480,335,57,191
480,335,57,191
480,335,57,191
480,335,57,191
480,335,57,191
480,335,57,191
480,335,57,191
480,335,57,191
487,336,57,196
488,336,57,197
489,336,57,198
490,336,57,199
491,336,57,200
492,336,57,201
493,336,57,202
494,336,57,203
495,336,57,204
496,336,57,205
497,336,57,206
498,336,57,207
499,336,57,208
500,336,57,209
501,336,57,210
508,341,58,213
510,341,58,213
512,341,58,213
514,341,58,213
516,341,58,213
518,341,58,213
520,341,58,213
522,341,58,213
524,341,58,213
526,341,58,213
528,341,58,213
530,341,58,213
532,341,58,213
534,341,58,213
536,341,58,213
538,340,56,209
541,340,56,209
544,340,56,209
547,340,56,209
550,340,56,209
553,340,56,209
556,340,56,209
559,340,56,209
562,340,56,209
565,340,56,209
568,340,56,209
571,340,56,209
574,340,56,209
577,340,56,209
580,340,56,209
577,341,59,211
579,341,60,212
581,341,61,213
583,341,62,214
585,341,63,215
587,341,64,216
589,341,65,217
591,341,66,218
593,341,67,219
595,341,68,220
597,341,69,221
599,341,70,222
601,341,71,223
603,341,72,224
605,341,73,225
609,338,68,230
612,338,68,229
615,338,68,228
618,338,68,227
621,338,68,226
624,338,68,225
627,338,68,224
630,338,68,223
633,338,68,222
636,338,68,221
639,338,68,220
642,338,68,219
645,338,68,218
648,338,68,217
651,338,68,216
657,343,70,221
660,343,71,222
663,343,72,223
666,343,73,224
669,343,74,225
672,343,75,226
675,343,76,227
678,343,77,228
681,343,78,229
684,343,79,230
687,343,80,231
690,343,81,232
693,343,82,233
696,343,83,234
699,343,84,235
708,338,86,232
712,338,85,233
716,338,84,234
720,338,83,235
724,338,82,236
728,338,81,237
732,338,80,238
736,338,79,239
740,338,78,240
744,338,77,241
748,338,76,242
752,338,75,243
756,338,74,244
760,338,73,245
764,338,72,246
772,340,66,240
777,340,65,240
782,340,64,240
787,340,63,240
792,340,62,240
797,340,61,240
802,340,60,240
807,340,59,240
812,340,58,240
817,340,57,240
822,340,56,240
827,340,55,240
832,340,54,240
837,340,53,240
842,340,52,240
846,336,56,236
848,336,58,236
850,336,60,236
852,336,62,236
854,336,64,236
856,336,66,236
858,336,68,236
860,336,70,236
862,336,72,236
864,336,74,236
866,336,76,236
868,336,78,236
870,336,80,236
872,336,82,236
874,336,84,236
882,338,82,240
886,338,82,240
890,338,82,240
894,338,82,240
898,338,82,240
902,338,82,240
906,338,82,240
910,338,82,240
914,338,82,240
918,338,82,240
922,338,82,240
926,338,82,240
930,338,82,240
934,338,82,240
938,338,82,240
945,338,86,240
950,338,87,240
955,338,88,240
960,338,89,240
965,338,90,240
970,338,91,240
975,338,92,240
980,338,93,240
985,338,94,240
990,338,95,240
995,338,96,240
1000,338,97,240
1005,338,98,240
1010,338,99,240
1015,338,100,240
1014,343,97,242
1019,343,95,242
1024,343,93,242
1029,343,91,242
1034,343,89,242
1039,343,87,242
1044,343,85,242
1049,343,83,242
1054,343,81,242
1059,343,79,242
1064,343,77,242
1069,343,75,242
1074,343,73,242
1079,343,71,242
1084,343,69,242
1092,336,62,239
1097,336,62,238
1102,336,62,237
1107,336,62,236
1112,336,62,235
1117,336,62,234
1122,336,62,233
1127,336,62,232
1132,336,62,231
1137,336,62,230
1142,336,62,229
1147,336,62,228
1152,336,62,227
1157,336,62,226
1162,336,62,225
1160,338,57,230
