677,26,55,175
675,26,55,175
673,26,55,175
671,26,55,175
669,26,55,175
667,26,55,175
665,26,55,175
663,26,55,175
661,26,55,175
659,26,55,175
657,26,55,175
655,26,55,175
653,26,55,175
651,26,55,175
649,26,55,175
644,32,62,177
641,32,63,177
638,32,64,177
635,32,65,177
632,32,66,177
629,32,67,177
626,32,68,177
623,32,69,177
620,32,70,177
617,32,71,177
614,32,72,177
611,32,73,177
608,32,74,177
605,32,75,177
602,32,76,177
598,34,73,177
596,34,72,177
594,34,71,177
592,34,70,177
590,34,69,177
588,34,68,177
586,34,67,177
584,34,66,177
582,34,65,177
580,34,64,177
578,34,63,177
576,34,62,177
574,34,61,177
572,34,60,177
570,34,59,177
574,37,63,182
572,37,63,182
570,37,63,182
568,37,63,182
566,37,63,182
564,37,63,182
562,37,63,182
560,37,63,182
558,37,63,182
556,37,63,182
554,37,63,182
552,37,63,182
550,37,63,182
548,37,63,182
546,37,63,182
550,43,58,180
547,43,59,180
544,43,60,180
541,43,61,180
538,43,62,180
535,43,63,180
532,43,64,180
529,43,65,180
526,43,66,180
523,43,67,180
520,43,68,180
517,43,69,180
514,43,70,180
511,43,71,180
508,43,72,180
507,45,77,182
505,45,77,182
503,45,77,182
501,45,77,182
499,45,77,182
497,45,77,182
495,45,77,182
493,45,77,182
491,45,77,182
489,45,77,182
487,45,77,182
485,45,77,182
483,45,77,182
481,45,77,182
479,45,77,182
483,47,77,184
481,47,77,184
479,47,77,184
477,47,77,184
475,47,77,184
473,47,77,184
471,47,77,184
469,47,77,184
467,47,77,184
465,47,77,184
463,47,77,184
461,47,77,184
459,47,77,184
457,47,77,184
455,47,77,184
454,53,71,181
453,53,71,182
452,53,71,183
451,53,71,184
450,53,71,185
449,53,71,186
448,53,71,187
447,53,71,188
446,53,71,189
445,53,71,190
444,53,71,191
443,53,71,192
442,53,71,193
441,53,71,194
440,53,71,195
437,56,68,189
435,56,68,189
433,56,68,189
431,56,68,189
429,56,68,189
427,56,68,189
425,56,68,189
423,56,68,189
421,56,68,189
419,56,68,189
417,56,68,189
415,56,68,189
413,56,68,189
411,56,68,189
409,56,68,189
411,56,75,196
409,56,74,196
407,56,73,196
405,56,72,196
403,56,71,196
401,56,70,196
399,56,69,196
397,56,68,196
395,56,67,196
393,56,66,196
391,56,65,196
389,56,64,196
387,56,63,196
385,56,62,196
383,56,61,196
385,58,62,198
383,58,63,199
381,58,64,200
379,58,65,201
377,58,66,202
375,58,67,203
373,58,68,204
371,58,69,205
369,58,70,206
367,58,71,207
365,58,72,208
363,58,73,209
361,58,74,210
359,58,75,211
357,58,76,212
361,64,72,207
360,64,72,207
359,64,72,207
358,64,72,207
357,64,72,207
356,64,72,207
355,64,72,207
354,64,72,207
353,64,72,207
352,64,72,207
351,64,72,207
350,64,72,207
349,64,72,207
348,64,72,207
347,64,72,207
341,67,79,211
341,67,78,212
341,67,77,213
341,67,76,214
341,67,75,215
341,67,74,216
341,67,73,217
341,67,72,218
341,67,71,219
341,67,70,220
341,67,69,221
341,67,68,222
341,67,67,223
341,67,66,224
341,67,65,225
339,69,70,223
340,69,70,223
341,69,70,223
342,69,70,223
343,69,70,223
344,69,70,223
345,69,70,223
346,69,70,223
347,69,70,223
348,69,70,223
349,69,70,223
350,69,70,223
351,69,70,223
352,69,70,223
353,69,70,223
347,69,76,230
348,69,77,230
349,69,78,230
350,69,79,230
351,69,80,230
352,69,81,230
353,69,82,230
354,69,83,230
355,69,84,230
356,69,85,230
357,69,86,230
358,69,87,230
359,69,88,230
360,69,89,230
361,69,90,230
360,69,91,231
362,69,92,232
364,69,93,233
366,69,94,234
368,69,95,235
370,69,96,236
372,69,97,237
374,69,98,238
376,69,99,239
378,69,100,240
380,69,101,241
382,69,102,242
384,69,103,243
386,69,104,244
388,69,105,245
389,65,103,242
391,65,101,242
393,65,99,242
395,65,97,242
397,65,95,242
399,65,93,242
401,65,91,242
403,65,89,242
405,65,87,242
407,65,85,242
409,65,83,242
411,65,81,242
413,65,79,242
415,65,77,242
417,65,75,242
426,67,80,246
428,67,82,246
430,67,84,246
432,67,86,246
434,67,88,246
436,67,90,246
438,67,92,246
440,67,94,246
442,67,96,246
444,67,98,246
446,67,100,246
448,67,102,246
450,67,104,246
452,67,106,246
454,67,108,246
459,65,103,248
463,65,103,248
467,65,103,248
471,65,103,248
475,65,103,248
479,65,103,248
483,65,103,248
487,65,103,248
491,65,103,248
495,65,103,248
499,65,103,248
503,65,103,248
507,65,103,248
511,65,103,248
515,65,103,248
515,64,106,249
519,64,104,250
523,64,102,251
527,64,100,252
531,64,98,253
535,64,96,254
539,64,94,255
543,64,92,256
547,64,90,257
551,64,88,258
555,64,86,259
559,64,84,260
563,64,82,261
567,64,80,262
571,64,78,263
568,62,79,260
570,62,81,260
572,62,83,260
574,62,85,260
576,62,87,260
578,62,89,260
580,62,91,260
582,62,93,260
584,62,95,260
586,62,97,260
588,62,99,260
590,62,101,260
592,62,103,260
594,62,105,260
596,62,107,260
596,59,113,266
601,59,114,266
606,59,115,266
611,59,116,266
616,59,117,266
621,59,118,266
626,59,119,266
631,59,120,266
636,59,121,266
641,59,122,266
646,59,123,266
651,59,124,266
656,59,125,266
661,59,126,266
666,59,127,266
664,62,127,263
669,62,125,263
674,62,123,263
679,62,121,263
684,62,119,263
689,62,117,263
694,62,115,263
699,62,113,263
704,62,111,263
709,62,109,263
714,62,107,263
719,62,105,263
724,62,103,263
729,62,101,263
734,62,99,263
738,58,103,269
741,58,102,270
744,58,101,271
747,58,100,272
750,58,99,273
753,58,98,274
756,58,97,275
759,58,96,276
762,58,95,277
765,58,94,278
768,58,93,279
771,58,92,280
774,58,91,281
777,58,90,282
780,58,89,283
790,53,93,277
793,53,96,277
796,53,99,277
799,53,102,277
802,53,105,277
805,53,108,277
808,53,111,277
811,53,114,277
814,53,117,277
817,53,120,277
820,53,123,277
823,53,126,277
826,53,129,277
829,53,132,277
832,53,135,277
832,54,141,275
838,54,140,275
844,54,139,275
850,54,138,275
856,54,137,275
862,54,136,275
868,54,135,275
874,54,134,275
880,54,133,275
886,54,132,275
892,54,131,275
898,54,130,275
904,54,129,275
910,54,128,275
916,54,127,275
919,56,130,271
925,56,126,271
931,56,122,271
937,56,118,271
943,56,114,271
949,56,110,271
955,56,106,271
961,56,102,271
967,56,98,271
973,56,94,271
979,56,90,271
985,56,86,271
991,56,82,271
997,56,78,271
1003,56,74,271
1009,50,73,275
1011,50,76,275
1013,50,79,275
1015,50,82,275
1017,50,85,275
1019,50,88,275
1021,50,91,275
1023,50,94,275
1025,50,97,275
1027,50,100,275
1029,50,103,275
1031,50,106,275
1033,50,109,275
1035,50,112,275
1037,50,115,275
1044,50,116,275
1048,50,117,275
1052,50,118,275
1056,50,119,275
1060,50,120,275
1064,50,121,275
1068,50,122,275
1072,50,123,275
1076,50,124,275
1080,50,125,275
1084,50,126,275
1088,50,127,275
1092,50,128,275
1096,50,129,275
1100,50,130,275
1111,54,126,273
1117,54,126,273
1123,54,126,273
1129,54,126,273
1135,54,126,273
1141,54,126,273
1147,54,126,273
1153,54,126,273
1159,54,126,273
1165,54,126,273
1171,54,126,273
1177,54,126,273
1183,54,126,273
1189,54,126,273
1195,54,126,273
1198,54,119,273
