1358,157,89,219
1357,157,88,219
1356,157,87,219
1355,157,86,219
1354,157,85,219
1353,157,84,219
1352,157,83,219
1351,157,82,219
1350,157,81,219
1349,157,80,219
1348,157,79,219
1347,157,78,219
1346,157,77,219
1345,157,76,219
1344,157,75,219
1347,151,67,219
1343,151,69,219
1339,151,71,219
1335,151,73,219
1331,151,75,219
1327,151,77,219
1323,151,79,219
1319,151,81,219
1315,151,83,219
1311,151,85,219
1307,151,87,219
1303,151,89,219
1299,151,91,219
1295,151,93,219
1291,151,95,219
1290,152,91,215
1287,152,91,215
1284,152,91,215
1281,152,91,215
1278,152,91,215
1275,152,91,215
1272,152,91,215
1269,152,91,215
1266,152,91,215
1263,152,91,215
1260,152,91,215
1257,152,91,215
1254,152,91,215
1251,152,91,215
1248,152,91,215
1240,151,87,213
1239,151,85,213
1238,151,83,213
1237,151,81,213
1236,151,79,213
1235,151,77,213
1234,151,75,213
1233,151,73,213
1232,151,71,213
1231,151,69,213
1230,151,67,213
1229,151,65,213
1228,151,63,213
1227,151,61,213
1226,151,59,213
1226,147,63,209
1223,147,64,209
1220,147,65,209
1217,147,66,209
1214,147,67,209
1211,147,68,209
1208,147,69,209
1205,147,70,209
1202,147,71,209
1199,147,72,209
1196,147,73,209
1193,147,74,209
1190,147,75,209
1187,147,76,209
1184,147,77,209
1175,146,83,211
1171,146,84,210
1167,146,85,209
1163,146,86,208
1159,146,87,207
1155,146,88,206
1151,146,89,205
1147,146,90,204
1143,146,91,203
1139,146,92,202
1135,146,93,201
1131,146,94,200
1127,146,95,199
1123,146,96,198
1119,146,97,197
1111,151,95,197
1109,151,94,197
1107,151,93,197
1105,151,92,197
1103,151,91,197
1101,151,90,197
1099,151,89,197
1097,151,88,197
1095,151,87,197
1093,151,86,197
1091,151,85,197
1089,151,84,197
1087,151,83,197
1085,151,82,197
1083,151,81,197
1077,151,77,195
1074,151,79,195
1071,151,81,195
1068,151,83,195
1065,151,85,195
1062,151,87,195
1059,151,89,195
1056,151,91,195
1053,151,93,195
1050,151,95,195
1047,151,97,195
1044,151,99,195
1041,151,101,195
1038,151,103,195
1035,151,105,195
1037,147,100,201
1035,147,99,201
1033,147,98,201
1031,147,97,201
1029,147,96,201
1027,147,95,201
1025,147,94,201
1023,147,93,201
1021,147,92,201
1019,147,91,201
1017,147,90,201
1015,147,89,201
1013,147,88,201
1011,147,87,201
1009,147,86,201
1004,142,91,202
1002,142,91,202
1000,142,91,202
998,142,91,202
996,142,91,202
994,142,91,202
992,142,91,202
990,142,91,202
988,142,91,202
986,142,91,202
984,142,91,202
982,142,91,202
980,142,91,202
978,142,91,202
976,142,91,202
981,141,84,203
977,141,85,203
973,141,86,203
969,141,87,203
965,141,88,203
961,141,89,203
957,141,90,203
953,141,91,203
949,141,92,203
945,141,93,203
941,141,94,203
937,141,95,203
933,141,96,203
929,141,97,203
925,141,98,203
917,134,102,209
915,133,100,209
913,132,98,209
911,131,96,209
909,130,94,209
907,129,92,209
905,128,90,209
903,127,88,209
901,126,86,209
899,125,84,209
897,124,82,209
895,123,80,209
893,122,78,209
891,121,76,209
889,120,74,209
886,126,72,212
884,126,72,212
882,126,72,212
880,126,72,212
878,126,72,212
876,126,72,212
874,126,72,212
872,126,72,212
870,126,72,212
868,126,72,212
866,126,72,212
864,126,72,212
862,126,72,212
860,126,72,212
858,126,72,212
851,123,70,213
846,123,72,213
841,123,74,213
836,123,76,213
831,123,78,213
826,123,80,213
821,123,82,213
816,123,84,213
811,123,86,213
806,123,88,213
801,123,90,213
796,123,92,213
791,123,94,213
786,123,96,213
781,123,98,213
783,123,99,212
780,123,98,211
777,123,97,210
774,123,96,209
771,123,95,208
768,123,94,207
765,123,93,206
762,123,92,205
759,123,91,204
756,123,90,203
753,123,89,202
750,123,88,201
747,123,87,200
744,123,86,199
741,123,85,198
745,126,88,202
745,126,85,202
745,126,82,202
745,126,79,202
745,126,76,202
745,126,73,202
745,126,70,202
745,126,67,202
745,126,64,202
745,126,61,202
745,126,58,202
745,126,55,202
745,126,52,202
745,126,49,202
745,126,46,202
740,122,50,208
735,122,53,208
730,122,56,208
725,122,59,208
720,122,62,208
715,122,65,208
710,122,68,208
705,122,71,208
700,122,74,208
695,122,77,208
690,122,80,208
685,122,83,208
680,122,86,208
675,122,89,208
670,122,92,208
672,126,99,207
670,126,97,208
668,126,95,209
666,126,93,210
664,126,91,211
662,126,89,212
660,126,87,213
658,126,85,214
656,126,83,215
654,126,81,216
652,126,79,217
650,126,77,218
648,126,75,219
646,126,73,220
644,126,71,221
638,120,75,216
636,120,74,216
634,120,73,216
632,120,72,216
630,120,71,216
628,120,70,216
626,120,69,216
624,120,68,216
622,120,67,216
620,120,66,216
618,120,65,216
616,120,64,216
614,120,63,216
612,120,62,216
610,120,61,216
608,122,64,216
604,122,66,216
600,122,68,216
596,122,70,216
592,122,72,216
588,122,74,216
584,122,76,216
580,122,78,216
576,122,80,216
572,122,82,216
568,122,84,216
564,122,86,216
560,122,88,216
556,122,90,216
552,122,92,216
555,123,94,217
553,123,93,217
551,123,92,217
549,123,91,217
547,123,90,217
545,123,89,217
543,123,88,217
541,123,87,217
539,123,86,217
537,123,85,217
535,123,84,217
533,123,83,217
531,123,82,217
529,123,81,217
527,123,80,217
520,128,86,221
518,128,85,221
516,128,84,221
514,128,83,221
512,128,82,221
510,128,81,221
508,128,80,221
506,128,79,221
504,128,78,221
502,128,77,221
500,128,76,221
498,128,75,221
496,128,74,221
494,128,73,221
492,128,72,221
496,123,73,226
494,123,73,226
492,123,73,226
490,123,73,226
488,123,73,226
486,123,73,226
484,123,73,226
482,123,73,226
480,123,73,226
478,123,73,226
476,123,73,226
474,123,73,226
472,123,73,226
470,123,73,226
468,123,73,226
471,130,71,224
469,130,71,224
467,130,71,224
465,130,71,224
463,130,71,224
461,130,71,224
459,130,71,224
457,130,71,224
455,130,71,224
453,130,71,224
451,130,71,224
449,130,71,224
447,130,71,224
445,130,71,224
443,130,71,224
435,133,70,231
432,133,71,232
429,133,72,233
426,133,73,234
423,133,74,235
420,133,75,236
417,133,76,237
414,133,77,238
411,133,78,239
408,133,79,240
405,133,80,241
402,133,81,242
399,133,82,243
396,133,83,244
393,133,84,245
388,131,88,239
387,131,87,239
386,131,86,239
385,131,85,239
384,131,84,239
383,131,83,239
382,131,82,239
381,131,81,239
380,131,80,239
379,131,79,239
378,131,78,239
377,131,77,239
376,131,76,239
375,131,75,239
374,131,74,239
372,134,78,238
370,134,78,238
368,134,78,238
366,134,78,238
364,134,78,238
362,134,78,238
360,134,78,238
358,134,78,238
356,134,78,238
354,134,78,238
352,134,78,238
350,134,78,238
348,134,78,238
346,134,78,238
344,134,78,238
345,138,84,242
343,138,84,243
341,138,84,244
339,138,84,245
337,138,84,246
335,138,84,247
333,138,84,248
331,138,84,249
329,138,84,250
327,138,84,251
325,138,84,252
323,138,84,253
321,138,84,254
319,138,84,255
317,138,84,256
315,138,86,251
314,138,86,252
313,138,86,253
312,138,86,254
311,138,86,255
310,138,86,256
309,138,86,257
308,138,86,258
307,138,86,259
306,138,86,260
305,138,86,261
304,138,86,262
303,138,86,263
302,138,86,264
301,138,86,265
298,136,86,260
297,136,86,261
296,136,86,262
295,136,86,263
294,136,86,264
293,136,86,265
292,136,86,266
291,136,86,267
290,136,86,268
289,136,86,269
288,136,86,270
287,136,86,271
286,136,86,272
285,136,86,273
284,136,86,274
287,139,92,278
