1334,322,49,159
1331,322,50,159
1328,322,51,159
1325,322,52,159
1322,322,53,159
1319,322,54,159
1316,322,55,159
1313,322,56,159
1310,322,57,159
1307,322,58,159
1304,322,59,159
1301,322,60,159
1298,322,61,159
1295,322,62,159
1292,322,63,159
1296,322,62,162
1293,322,62,162
1290,322,62,162
1287,322,62,162
1284,322,62,162
1281,322,62,162
1278,322,62,162
1275,322,62,162
1272,322,62,162
1269,322,62,162
1266,322,62,162
1263,322,62,162
1260,322,62,162
1257,322,62,162
1254,322,62,162
1254,321,68,158
1253,321,66,157
1252,321,64,156
1251,321,62,155
1250,321,60,154
1249,321,58,153
1248,321,56,152
1247,321,54,151
1246,321,52,150
1245,321,50,149
1244,321,48,148
1243,321,46,147
1242,321,44,146
1241,321,42,145
1240,321,40,144
1242,324,43,148
1240,323,44,149
1238,322,45,150
1236,321,46,151
1234,320,47,152
1232,319,48,153
1230,318,49,154
1228,317,50,155
1226,316,51,156
1224,315,52,157
1222,314,53,158
1220,313,54,159
1218,312,55,160
1216,311,56,161
1214,310,57,162
1211,316,51,160
1208,316,52,160
1205,316,53,160
1202,316,54,160
1199,316,55,160
1196,316,56,160
1193,316,57,160
1190,316,58,160
1187,316,59,160
1184,316,60,160
1181,316,61,160
1178,316,62,160
1175,316,63,160
1172,316,64,160
1169,316,65,160
1172,322,63,157
1169,322,63,156
1166,322,63,155
1163,322,63,154
1160,322,63,153
1157,322,63,152
1154,322,63,151
1151,322,63,150
1148,322,63,149
1145,322,63,148
1142,322,63,147
1139,322,63,146
1136,322,63,145
1133,322,63,144
1130,322,63,143
1130,324,63,148
1128,324,62,148
1126,324,61,148
1124,324,60,148
1122,324,59,148
1120,324,58,148
1118,324,57,148
1116,324,56,148
1114,324,55,148
1112,324,54,148
1110,324,53,148
1108,324,52,148
1106,324,51,148
1104,324,50,148
1102,324,49,148
1102,322,51,151
1100,322,51,151
1098,322,51,151
1096,322,51,151
1094,322,51,151
1092,322,51,151
1090,322,51,151
1088,322,51,151
1086,322,51,151
1084,322,51,151
1082,322,51,151
1080,322,51,151
1078,322,51,151
1076,322,51,151
1074,322,51,151
1070,324,50,149
1067,324,52,149
1064,324,54,149
1061,324,56,149
1058,324,58,149
1055,324,60,149
1052,324,62,149
1049,324,64,149
1046,324,66,149
1043,324,68,149
1040,324,70,149
1037,324,72,149
1034,324,74,149
1031,324,76,149
1028,324,78,149
1030,330,75,149
1028,330,75,149
1026,330,75,149
1024,330,75,149
1022,330,75,149
1020,330,75,149
1018,330,75,149
1016,330,75,149
1014,330,75,149
1012,330,75,149
1010,330,75,149
1008,330,75,149
1006,330,75,149
1004,330,75,149
1002,330,75,149
1000,325,70,147
998,325,69,147
996,325,68,147
994,325,67,147
992,325,66,147
990,325,65,147
988,325,64,147
986,325,63,147
984,325,62,147
982,325,61,147
980,325,60,147
978,325,59,147
976,325,58,147
974,325,57,147
972,325,56,147
977,321,59,149
976,321,59,149
975,321,59,149
974,321,59,149
973,321,59,149
972,321,59,149
971,321,59,149
970,321,59,149
969,321,59,149
968,321,59,149
967,321,59,149
966,321,59,149
965,321,59,149
964,321,59,149
963,321,59,149
955,321,56,154
952,321,57,154
949,321,58,154
946,321,59,154
943,321,60,154
940,321,61,154
937,321,62,154
934,321,63,154
931,321,64,154
928,321,65,154
925,321,66,154
922,321,67,154
919,321,68,154
916,321,69,154
913,321,70,154
904,321,69,154
902,321,68,154
900,321,67,154
898,321,66,154
896,321,65,154
894,321,64,154
892,321,63,154
890,321,62,154
888,321,61,154
886,321,60,154
884,321,59,154
882,321,58,154
880,321,57,154
878,321,56,154
876,321,55,154
875,319,51,151
873,319,51,151
871,319,51,151
869,319,51,151
867,319,51,151
865,319,51,151
863,319,51,151
861,319,51,151
859,319,51,151
857,319,51,151
855,319,51,151
853,319,51,151
851,319,51,151
849,319,51,151
847,319,51,151
850,318,50,154
848,318,50,154
846,318,50,154
844,318,50,154
842,318,50,154
840,318,50,154
838,318,50,154
836,318,50,154
834,318,50,154
832,318,50,154
830,318,50,154
828,318,50,154
826,318,50,154
824,318,50,154
822,318,50,154
820,322,51,154
818,322,52,154
816,322,53,154
814,322,54,154
812,322,55,154
810,322,56,154
808,322,57,154
806,322,58,154
804,322,59,154
802,322,60,154
800,322,61,154
798,322,62,154
796,322,63,154
794,322,64,154
792,322,65,154
784,319,64,159
782,319,63,158
780,319,62,157
778,319,61,156
776,319,60,155
774,319,59,154
772,319,58,153
770,319,57,152
768,319,56,151
766,319,55,150
764,319,54,149
762,319,53,148
760,319,52,147
758,319,51,146
756,319,50,145
750,322,56,151
748,322,56,151
746,322,56,151
744,322,56,151
742,322,56,151
740,322,56,151
738,322,56,151
736,322,56,151
734,322,56,151
732,322,56,151
730,322,56,151
728,322,56,151
726,322,56,151
724,322,56,151
722,322,56,151
723,321,52,152
721,321,52,153
719,321,52,154
717,321,52,155
715,321,52,156
713,321,52,157
711,321,52,158
709,321,52,159
707,321,52,160
705,321,52,161
703,321,52,162
701,321,52,163
699,321,52,164
697,321,52,165
695,321,52,166
692,321,56,160
690,321,56,160
688,321,56,160
686,321,56,160
684,321,56,160
682,321,56,160
680,321,56,160
678,321,56,160
676,321,56,160
674,321,56,160
672,321,56,160
670,321,56,160
668,321,56,160
666,321,56,160
664,321,56,160
667,325,61,159
665,325,61,160
663,325,61,161
661,325,61,162
659,325,61,163
657,325,61,164
655,325,61,165
653,325,61,166
651,325,61,167
649,325,61,168
647,325,61,169
645,325,61,170
643,325,61,171
641,325,61,172
639,325,61,173
640,325,56,173
639,325,56,173
638,325,56,173
637,325,56,173
636,325,56,173
635,325,56,173
634,325,56,173
633,325,56,173
632,325,56,173
631,325,56,173
630,325,56,173
629,325,56,173
628,325,56,173
627,325,56,173
626,325,56,173
623,325,51,168
621,325,51,168
619,325,51,168
617,325,51,168
615,325,51,168
613,325,51,168
611,325,51,168
609,325,51,168
607,325,51,168
605,325,51,168
603,325,51,168
601,325,51,168
599,325,51,168
597,325,51,168
595,325,51,168
595,328,49,170
594,328,49,171
593,328,49,172
592,328,49,173
591,328,49,174
590,328,49,175
589,328,49,176
588,328,49,177
587,328,49,178
586,328,49,179
585,328,49,180
584,328,49,181
583,328,49,182
582,328,49,183
581,328,49,184
573,330,55,183
571,330,55,183
569,330,55,183
567,330,55,183
565,330,55,183
563,330,55,183
561,330,55,183
559,330,55,183
557,330,55,183
555,330,55,183
553,330,55,183
551,330,55,183
549,330,55,183
547,330,55,183
545,330,55,183
545,332,53,178
544,332,53,179
543,332,53,180
542,332,53,181
541,332,53,182
540,332,53,183
539,332,53,184
538,332,53,185
537,332,53,186
536,332,53,187
535,332,53,188
534,332,53,189
533,332,53,190
532,332,53,191
531,332,53,192
530,330,56,189
