932,25,75,164
930,25,74,164
928,25,73,164
926,25,72,164
924,25,71,164
922,25,70,164
920,25,69,164
918,25,68,164
916,25,67,164
914,25,66,164
912,25,65,164
910,25,64,164
908,25,63,164
906,25,62,164
904,25,61,164
909,23,56,169
907,23,56,169
905,23,56,169
903,23,56,169
901,23,56,169
899,23,56,169
897,23,56,169
895,23,56,169
893,23,56,169
891,23,56,169
889,23,56,169
887,23,56,169
885,23,56,169
883,23,56,169
881,23,56,169
886,23,58,168
883,23,59,168
880,23,60,168
877,23,61,168
874,23,62,168
871,23,63,168
868,23,64,168
865,23,65,168
862,23,66,168
859,23,67,168
856,23,68,168
853,23,69,168
850,23,70,168
847,23,71,168
844,23,72,168
846,26,68,163
844,26,68,163
842,26,68,163
840,26,68,163
838,26,68,163
836,26,68,163
834,26,68,163
832,26,68,163
830,26,68,163
828,26,68,163
826,26,68,163
824,26,68,163
822,26,68,163
820,26,68,163
818,26,68,163
813,25,64,164
811,25,64,164
809,25,64,164
807,25,64,164
805,25,64,164
803,25,64,164
801,25,64,164
799,25,64,164
797,25,64,164
795,25,64,164
793,25,64,164
791,25,64,164
789,25,64,164
787,25,64,164
785,25,64,164
784,25,68,166
782,25,68,166
780,25,68,166
778,25,68,166
776,25,68,166
774,25,68,166
772,25,68,166
770,25,68,166
768,25,68,166
766,25,68,166
764,25,68,166
762,25,68,166
760,25,68,166
758,25,68,166
756,25,68,166
758,26,71,165
755,26,71,165
752,26,71,165
749,26,71,165
746,26,71,165
743,26,71,165
740,26,71,165
737,26,71,165
734,26,71,165
731,26,71,165
728,26,71,165
725,26,71,165
722,26,71,165
719,26,71,165
716,26,71,165
717,26,70,163
715,26,70,163
713,26,70,163
711,26,70,163
709,26,70,163
707,26,70,163
705,26,70,163
703,26,70,163
701,26,70,163
699,26,70,163
697,26,70,163
695,26,70,163
693,26,70,163
691,26,70,163
689,26,70,163
694,30,70,161
692,30,70,161
690,30,70,161
688,30,70,161
686,30,70,161
684,30,70,161
682,30,70,161
680,30,70,161
678,30,70,161
676,30,70,161
674,30,70,161
672,30,70,161
670,30,70,161
668,30,70,161
666,30,70,161
666,28,75,164
665,28,74,164
664,28,73,164
663,28,72,164
662,28,71,164
661,28,70,164
660,28,69,164
659,28,68,164
658,28,67,164
657,28,66,164
656,28,65,164
655,28,64,164
654,28,63,164
653,28,62,164
652,28,61,164
650,30,55,166
648,30,56,166
646,30,57,166
644,30,58,166
642,30,59,166
640,30,60,166
638,30,61,166
636,30,62,166
634,30,63,166
632,30,64,166
630,30,65,166
628,30,66,166
626,30,67,166
624,30,68,166
622,30,69,166
625,32,72,164
624,32,71,164
623,32,70,164
622,32,69,164
621,32,68,164
620,32,67,164
619,32,66,164
618,32,65,164
617,32,64,164
616,32,63,164
615,32,62,164
614,32,61,164
613,32,60,164
612,32,59,164
611,32,58,164
604,30,55,170
602,30,56,170
600,30,57,170
598,30,58,170
596,30,59,170
594,30,60,170
592,30,61,170
590,30,62,170
588,30,63,170
586,30,64,170
584,30,65,170
582,30,66,170
580,30,67,170
578,30,68,170
576,30,69,170
580,32,69,171
579,32,68,171
578,32,67,171
577,32,66,171
576,32,65,171
575,32,64,171
574,32,63,171
573,32,62,171
572,32,61,171
571,32,60,171
570,32,59,171
569,32,58,171
568,32,57,171
567,32,56,171
566,32,55,171
560,35,61,168
558,35,61,168
556,35,61,168
554,35,61,168
552,35,61,168
550,35,61,168
548,35,61,168
546,35,61,168
544,35,61,168
542,35,61,168
540,35,61,168
538,35,61,168
536,35,61,168
534,35,61,168
532,35,61,168
530,39,64,171
529,39,64,171
528,39,64,171
527,39,64,171
526,39,64,171
525,39,64,171
524,39,64,171
523,39,64,171
522,39,64,171
521,39,64,171
520,39,64,171
519,39,64,171
518,39,64,171
517,39,64,171
516,39,64,171
509,39,66,173
508,39,65,173
507,39,64,173
506,39,63,173
505,39,62,173
504,39,61,173
503,39,60,173
502,39,59,173
501,39,58,173
500,39,57,173
499,39,56,173
498,39,55,173
497,39,54,173
496,39,53,173
495,39,52,173
490,44,54,175
489,44,54,175
488,44,54,175
487,44,54,175
486,44,54,175
485,44,54,175
484,44,54,175
483,44,54,175
482,44,54,175
481,44,54,175
480,44,54,175
479,44,54,175
478,44,54,175
477,44,54,175
476,44,54,175
468,48,59,170
467,48,59,171
466,48,59,172
465,48,59,173
464,48,59,174
463,48,59,175
462,48,59,176
461,48,59,177
460,48,59,178
459,48,59,179
458,48,59,180
457,48,59,181
456,48,59,182
455,48,59,183
454,48,59,184
449,46,59,184
448,46,59,184
447,46,59,184
446,46,59,184
445,46,59,184
444,46,59,184
443,46,59,184
442,46,59,184
441,46,59,184
440,46,59,184
439,46,59,184
438,46,59,184
437,46,59,184
436,46,59,184
435,46,59,184
432,52,60,180
431,52,60,180
430,52,60,180
429,52,60,180
428,52,60,180
427,52,60,180
426,52,60,180
425,52,60,180
424,52,60,180
423,52,60,180
422,52,60,180
421,52,60,180
420,52,60,180
419,52,60,180
418,52,60,180
415,53,60,184
414,53,60,185
413,53,60,186
412,53,60,187
411,53,60,188
410,53,60,189
409,53,60,190
408,53,60,191
407,53,60,192
406,53,60,193
405,53,60,194
404,53,60,195
403,53,60,196
402,53,60,197
401,53,60,198
401,52,61,196
400,52,61,196
399,52,61,196
398,52,61,196
397,52,61,196
396,52,61,196
395,52,61,196
394,52,61,196
393,52,61,196
392,52,61,196
391,52,61,196
390,52,61,196
389,52,61,196
388,52,61,196
387,52,61,196
380,57,65,193
380,57,65,194
380,57,65,195
380,57,65,196
380,57,65,197
380,57,65,198
380,57,65,199
380,57,65,200
380,57,65,201
380,57,65,202
380,57,65,203
380,57,65,204
380,57,65,205
380,57,65,206
380,57,65,207
384,57,61,204
385,57,61,204
386,57,61,204
387,57,61,204
388,57,61,204
389,57,61,204
390,57,61,204
391,57,61,204
392,57,61,204
393,57,61,204
394,57,61,204
395,57,61,204
396,57,61,204
397,57,61,204
398,57,61,204
394,60,58,208
394,60,59,209
394,60,60,210
394,60,61,211
394,60,62,212
394,60,63,213
394,60,64,214
394,60,65,215
394,60,66,216
394,60,67,217
394,60,68,218
394,60,69,219
394,60,70,220
394,60,71,221
394,60,72,222
396,57,68,216
398,57,68,216
400,57,68,216
402,57,68,216
404,57,68,216
406,57,68,216
408,57,68,216
410,57,68,216
412,57,68,216
414,57,68,216
416,57,68,216
418,57,68,216
420,57,68,216
422,57,68,216
424,57,68,216
423,57,68,213
425,57,69,214
427,57,70,215
429,57,71,216
431,57,72,217
433,57,73,218
435,57,74,219
437,57,75,220
439,57,76,221
441,57,77,222
443,57,78,223
445,57,79,224
447,57,80,225
449,57,81,226
451,57,82,227
447,55,82,222
449,55,82,222
451,55,82,222
453,55,82,222
455,55,82,222
457,55,82,222
459,55,82,222
461,55,82,222
463,55,82,222
465,55,82,222
467,55,82,222
469,55,82,222
471,55,82,222
473,55,82,222
475,55,82,222
482,53,77,222
484,53,77,222
486,53,77,222
488,53,77,222
490,53,77,222
492,53,77,222
494,53,77,222
496,53,77,222
498,53,77,222
500,53,77,222
502,53,77,222
504,53,77,222
506,53,77,222
508,53,77,222
510,53,77,222
516,53,76,227
