1088,236,45,156
1085,236,45,156
1082,236,45,156
1079,236,45,156
1076,236,45,156
1073,236,45,156
1070,236,45,156
1067,236,45,156
1064,236,45,156
1061,236,45,156
1058,236,45,156
1055,236,45,156
1052,236,45,156
1049,236,45,156
1046,236,45,156
1048,239,48,153
1045,239,49,153
1042,239,50,153
1039,239,51,153
1036,239,52,153
1033,239,53,153
1030,239,54,153
1027,239,55,153
1024,239,56,153
1021,239,57,153
1018,239,58,153
1015,239,59,153
1012,239,60,153
1009,239,61,153
1006,239,62,153
1008,241,57,156
1006,241,56,155
1004,241,55,154
1002,241,54,153
1000,241,53,152
998,241,52,151
996,241,51,150
994,241,50,149
992,241,49,148
990,241,48,147
988,241,47,146
986,241,46,145
984,241,45,144
982,241,44,143
980,241,43,142
972,241,47,144
970,241,48,144
968,241,49,144
966,241,50,144
964,241,51,144
962,241,52,144
960,241,53,144
958,241,54,144
956,241,55,144
954,241,56,144
952,241,57,144
950,241,58,144
948,241,59,144
946,241,60,144
944,241,61,144
938,246,58,147
935,246,58,147
932,246,58,147
929,246,58,147
926,246,58,147
923,246,58,147
920,246,58,147
917,246,58,147
914,246,58,147
911,246,58,147
908,246,58,147
905,246,58,147
902,246,58,147
899,246,58,147
896,246,58,147
897,246,60,141
895,246,59,141
893,246,58,141
891,246,57,141
889,246,56,141
887,246,55,141
885,246,54,141
883,246,53,141
881,246,52,141
879,246,51,141
877,246,50,141
875,246,49,141
873,246,48,141
871,246,47,141
869,246,46,141
871,252,47,141
868,252,48,141
865,252,49,141
862,252,50,141
859,252,51,141
856,252,52,141
853,252,53,141
850,252,54,141
847,252,55,141
844,252,56,141
841,252,57,141
838,252,58,141
835,252,59,141
832,252,60,141
829,252,61,141
826,254,56,135
824,254,55,136
822,254,54,137
820,254,53,138
818,254,52,139
816,254,51,140
814,254,50,141
812,254,49,142
810,254,48,143
808,254,47,144
806,254,46,145
804,254,45,146
802,254,44,147
800,254,43,148
798,254,42,149
801,254,44,146
797,254,45,146
793,254,46,146
789,254,47,146
785,254,48,146
781,254,49,146
777,254,50,146
773,254,51,146
769,254,52,146
765,254,53,146
761,254,54,146
757,254,55,146
753,254,56,146
749,254,57,146
745,254,58,146
741,259,56,143
739,259,56,143
737,259,56,143
735,259,56,143
733,259,56,143
731,259,56,143
729,259,56,143
727,259,56,143
725,259,56,143
723,259,56,143
721,259,56,143
719,259,56,143
717,259,56,143
715,259,56,143
713,259,56,143
711,260,56,148
709,260,56,148
707,260,56,148
705,260,56,148
703,260,56,148
701,260,56,148
699,260,56,148
697,260,56,148
695,260,56,148
693,260,56,148
691,260,56,148
689,260,56,148
687,260,56,148
685,260,56,148
683,260,56,148
680,265,51,147
678,265,51,148
676,265,51,149
674,265,51,150
672,265,51,151
670,265,51,152
668,265,51,153
666,265,51,154
664,265,51,155
662,265,51,156
660,265,51,157
658,265,51,158
656,265,51,159
654,265,51,160
652,265,51,161
657,267,48,155
655,267,48,154
653,267,48,153
651,267,48,152
649,267,48,151
647,267,48,150
645,267,48,149
643,267,48,148
641,267,48,147
639,267,48,146
637,267,48,145
635,267,48,144
633,267,48,143
631,267,48,142
629,267,48,141
634,270,44,147
633,270,45,148
632,270,46,149
631,270,47,150
630,270,48,151
629,270,49,152
628,270,50,153
627,270,51,154
626,270,52,155
625,270,53,156
624,270,54,157
623,270,55,158
622,270,56,159
621,270,57,160
620,270,58,161
615,272,54,161
614,272,54,161
613,272,54,161
612,272,54,161
611,272,54,161
610,272,54,161
609,272,54,161
608,272,54,161
607,272,54,161
606,272,54,161
605,272,54,161
604,272,54,161
603,272,54,161
602,272,54,161
601,272,54,161
595,277,49,168
594,277,49,168
593,277,49,168
592,277,49,168
591,277,49,168
590,277,49,168
589,277,49,168
588,277,49,168
587,277,49,168
586,277,49,168
585,277,49,168
584,277,49,168
583,277,49,168
582,277,49,168
581,277,49,168
576,280,54,171
575,280,54,172
574,280,54,173
573,280,54,174
572,280,54,175
571,280,54,176
570,280,54,177
569,280,54,178
568,280,54,179
567,280,54,180
566,280,54,181
565,280,54,182
564,280,54,183
563,280,54,184
562,280,54,185
558,277,58,179
558,277,58,180
558,277,58,181
558,277,58,182
558,277,58,183
558,277,58,184
558,277,58,185
558,277,58,186
558,277,58,187
558,277,58,188
558,277,58,189
558,277,58,190
558,277,58,191
558,277,58,192
558,277,58,193
565,275,54,188
566,275,54,188
567,275,54,188
568,275,54,188
569,275,54,188
570,275,54,188
571,275,54,188
572,275,54,188
573,275,54,188
574,275,54,188
575,275,54,188
576,275,54,188
577,275,54,188
578,275,54,188
579,275,54,188
576,277,56,186
578,277,56,186
580,277,56,186
582,277,56,186
584,277,56,186
586,277,56,186
588,277,56,186
590,277,56,186
592,277,56,186
594,277,56,186
596,277,56,186
598,277,56,186
600,277,56,186
602,277,56,186
604,277,56,186
608,279,56,192
610,279,56,192
612,279,56,192
614,279,56,192
616,279,56,192
618,279,56,192
620,279,56,192
622,279,56,192
624,279,56,192
626,279,56,192
628,279,56,192
630,279,56,192
632,279,56,192
634,279,56,192
636,279,56,192
641,274,62,197
644,274,62,198
647,274,62,199
650,274,62,200
653,274,62,201
656,274,62,202
659,274,62,203
662,274,62,204
665,274,62,205
668,274,62,206
671,274,62,207
674,274,62,208
677,274,62,209
680,274,62,210
683,274,62,211
684,274,63,210
686,274,63,210
688,274,63,210
690,274,63,210
692,274,63,210
694,274,63,210
696,274,63,210
698,274,63,210
700,274,63,210
702,274,63,210
704,274,63,210
706,274,63,210
708,274,63,210
710,274,63,210
712,274,63,210
720,274,68,214
