1041,320,52,145
1039,320,52,145
1037,320,52,145
1035,320,52,145
1033,320,52,145
1031,320,52,145
1029,320,52,145
1027,320,52,145
1025,320,52,145
1023,320,52,145
1021,320,52,145
1019,320,52,145
1017,320,52,145
1015,320,52,145
1013,320,52,145
1007,320,51,140
1005,320,52,140
1003,320,53,140
1001,320,54,140
999,320,55,140
997,320,56,140
995,320,57,140
993,320,58,140
991,320,59,140
989,320,60,140
987,320,61,140
985,320,62,140
983,320,63,140
981,320,64,140
979,320,65,140
976,320,63,145
974,320,63,145
972,320,63,145
970,320,63,145
968,320,63,145
966,320,63,145
964,320,63,145
962,320,63,145
960,320,63,145
958,320,63,145
956,320,63,145
954,320,63,145
952,320,63,145
950,320,63,145
948,320,63,145
940,321,64,141
938,321,64,141
936,321,64,141
934,321,64,141
932,321,64,141
930,321,64,141
928,321,64,141
926,321,64,141
924,321,64,141
922,321,64,141
920,321,64,141
918,321,64,141
916,321,64,141
914,321,64,141
912,321,64,141
909,317,59,148
908,317,58,147
907,317,57,146
906,317,56,145
905,317,55,144
904,317,54,143
903,317,53,142
902,317,52,141
901,317,51,140
900,317,50,139
899,317,49,138
898,317,48,137
897,317,47,136
896,317,46,135
895,317,45,134
887,320,46,137
885,320,47,137
883,320,48,137
881,320,49,137
879,320,50,137
877,320,51,137
875,320,52,137
873,320,53,137
871,320,54,137
869,320,55,137
867,320,56,137
865,320,57,137
863,320,58,137
861,320,59,137
859,320,60,137
862,320,55,142
859,320,56,142
856,320,57,142
853,320,58,142
850,320,59,142
847,320,60,142
844,320,61,142
841,320,62,142
838,320,63,142
835,320,64,142
832,320,65,142
829,320,66,142
826,320,67,142
823,320,68,142
820,320,69,142
820,318,70,146
819,318,68,146
818,318,66,146
817,318,64,146
816,318,62,146
815,318,60,146
814,318,58,146
813,318,56,146
812,318,54,146
811,318,52,146
810,318,50,146
809,318,48,146
808,318,46,146
807,318,44,146
806,318,42,146
807,317,45,143
805,317,45,143
803,317,45,143
801,317,45,143
799,317,45,143
797,317,45,143
795,317,45,143
793,317,45,143
791,317,45,143
789,317,45,143
787,317,45,143
785,317,45,143
783,317,45,143
781,317,45,143
779,317,45,143
773,320,50,142
771,320,51,142
769,320,52,142
767,320,53,142
765,320,54,142
763,320,55,142
761,320,56,142
759,320,57,142
757,320,58,142
755,320,59,142
753,320,60,142
751,320,61,142
749,320,62,142
747,320,63,142
745,320,64,142
744,321,64,143
743,321,63,143
742,321,62,143
741,321,61,143
740,321,60,143
739,321,59,143
738,321,58,143
737,321,57,143
736,321,56,143
735,321,55,143
734,321,54,143
733,321,53,143
732,321,52,143
731,321,51,143
730,321,50,143
724,318,51,149
723,318,52,149
722,318,53,149
721,318,54,149
720,318,55,149
719,318,56,149
718,318,57,149
717,318,58,149
716,318,59,149
715,318,60,149
714,318,61,149
713,318,62,149
712,318,63,149
711,318,64,149
710,318,65,149
704,318,62,149
702,318,62,149
700,318,62,149
698,318,62,149
696,318,62,149
694,318,62,149
692,318,62,149
690,318,62,149
688,318,62,149
686,318,62,149
684,318,62,149
682,318,62,149
680,318,62,149
678,318,62,149
676,318,62,149
675,318,60,147
674,318,60,147
673,318,60,147
672,318,60,147
671,318,60,147
670,318,60,147
669,318,60,147
668,318,60,147
667,318,60,147
666,318,60,147
665,318,60,147
664,318,60,147
663,318,60,147
662,318,60,147
661,318,60,147
662,320,55,149
661,320,55,149
660,320,55,149
659,320,55,149
658,320,55,149
657,320,55,149
656,320,55,149
655,320,55,149
654,320,55,149
653,320,55,149
652,320,55,149
651,320,55,149
650,320,55,149
649,320,55,149
648,320,55,149
644,325,50,149
641,325,51,149
638,325,52,149
635,325,53,149
632,325,54,149
629,325,55,149
626,325,56,149
623,325,57,149
620,325,58,149
617,325,59,149
614,325,60,149
611,325,61,149
608,325,62,149
605,325,63,149
602,325,64,149
606,323,61,151
605,323,60,151
604,323,59,151
603,323,58,151
602,323,57,151
601,323,56,151
600,323,55,151
599,323,54,151
598,323,53,151
597,323,52,151
596,323,51,151
595,323,50,151
594,323,49,151
593,323,48,151
592,323,47,151
591,323,48,157
590,323,48,157
589,323,48,157
588,323,48,157
587,323,48,157
586,323,48,157
585,323,48,157
584,323,48,157
583,323,48,157
582,323,48,157
581,323,48,157
580,323,48,157
579,323,48,157
578,323,48,157
577,323,48,157
575,328,53,151
574,328,53,152
573,328,53,153
572,328,53,154
571,328,53,155
570,328,53,156
569,328,53,157
568,328,53,158
567,328,53,159
566,328,53,160
565,328,53,161
564,328,53,162
563,328,53,163
562,328,53,164
561,328,53,165
562,328,54,160
561,328,54,160
560,328,54,160
559,328,54,160
558,328,54,160
557,328,54,160
556,328,54,160
555,328,54,160
554,328,54,160
553,328,54,160
552,328,54,160
551,328,54,160
550,328,54,160
549,328,54,160
548,328,54,160
546,326,50,167
545,326,50,167
544,326,50,167
543,326,50,167
542,326,50,167
541,326,50,167
540,326,50,167
539,326,50,167
538,326,50,167
537,326,50,167
536,326,50,167
535,326,50,167
534,326,50,167
533,326,50,167
532,326,50,167
531,331,56,162
530,331,56,163
529,331,56,164
528,331,56,165
527,331,56,166
526,331,56,167
525,331,56,168
524,331,56,169
523,331,56,170
522,331,56,171
521,331,56,172
520,331,56,173
519,331,56,174
518,331,56,175
517,331,56,176
522,333,54,170
521,333,54,170
520,333,54,170
519,333,54,170
518,333,54,170
517,333,54,170
516,333,54,170
515,333,54,170
514,333,54,170
513,333,54,170
512,333,54,170
511,333,54,170
510,333,54,170
509,333,54,170
508,333,54,170
509,333,50,177
510,333,50,177
511,333,50,177
512,333,50,177
513,333,50,177
514,333,50,177
515,333,50,177
516,333,50,177
517,333,50,177
518,333,50,177
519,333,50,177
520,333,50,177
521,333,50,177
522,333,50,177
523,333,50,177
519,331,50,182
519,331,50,182
519,331,50,182
519,331,50,182
519,331,50,182
519,331,50,182
519,331,50,182
519,331,50,182
519,331,50,182
519,331,50,182
519,331,50,182
519,331,50,182
519,331,50,182
519,331,50,182
519,331,50,182
524,331,57,187
525,331,57,187
526,331,57,187
527,331,57,187
528,331,57,187
529,331,57,187
530,331,57,187
531,331,57,187
532,331,57,187
533,331,57,187
534,331,57,187
535,331,57,187
536,331,57,187
537,331,57,187
538,331,57,187
544,333,63,192
546,333,64,192
548,333,65,192
550,333,66,192
552,333,67,192
554,333,68,192
556,333,69,192
558,333,70,192
560,333,71,192
562,333,72,192
564,333,73,192
566,333,74,192
568,333,75,192
570,333,76,192
572,333,77,192
571,336,74,194
