1497,136,100,223
1495,135,98,223
1493,134,96,223
1491,133,94,223
1489,132,92,223
1487,131,90,223
1485,130,88,223
1483,129,86,223
1481,128,84,223
1479,127,82,223
1477,126,80,223
1475,125,78,223
1473,124,76,223
1471,123,74,223
1469,122,72,223
1470,126,71,227
1467,126,72,227
1464,126,73,227
1461,126,74,227
1458,126,75,227
1455,126,76,227
1452,126,77,227
1449,126,78,227
1446,126,79,227
1443,126,80,227
1440,126,81,227
1437,126,82,227
1434,126,83,227
1431,126,84,227
1428,126,85,227
1430,120,79,225
1426,120,81,225
1422,120,83,225
1418,120,85,225
1414,120,87,225
1410,120,89,225
1406,120,91,225
1402,120,93,225
1398,120,95,225
1394,120,97,225
1390,120,99,225
1386,120,101,225
1382,120,103,225
1378,120,105,225
1374,120,107,225
1364,117,102,228
1361,117,101,228
1358,117,100,228
1355,117,99,228
1352,117,98,228
1349,117,97,228
1346,117,96,228
1343,117,95,228
1340,117,94,228
1337,117,93,228
1334,117,92,228
1331,117,91,228
1328,117,90,228
1325,117,89,228
1322,117,88,228
1323,111,85,233
1321,111,84,232
1319,111,83,231
1317,111,82,230
1315,111,81,229
1313,111,80,228
1311,111,79,227
1309,111,78,226
1307,111,77,225
1305,111,76,224
1303,111,75,223
1301,111,74,222
1299,111,73,221
1297,111,72,220
1295,111,71,219
1293,105,69,225
1289,105,71,225
1285,105,73,225
1281,105,75,225
1277,105,77,225
1273,105,79,225
1269,105,81,225
1265,105,83,225
1261,105,85,225
1257,105,87,225
1253,105,89,225
1249,105,91,225
1245,105,93,225
1241,105,95,225
1237,105,97,225
1231,105,98,228
1228,105,98,227
1225,105,98,226
1222,105,98,225
1219,105,98,224
1216,105,98,223
1213,105,98,222
1210,105,98,221
1207,105,98,220
1204,105,98,219
1201,105,98,218
1198,105,98,217
1195,105,98,216
1192,105,98,215
1189,105,98,214
1182,101,94,219
1180,101,93,219
1178,101,92,219
1176,101,91,219
1174,101,90,219
1172,101,89,219
1170,101,88,219
1168,101,87,219
1166,101,86,219
1164,101,85,219
1162,101,84,219
1160,101,83,219
1158,101,82,219
1156,101,81,219
1154,101,80,219
1158,95,74,217
1155,95,75,217
1152,95,76,217
1149,95,77,217
1146,95,78,217
1143,95,79,217
1140,95,80,217
1137,95,81,217
1134,95,82,217
1131,95,83,217
1128,95,84,217
1125,95,85,217
1122,95,86,217
1119,95,87,217
1116,95,88,217
1109,101,89,211
1106,100,89,212
1103,99,89,213
1100,98,89,214
1097,97,89,215
1094,96,89,216
1091,95,89,217
1088,94,89,218
1085,93,89,219
1082,92,89,220
1079,91,89,221
1076,90,89,222
1073,89,89,223
1070,88,89,224
1067,87,89,225
1064,89,90,220
1062,89,89,219
1060,89,88,218
1058,89,87,217
1056,89,86,216
1054,89,85,215
1052,89,84,214
1050,89,83,213
1048,89,82,212
1046,89,81,211
1044,89,80,210
1042,89,79,209
1040,89,78,208
1038,89,77,207
1036,89,76,206
1041,86,82,211
1038,86,82,211
1035,86,82,211
1032,86,82,211
1029,86,82,211
1026,86,82,211
1023,86,82,211
1020,86,82,211
1017,86,82,211
1014,86,82,211
1011,86,82,211
1008,86,82,211
1005,86,82,211
1002,86,82,211
999,86,82,211
993,87,87,211
991,87,87,210
989,87,87,209
987,87,87,208
985,87,87,207
983,87,87,206
981,87,87,205
979,87,87,204
977,87,87,203
975,87,87,202
973,87,87,201
971,87,87,200
969,87,87,199
967,87,87,198
965,87,87,197
960,86,80,201
958,86,80,201
956,86,80,201
954,86,80,201
952,86,80,201
950,86,80,201
948,86,80,201
946,86,80,201
944,86,80,201
942,86,80,201
940,86,80,201
938,86,80,201
936,86,80,201
934,86,80,201
932,86,80,201
925,79,85,208
922,79,85,208
919,79,85,208
916,79,85,208
913,79,85,208
910,79,85,208
907,79,85,208
904,79,85,208
901,79,85,208
898,79,85,208
895,79,85,208
892,79,85,208
889,79,85,208
886,79,85,208
883,79,85,208
878,81,91,205
877,81,90,205
876,81,89,205
875,81,88,205
874,81,87,205
873,81,86,205
872,81,85,205
871,81,84,205
870,81,83,205
869,81,82,205
868,81,81,205
867,81,80,205
866,81,79,205
865,81,78,205
864,81,77,205
863,76,73,200
860,76,74,200
857,76,75,200
854,76,76,200
851,76,77,200
848,76,78,200
845,76,79,200
842,76,80,200
839,76,81,200
836,76,82,200
833,76,83,200
830,76,84,200
827,76,85,200
824,76,86,200
821,76,87,200
815,78,92,200
812,78,91,200
809,78,90,200
806,78,89,200
803,78,88,200
800,78,87,200
797,78,86,200
794,78,85,200
791,78,84,200
788,78,83,200
785,78,82,200
782,78,81,200
779,78,80,200
776,78,79,200
773,78,78,200
777,75,79,198
776,74,77,198
775,73,75,198
774,72,73,198
773,71,71,198
772,70,69,198
771,69,67,198
770,68,65,198
769,67,63,198
768,66,61,198
767,65,59,198
766,64,57,198
765,63,55,198
764,62,53,198
763,61,51,198
761,67,55,201
758,67,57,201
755,67,59,201
752,67,61,201
749,67,63,201
746,67,65,201
743,67,67,201
740,67,69,201
737,67,71,201
734,67,73,201
731,67,75,201
728,67,77,201
725,67,79,201
722,67,81,201
719,67,83,201
709,72,84,198
706,72,84,198
703,72,84,198
700,72,84,198
697,72,84,198
694,72,84,198
691,72,84,198
688,72,84,198
685,72,84,198
682,72,84,198
679,72,84,198
676,72,84,198
673,72,84,198
670,72,84,198
667,72,84,198
664,65,84,200
663,65,83,200
662,65,82,200
661,65,81,200
660,65,80,200
659,65,79,200
658,65,78,200
657,65,77,200
656,65,76,200
655,65,75,200
654,65,74,200
653,65,73,200
652,65,72,200
651,65,71,200
650,65,70,200
643,68,72,196
640,68,73,196
637,68,74,196
634,68,75,196
631,68,76,196
628,68,77,196
625,68,78,196
622,68,79,196
619,68,80,196
616,68,81,196
613,68,82,196
610,68,83,196
607,68,84,196
604,68,85,196
601,68,86,196
596,68,89,197
593,68,89,197
590,68,89,197
587,68,89,197
584,68,89,197
581,68,89,197
578,68,89,197
575,68,89,197
572,68,89,197
569,68,89,197
566,68,89,197
563,68,89,197
560,68,89,197
557,68,89,197
554,68,89,197
553,72,89,193
552,72,88,193
551,72,87,193
550,72,86,193
549,72,85,193
548,72,84,193
547,72,83,193
546,72,82,193
545,72,81,193
544,72,80,193
543,72,79,193
542,72,78,193
541,72,77,193
540,72,76,193
539,72,75,193
537,65,75,196
534,65,75,196
531,65,75,196
528,65,75,196
525,65,75,196
522,65,75,196
519,65,75,196
516,65,75,196
513,65,75,196
510,65,75,196
507,65,75,196
504,65,75,196
501,65,75,196
498,65,75,196
495,65,75,196
499,72,80,198
496,72,80,198
493,72,80,198
490,72,80,198
487,72,80,198
484,72,80,198
481,72,80,198
478,72,80,198
475,72,80,198
472,72,80,198
469,72,80,198
466,72,80,198
463,72,80,198
460,72,80,198
457,72,80,198
460,70,79,198
458,70,80,199
456,70,81,200
454,70,82,201
452,70,83,202
450,70,84,203
448,70,85,204
446,70,86,205
444,70,87,206
442,70,88,207
440,70,89,208
438,70,90,209
436,70,91,210
434,70,92,211
432,70,93,212
431,70,87,206
429,70,87,206
427,70,87,206
425,70,87,206
423,70,87,206
421,70,87,206
419,70,87,206
417,70,87,206
415,70,87,206
413,70,87,206
411,70,87,206
409,70,87,206
407,70,87,206
405,70,87,206
403,70,87,206
394,76,81,207
392,76,80,207
390,76,79,207
388,76,78,207
386,76,77,207
384,76,76,207
382,76,75,207
380,76,74,207
378,76,73,207
376,76,72,207
374,76,71,207
372,76,70,207
370,76,69,207
368,76,68,207
366,76,67,207
366,75,72,211
