1412,278,59,171
1409,278,58,171
1406,278,57,171
1403,278,56,171
1400,278,55,171
1397,278,54,171
1394,278,53,171
1391,278,52,171
1388,278,51,171
1385,278,50,171
1382,278,49,171
1379,278,48,171
1376,278,47,171
1373,278,46,171
1370,278,45,171
1374,281,51,167
1372,281,51,167
1370,281,51,167
1368,281,51,167
1366,281,51,167
1364,281,51,167
1362,281,51,167
1360,281,51,167
1358,281,51,167
1356,281,51,167
1354,281,51,167
1352,281,51,167
1350,281,51,167
1348,281,51,167
1346,281,51,167
1338,283,56,165
1335,283,56,165
1332,283,56,165
1329,283,56,165
1326,283,56,165
1323,283,56,165
1320,283,56,165
1317,283,56,165
1314,283,56,165
1311,283,56,165
1308,283,56,165
1305,283,56,165
1302,283,56,165
1299,283,56,165
1296,283,56,165
1288,286,58,165
1285,286,58,165
1282,286,58,165
1279,286,58,165
1276,286,58,165
1273,286,58,165
1270,286,58,165
1267,286,58,165
1264,286,58,165
1261,286,58,165
1258,286,58,165
1255,286,58,165
1252,286,58,165
1249,286,58,165
1246,286,58,165
1245,284,65,167
1242,284,66,167
1239,284,67,167
1236,284,68,167
1233,284,69,167
1230,284,70,167
1227,284,71,167
1224,284,72,167
1221,284,73,167
1218,284,74,167
1215,284,75,167
1212,284,76,167
1209,284,77,167
1206,284,78,167
1203,284,79,167
1197,279,75,169
1194,279,75,169
1191,279,75,169
1188,279,75,169
1185,279,75,169
1182,279,75,169
1179,279,75,169
1176,279,75,169
1173,279,75,169
1170,279,75,169
1167,279,75,169
1164,279,75,169
1161,279,75,169
1158,279,75,169
1155,279,75,169
1153,286,73,162
1151,286,73,161
1149,286,73,160
1147,286,73,159
1145,286,73,158
1143,286,73,157
1141,286,73,156
1139,286,73,155
1137,286,73,154
1135,286,73,153
1133,286,73,152
1131,286,73,151
1129,286,73,150
1127,286,73,149
1125,286,73,148
1116,287,67,153
1114,287,66,154
1112,287,65,155
1110,287,64,156
1108,287,63,157
1106,287,62,158
1104,287,61,159
1102,287,60,160
1100,287,59,161
1098,287,58,162
1096,287,57,163
1094,287,56,164
1092,287,55,165
1090,287,54,166
1088,287,53,167
1089,281,56,162
1087,281,56,161
1085,281,56,160
1083,281,56,159
1081,281,56,158
1079,281,56,157
1077,281,56,156
1075,281,56,155
1073,281,56,154
1071,281,56,153
1069,281,56,152
1067,281,56,151
1065,281,56,150
1063,281,56,149
1061,281,56,148
1060,286,51,151
1058,286,52,151
1056,286,53,151
1054,286,54,151
1052,286,55,151
1050,286,56,151
1048,286,57,151
1046,286,58,151
1044,286,59,151
1042,286,60,151
1040,286,61,151
1038,286,62,151
1036,286,63,151
1034,286,64,151
1032,286,65,151
1024,290,61,151
1022,290,61,151
1020,290,61,151
1018,290,61,151
1016,290,61,151
1014,290,61,151
1012,290,61,151
1010,290,61,151
1008,290,61,151
1006,290,61,151
1004,290,61,151
1002,290,61,151
1000,290,61,151
998,290,61,151
996,290,61,151
988,289,61,151
985,289,62,151
982,289,63,151
979,289,64,151
976,289,65,151
973,289,66,151
970,289,67,151
967,289,68,151
964,289,69,151
961,289,70,151
958,289,71,151
955,289,72,151
952,289,73,151
949,289,74,151
946,289,75,151
950,286,71,154
948,286,70,154
946,286,69,154
944,286,68,154
942,286,67,154
940,286,66,154
938,286,65,154
936,286,64,154
934,286,63,154
932,286,62,154
930,286,61,154
928,286,60,154
926,286,59,154
924,286,58,154
922,286,57,154
916,290,61,150
914,290,60,150
912,290,59,150
910,290,58,150
908,290,57,150
906,290,56,150
904,290,55,150
902,290,54,150
900,290,53,150
898,290,52,150
896,290,51,150
894,290,50,150
892,290,49,150
890,290,48,150
888,290,47,150
887,286,52,151
885,286,51,151
883,286,50,151
881,286,49,151
879,286,48,151
877,286,47,151
875,286,46,151
873,286,45,151
871,286,44,151
869,286,43,151
867,286,42,151
865,286,41,151
863,286,40,151
861,286,39,151
859,286,38,151
861,284,44,147
859,284,45,148
857,284,46,149
855,284,47,150
853,284,48,151
851,284,49,152
849,284,50,153
847,284,51,154
845,284,52,155
843,284,53,156
841,284,54,157
839,284,55,158
837,284,56,159
835,284,57,160
833,284,58,161
825,287,63,157
822,288,63,156
819,289,63,155
816,290,63,154
813,291,63,153
810,292,63,152
807,293,63,151
804,294,63,150
801,295,63,149
798,296,63,148
795,297,63,147
792,298,63,146
789,299,63,145
786,300,63,144
783,301,63,143
787,295,65,148
785,296,65,147
783,297,65,146
781,298,65,145
779,299,65,144
777,300,65,143
775,301,65,142
773,302,65,141
771,303,65,140
769,304,65,139
767,305,65,138
765,306,65,137
763,307,65,136
761,308,65,135
759,309,65,134
753,306,64,137
751,305,64,138
749,304,64,139
747,303,64,140
745,302,64,141
743,301,64,142
741,300,64,143
739,299,64,144
737,298,64,145
735,297,64,146
733,296,64,147
731,295,64,148
729,294,64,149
727,293,64,150
725,292,64,151
717,297,64,151
715,297,64,151
713,297,64,151
711,297,64,151
709,297,64,151
707,297,64,151
705,297,64,151
703,297,64,151
701,297,64,151
699,297,64,151
697,297,64,151
695,297,64,151
693,297,64,151
691,297,64,151
689,297,64,151
686,300,59,151
685,300,59,151
684,300,59,151
683,300,59,151
682,300,59,151
681,300,59,151
680,300,59,151
679,300,59,151
678,300,59,151
677,300,59,151
676,300,59,151
675,300,59,151
674,300,59,151
673,300,59,151
672,300,59,151
665,298,53,154
663,298,53,154
661,298,53,154
659,298,53,154
657,298,53,154
655,298,53,154
653,298,53,154
651,298,53,154
649,298,53,154
647,298,53,154
645,298,53,154
643,298,53,154
641,298,53,154
639,298,53,154
637,298,53,154
634,304,49,156
632,304,50,157
630,304,51,158
628,304,52,159
626,304,53,160
624,304,54,161
622,304,55,162
620,304,56,163
618,304,57,164
616,304,58,165
614,304,59,166
612,304,60,167
610,304,61,168
608,304,62,169
606,304,63,170
600,304,61,167
