1380,218,52,160
1378,218,53,160
1376,218,54,160
1374,218,55,160
1372,218,56,160
1370,218,57,160
1368,218,58,160
1366,218,59,160
1364,218,60,160
1362,218,61,160
1360,218,62,160
1358,218,63,160
1356,218,64,160
1354,218,65,160
1352,218,66,160
1348,215,60,166
1345,215,61,166
1342,215,62,166
1339,215,63,166
1336,215,64,166
1333,215,65,166
1330,215,66,166
1327,215,67,166
1324,215,68,166
1321,215,69,166
1318,215,70,166
1315,215,71,166
1312,215,72,166
1309,215,73,166
1306,215,74,166
1300,213,73,162
1298,213,72,162
1296,213,71,162
1294,213,70,162
1292,213,69,162
1290,213,68,162
1288,213,67,162
1286,213,66,162
1284,213,65,162
1282,213,64,162
1280,213,63,162
1278,213,62,162
1276,213,61,162
1274,213,60,162
1272,213,59,162
1276,213,55,162
1274,213,55,162
1272,213,55,162
1270,213,55,162
1268,213,55,162
1266,213,55,162
1264,213,55,162
1262,213,55,162
1260,213,55,162
1258,213,55,162
1256,213,55,162
1254,213,55,162
1252,213,55,162
1250,213,55,162
1248,213,55,162
1253,209,56,167
1250,209,56,166
1247,209,56,165
1244,209,56,164
1241,209,56,163
1238,209,56,162
1235,209,56,161
1232,209,56,160
1229,209,56,159
1226,209,56,158
1223,209,56,157
1220,209,56,156
1217,209,56,155
1214,209,56,154
1211,209,56,153
1212,212,62,156
1209,212,62,156
1206,212,62,156
1203,212,62,156
1200,212,62,156
1197,212,62,156
1194,212,62,156
1191,212,62,156
1188,212,62,156
1185,212,62,156
1182,212,62,156
1179,212,62,156
1176,212,62,156
1173,212,62,156
1170,212,62,156
1167,212,68,155
1166,212,67,155
1165,212,66,155
1164,212,65,155
1163,212,64,155
1162,212,63,155
1161,212,62,155
1160,212,61,155
1159,212,60,155
1158,212,59,155
1157,212,58,155
1156,212,57,155
1155,212,56,155
1154,212,55,155
1153,212,54,155
1154,210,46,155
1152,210,47,155
1150,210,48,155
1148,210,49,155
1146,210,50,155
1144,210,51,155
1142,210,52,155
1140,210,53,155
1138,210,54,155
1136,210,55,155
1134,210,56,155
1132,210,57,155
1130,210,58,155
1128,210,59,155
1126,210,60,155
1122,210,58,154
1119,210,58,154
1116,210,58,154
1113,210,58,154
1110,210,58,154
1107,210,58,154
1104,210,58,154
1101,210,58,154
1098,210,58,154
1095,210,58,154
1092,210,58,154
1089,210,58,154
1086,210,58,154
1083,210,58,154
1080,210,58,154
1080,210,63,149
1079,210,62,149
1078,210,61,149
1077,210,60,149
1076,210,59,149
1075,210,58,149
1074,210,57,149
1073,210,56,149
1072,210,55,149
1071,210,54,149
1070,210,53,149
1069,210,52,149
1068,210,51,149
1067,210,50,149
1066,210,49,149
1059,210,55,149
1057,210,55,149
1055,210,55,149
1053,210,55,149
1051,210,55,149
1049,210,55,149
1047,210,55,149
1045,210,55,149
1043,210,55,149
1041,210,55,149
1039,210,55,149
1037,210,55,149
1035,210,55,149
1033,210,55,149
1031,210,55,149
1036,207,56,151
1033,207,57,151
1030,207,58,151
1027,207,59,151
1024,207,60,151
1021,207,61,151
1018,207,62,151
1015,207,63,151
1012,207,64,151
1009,207,65,151
1006,207,66,151
1003,207,67,151
1000,207,68,151
997,207,69,151
994,207,70,151
992,207,67,151
991,207,66,151
990,207,65,151
989,207,64,151
988,207,63,151
987,207,62,151
986,207,61,151
985,207,60,151
984,207,59,151
983,207,58,151
982,207,57,151
981,207,56,151
980,207,55,151
979,207,54,151
978,207,53,151
977,203,55,148
975,203,55,148
973,203,55,148
971,203,55,148
969,203,55,148
967,203,55,148
965,203,55,148
963,203,55,148
961,203,55,148
959,203,55,148
957,203,55,148
955,203,55,148
953,203,55,148
951,203,55,148
949,203,55,148
954,207,58,146
952,207,58,145
950,207,58,144
948,207,58,143
946,207,58,142
944,207,58,141
942,207,58,140
940,207,58,139
938,207,58,138
936,207,58,137
934,207,58,136
932,207,58,135
930,207,58,134
928,207,58,133
926,207,58,132
928,210,55,138
927,210,54,138
926,210,53,138
925,210,52,138
924,210,51,138
923,210,50,138
922,210,49,138
921,210,48,138
920,210,47,138
919,210,46,138
918,210,45,138
917,210,44,138
916,210,43,138
915,210,42,138
914,210,41,138
907,204,44,143
905,204,45,143
903,204,46,143
901,204,47,143
899,204,48,143
897,204,49,143
895,204,50,143
893,204,51,143
891,204,52,143
889,204,53,143
887,204,54,143
885,204,55,143
883,204,56,143
881,204,57,143
879,204,58,143
878,203,55,142
876,203,55,142
874,203,55,142
872,203,55,142
870,203,55,142
868,203,55,142
866,203,55,142
864,203,55,142
862,203,55,142
860,203,55,142
858,203,55,142
856,203,55,142
854,203,55,142
852,203,55,142
850,203,55,142
843,204,56,144
842,204,55,144
841,204,54,144
840,204,53,144
839,204,52,144
838,204,51,144
837,204,50,144
836,204,49,144
835,204,48,144
834,204,47,144
833,204,46,144
832,204,45,144
831,204,44,144
830,204,43,144
829,204,42,144
828,204,39,143
826,204,40,143
824,204,41,143
822,204,42,143
820,204,43,143
818,204,44,143
816,204,45,143
814,204,46,143
812,204,47,143
810,204,48,143
808,204,49,143
806,204,50,143
804,204,51,143
802,204,52,143
800,204,53,143
801,201,51,147
798,201,52,147
795,201,53,147
792,201,54,147
789,201,55,147
786,201,56,147
783,201,57,147
780,201,58,147
777,201,59,147
774,201,60,147
771,201,61,147
768,201,62,147
765,201,63,147
762,201,64,147
759,201,65,147
762,204,67,146
761,204,66,146
760,204,65,146
759,204,64,146
758,204,63,146
757,204,62,146
756,204,61,146
755,204,60,146
754,204,59,146
753,204,58,146
752,204,57,146
751,204,56,146
750,204,55,146
749,204,54,146
748,204,53,146
744,204,53,141
743,204,53,141
742,204,53,141
741,204,53,141
740,204,53,141
739,204,53,141
738,204,53,141
737,204,53,141
736,204,53,141
735,204,53,141
734,204,53,141
733,204,53,141
732,204,53,141
731,204,53,141
730,204,53,141
725,206,52,141
722,206,53,141
719,206,54,141
716,206,55,141
713,206,56,141
710,206,57,141
707,206,58,141
704,206,59,141
701,206,60,141
698,206,61,141
695,206,62,141
692,206,63,141
689,206,64,141
686,206,65,141
683,206,66,141
685,210,63,137
684,210,62,137
683,210,61,137
682,210,60,137
681,210,59,137
680,210,58,137
679,210,57,137
678,210,56,137
677,210,55,137
676,210,54,137
675,210,53,137
674,210,52,137
673,210,51,137
672,210,50,137
671,210,49,137
675,209,43,139
673,209,43,139
671,209,43,139
669,209,43,139
667,209,43,139
665,209,43,139
663,209,43,139
661,209,43,139
659,209,43,139
657,209,43,139
655,209,43,139
653,209,43,139
651,209,43,139
649,209,43,139
647,209,43,139
648,209,50,139
646,209,50,139
644,209,50,139
642,209,50,139
640,209,50,139
638,209,50,139
636,209,50,139
634,209,50,139
632,209,50,139
630,209,50,139
628,209,50,139
626,209,50,139
624,209,50,139
622,209,50,139
620,209,50,139
618,212,54,146
617,212,54,146
616,212,54,146
615,212,54,146
614,212,54,146
613,212,54,146
612,212,54,146
611,212,54,146
610,212,54,146
609,212,54,146
608,212,54,146
607,212,54,146
606,212,54,146
605,212,54,146
604,212,54,146
598,212,48,146
