1308,94,78,232
1303,94,80,231
1298,94,82,230
1293,94,84,229
1288,94,86,228
1283,94,88,227
1278,94,90,226
1273,94,92,225
1268,94,94,224
1263,94,96,223
1258,94,98,222
1253,94,100,221
1248,94,102,220
1243,94,104,219
1238,94,106,218
1238,93,103,219
1235,93,102,218
1232,93,101,217
1229,93,100,216
1226,93,99,215
1223,93,98,214
1220,93,97,213
1217,93,96,212
1214,93,95,211
1211,93,94,210
1208,93,93,209
1205,93,92,208
1202,93,91,207
1199,93,90,206
1196,93,89,205
1199,96,84,211
1197,95,83,212
1195,94,82,213
1193,93,81,214
1191,92,80,215
1189,91,79,216
1187,90,78,217
1185,89,77,218
1183,88,76,219
1181,87,75,220
1179,86,74,221
1177,85,73,222
1175,84,72,223
1173,83,71,224
1171,82,70,225
1168,81,71,226
1163,81,73,226
1158,81,75,226
1153,81,77,226
1148,81,79,226
1143,81,81,226
1138,81,83,226
1133,81,85,226
1128,81,87,226
1123,81,89,226
1118,81,91,226
1113,81,93,226
1108,81,95,226
1103,81,97,226
1098,81,99,226
1095,83,95,219
1090,83,96,219
1085,83,97,219
1080,83,98,219
1075,83,99,219
1070,83,100,219
1065,83,101,219
1060,83,102,219
1055,83,103,219
1050,83,104,219
1045,83,105,219
1040,83,106,219
1035,83,107,219
1030,83,108,219
1025,83,109,219
1025,81,112,216
1024,81,109,216
1023,81,106,216
1022,81,103,216
1021,81,100,216
1020,81,97,216
1019,81,94,216
1018,81,91,216
1017,81,88,216
1016,81,85,216
1015,81,82,216
1014,81,79,216
1013,81,76,216
1012,81,73,216
1011,81,70,216
1006,76,68,214
1003,76,69,214
1000,76,70,214
997,76,71,214
994,76,72,214
991,76,73,214
988,76,74,214
985,76,75,214
982,76,76,214
979,76,77,214
976,76,78,214
973,76,79,214
970,76,80,214
967,76,81,214
964,76,82,214
954,78,89,207
950,78,90,207
946,78,91,207
942,78,92,207
938,78,93,207
934,78,94,207
930,78,95,207
926,78,96,207
922,78,97,207
918,78,98,207
914,78,99,207
910,78,100,207
906,78,101,207
902,78,102,207
898,78,103,207
891,75,99,209
886,75,99,208
881,75,99,207
876,75,99,206
871,75,99,205
866,75,99,204
861,75,99,203
856,75,99,202
851,75,99,201
846,75,99,200
841,75,99,199
836,75,99,198
831,75,99,197
826,75,99,196
821,75,99,195
822,76,100,200
822,75,97,200
822,74,94,200
822,73,91,200
822,72,88,200
822,71,85,200
822,70,82,200
822,69,79,200
822,68,76,200
822,67,73,200
822,66,70,200
822,65,67,200
822,64,64,200
822,63,61,200
822,62,58,200
817,67,57,200
813,67,58,200
809,67,59,200
805,67,60,200
801,67,61,200
797,67,62,200
793,67,63,200
789,67,64,200
785,67,65,200
781,67,66,200
777,67,67,200
773,67,68,200
769,67,69,200
765,67,70,200
761,67,71,200
764,65,71,207
759,65,72,207
754,65,73,207
749,65,74,207
744,65,75,207
739,65,76,207
734,65,77,207
729,65,78,207
724,65,79,207
719,65,80,207
714,65,81,207
709,65,82,207
704,65,83,207
699,65,84,207
694,65,85,207
696,65,88,201
691,65,89,201
686,65,90,201
681,65,91,201
676,65,92,201
671,65,93,201
666,65,94,201
661,65,95,201
656,65,96,201
651,65,97,201
646,65,98,201
641,65,99,201
636,65,100,201
631,65,101,201
626,65,102,201
626,65,104,204
624,65,102,204
622,65,100,204
620,65,98,204
618,65,96,204
616,65,94,204
614,65,92,204
612,65,90,204
610,65,88,204
608,65,86,204
606,65,84,204
604,65,82,204
602,65,80,204
600,65,78,204
598,65,76,204
599,62,68,209
596,62,68,209
593,62,68,209
590,62,68,209
587,62,68,209
584,62,68,209
581,62,68,209
578,62,68,209
575,62,68,209
572,62,68,209
569,62,68,209
566,62,68,209
563,62,68,209
560,62,68,209
557,62,68,209
558,63,68,211
554,63,70,211
550,63,72,211
546,63,74,211
542,63,76,211
538,63,78,211
534,63,80,211
530,63,82,211
526,63,84,211
522,63,86,211
518,63,88,211
514,63,90,211
510,63,92,211
506,63,94,211
502,63,96,211
499,65,94,214
496,65,94,214
493,65,94,214
490,65,94,214
487,65,94,214
484,65,94,214
481,65,94,214
478,65,94,214
475,65,94,214
472,65,94,214
469,65,94,214
466,65,94,214
463,65,94,214
460,65,94,214
457,65,94,214
449,67,88,217
445,68,88,217
441,69,88,217
437,70,88,217
433,71,88,217
429,72,88,217
425,73,88,217
421,74,88,217
417,75,88,217
413,76,88,217
409,77,88,217
405,78,88,217
401,79,88,217
397,80,88,217
393,81,88,217
395,75,88,212
393,75,87,213
391,75,86,214
389,75,85,215
387,75,84,216
385,75,83,217
383,75,82,218
381,75,81,219
379,75,80,220
377,75,79,221
375,75,78,222
373,75,77,223
371,75,76,224
369,75,75,225
367,75,74,226
369,70,73,220
366,70,73,221
363,70,73,222
360,70,73,223
357,70,73,224
354,70,73,225
351,70,73,226
348,70,73,227
345,70,73,228
342,70,73,229
339,70,73,230
336,70,73,231
333,70,73,232
330,70,73,233
327,70,73,234
323,72,80,230
319,73,81,230
315,74,82,230
311,75,83,230
307,76,84,230
303,77,85,230
299,78,86,230
295,79,87,230
291,80,88,230
287,81,89,230
283,82,90,230
279,83,91,230
275,84,92,230
271,85,93,230
267,86,94,230
269,80,93,228
267,80,91,229
265,80,89,230
263,80,87,231
261,80,85,232
259,80,83,233
257,80,81,234
255,80,79,235
253,80,77,236
251,80,75,237
249,80,73,238
247,80,71,239
245,80,69,240
243,80,67,241
241,80,65,242
241,75,68,241
238,76,69,240
235,77,70,239
232,78,71,238
229,79,72,237
226,80,73,236
223,81,74,235
220,82,75,234
217,83,76,233
214,84,77,232
211,85,78,231
208,86,79,230
205,87,80,229
202,88,81,228
199,89,82,227
202,83,76,232
200,83,76,233
198,83,76,234
196,83,76,235
194,83,76,236
192,83,76,237
190,83,76,238
188,83,76,239
186,83,76,240
184,83,76,241
182,83,76,242
180,83,76,243
178,83,76,244
176,83,76,245
174,83,76,246
173,80,76,253
171,81,76,253
169,82,76,253
167,83,76,253
165,84,76,253
163,85,76,253
161,86,76,253
159,87,76,253
157,88,76,253
155,89,76,253
153,90,76,253
151,91,76,253
149,92,76,253
147,93,76,253
145,94,76,253
137,90,78,254
136,90,78,255
135,90,78,256
134,90,78,257
133,90,78,258
132,90,78,259
131,90,78,260
130,90,78,261
129,90,78,262
128,90,78,263
127,90,78,264
126,90,78,265
125,90,78,266
124,90,78,267
123,90,78,268
122,86,74,268
121,87,75,268
120,88,76,268
119,89,77,268
118,90,78,268
117,91,79,268
116,92,80,268
115,93,81,268
114,94,82,268
113,95,83,268
112,96,84,268
111,97,85,268
110,98,86,268
109,99,87,268
108,100,88,268
102,94,93,275
103,94,92,275
104,94,91,275
105,94,90,275
106,94,89,275
107,94,88,275
108,94,87,275
109,94,86,275
110,94,85,275
111,94,84,275
112,94,83,275
113,94,82,275
114,94,81,275
115,94,80,275
116,94,79,275
115,96,80,281
116,96,83,282
117,96,86,283
118,96,89,284
119,96,92,285
120,96,95,286
121,96,98,287
122,96,101,288
123,96,104,289
124,96,107,290
125,96,110,291
126,96,113,292
127,96,116,293
128,96,119,294
129,96,122,295
127,94,124,298
130,94,123,298
133,94,122,298
136,94,121,298
139,94,120,298
142,94,119,298
145,94,118,298
148,94,117,298
151,94,116,298
154,94,115,298
157,94,114,298
160,94,113,298
163,94,112,298
166,94,111,298
169,94,110,298
173,94,102,304
