1250,225,47,136
1247,224,48,137
1244,223,49,138
1241,222,50,139
1238,221,51,140
1235,220,52,141
1232,219,53,142
1229,218,54,143
1226,217,55,144
1223,216,56,145
1220,215,57,146
1217,214,58,147
1214,213,59,148
1211,212,60,149
1208,211,61,150
1212,207,59,153
1210,207,59,154
1208,207,59,155
1206,207,59,156
1204,207,59,157
1202,207,59,158
1200,207,59,159
1198,207,59,160
1196,207,59,161
1194,207,59,162
1192,207,59,163
1190,207,59,164
1188,207,59,165
1186,207,59,166
1184,207,59,167
1178,202,63,162
1176,202,63,161
1174,202,63,160
1172,202,63,159
1170,202,63,158
1168,202,63,157
1166,202,63,156
1164,202,63,155
1162,202,63,154
1160,202,63,153
1158,202,63,152
1156,202,63,151
1154,202,63,150
1152,202,63,149
1150,202,63,148
1154,207,68,154
1152,207,67,154
1150,207,66,154
1148,207,65,154
1146,207,64,154
1144,207,63,154
1142,207,62,154
1140,207,61,154
1138,207,60,154
1136,207,59,154
1134,207,58,154
1132,207,57,154
1130,207,56,154
1128,207,55,154
1126,207,54,154
1119,207,53,151
1116,207,55,151
1113,207,57,151
1110,207,59,151
1107,207,61,151
1104,207,63,151
1101,207,65,151
1098,207,67,151
1095,207,69,151
1092,207,71,151
1089,207,73,151
1086,207,75,151
1083,207,77,151
1080,207,79,151
1077,207,81,151
1068,205,76,153
1066,205,76,152
1064,205,76,151
1062,205,76,150
1060,205,76,149
1058,205,76,148
1056,205,76,147
1054,205,76,146
1052,205,76,145
1050,205,76,144
1048,205,76,143
1046,205,76,142
1044,205,76,141
1042,205,76,140
1040,205,76,139
1035,205,69,145
1034,205,67,145
1033,205,65,145
1032,205,63,145
1031,205,61,145
1030,205,59,145
1029,205,57,145
1028,205,55,145
1027,205,53,145
1026,205,51,145
1025,205,49,145
1024,205,47,145
1023,205,45,145
1022,205,43,145
1021,205,41,145
1014,207,46,143
1011,207,48,143
1008,207,50,143
1005,207,52,143
1002,207,54,143
999,207,56,143
996,207,58,143
993,207,60,143
990,207,62,143
987,207,64,143
984,207,66,143
981,207,68,143
978,207,70,143
975,207,72,143
972,207,74,143
972,205,71,148
970,205,70,147
968,205,69,146
966,205,68,145
964,205,67,144
962,205,66,143
960,205,65,142
958,205,64,141
956,205,63,140
954,205,62,139
952,205,61,138
950,205,60,137
948,205,59,136
946,205,58,135
944,205,57,134
938,207,58,138
936,207,58,138
934,207,58,138
932,207,58,138
930,207,58,138
928,207,58,138
926,207,58,138
924,207,58,138
922,207,58,138
920,207,58,138
918,207,58,138
916,207,58,138
914,207,58,138
912,207,58,138
910,207,58,138
907,202,57,145
905,202,56,145
903,202,55,145
901,202,54,145
899,202,53,145
897,202,52,145
895,202,51,145
893,202,50,145
891,202,49,145
889,202,48,145
887,202,47,145
885,202,46,145
883,202,45,145
881,202,44,145
879,202,43,145
881,204,48,146
878,205,48,145
875,206,48,144
872,207,48,143
869,208,48,142
866,209,48,141
863,210,48,140
860,211,48,139
857,212,48,138
854,213,48,137
851,214,48,136
848,215,48,135
845,216,48,134
842,217,48,133
839,218,48,132
842,212,54,130
839,212,54,131
836,212,54,132
833,212,54,133
830,212,54,134
827,212,54,135
824,212,54,136
821,212,54,137
818,212,54,138
815,212,54,139
812,212,54,140
809,212,54,141
806,212,54,142
803,212,54,143
800,212,54,144
800,212,61,138
797,212,62,138
794,212,63,138
791,212,64,138
788,212,65,138
785,212,66,138
782,212,67,138
779,212,68,138
776,212,69,138
773,212,70,138
770,212,71,138
767,212,72,138
764,212,73,138
761,212,74,138
758,212,75,138
751,213,69,131
750,213,68,132
749,213,67,133
748,213,66,134
747,213,65,135
746,213,64,136
745,213,63,137
744,213,62,138
743,213,61,139
742,213,60,140
741,213,59,141
740,213,58,142
739,213,57,143
738,213,56,144
737,213,55,145
735,207,49,141
733,207,49,141
731,207,49,141
729,207,49,141
727,207,49,141
725,207,49,141
723,207,49,141
721,207,49,141
719,207,49,141
717,207,49,141
715,207,49,141
713,207,49,141
711,207,49,141
709,207,49,141
707,207,49,141
702,210,50,140
700,210,51,141
698,210,52,142
696,210,53,143
694,210,54,144
692,210,55,145
690,210,56,146
688,210,57,147
686,210,58,148
684,210,59,149
682,210,60,150
680,210,61,151
678,210,62,152
676,210,63,153
674,210,64,154
665,210,70,150
662,210,70,151
659,210,70,152
656,210,70,153
653,210,70,154
650,210,70,155
647,210,70,156
644,210,70,157
641,210,70,158
638,210,70,159
635,210,70,160
632,210,70,161
629,210,70,162
626,210,70,163
623,210,70,164
627,209,64,160
625,209,63,160
623,209,62,160
621,209,61,160
619,209,60,160
617,209,59,160
615,209,58,160
613,209,57,160
611,209,56,160
609,209,55,160
607,209,54,160
605,209,53,160
603,209,52,160
601,209,51,160
599,209,50,160
600,213,52,158
598,213,53,158
596,213,54,158
594,213,55,158
592,213,56,158
590,213,57,158
588,213,58,158
586,213,59,158
584,213,60,158
582,213,61,158
580,213,62,158
578,213,63,158
576,213,64,158
574,213,65,158
572,213,66,158
572,215,61,161
570,215,61,161
568,215,61,161
566,215,61,161
564,215,61,161
562,215,61,161
560,215,61,161
558,215,61,161
556,215,61,161
554,215,61,161
552,215,61,161
550,215,61,161
548,215,61,161
546,215,61,161
544,215,61,161
546,218,59,164
543,219,60,164
540,220,61,164
537,221,62,164
534,222,63,164
531,223,64,164
528,224,65,164
525,225,66,164
522,226,67,164
519,227,68,164
516,228,69,164
513,229,70,164
510,230,71,164
507,231,72,164
504,232,73,164
499,226,78,162
498,226,76,163
497,226,74,164
496,226,72,165
495,226,70,166
494,226,68,167
493,226,66,168
492,226,64,169
491,226,62,170
490,226,60,171
489,226,58,172
488,226,56,173
487,226,54,174
486,226,52,175
485,226,50,176
483,225,55,173
481,225,55,172
479,225,55,171
477,225,55,170
475,225,55,169
473,225,55,168
471,225,55,167
469,225,55,166
467,225,55,165
465,225,55,164
463,225,55,163
461,225,55,162
459,225,55,161
457,225,55,160
455,225,55,159
458,228,54,159
457,228,54,160
456,228,54,161
455,228,54,162
454,228,54,163
453,228,54,164
452,228,54,165
451,228,54,166
450,228,54,167
449,228,54,168
448,228,54,169
447,228,54,170
446,228,54,171
445,228,54,172
444,228,54,173
439,229,57,174
438,229,57,175
437,229,57,176
436,229,57,177
435,229,57,178
434,229,57,179
433,229,57,180
432,229,57,181
431,229,57,182
430,229,57,183
429,229,57,184
428,229,57,185
427,229,57,186
426,229,57,187
425,229,57,188
420,225,62,186
418,226,63,186
416,227,64,186
414,228,65,186
412,229,66,186
410,230,67,186
408,231,68,186
406,232,69,186
404,233,70,186
402,234,71,186
400,235,72,186
398,236,73,186
396,237,74,186
394,238,75,186
392,239,76,186
397,233,76,186
397,233,75,187
397,233,74,188
397,233,73,189
397,233,72,190
397,233,71,191
397,233,70,192
397,233,69,193
397,233,68,194
397,233,67,195
397,233,66,196
397,233,65,197
397,233,64,198
397,233,63,199
397,233,62,200
394,237,64,194
394,237,64,194
394,237,64,194
394,237,64,194
394,237,64,194
394,237,64,194
394,237,64,194
394,237,64,194
394,237,64,194
394,237,64,194
394,237,64,194
394,237,64,194
394,237,64,194
394,237,64,194
394,237,64,194
397,239,64,196
398,239,65,197
399,239,66,198
400,239,67,199
401,239,68,200
402,239,69,201
403,239,70,202
404,239,71,203
405,239,72,204
406,239,73,205
407,239,74,206
408,239,75,207
409,239,76,208
410,239,77,209
411,239,78,210
408,237,73,207
