912,276,77,153
907,276,77,153
902,276,77,153
897,276,77,153
892,276,77,153
887,276,77,153
882,276,77,153
877,276,77,153
872,276,77,153
867,276,77,153
862,276,77,153
857,276,77,153
852,276,77,153
847,276,77,153
842,276,77,153
841,279,74,155
839,280,75,155
837,281,76,155
835,282,77,155
833,283,78,155
831,284,79,155
829,285,80,155
827,286,81,155
825,287,82,155
823,288,83,155
821,289,84,155
819,290,85,155
817,291,86,155
815,292,87,155
813,293,88,155
813,289,84,159
810,290,84,160
807,291,84,161
804,292,84,162
801,293,84,163
798,294,84,164
795,295,84,165
792,296,84,166
789,297,84,167
786,298,84,168
783,299,84,169
780,300,84,170
777,301,84,171
774,302,84,172
771,303,84,173
772,301,86,168
770,302,85,167
768,303,84,166
766,304,83,165
764,305,82,164
762,306,81,163
760,307,80,162
758,308,79,161
756,309,78,160
754,310,77,159
752,311,76,158
750,312,75,157
748,313,74,156
746,314,73,155
744,315,72,154
741,311,75,147
737,311,76,148
733,311,77,149
729,311,78,150
725,311,79,151
721,311,80,152
717,311,81,153
713,311,82,154
709,311,83,155
705,311,84,156
701,311,85,157
697,311,86,158
693,311,87,159
689,311,88,160
685,311,89,161
682,306,86,169
681,307,85,169
680,308,84,169
679,309,83,169
678,310,82,169
677,311,81,169
676,312,80,169
675,313,79,169
674,314,78,169
673,315,77,169
672,316,76,169
671,317,75,169
670,318,74,169
669,319,73,169
668,320,72,169
665,316,71,163
662,316,72,164
659,316,73,165
656,316,74,166
653,316,75,167
650,316,76,168
647,316,77,169
644,316,78,170
641,316,79,171
638,316,80,172
635,316,81,173
632,316,82,174
629,316,83,175
626,316,84,176
623,316,85,177
615,314,88,176
613,314,88,176
611,314,88,176
609,314,88,176
607,314,88,176
605,314,88,176
603,314,88,176
601,314,88,176
599,314,88,176
597,314,88,176
595,314,88,176
593,314,88,176
591,314,88,176
589,314,88,176
587,314,88,176
585,312,83,179
582,314,83,178
579,316,83,177
576,318,83,176
573,320,83,175
570,322,83,174
567,324,83,173
564,326,83,172
561,328,83,171
558,330,83,170
555,332,83,169
552,334,83,168
549,336,83,167
546,338,83,166
543,340,83,165
540,335,80,170
537,334,82,172
534,333,84,174
531,332,86,176
528,331,88,178
525,330,90,180
522,329,92,182
519,328,94,184
516,327,96,186
513,326,98,188
510,325,100,190
507,324,102,192
504,323,104,194
501,322,106,196
498,321,108,198
499,323,105,194
497,324,104,194
495,325,103,194
493,326,102,194
491,327,101,194
489,328,100,194
487,329,99,194
485,330,98,194
483,331,97,194
481,332,96,194
479,333,95,194
477,334,94,194
475,335,93,194
473,336,92,194
471,337,91,194
465,335,91,191
464,336,90,191
463,337,89,191
462,338,88,191
461,339,87,191
460,340,86,191
459,341,85,191
458,342,84,191
457,343,83,191
456,344,82,191
455,345,81,191
454,346,80,191
453,347,79,191
452,348,78,191
451,349,77,191
450,346,80,185
449,346,81,186
448,346,82,187
447,346,83,188
446,346,84,189
445,346,85,190
444,346,86,191
443,346,87,192
442,346,88,193
441,346,89,194
440,346,90,195
439,346,91,196
438,346,92,197
437,346,93,198
436,346,94,199
434,343,89,202
435,343,89,202
436,343,89,202
437,343,89,202
438,343,89,202
439,343,89,202
440,343,89,202
441,343,89,202
442,343,89,202
443,343,89,202
444,343,89,202
445,343,89,202
446,343,89,202
447,343,89,202
448,343,89,202
442,341,84,198
443,341,84,199
444,341,84,200
445,341,84,201
446,341,84,202
447,341,84,203
448,341,84,204
449,341,84,205
450,341,84,206
451,341,84,207
452,341,84,208
453,341,84,209
454,341,84,210
455,341,84,211
456,341,84,212
453,341,88,218
455,341,88,218
457,341,88,218
459,341,88,218
461,341,88,218
463,341,88,218
465,341,88,218
467,341,88,218
469,341,88,218
471,341,88,218
473,341,88,218
475,341,88,218
477,341,88,218
479,341,88,218
481,341,88,218
476,344,93,220
479,344,94,221
482,344,95,222
485,344,96,223
488,344,97,224
491,344,98,225
494,344,99,226
497,344,100,227
500,344,101,228
503,344,102,229
506,344,103,230
509,344,104,231
512,344,105,232
515,344,106,233
518,344,107,234
527,338,112,231
531,337,112,232
535,336,112,233
539,335,112,234
543,334,112,235
547,333,112,236
551,332,112,237
555,331,112,238
559,330,112,239
563,329,112,240
567,328,112,241
571,327,112,242
575,326,112,243
579,325,112,244
583,324,112,245
591,328,105,247
596,327,104,248
601,326,103,249
606,325,102,250
611,324,101,251
616,323,100,252
621,322,99,253
626,321,98,254
631,320,97,255
636,319,96,256
641,318,95,257
646,317,94,258
651,316,93,259
656,315,92,260
661,314,91,261
667,319,91,255
672,319,90,255
677,319,89,255
682,319,88,255
687,319,87,255
692,319,86,255
697,319,85,255
702,319,84,255
707,319,83,255
712,319,82,255
717,319,81,255
722,319,80,255
727,319,79,255
732,319,78,255
737,319,77,255
739,323,82,249
744,323,82,248
749,323,82,247
754,323,82,246
759,323,82,245
764,323,82,244
769,323,82,243
774,323,82,242
779,323,82,241
784,323,82,240
789,323,82,239
794,323,82,238
799,323,82,237
804,323,82,236
809,323,82,235
808,330,87,241
813,330,87,240
818,330,87,239
823,330,87,238
828,330,87,237
833,330,87,236
838,330,87,235
843,330,87,234
848,330,87,233
853,330,87,232
858,330,87,231
863,330,87,230
868,330,87,229
873,330,87,228
878,330,87,227
884,330,84,231
886,328,86,233
888,326,88,235
890,324,90,237
892,322,92,239
894,320,94,241
896,318,96,243
898,316,98,245
900,314,100,247
902,312,102,249
904,310,104,251
906,308,106,253
908,306,108,255
910,304,110,257
912,302,112,259
921,300,115,261
