704,50,85,204
700,51,86,205
696,52,87,206
692,53,88,207
688,54,89,208
684,55,90,209
680,56,91,210
676,57,92,211
672,58,93,212
668,59,94,213
664,60,95,214
660,61,96,215
656,62,97,216
652,63,98,217
648,64,99,218
644,61,97,212
640,61,98,212
636,61,99,212
632,61,100,212
628,61,101,212
624,61,102,212
620,61,103,212
616,61,104,212
612,61,105,212
608,61,106,212
604,61,107,212
600,61,108,212
596,61,109,212
592,61,110,212
588,61,111,212
587,59,110,214
586,59,108,214
585,59,106,214
584,59,104,214
583,59,102,214
582,59,100,214
581,59,98,214
580,59,96,214
579,59,94,214
578,59,92,214
577,59,90,214
576,59,88,214
575,59,86,214
574,59,84,214
573,59,82,214
566,57,79,218
563,57,79,218
560,57,79,218
557,57,79,218
554,57,79,218
551,57,79,218
548,57,79,218
545,57,79,218
542,57,79,218
539,57,79,218
536,57,79,218
533,57,79,218
530,57,79,218
527,57,79,218
524,57,79,218
524,62,83,220
520,62,84,220
516,62,85,220
512,62,86,220
508,62,87,220
504,62,88,220
500,62,89,220
496,62,90,220
492,62,91,220
488,62,92,220
484,62,93,220
480,62,94,220
476,62,95,220
472,62,96,220
468,62,97,220
468,62,97,222
466,62,97,223
464,62,97,224
462,62,97,225
460,62,97,226
458,62,97,227
456,62,97,228
454,62,97,229
452,62,97,230
450,62,97,231
448,62,97,232
446,62,97,233
444,62,97,234
442,62,97,235
440,62,97,236
437,62,97,231
434,62,96,231
431,62,95,231
428,62,94,231
425,62,93,231
422,62,92,231
419,62,91,231
416,62,90,231
413,62,89,231
410,62,88,231
407,62,87,231
404,62,86,231
401,62,85,231
398,62,84,231
395,62,83,231
399,68,83,229
396,68,84,229
393,68,85,229
390,68,86,229
387,68,87,229
384,68,88,229
381,68,89,229
378,68,90,229
375,68,91,229
372,68,92,229
369,68,93,229
366,68,94,229
363,68,95,229
360,68,96,229
357,68,97,229
355,72,99,225
352,72,99,226
349,72,99,227
346,72,99,228
343,72,99,229
340,72,99,230
337,72,99,231
334,72,99,232
331,72,99,233
328,72,99,234
325,72,99,235
322,72,99,236
319,72,99,237
316,72,99,238
313,72,99,239
313,72,93,243
310,72,94,243
307,72,95,243
304,72,96,243
301,72,97,243
298,72,98,243
295,72,99,243
292,72,100,243
289,72,101,243
286,72,102,243
283,72,103,243
280,72,104,243
277,72,105,243
274,72,106,243
271,72,107,243
261,77,108,248
259,77,107,248
257,77,106,248
255,77,105,248
253,77,104,248
251,77,103,248
249,77,102,248
247,77,101,248
245,77,100,248
243,77,99,248
241,77,98,248
239,77,97,248
237,77,96,248
235,77,95,248
233,77,94,248
227,77,89,244
224,77,89,245
221,77,89,246
218,77,89,247
215,77,89,248
212,77,89,249
209,77,89,250
206,77,89,251
203,77,89,252
200,77,89,253
197,77,89,254
194,77,89,255
191,77,89,256
188,77,89,257
185,77,89,258
188,81,91,264
186,81,92,264
184,81,93,264
182,81,94,264
180,81,95,264
178,81,96,264
176,81,97,264
174,81,98,264
172,81,99,264
170,81,100,264
168,81,101,264
166,81,102,264
164,81,103,264
162,81,104,264
160,81,105,264
154,85,106,266
153,85,106,266
152,85,106,266
151,85,106,266
150,85,106,266
149,85,106,266
148,85,106,266
147,85,106,266
146,85,106,266
145,85,106,266
144,85,106,266
143,85,106,266
142,85,106,266
141,85,106,266
140,85,106,266
138,85,103,269
137,85,103,270
136,85,103,271
135,85,103,272
134,85,103,273
133,85,103,274
132,85,103,275
131,85,103,276
130,85,103,277
129,85,103,278
128,85,103,279
127,85,103,280
126,85,103,281
125,85,103,282
124,85,103,283
129,90,104,288
129,90,104,289
129,90,104,290
129,90,104,291
129,90,104,292
129,90,104,293
129,90,104,294
129,90,104,295
129,90,104,296
129,90,104,297
129,90,104,298
129,90,104,299
129,90,104,300
129,90,104,301
129,90,104,302
133,88,106,309
134,88,106,309
135,88,106,309
136,88,106,309
137,88,106,309
138,88,106,309
139,88,106,309
140,88,106,309
141,88,106,309
142,88,106,309
143,88,106,309
144,88,106,309
145,88,106,309
146,88,106,309
147,88,106,309
144,88,112,313
145,88,111,314
146,88,110,315
147,88,109,316
148,88,108,317
149,88,107,318
150,88,106,319
151,88,105,320
152,88,104,321
153,88,103,322
154,88,102,323
155,88,101,324
156,88,100,325
157,88,99,326
158,88,98,327
165,92,103,322
167,92,105,323
169,92,107,324
171,92,109,325
173,92,111,326
175,92,113,327
177,92,115,328
179,92,117,329
181,92,119,330
183,92,121,331
185,92,123,332
187,92,125,333
189,92,127,334
191,92,129,335
193,92,131,336
196,92,133,335
200,92,134,335
204,92,135,335
208,92,136,335
212,92,137,335
216,92,138,335
220,92,139,335
224,92,140,335
228,92,141,335
232,92,142,335
236,92,143,335
240,92,144,335
244,92,145,335
248,92,146,335
252,92,147,335
261,98,141,336
267,98,138,336
273,98,135,336
279,98,132,336
285,98,129,336
291,98,126,336
297,98,123,336
303,98,120,336
309,98,117,336
315,98,114,336
321,98,111,336
327,98,108,336
333,98,105,336
339,98,102,336
345,98,99,336
347,94,97,340
350,94,98,340
353,94,99,340
356,94,100,340
359,94,101,340
362,94,102,340
365,94,103,340
368,94,104,340
371,94,105,340
374,94,106,340
377,94,107,340
380,94,108,340
383,94,109,340
386,94,110,340
389,94,111,340
399,96,112,345
403,96,114,345
407,96,116,345
411,96,118,345
415,96,120,345
419,96,122,345
423,96,124,345
427,96,126,345
431,96,128,345
435,96,130,345
439,96,132,345
443,96,134,345
447,96,136,345
451,96,138,345
455,96,140,345
462,100,145,341
469,100,145,341
476,100,145,341
483,100,145,341
490,100,145,341
497,100,145,341
504,100,145,341
511,100,145,341
518,100,145,341
525,100,145,341
532,100,145,341
539,100,145,341
546,100,145,341
553,100,145,341
560,100,145,341
562,100,145,345
568,100,142,345
574,100,139,345
580,100,136,345
586,100,133,345
592,100,130,345
598,100,127,345
604,100,124,345
610,100,121,345
616,100,118,345
622,100,115,345
628,100,112,345
634,100,109,345
640,100,106,345
646,100,103,345
652,101,99,339
655,101,102,339
658,101,105,339
661,101,108,339
664,101,111,339
667,101,114,339
670,101,117,339
673,101,120,339
676,101,123,339
679,101,126,339
682,101,129,339
685,101,132,339
688,101,135,339
691,101,138,339
694,101,141,339
698,100,137,343
703,99,138,343
708,98,139,343
713,97,140,343
718,96,141,343
723,95,142,343
728,94,143,343
733,93,144,343
738,92,145,343
743,91,146,343
748,90,147,343
753,89,148,343
758,88,149,343
763,87,150,343
768,86,151,343
778,90,153,342
784,90,149,341
790,90,145,340
796,90,141,339
802,90,137,338
808,90,133,337
814,90,129,336
820,90,125,335
826,90,121,334
832,90,117,333
838,90,113,332
844,90,109,331
850,90,105,330
856,90,101,329
862,90,97,328
874,92,89,331
878,92,90,330
882,92,91,329
886,92,92,328
890,92,93,327
894,92,94,326
898,92,95,325
902,92,96,324
906,92,97,323
910,92,98,322
914,92,99,321
918,92,100,320
922,92,101,319
926,92,102,318
930,92,103,317
932,96,98,314
935,96,101,314
938,96,104,314
941,96,107,314
944,96,110,314
947,96,113,314
950,96,116,314
953,96,119,314
956,96,122,314
959,96,125,314
962,96,128,314
965,96,131,314
968,96,134,314
971,96,137,314
974,96,140,314
976,98,137,314
