898,191,59,140
896,192,59,140
894,193,59,140
892,194,59,140
890,195,59,140
888,196,59,140
886,197,59,140
884,198,59,140
882,199,59,140
880,200,59,140
878,201,59,140
876,202,59,140
874,203,59,140
872,204,59,140
870,205,59,140
863,201,56,135
861,201,56,134
859,201,56,133
857,201,56,132
855,201,56,131
853,201,56,130
851,201,56,129
849,201,56,128
847,201,56,127
845,201,56,126
843,201,56,125
841,201,56,124
839,201,56,123
837,201,56,122
835,201,56,121
834,201,53,120
831,201,53,121
828,201,53,122
825,201,53,123
822,201,53,124
819,201,53,125
816,201,53,126
813,201,53,127
810,201,53,128
807,201,53,129
804,201,53,130
801,201,53,131
798,201,53,132
795,201,53,133
792,201,53,134
789,201,55,133
787,201,55,133
785,201,55,133
783,201,55,133
781,201,55,133
779,201,55,133
777,201,55,133
775,201,55,133
773,201,55,133
771,201,55,133
769,201,55,133
767,201,55,133
765,201,55,133
763,201,55,133
761,201,55,133
755,196,58,140
753,196,59,140
751,196,60,140
749,196,61,140
747,196,62,140
745,196,63,140
743,196,64,140
741,196,65,140
739,196,66,140
737,196,67,140
735,196,68,140
733,196,69,140
731,196,70,140
729,196,71,140
727,196,72,140
723,201,72,142
722,201,71,142
721,201,70,142
720,201,69,142
719,201,68,142
718,201,67,142
717,201,66,142
716,201,65,142
715,201,64,142
714,201,63,142
713,201,62,142
712,201,61,142
711,201,60,142
710,201,59,142
709,201,58,142
703,206,58,146
700,206,58,145
697,206,58,144
694,206,58,143
691,206,58,142
688,206,58,141
685,206,58,140
682,206,58,139
679,206,58,138
676,206,58,137
673,206,58,136
670,206,58,135
667,206,58,134
664,206,58,133
661,206,58,132
665,206,60,135
664,206,60,136
663,206,60,137
662,206,60,138
661,206,60,139
660,206,60,140
659,206,60,141
658,206,60,142
657,206,60,143
656,206,60,144
655,206,60,145
654,206,60,146
653,206,60,147
652,206,60,148
651,206,60,149
645,211,61,150
643,211,61,150
641,211,61,150
639,211,61,150
637,211,61,150
635,211,61,150
633,211,61,150
631,211,61,150
629,211,61,150
627,211,61,150
625,211,61,150
623,211,61,150
621,211,61,150
619,211,61,150
617,211,61,150
619,209,63,153
617,209,62,153
615,209,61,153
613,209,60,153
611,209,59,153
609,209,58,153
607,209,57,153
605,209,56,153
603,209,55,153
601,209,54,153
599,209,53,153
597,209,52,153
595,209,51,153
593,209,50,153
591,209,49,153
595,211,55,158
593,211,55,158
591,211,55,158
589,211,55,158
587,211,55,158
585,211,55,158
583,211,55,158
581,211,55,158
579,211,55,158
577,211,55,158
575,211,55,158
573,211,55,158
571,211,55,158
569,211,55,158
567,211,55,158
561,217,62,158
559,217,62,158
557,217,62,158
555,217,62,158
553,217,62,158
551,217,62,158
549,217,62,158
547,217,62,158
545,217,62,158
543,217,62,158
541,217,62,158
539,217,62,158
537,217,62,158
535,217,62,158
533,217,62,158
536,217,58,162
533,217,59,163
530,217,60,164
527,217,61,165
524,217,62,166
521,217,63,167
518,217,64,168
515,217,65,169
512,217,66,170
509,217,67,171
506,217,68,172
503,217,69,173
500,217,70,174
497,217,71,175
494,217,72,176
497,219,74,179
496,219,74,179
495,219,74,179
494,219,74,179
493,219,74,179
492,219,74,179
491,219,74,179
490,219,74,179
489,219,74,179
488,219,74,179
487,219,74,179
486,219,74,179
485,219,74,179
484,219,74,179
483,219,74,179
475,219,67,174
473,219,67,175
471,219,67,176
469,219,67,177
467,219,67,178
465,219,67,179
463,219,67,180
461,219,67,181
459,219,67,182
457,219,67,183
455,219,67,184
453,219,67,185
451,219,67,186
449,219,67,187
447,219,67,188
445,216,69,194
444,217,69,193
443,218,69,192
442,219,69,191
441,220,69,190
440,221,69,189
439,222,69,188
438,223,69,187
437,224,69,186
436,225,69,185
435,226,69,184
434,227,69,183
433,228,69,182
432,229,69,181
431,230,69,180
430,225,68,181
430,225,68,181
430,225,68,181
430,225,68,181
430,225,68,181
430,225,68,181
430,225,68,181
430,225,68,181
430,225,68,181
430,225,68,181
430,225,68,181
430,225,68,181
430,225,68,181
430,225,68,181
430,225,68,181
425,225,69,188
425,225,69,189
425,225,69,190
425,225,69,191
425,225,69,192
425,225,69,193
425,225,69,194
425,225,69,195
425,225,69,196
425,225,69,197
425,225,69,198
425,225,69,199
425,225,69,200
425,225,69,201
425,225,69,202
430,220,64,209
430,220,64,209
430,220,64,209
430,220,64,209
430,220,64,209
430,220,64,209
430,220,64,209
430,220,64,209
430,220,64,209
430,220,64,209
430,220,64,209
430,220,64,209
430,220,64,209
430,220,64,209
430,220,64,209
436,224,67,215
437,224,67,215
438,224,67,215
439,224,67,215
440,224,67,215
441,224,67,215
442,224,67,215
443,224,67,215
444,224,67,215
445,224,67,215
446,224,67,215
447,224,67,215
448,224,67,215
449,224,67,215
450,224,67,215
446,227,69,215
448,227,69,216
450,227,69,217
452,227,69,218
454,227,69,219
456,227,69,220
458,227,69,221
460,227,69,222
462,227,69,223
464,227,69,224
466,227,69,225
468,227,69,226
470,227,69,227
472,227,69,228
474,227,69,229
475,229,75,228
477,229,76,227
479,229,77,226
481,229,78,225
483,229,79,224
485,229,80,223
487,229,81,222
489,229,82,221
491,229,83,220
493,229,84,219
495,229,85,218
497,229,86,217
499,229,87,216
501,229,88,215
503,229,89,214
509,229,87,220
513,229,86,220
517,229,85,220
521,229,84,220
525,229,83,220
529,229,82,220
533,229,81,220
537,229,80,220
541,229,79,220
545,229,78,220
549,229,77,220
553,229,76,220
557,229,75,220
561,229,74,220
565,229,73,220
567,230,65,227
569,230,67,228
571,230,69,229
573,230,71,230
575,230,73,231
577,230,75,232
579,230,77,233
581,230,79,234
583,230,81,235
585,230,83,236
587,230,85,237
589,230,87,238
591,230,89,239
593,230,91,240
595,230,93,241
597,230,94,245
601,230,95,245
605,230,96,245
609,230,97,245
613,230,98,245
617,230,99,245
621,230,100,245
625,230,101,245
629,230,102,245
633,230,103,245
637,230,104,245
641,230,105,245
645,230,106,245
649,230,107,245
653,230,108,245
654,224,109,248
658,224,109,247
662,224,109,246
666,224,109,245
670,224,109,244
674,224,109,243
678,224,109,242
682,224,109,241
686,224,109,240
690,224,109,239
694,224,109,238
698,224,109,237
702,224,109,236
706,224,109,235
710,224,109,234
719,229,103,236
723,229,100,236
727,229,97,236
731,229,94,236
735,229,91,236
739,229,88,236
743,229,85,236
747,229,82,236
751,229,79,236
755,229,76,236
759,229,73,236
763,229,70,236
767,229,67,236
771,229,64,236
775,229,61,236
785,227,64,232
787,228,66,231
789,229,68,230
791,230,70,229
793,231,72,228
795,232,74,227
797,233,76,226
799,234,78,225
801,235,80,224
803,236,82,223
805,237,84,222
807,238,86,221
809,239,88,220
811,240,90,219
813,241,92,218
811,248,99,217
