821,198,67,163
818,199,67,161
815,200,67,159
812,201,67,157
809,202,67,155
806,203,67,153
803,204,67,151
800,205,67,149
797,206,67,147
794,207,67,145
791,208,67,143
788,209,67,141
785,210,67,139
782,211,67,137
779,212,67,135
778,214,65,135
776,214,65,135
774,214,65,135
772,214,65,135
770,214,65,135
768,214,65,135
766,214,65,135
764,214,65,135
762,214,65,135
760,214,65,135
758,214,65,135
756,214,65,135
754,214,65,135
752,214,65,135
750,214,65,135
751,209,58,137
748,209,59,138
745,209,60,139
742,209,61,140
739,209,62,141
736,209,63,142
733,209,64,143
730,209,65,144
727,209,66,145
724,209,67,146
721,209,68,147
718,209,69,148
715,209,70,149
712,209,71,150
709,209,72,151
701,214,68,151
699,214,68,150
697,214,68,149
695,214,68,148
693,214,68,147
691,214,68,146
689,214,68,145
687,214,68,144
685,214,68,143
683,214,68,142
681,214,68,141
679,214,68,140
677,214,68,139
675,214,68,138
673,214,68,137
672,214,61,140
670,215,62,140
668,216,63,140
666,217,64,140
664,218,65,140
662,219,66,140
660,220,67,140
658,221,68,140
656,222,69,140
654,223,70,140
652,224,71,140
650,225,72,140
648,226,73,140
646,227,74,140
644,228,75,140
638,224,69,143
636,224,69,144
634,224,69,145
632,224,69,146
630,224,69,147
628,224,69,148
626,224,69,149
624,224,69,150
622,224,69,151
620,224,69,152
618,224,69,153
616,224,69,154
614,224,69,155
612,224,69,156
610,224,69,157
607,227,76,158
605,227,76,159
603,227,76,160
601,227,76,161
599,227,76,162
597,227,76,163
595,227,76,164
593,227,76,165
591,227,76,166
589,227,76,167
587,227,76,168
585,227,76,169
583,227,76,170
581,227,76,171
579,227,76,172
571,224,71,177
569,225,71,176
567,226,71,175
565,227,71,174
563,228,71,173
561,229,71,172
559,230,71,171
557,231,71,170
555,232,71,169
553,233,71,168
551,234,71,167
549,235,71,166
547,236,71,165
545,237,71,164
543,238,71,163
538,235,65,168
537,236,66,168
536,237,67,168
535,238,68,168
534,239,69,168
533,240,70,168
532,241,71,168
531,242,72,168
530,243,73,168
529,244,74,168
528,245,75,168
527,246,76,168
526,247,77,168
525,248,78,168
524,249,79,168
516,243,76,174
514,243,75,174
512,243,74,174
510,243,73,174
508,243,72,174
506,243,71,174
504,243,70,174
502,243,69,174
500,243,68,174
498,243,67,174
496,243,66,174
494,243,65,174
492,243,64,174
490,243,63,174
488,243,62,174
485,239,58,177
482,240,59,177
479,241,60,177
476,242,61,177
473,243,62,177
470,244,63,177
467,245,64,177
464,246,65,177
461,247,66,177
458,248,67,177
455,249,68,177
452,250,69,177
449,251,70,177
446,252,71,177
443,253,72,177
444,251,70,174
441,251,72,176
438,251,74,178
435,251,76,180
432,251,78,182
429,251,80,184
426,251,82,186
423,251,84,188
420,251,86,190
417,251,88,192
414,251,90,194
411,251,92,196
408,251,94,198
405,251,96,200
402,251,98,202
404,250,96,211
401,251,96,210
398,252,96,209
395,253,96,208
392,254,96,207
389,255,96,206
386,256,96,205
383,257,96,204
380,258,96,203
377,259,96,202
374,260,96,201
371,261,96,200
368,262,96,199
365,263,96,198
362,264,96,197
358,259,89,203
357,259,88,204
356,259,87,205
355,259,86,206
354,259,85,207
353,259,84,208
352,259,83,209
351,259,82,210
350,259,81,211
349,259,80,212
348,259,79,213
347,259,78,214
346,259,77,215
345,259,76,216
344,259,75,217
343,259,76,218
342,259,76,217
341,259,76,216
340,259,76,215
339,259,76,214
338,259,76,213
337,259,76,212
336,259,76,211
335,259,76,210
334,259,76,209
333,259,76,208
332,259,76,207
331,259,76,206
330,259,76,205
329,259,76,204
324,261,78,206
324,261,77,207
324,261,76,208
324,261,75,209
324,261,74,210
324,261,73,211
324,261,72,212
324,261,71,213
324,261,70,214
324,261,69,215
324,261,68,216
324,261,67,217
324,261,66,218
324,261,65,219
324,261,64,220
324,264,68,216
324,264,68,216
324,264,68,216
324,264,68,216
324,264,68,216
324,264,68,216
324,264,68,216
324,264,68,216
324,264,68,216
324,264,68,216
324,264,68,216
324,264,68,216
324,264,68,216
324,264,68,216
324,264,68,216
324,263,73,212
324,263,73,211
324,263,73,210
324,263,73,209
324,263,73,208
324,263,73,207
324,263,73,206
324,263,73,205
324,263,73,204
324,263,73,203
324,263,73,202
324,263,73,201
324,263,73,200
324,263,73,199
324,263,73,198
331,268,74,204
332,268,74,206
333,268,74,208
334,268,74,210
335,268,74,212
336,268,74,214
337,268,74,216
338,268,74,218
339,268,74,220
340,268,74,222
341,268,74,224
342,268,74,226
343,268,74,228
344,268,74,230
345,268,74,232
343,269,80,230
345,269,80,232
347,269,80,234
349,269,80,236
351,269,80,238
353,269,80,240
355,269,80,242
357,269,80,244
359,269,80,246
361,269,80,248
363,269,80,250
365,269,80,252
367,269,80,254
369,269,80,256
371,269,80,258
368,264,80,256
371,264,81,256
374,264,82,256
377,264,83,256
380,264,84,256
383,264,85,256
386,264,86,256
389,264,87,256
392,264,88,256
395,264,89,256
398,264,90,256
401,264,91,256
404,264,92,256
407,264,93,256
410,264,94,256
408,261,88,251
412,261,86,251
416,261,84,251
420,261,82,251
424,261,80,251
428,261,78,251
432,261,76,251
436,261,74,251
440,261,72,251
444,261,70,251
448,261,68,251
452,261,66,251
456,261,64,251
460,261,62,251
464,261,60,251
466,256,65,253
469,256,68,254
472,256,71,255
475,256,74,256
478,256,77,257
481,256,80,258
484,256,83,259
487,256,86,260
490,256,89,261
493,256,92,262
496,256,95,263
499,256,98,264
502,256,101,265
505,256,104,266
508,256,107,267
506,255,109,265
511,255,109,265
516,255,109,265
521,255,109,265
526,255,109,265
531,255,109,265
536,255,109,265
541,255,109,265
546,255,109,265
551,255,109,265
556,255,109,265
561,255,109,265
566,255,109,265
571,255,109,265
576,255,109,265
574,250,113,262
578,250,111,262
582,250,109,262
586,250,107,262
590,250,105,262
594,250,103,262
598,250,101,262
602,250,99,262
606,250,97,262
610,250,95,262
614,250,93,262
618,250,91,262
622,250,89,262
626,250,87,262
630,250,85,262
638,245,90,266
642,244,91,266
646,243,92,266
650,242,93,266
654,241,94,266
658,240,95,266
662,239,96,266
666,238,97,266
670,237,98,266
674,236,99,266
678,235,100,266
682,234,101,266
686,233,102,266
690,232,103,266
694,231,104,266
693,237,111,272
697,237,112,272
701,237,113,272
705,237,114,272
709,237,115,272
713,237,116,272
717,237,117,272
721,237,118,272
725,237,119,272
729,237,120,272
733,237,121,272
737,237,122,272
741,237,123,272
745,237,124,272
749,237,125,272
746,234,130,275
751,236,129,272
756,238,128,269
761,240,127,266
766,242,126,263
771,244,125,260
776,246,124,257
781,248,123,254
786,250,122,251
791,252,121,248
796,254,120,245
801,256,119,242
806,258,118,239
811,260,117,236
816,262,116,233
818,261,118,237
821,258,116,238
824,255,114,239
827,252,112,240
830,249,110,241
833,246,108,242
836,243,106,243
839,240,104,244
842,237,102,245
845,234,100,246
848,231,98,247
851,228,96,248
854,225,94,249
857,222,92,250
860,219,90,251
869,222,92,255
872,222,94,256
875,222,96,257
878,222,98,258
881,222,100,259
884,222,102,260
887,222,104,261
890,222,106,262
893,222,108,263
896,222,110,264
899,222,112,265
902,222,114,266
905,222,116,267
908,222,118,268
911,222,120,269
917,221,116,264
