1335,218,52,140
1333,218,52,140
1331,218,52,140
1329,218,52,140
1327,218,52,140
1325,218,52,140
1323,218,52,140
1321,218,52,140
1319,218,52,140
1317,218,52,140
1315,218,52,140
1313,218,52,140
1311,218,52,140
1309,218,52,140
1307,218,52,140
1301,216,56,142
1300,216,55,143
1299,216,54,144
1298,216,53,145
1297,216,52,146
1296,216,51,147
1295,216,50,148
1294,216,49,149
1293,216,48,150
1292,216,47,151
1291,216,46,152
1290,216,45,153
1289,216,44,154
1288,216,43,155
1287,216,42,156
1291,210,43,150
1289,210,43,150
1287,210,43,150
1285,210,43,150
1283,210,43,150
1281,210,43,150
1279,210,43,150
1277,210,43,150
1275,210,43,150
1273,210,43,150
1271,210,43,150
1269,210,43,150
1267,210,43,150
1265,210,43,150
1263,210,43,150
1264,211,48,152
1262,211,48,153
1260,211,48,154
1258,211,48,155
1256,211,48,156
1254,211,48,157
1252,211,48,158
1250,211,48,159
1248,211,48,160
1246,211,48,161
1244,211,48,162
1242,211,48,163
1240,211,48,164
1238,211,48,165
1236,211,48,166
1235,211,55,160
1233,211,55,160
1231,211,55,160
1229,211,55,160
1227,211,55,160
1225,211,55,160
1223,211,55,160
1221,211,55,160
1219,211,55,160
1217,211,55,160
1215,211,55,160
1213,211,55,160
1211,211,55,160
1209,211,55,160
1207,211,55,160
1209,208,61,160
1208,208,60,160
1207,208,59,160
1206,208,58,160
1205,208,57,160
1204,208,56,160
1203,208,55,160
1202,208,54,160
1201,208,53,160
1200,208,52,160
1199,208,51,160
1198,208,50,160
1197,208,49,160
1196,208,48,160
1195,208,47,160
1194,205,40,166
1191,205,42,166
1188,205,44,166
1185,205,46,166
1182,205,48,166
1179,205,50,166
1176,205,52,166
1173,205,54,166
1170,205,56,166
1167,205,58,166
1164,205,60,166
1161,205,62,166
1158,205,64,166
1155,205,66,166
1152,205,68,166
1153,207,66,166
1151,207,66,165
1149,207,66,164
1147,207,66,163
1145,207,66,162
1143,207,66,161
1141,207,66,160
1139,207,66,159
1137,207,66,158
1135,207,66,157
1133,207,66,156
1131,207,66,155
1129,207,66,154
1127,207,66,153
1125,207,66,152
1120,208,61,158
1119,208,60,158
1118,208,59,158
1117,208,58,158
1116,208,57,158
1115,208,56,158
1114,208,55,158
1113,208,54,158
1112,208,53,158
1111,208,52,158
1110,208,51,158
1109,208,50,158
1108,208,49,158
1107,208,48,158
1106,208,47,158
1103,207,42,159
1101,207,43,159
1099,207,44,159
1097,207,45,159
1095,207,46,159
1093,207,47,159
1091,207,48,159
1089,207,49,159
1087,207,50,159
1085,207,51,159
1083,207,52,159
1081,207,53,159
1079,207,54,159
1077,207,55,159
1075,207,56,159
1073,203,52,161
1071,203,52,161
1069,203,52,161
1067,203,52,161
1065,203,52,161
1063,203,52,161
1061,203,52,161
1059,203,52,161
1057,203,52,161
1055,203,52,161
1053,203,52,161
1051,203,52,161
1049,203,52,161
1047,203,52,161
1045,203,52,161
1037,205,59,158
1036,205,58,158
1035,205,57,158
1034,205,56,158
1033,205,55,158
1032,205,54,158
1031,205,53,158
1030,205,52,158
1029,205,51,158
1028,205,50,158
1027,205,49,158
1026,205,48,158
1025,205,47,158
1024,205,46,158
1023,205,45,158
1023,207,44,151
1021,207,44,151
1019,207,44,151
1017,207,44,151
1015,207,44,151
1013,207,44,151
1011,207,44,151
1009,207,44,151
1007,207,44,151
1005,207,44,151
1003,207,44,151
1001,207,44,151
999,207,44,151
997,207,44,151
995,207,44,151
1000,208,45,148
998,208,45,148
996,208,45,148
994,208,45,148
992,208,45,148
990,208,45,148
988,208,45,148
986,208,45,148
984,208,45,148
982,208,45,148
980,208,45,148
978,208,45,148
976,208,45,148
974,208,45,148
972,208,45,148
977,203,51,149
975,203,52,149
973,203,53,149
971,203,54,149
969,203,55,149
967,203,56,149
965,203,57,149
963,203,58,149
961,203,59,149
959,203,60,149
957,203,61,149
955,203,62,149
953,203,63,149
951,203,64,149
949,203,65,149
942,208,64,147
941,208,63,147
940,208,62,147
939,208,61,147
938,208,60,147
937,208,59,147
936,208,58,147
935,208,57,147
934,208,56,147
933,208,55,147
932,208,54,147
931,208,53,147
930,208,52,147
929,208,51,147
928,208,50,147
931,205,49,147
930,205,50,146
929,205,51,145
928,205,52,144
927,205,53,143
926,205,54,142
925,205,55,141
924,205,56,140
923,205,57,139
922,205,58,138
921,205,59,137
920,205,60,136
919,205,61,135
918,205,62,134
917,205,63,133
909,207,59,136
907,207,59,136
905,207,59,136
903,207,59,136
901,207,59,136
899,207,59,136
897,207,59,136
895,207,59,136
893,207,59,136
891,207,59,136
889,207,59,136
887,207,59,136
885,207,59,136
883,207,59,136
881,207,59,136
885,203,59,139
884,203,58,139
883,203,57,139
882,203,56,139
881,203,55,139
880,203,54,139
879,203,53,139
878,203,52,139
877,203,51,139
876,203,50,139
875,203,49,139
874,203,48,139
873,203,47,139
872,203,46,139
871,203,45,139
872,205,45,137
871,205,45,137
870,205,45,137
869,205,45,137
868,205,45,137
867,205,45,137
866,205,45,137
865,205,45,137
864,205,45,137
863,205,45,137
862,205,45,137
861,205,45,137
860,205,45,137
859,205,45,137
858,205,45,137
853,202,49,140
851,202,49,140
849,202,49,140
847,202,49,140
845,202,49,140
843,202,49,140
841,202,49,140
839,202,49,140
837,202,49,140
835,202,49,140
833,202,49,140
831,202,49,140
829,202,49,140
827,202,49,140
825,202,49,140
821,200,53,142
819,200,53,142
817,200,53,142
815,200,53,142
813,200,53,142
811,200,53,142
809,200,53,142
807,200,53,142
805,200,53,142
803,200,53,142
801,200,53,142
799,200,53,142
797,200,53,142
795,200,53,142
793,200,53,142
792,202,57,138
790,202,56,138
788,202,55,138
786,202,54,138
784,202,53,138
782,202,52,138
780,202,51,138
778,202,50,138
776,202,49,138
774,202,48,138
772,202,47,138
770,202,46,138
768,202,45,138
766,202,44,138
764,202,43,138
768,205,42,134
766,205,43,135
764,205,44,136
762,205,45,137
760,205,46,138
758,205,47,139
756,205,48,140
754,205,49,141
752,205,50,142
750,205,51,143
748,205,52,144
746,205,53,145
744,205,54,146
742,205,55,147
740,205,56,148
739,203,59,145
737,203,59,144
735,203,59,143
733,203,59,142
731,203,59,141
729,203,59,140
727,203,59,139
725,203,59,138
723,203,59,137
721,203,59,136
719,203,59,135
717,203,59,134
715,203,59,133
713,203,59,132
711,203,59,131
707,208,64,135
706,208,62,136
705,208,60,137
704,208,58,138
703,208,56,139
702,208,54,140
701,208,52,141
700,208,50,142
699,208,48,143
698,208,46,144
697,208,44,145
696,208,42,146
695,208,40,147
694,208,38,148
693,208,36,149
688,205,38,145
686,205,39,145
684,205,40,145
682,205,41,145
680,205,42,145
678,205,43,145
676,205,44,145
674,205,45,145
672,205,46,145
670,205,47,145
668,205,48,145
666,205,49,145
664,205,50,145
662,205,51,145
660,205,52,145
664,207,55,146
