1354,177,69,174
1351,177,69,174
1348,177,69,174
1345,177,69,174
1342,177,69,174
1339,177,69,174
1336,177,69,174
1333,177,69,174
1330,177,69,174
1327,177,69,174
1324,177,69,174
1321,177,69,174
1318,177,69,174
1315,177,69,174
1312,177,69,174
1314,183,75,170
1313,183,74,171
1312,183,73,172
1311,183,72,173
1310,183,71,174
1309,183,70,175
1308,183,69,176
1307,183,68,177
1306,183,67,178
1305,183,66,179
1304,183,65,180
1303,183,64,181
1302,183,63,182
1301,183,62,183
1300,183,61,184
1302,177,58,183
1301,177,58,183
1300,177,58,183
1299,177,58,183
1298,177,58,183
1297,177,58,183
1296,177,58,183
1295,177,58,183
1294,177,58,183
1293,177,58,183
1292,177,58,183
1291,177,58,183
1290,177,58,183
1289,177,58,183
1288,177,58,183
1280,183,64,179
1277,183,65,179
1274,183,66,179
1271,183,67,179
1268,183,68,179
1265,183,69,179
1262,183,70,179
1259,183,71,179
1256,183,72,179
1253,183,73,179
1250,183,74,179
1247,183,75,179
1244,183,76,179
1241,183,77,179
1238,183,78,179
1235,188,80,179
1234,188,78,180
1233,188,76,181
1232,188,74,182
1231,188,72,183
1230,188,70,184
1229,188,68,185
1228,188,66,186
1227,188,64,187
1226,188,62,188
1225,188,60,189
1224,188,58,190
1223,188,56,191
1222,188,54,192
1221,188,52,193
1219,183,53,189
1217,183,54,189
1215,183,55,189
1213,183,56,189
1211,183,57,189
1209,183,58,189
1207,183,59,189
1205,183,60,189
1203,183,61,189
1201,183,62,189
1199,183,63,189
1197,183,64,189
1195,183,65,189
1193,183,66,189
1191,183,67,189
1188,189,73,183
1185,189,73,183
1182,189,73,183
1179,189,73,183
1176,189,73,183
1173,189,73,183
1170,189,73,183
1167,189,73,183
1164,189,73,183
1161,189,73,183
1158,189,73,183
1155,189,73,183
1152,189,73,183
1149,189,73,183
1146,189,73,183
1141,194,77,181
1140,194,75,181
1139,194,73,181
1138,194,71,181
1137,194,69,181
1136,194,67,181
1135,194,65,181
1134,194,63,181
1133,194,61,181
1132,194,59,181
1131,194,57,181
1130,194,55,181
1129,194,53,181
1128,194,51,181
1127,194,49,181
1122,191,53,179
1120,191,54,179
1118,191,55,179
1116,191,56,179
1114,191,57,179
1112,191,58,179
1110,191,59,179
1108,191,60,179
1106,191,61,179
1104,191,62,179
1102,191,63,179
1100,191,64,179
1098,191,65,179
1096,191,66,179
1094,191,67,179
1095,194,71,179
1092,194,71,179
1089,194,71,179
1086,194,71,179
1083,194,71,179
1080,194,71,179
1077,194,71,179
1074,194,71,179
1071,194,71,179
1068,194,71,179
1065,194,71,179
1062,194,71,179
1059,194,71,179
1056,194,71,179
1053,194,71,179
1053,198,77,174
1052,198,75,174
1051,198,73,174
1050,198,71,174
1049,198,69,174
1048,198,67,174
1047,198,65,174
1046,198,63,174
1045,198,61,174
1044,198,59,174
1043,198,57,174
1042,198,55,174
1041,198,53,174
1040,198,51,174
1039,198,49,174
1041,198,49,174
1040,198,50,174
1039,198,51,174
1038,198,52,174
1037,198,53,174
1036,198,54,174
1035,198,55,174
1034,198,56,174
1033,198,57,174
1032,198,58,174
1031,198,59,174
1030,198,60,174
1029,198,61,174
1028,198,62,174
1027,198,63,174
1019,200,60,173
1017,200,60,173
1015,200,60,173
1013,200,60,173
1011,200,60,173
1009,200,60,173
1007,200,60,173
1005,200,60,173
1003,200,60,173
1001,200,60,173
999,200,60,173
997,200,60,173
995,200,60,173
993,200,60,173
991,200,60,173
985,201,66,166
984,201,65,166
983,201,64,166
982,201,63,166
981,201,62,166
980,201,61,166
979,201,60,166
978,201,59,166
977,201,58,166
976,201,57,166
975,201,56,166
974,201,55,166
973,201,54,166
972,201,53,166
971,201,52,166
972,198,57,169
971,198,57,169
970,198,57,169
969,198,57,169
968,198,57,169
967,198,57,169
966,198,57,169
965,198,57,169
964,198,57,169
963,198,57,169
962,198,57,169
961,198,57,169
960,198,57,169
959,198,57,169
958,198,57,169
952,203,59,162
950,203,60,162
948,203,61,162
946,203,62,162
944,203,63,162
942,203,64,162
940,203,65,162
938,203,66,162
936,203,67,162
934,203,68,162
932,203,69,162
930,203,70,162
928,203,71,162
926,203,72,162
924,203,73,162
920,205,68,158
919,205,68,158
918,205,68,158
917,205,68,158
916,205,68,158
915,205,68,158
914,205,68,158
913,205,68,158
912,205,68,158
911,205,68,158
910,205,68,158
909,205,68,158
908,205,68,158
907,205,68,158
906,205,68,158
900,203,71,153
899,203,71,153
898,203,71,153
897,203,71,153
896,203,71,153
895,203,71,153
894,203,71,153
893,203,71,153
892,203,71,153
891,203,71,153
890,203,71,153
889,203,71,153
888,203,71,153
887,203,71,153
886,203,71,153
884,205,69,151
882,205,69,152
880,205,69,153
878,205,69,154
876,205,69,155
874,205,69,156
872,205,69,157
870,205,69,158
868,205,69,159
866,205,69,160
864,205,69,161
862,205,69,162
860,205,69,163
858,205,69,164
856,205,69,165
859,201,62,159
858,201,62,159
857,201,62,159
856,201,62,159
855,201,62,159
854,201,62,159
853,201,62,159
852,201,62,159
851,201,62,159
850,201,62,159
849,201,62,159
848,201,62,159
847,201,62,159
846,201,62,159
845,201,62,159
842,206,64,157
839,206,65,157
836,206,66,157
833,206,67,157
830,206,68,157
827,206,69,157
824,206,70,157
821,206,71,157
818,206,72,157
815,206,73,157
812,206,74,157
809,206,75,157
806,206,76,157
803,206,77,157
800,206,78,157
803,206,78,157
801,206,77,157
799,206,76,157
797,206,75,157
795,206,74,157
793,206,73,157
791,206,72,157
789,206,71,157
787,206,70,157
785,206,69,157
783,206,68,157
781,206,67,157
779,206,66,157
777,206,65,157
775,206,64,157
779,201,59,164
777,202,59,163
775,203,59,162
773,204,59,161
771,205,59,160
769,206,59,159
767,207,59,158
765,208,59,157
763,209,59,156
761,210,59,155
759,211,59,154
757,212,59,153
755,213,59,152
753,214,59,151
751,215,59,150
754,210,66,153
751,210,66,153
748,210,66,153
745,210,66,153
742,210,66,153
739,210,66,153
736,210,66,153
733,210,66,153
730,210,66,153
727,210,66,153
724,210,66,153
721,210,66,153
718,210,66,153
715,210,66,153
712,210,66,153
716,216,73,154
715,216,71,154
714,216,69,154
713,216,67,154
712,216,65,154
711,216,63,154
710,216,61,154
709,216,59,154
708,216,57,154
707,216,55,154
706,216,53,154
705,216,51,154
704,216,49,154
703,216,47,154
702,216,45,154
697,218,49,150
695,218,50,150
693,218,51,150
691,218,52,150
689,218,53,150
687,218,54,150
685,218,55,150
683,218,56,150
681,218,57,150
679,218,58,150
677,218,59,150
675,218,60,150
673,218,61,150
671,218,62,150
669,218,63,150
668,218,69,157
666,219,69,157
664,220,69,157
662,221,69,157
660,222,69,157
658,223,69,157
656,224,69,157
654,225,69,157
652,226,69,157
650,227,69,157
648,228,69,157
646,229,69,157
644,230,69,157
642,231,69,157
640,232,69,157
632,228,67,156
631,228,66,156
630,228,65,156
629,228,64,156
628,228,63,156
627,228,62,156
626,228,61,156
625,228,60,156
624,228,59,156
623,228,58,156
622,228,57,156
621,228,56,156
620,228,55,156
619,228,54,156
618,228,53,156
614,230,49,154
612,230,50,154
610,230,51,154
608,230,52,154
606,230,53,154
604,230,54,154
602,230,55,154
600,230,56,154
598,230,57,154
596,230,58,154
594,230,59,154
592,230,60,154
590,230,61,154
588,230,62,154
586,230,63,154
583,235,64,155
580,235,65,156
577,235,66,157
574,235,67,158
571,235,68,159
568,235,69,160
565,235,70,161
562,235,71,162
559,235,72,163
556,235,73,164
553,235,74,165
550,235,75,166
547,235,76,167
544,235,77,168
541,235,78,169
543,237,72,164
