1468,116,58,209
1465,116,60,209
1462,116,62,209
1459,116,64,209
1456,116,66,209
1453,116,68,209
1450,116,70,209
1447,116,72,209
1444,116,74,209
1441,116,76,209
1438,116,78,209
1435,116,80,209
1432,116,82,209
1429,116,84,209
1426,116,86,209
1422,115,85,212
1419,115,85,212
1416,115,85,212
1413,115,85,212
1410,115,85,212
1407,115,85,212
1404,115,85,212
1401,115,85,212
1398,115,85,212
1395,115,85,212
1392,115,85,212
1389,115,85,212
1386,115,85,212
1383,115,85,212
1380,115,85,212
1382,112,89,219
1381,112,88,219
1380,112,87,219
1379,112,86,219
1378,112,85,219
1377,112,84,219
1376,112,83,219
1375,112,82,219
1374,112,81,219
1373,112,80,219
1372,112,79,219
1371,112,78,219
1370,112,77,219
1369,112,76,219
1368,112,75,219
1365,110,73,212
1363,110,74,213
1361,110,75,214
1359,110,76,215
1357,110,77,216
1355,110,78,217
1353,110,79,218
1351,110,80,219
1349,110,81,220
1347,110,82,221
1345,110,83,222
1343,110,84,223
1341,110,85,224
1339,110,86,225
1337,110,87,226
1332,107,81,221
1329,107,82,221
1326,107,83,221
1323,107,84,221
1320,107,85,221
1317,107,86,221
1314,107,87,221
1311,107,88,221
1308,107,89,221
1305,107,90,221
1302,107,91,221
1299,107,92,221
1296,107,93,221
1293,107,94,221
1290,107,95,221
1284,110,91,220
1283,109,89,220
1282,108,87,220
1281,107,85,220
1280,106,83,220
1279,105,81,220
1278,104,79,220
1277,103,77,220
1276,102,75,220
1275,101,73,220
1274,100,71,220
1273,99,69,220
1272,98,67,220
1271,97,65,220
1270,96,63,220
1263,101,67,224
1260,101,68,225
1257,101,69,226
1254,101,70,227
1251,101,71,228
1248,101,72,229
1245,101,73,230
1242,101,74,231
1239,101,75,232
1236,101,76,233
1233,101,77,234
1230,101,78,235
1227,101,79,236
1224,101,80,237
1221,101,81,238
1219,98,87,236
1214,98,88,235
1209,98,89,234
1204,98,90,233
1199,98,91,232
1194,98,92,231
1189,98,93,230
1184,98,94,229
1179,98,95,228
1174,98,96,227
1169,98,97,226
1164,98,98,225
1159,98,99,224
1154,98,100,223
1149,98,101,222
1146,101,108,224
1146,101,105,224
1146,101,102,224
1146,101,99,224
1146,101,96,224
1146,101,93,224
1146,101,90,224
1146,101,87,224
1146,101,84,224
1146,101,81,224
1146,101,78,224
1146,101,75,224
1146,101,72,224
1146,101,69,224
1146,101,66,224
1153,95,61,220
1150,95,63,221
1147,95,65,222
1144,95,67,223
1141,95,69,224
1138,95,71,225
1135,95,73,226
1132,95,75,227
1129,95,77,228
1126,95,79,229
1123,95,81,230
1120,95,83,231
1117,95,85,232
1114,95,87,233
1111,95,89,234
1103,88,86,231
1099,88,87,230
1095,88,88,229
1091,88,89,228
1087,88,90,227
1083,88,91,226
1079,88,92,225
1075,88,93,224
1071,88,94,223
1067,88,95,222
1063,88,96,221
1059,88,97,220
1055,88,98,219
1051,88,99,218
1047,88,100,217
1043,94,94,212
1042,93,92,212
1041,92,90,212
1040,91,88,212
1039,90,86,212
1038,89,84,212
1037,88,82,212
1036,87,80,212
1035,86,78,212
1034,85,76,212
1033,84,74,212
1032,83,72,212
1031,82,70,212
1030,81,68,212
1029,80,66,212
1022,86,70,216
1021,86,70,216
1020,86,70,216
1019,86,70,216
1018,86,70,216
1017,86,70,216
1016,86,70,216
1015,86,70,216
1014,86,70,216
1013,86,70,216
1012,86,70,216
1011,86,70,216
1010,86,70,216
1009,86,70,216
1008,86,70,216
1005,84,65,214
1001,84,67,214
997,84,69,214
993,84,71,214
989,84,73,214
985,84,75,214
981,84,77,214
977,84,79,214
973,84,81,214
969,84,83,214
965,84,85,214
961,84,87,214
957,84,89,214
953,84,91,214
949,84,93,214
950,83,91,210
950,83,90,210
950,83,89,210
950,83,88,210
950,83,87,210
950,83,86,210
950,83,85,210
950,83,84,210
950,83,83,210
950,83,82,210
950,83,81,210
950,83,80,210
950,83,79,210
950,83,78,210
950,83,77,210
945,80,71,206
943,80,71,206
941,80,71,206
939,80,71,206
937,80,71,206
935,80,71,206
933,80,71,206
931,80,71,206
929,80,71,206
927,80,71,206
925,80,71,206
923,80,71,206
921,80,71,206
919,80,71,206
917,80,71,206
921,77,64,201
919,77,65,201
917,77,66,201
915,77,67,201
913,77,68,201
911,77,69,201
909,77,70,201
907,77,71,201
905,77,72,201
903,77,73,201
901,77,74,201
899,77,75,201
897,77,76,201
895,77,77,201
893,77,78,201
885,80,76,198
883,80,76,198
881,80,76,198
879,80,76,198
877,80,76,198
875,80,76,198
873,80,76,198
871,80,76,198
869,80,76,198
867,80,76,198
865,80,76,198
863,80,76,198
861,80,76,198
859,80,76,198
857,80,76,198
859,78,73,196
857,78,73,196
855,78,73,196
853,78,73,196
851,78,73,196
849,78,73,196
847,78,73,196
845,78,73,196
843,78,73,196
841,78,73,196
839,78,73,196
837,78,73,196
835,78,73,196
833,78,73,196
831,78,73,196
835,74,78,192
832,74,79,192
829,74,80,192
826,74,81,192
823,74,82,192
820,74,83,192
817,74,84,192
814,74,85,192
811,74,86,192
808,74,87,192
805,74,88,192
802,74,89,192
799,74,90,192
796,74,91,192
793,74,92,192
786,72,89,197
786,72,87,197
786,72,85,197
786,72,83,197
786,72,81,197
786,72,79,197
786,72,77,197
786,72,75,197
786,72,73,197
786,72,71,197
786,72,69,197
786,72,67,197
786,72,65,197
786,72,63,197
786,72,61,197
783,65,54,198
780,65,56,198
777,65,58,198
774,65,60,198
771,65,62,198
768,65,64,198
765,65,66,198
762,65,68,198
759,65,70,198
756,65,72,198
753,65,74,198
750,65,76,198
747,65,78,198
744,65,80,198
741,65,82,198
733,65,84,197
730,65,84,197
727,65,84,197
724,65,84,197
721,65,84,197
718,65,84,197
715,65,84,197
712,65,84,197
709,65,84,197
706,65,84,197
703,65,84,197
700,65,84,197
697,65,84,197
694,65,84,197
691,65,84,197
681,62,86,195
680,62,84,195
679,62,82,195
678,62,80,195
677,62,78,195
676,62,76,195
675,62,74,195
674,62,72,195
673,62,70,195
672,62,68,195
671,62,66,195
670,62,64,195
669,62,62,195
668,62,60,195
667,62,58,195
668,69,61,193
665,69,62,193
662,69,63,193
659,69,64,193
656,69,65,193
653,69,66,193
650,69,67,193
647,69,68,193
644,69,69,193
641,69,70,193
638,69,71,193
635,69,72,193
632,69,73,193
629,69,74,193
626,69,75,193
623,66,80,192
621,66,79,192
619,66,78,192
617,66,77,192
615,66,76,192
613,66,75,192
611,66,74,192
609,66,73,192
607,66,72,192
605,66,71,192
603,66,70,192
601,66,69,192
599,66,68,192
597,66,67,192
595,66,66,192
587,66,70,197
586,66,69,196
585,66,68,195
584,66,67,194
583,66,66,193
582,66,65,192
581,66,64,191
580,66,63,190
579,66,62,189
578,66,61,188
577,66,60,187
576,66,59,186
575,66,58,185
574,66,57,184
573,66,56,183
566,71,61,189
562,71,63,189
558,71,65,189
554,71,67,189
550,71,69,189
546,71,71,189
542,71,73,189
538,71,75,189
534,71,77,189
530,71,79,189
526,71,81,189
522,71,83,189
518,71,85,189
514,71,87,189
510,71,89,189
506,66,92,194
505,66,90,194
504,66,88,194
503,66,86,194
502,66,84,194
501,66,82,194
500,66,80,194
499,66,78,194
498,66,76,194
497,66,74,194
496,66,72,194
495,66,70,194
494,66,68,194
493,66,66,194
492,66,64,194
489,72,66,190
487,72,66,190
485,72,66,190
483,72,66,190
481,72,66,190
479,72,66,190
477,72,66,190
475,72,66,190
473,72,66,190
471,72,66,190
469,72,66,190
467,72,66,190
465,72,66,190
463,72,66,190
461,72,66,190
456,72,61,194
