1383,279,62,155
1381,279,62,155
1379,279,62,155
1377,279,62,155
1375,279,62,155
1373,279,62,155
1371,279,62,155
1369,279,62,155
1367,279,62,155
1365,279,62,155
1363,279,62,155
1361,279,62,155
1359,279,62,155
1357,279,62,155
1355,279,62,155
1349,277,63,154
1347,277,63,154
1345,277,63,154
1343,277,63,154
1341,277,63,154
1339,277,63,154
1337,277,63,154
1335,277,63,154
1333,277,63,154
1331,277,63,154
1329,277,63,154
1327,277,63,154
1325,277,63,154
1323,277,63,154
1321,277,63,154
1318,282,61,161
1315,282,61,161
1312,282,61,161
1309,282,61,161
1306,282,61,161
1303,282,61,161
1300,282,61,161
1297,282,61,161
1294,282,61,161
1291,282,61,161
1288,282,61,161
1285,282,61,161
1282,282,61,161
1279,282,61,161
1276,282,61,161
1280,282,66,164
1278,282,66,164
1276,282,66,164
1274,282,66,164
1272,282,66,164
1270,282,66,164
1268,282,66,164
1266,282,66,164
1264,282,66,164
1262,282,66,164
1260,282,66,164
1258,282,66,164
1256,282,66,164
1254,282,66,164
1252,282,66,164
1243,283,63,165
1241,283,62,165
1239,283,61,165
1237,283,60,165
1235,283,59,165
1233,283,58,165
1231,283,57,165
1229,283,56,165
1227,283,55,165
1225,283,54,165
1223,283,53,165
1221,283,52,165
1219,283,51,165
1217,283,50,165
1215,283,49,165
1214,282,48,169
1212,282,48,168
1210,282,48,167
1208,282,48,166
1206,282,48,165
1204,282,48,164
1202,282,48,163
1200,282,48,162
1198,282,48,161
1196,282,48,160
1194,282,48,159
1192,282,48,158
1190,282,48,157
1188,282,48,156
1186,282,48,155
1183,285,43,161
1180,285,44,162
1177,285,45,163
1174,285,46,164
1171,285,47,165
1168,285,48,166
1165,285,49,167
1162,285,50,168
1159,285,51,169
1156,285,52,170
1153,285,53,171
1150,285,54,172
1147,285,55,173
1144,285,56,174
1141,285,57,175
1145,279,53,170
1143,279,53,170
1141,279,53,170
1139,279,53,170
1137,279,53,170
1135,279,53,170
1133,279,53,170
1131,279,53,170
1129,279,53,170
1127,279,53,170
1125,279,53,170
1123,279,53,170
1121,279,53,170
1119,279,53,170
1117,279,53,170
1112,282,59,169
1110,282,58,168
1108,282,57,167
1106,282,56,166
1104,282,55,165
1102,282,54,164
1100,282,53,163
1098,282,52,162
1096,282,51,161
1094,282,50,160
1092,282,49,159
1090,282,48,158
1088,282,47,157
1086,282,46,156
1084,282,45,155
1088,283,47,160
1086,283,48,160
1084,283,49,160
1082,283,50,160
1080,283,51,160
1078,283,52,160
1076,283,53,160
1074,283,54,160
1072,283,55,160
1070,283,56,160
1068,283,57,160
1066,283,58,160
1064,283,59,160
1062,283,60,160
1060,283,61,160
1053,288,62,153
1051,288,61,153
1049,288,60,153
1047,288,59,153
1045,288,58,153
1043,288,57,153
1041,288,56,153
1039,288,55,153
1037,288,54,153
1035,288,53,153
1033,288,52,153
1031,288,51,153
1029,288,50,153
1027,288,49,153
1025,288,48,153
1028,286,48,154
1027,286,48,154
1026,286,48,154
1025,286,48,154
1024,286,48,154
1023,286,48,154
1022,286,48,154
1021,286,48,154
1020,286,48,154
1019,286,48,154
1018,286,48,154
1017,286,48,154
1016,286,48,154
1015,286,48,154
1014,286,48,154
1011,283,43,152
1009,283,44,151
1007,283,45,150
1005,283,46,149
1003,283,47,148
1001,283,48,147
999,283,49,146
997,283,50,145
995,283,51,144
993,283,52,143
991,283,53,142
989,283,54,141
987,283,55,140
985,283,56,139
983,283,57,138
980,285,60,143
979,285,60,143
978,285,60,143
977,285,60,143
976,285,60,143
975,285,60,143
974,285,60,143
973,285,60,143
972,285,60,143
971,285,60,143
970,285,60,143
969,285,60,143
968,285,60,143
967,285,60,143
966,285,60,143
959,285,57,146
957,285,57,146
955,285,57,146
953,285,57,146
951,285,57,146
949,285,57,146
947,285,57,146
945,285,57,146
943,285,57,146
941,285,57,146
939,285,57,146
937,285,57,146
935,285,57,146
933,285,57,146
931,285,57,146
928,282,59,149
926,282,59,149
924,282,59,149
922,282,59,149
920,282,59,149
918,282,59,149
916,282,59,149
914,282,59,149
912,282,59,149
910,282,59,149
908,282,59,149
906,282,59,149
904,282,59,149
902,282,59,149
900,282,59,149
895,286,55,145
893,286,55,145
891,286,55,145
889,286,55,145
887,286,55,145
885,286,55,145
883,286,55,145
881,286,55,145
879,286,55,145
877,286,55,145
875,286,55,145
873,286,55,145
871,286,55,145
869,286,55,145
867,286,55,145
860,286,54,142
858,287,54,141
856,288,54,140
854,289,54,139
852,290,54,138
850,291,54,137
848,292,54,136
846,293,54,135
844,294,54,134
842,295,54,133
840,296,54,132
838,297,54,131
836,298,54,130
834,299,54,129
832,300,54,128
827,296,47,133
825,296,47,134
823,296,47,135
821,296,47,136
819,296,47,137
817,296,47,138
815,296,47,139
813,296,47,140
811,296,47,141
809,296,47,142
807,296,47,143
805,296,47,144
803,296,47,145
801,296,47,146
799,296,47,147
793,292,48,143
791,292,49,143
789,292,50,143
787,292,51,143
785,292,52,143
783,292,53,143
781,292,54,143
779,292,55,143
777,292,56,143
775,292,57,143
773,292,58,143
771,292,59,143
769,292,60,143
767,292,61,143
765,292,62,143
760,296,61,144
758,296,61,144
756,296,61,144
754,296,61,144
752,296,61,144
750,296,61,144
748,296,61,144
746,296,61,144
744,296,61,144
742,296,61,144
740,296,61,144
738,296,61,144
736,296,61,144
734,296,61,144
732,296,61,144
725,300,63,148
723,300,63,148
721,300,63,148
719,300,63,148
717,300,63,148
715,300,63,148
713,300,63,148
711,300,63,148
709,300,63,148
707,300,63,148
705,300,63,148
703,300,63,148
701,300,63,148
699,300,63,148
697,300,63,148
689,302,59,141
686,302,59,141
683,302,59,141
680,302,59,141
677,302,59,141
674,302,59,141
671,302,59,141
668,302,59,141
665,302,59,141
662,302,59,141
659,302,59,141
656,302,59,141
653,302,59,141
650,302,59,141
647,302,59,141
650,306,60,146
