1378,174,65,189
1375,174,66,189
1372,174,67,189
1369,174,68,189
1366,174,69,189
1363,174,70,189
1360,174,71,189
1357,174,72,189
1354,174,73,189
1351,174,74,189
1348,174,75,189
1345,174,76,189
1342,174,77,189
1339,174,78,189
1336,174,79,189
1330,178,83,186
1328,178,82,186
1326,178,81,186
1324,178,80,186
1322,178,79,186
1320,178,78,186
1318,178,77,186
1316,178,76,186
1314,178,75,186
1312,178,74,186
1310,178,73,186
1308,178,72,186
1306,178,71,186
1304,178,70,186
1302,178,69,186
1299,177,66,186
1297,177,65,186
1295,177,64,186
1293,177,63,186
1291,177,62,186
1289,177,61,186
1287,177,60,186
1285,177,59,186
1283,177,58,186
1281,177,57,186
1279,177,56,186
1277,177,55,186
1275,177,54,186
1273,177,53,186
1271,177,52,186
1275,180,56,184
1272,180,57,184
1269,180,58,184
1266,180,59,184
1263,180,60,184
1260,180,61,184
1257,180,62,184
1254,180,63,184
1251,180,64,184
1248,180,65,184
1245,180,66,184
1242,180,67,184
1239,180,68,184
1236,180,69,184
1233,180,70,184
1237,180,72,186
1234,180,72,186
1231,180,72,186
1228,180,72,186
1225,180,72,186
1222,180,72,186
1219,180,72,186
1216,180,72,186
1213,180,72,186
1210,180,72,186
1207,180,72,186
1204,180,72,186
1201,180,72,186
1198,180,72,186
1195,180,72,186
1192,184,68,180
1191,184,67,180
1190,184,66,180
1189,184,65,180
1188,184,64,180
1187,184,63,180
1186,184,62,180
1185,184,61,180
1184,184,60,180
1183,184,59,180
1182,184,58,180
1181,184,57,180
1180,184,56,180
1179,184,55,180
1178,184,54,180
1170,184,58,180
1168,184,59,180
1166,184,60,180
1164,184,61,180
1162,184,62,180
1160,184,63,180
1158,184,64,180
1156,184,65,180
1154,184,66,180
1152,184,67,180
1150,184,68,180
1148,184,69,180
1146,184,70,180
1144,184,71,180
1142,184,72,180
1141,186,66,178
1138,186,67,178
1135,186,68,178
1132,186,69,178
1129,186,70,178
1126,186,71,178
1123,186,72,178
1120,186,73,178
1117,186,74,178
1114,186,75,178
1111,186,76,178
1108,186,77,178
1105,186,78,178
1102,186,79,178
1099,186,80,178
1094,186,79,180
1093,186,77,180
1092,186,75,180
1091,186,73,180
1090,186,71,180
1089,186,69,180
1088,186,67,180
1087,186,65,180
1086,186,63,180
1085,186,61,180
1084,186,59,180
1083,186,57,180
1082,186,55,180
1081,186,53,180
1080,186,51,180
1077,189,56,181
1074,189,57,180
1071,189,58,179
1068,189,59,178
1065,189,60,177
1062,189,61,176
1059,189,62,175
1056,189,63,174
1053,189,64,173
1050,189,65,172
1047,189,66,171
1044,189,67,170
1041,189,68,169
1038,189,69,168
1035,189,70,167
1038,193,75,171
1036,193,75,171
1034,193,75,171
1032,193,75,171
1030,193,75,171
1028,193,75,171
1026,193,75,171
1024,193,75,171
1022,193,75,171
1020,193,75,171
1018,193,75,171
1016,193,75,171
1014,193,75,171
1012,193,75,171
1010,193,75,171
1002,195,69,169
1000,195,68,169
998,195,67,169
996,195,66,169
994,195,65,169
992,195,64,169
990,195,63,169
988,195,62,169
986,195,61,169
984,195,60,169
982,195,59,169
980,195,58,169
978,195,57,169
976,195,56,169
974,195,55,169
978,196,47,176
976,196,48,176
974,196,49,176
972,196,50,176
970,196,51,176
968,196,52,176
966,196,53,176
964,196,54,176
962,196,55,176
960,196,56,176
958,196,57,176
956,196,58,176
954,196,59,176
952,196,60,176
950,196,61,176
948,196,68,171
945,196,68,171
942,196,68,171
939,196,68,171
936,196,68,171
933,196,68,171
930,196,68,171
927,196,68,171
924,196,68,171
921,196,68,171
918,196,68,171
915,196,68,171
912,196,68,171
909,196,68,171
906,196,68,171
907,202,72,167
906,202,70,167
905,202,68,167
904,202,66,167
903,202,64,167
902,202,62,167
901,202,60,167
900,202,58,167
899,202,56,167
898,202,54,167
897,202,52,167
896,202,50,167
895,202,48,167
894,202,46,167
893,202,44,167
886,198,48,171
884,198,50,171
882,198,52,171
880,198,54,171
878,198,56,171
876,198,58,171
874,198,60,171
872,198,62,171
870,198,64,171
868,198,66,171
866,198,68,171
864,198,70,171
862,198,72,171
860,198,74,171
858,198,76,171
857,201,73,169
854,201,73,169
851,201,73,169
848,201,73,169
845,201,73,169
842,201,73,169
839,201,73,169
836,201,73,169
833,201,73,169
830,201,73,169
827,201,73,169
824,201,73,169
821,201,73,169
818,201,73,169
815,201,73,169
814,207,77,163
813,207,75,163
812,207,73,163
811,207,71,163
810,207,69,163
809,207,67,163
808,207,65,163
807,207,63,163
806,207,61,163
805,207,59,163
804,207,57,163
803,207,55,163
802,207,53,163
801,207,51,163
800,207,49,163
795,211,46,162
793,211,48,162
791,211,50,162
789,211,52,162
787,211,54,162
785,211,56,162
783,211,58,162
781,211,60,162
779,211,62,162
777,211,64,162
775,211,66,162
773,211,68,162
771,211,70,162
769,211,72,162
767,211,74,162
758,211,73,168
755,211,73,168
752,211,73,168
749,211,73,168
746,211,73,168
743,211,73,168
740,211,73,168
737,211,73,168
734,211,73,168
731,211,73,168
728,211,73,168
725,211,73,168
722,211,73,168
719,211,73,168
716,211,73,168
718,216,70,171
716,216,69,171
714,216,68,171
712,216,67,171
710,216,66,171
708,216,65,171
706,216,64,171
704,216,63,171
702,216,62,171
700,216,61,171
698,216,60,171
696,216,59,171
694,216,58,171
692,216,57,171
690,216,56,171
690,219,51,166
688,219,53,166
686,219,55,166
684,219,57,166
682,219,59,166
680,219,61,166
678,219,63,166
676,219,65,166
674,219,67,166
672,219,69,166
670,219,71,166
668,219,73,166
666,219,75,166
664,219,77,166
662,219,79,166
660,222,74,171
657,222,74,171
654,222,74,171
651,222,74,171
648,222,74,171
645,222,74,171
642,222,74,171
639,222,74,171
636,222,74,171
633,222,74,171
630,222,74,171
627,222,74,171
624,222,74,171
621,222,74,171
618,222,74,171
618,229,75,171
616,229,73,171
614,229,71,171
612,229,69,171
610,229,67,171
608,229,65,171
606,229,63,171
604,229,61,171
602,229,59,171
600,229,57,171
598,229,55,171
596,229,53,171
594,229,51,171
592,229,49,171
590,229,47,171
594,226,51,176
592,226,52,176
590,226,53,176
588,226,54,176
586,226,55,176
584,226,56,176
582,226,57,176
580,226,58,176
578,226,59,176
576,226,60,176
574,226,61,176
572,226,62,176
570,226,63,176
568,226,64,176
566,226,65,176
563,232,70,179
560,233,71,179
557,234,72,179
554,235,73,179
551,236,74,179
548,237,75,179
545,238,76,179
542,239,77,179
539,240,78,179
536,241,79,179
533,242,80,179
530,243,81,179
527,244,82,179
524,245,83,179
521,246,84,179
525,242,79,178
524,242,77,178
523,242,75,178
522,242,73,178
521,242,71,178
520,242,69,178
519,242,67,178
518,242,65,178
517,242,63,178
516,242,61,178
515,242,59,178
514,242,57,178
513,242,55,178
512,242,53,178
511,242,51,178
503,240,54,181
501,240,55,181
499,240,56,181
497,240,57,181
495,240,58,181
493,240,59,181
491,240,60,181
489,240,61,181
487,240,62,181
485,240,63,181
483,240,64,181
481,240,65,181
479,240,66,181
477,240,67,181
475,240,68,181
476,243,71,183
474,243,70,184
472,243,69,185
470,243,68,186
468,243,67,187
466,243,66,188
464,243,65,189
462,243,64,190
460,243,63,191
458,243,62,192
456,243,61,193
454,243,60,194
452,243,59,195
450,243,58,196
448,243,57,197
448,249,61,192
447,249,60,192
446,249,59,192
445,249,58,192
444,249,57,192
443,249,56,192
442,249,55,192
441,249,54,192
440,249,53,192
439,249,52,192
438,249,51,192
437,249,50,192
436,249,49,192
435,249,48,192
434,249,47,192
433,251,51,197
