1400,117,102,233
1398,117,100,232
1396,117,98,231
1394,117,96,230
1392,117,94,229
1390,117,92,228
1388,117,90,227
1386,117,88,226
1384,117,86,225
1382,117,84,224
1380,117,82,223
1378,117,80,222
1376,117,78,221
1374,117,76,220
1372,117,74,219
1377,111,70,225
1374,111,70,225
1371,111,70,225
1368,111,70,225
1365,111,70,225
1362,111,70,225
1359,111,70,225
1356,111,70,225
1353,111,70,225
1350,111,70,225
1347,111,70,225
1344,111,70,225
1341,111,70,225
1338,111,70,225
1335,111,70,225
1339,106,71,225
1335,106,72,225
1331,106,73,225
1327,106,74,225
1323,106,75,225
1319,106,76,225
1315,106,77,225
1311,106,78,225
1307,106,79,225
1303,106,80,225
1299,106,81,225
1295,106,82,225
1291,106,83,225
1287,106,84,225
1283,106,85,225
1274,104,92,228
1271,104,92,227
1268,104,92,226
1265,104,92,225
1262,104,92,224
1259,104,92,223
1256,104,92,222
1253,104,92,221
1250,104,92,220
1247,104,92,219
1244,104,92,218
1241,104,92,217
1238,104,92,216
1235,104,92,215
1232,104,92,214
1232,102,85,218
1230,102,84,218
1228,102,83,218
1226,102,82,218
1224,102,81,218
1222,102,80,218
1220,102,79,218
1218,102,78,218
1216,102,77,218
1214,102,76,218
1212,102,75,218
1210,102,74,218
1208,102,73,218
1206,102,72,218
1204,102,71,218
1205,101,72,217
1202,101,73,217
1199,101,74,217
1196,101,75,217
1193,101,76,217
1190,101,77,217
1187,101,78,217
1184,101,79,217
1181,101,80,217
1178,101,81,217
1175,101,82,217
1172,101,83,217
1169,101,84,217
1166,101,85,217
1163,101,86,217
1155,99,83,217
1153,99,82,217
1151,99,81,217
1149,99,80,217
1147,99,79,217
1145,99,78,217
1143,99,77,217
1141,99,76,217
1139,99,75,217
1137,99,74,217
1135,99,73,217
1133,99,72,217
1131,99,71,217
1129,99,70,217
1127,99,69,217
1119,95,74,212
1117,95,74,212
1115,95,74,212
1113,95,74,212
1111,95,74,212
1109,95,74,212
1107,95,74,212
1105,95,74,212
1103,95,74,212
1101,95,74,212
1099,95,74,212
1097,95,74,212
1095,95,74,212
1093,95,74,212
1091,95,74,212
1087,88,75,216
1083,88,76,216
1079,88,77,216
1075,88,78,216
1071,88,79,216
1067,88,80,216
1063,88,81,216
1059,88,82,216
1055,88,83,216
1051,88,84,216
1047,88,85,216
1043,88,86,216
1039,88,87,216
1035,88,88,216
1031,88,89,216
1033,88,85,210
1031,88,84,210
1029,88,83,210
1027,88,82,210
1025,88,81,210
1023,88,80,210
1021,88,79,210
1019,88,78,210
1017,88,77,210
1015,88,76,210
1013,88,75,210
1011,88,74,210
1009,88,73,210
1007,88,72,210
1005,88,71,210
1001,82,71,214
999,82,71,214
997,82,71,214
995,82,71,214
993,82,71,214
991,82,71,214
989,82,71,214
987,82,71,214
985,82,71,214
983,82,71,214
981,82,71,214
979,82,71,214
977,82,71,214
975,82,71,214
973,82,71,214
970,82,66,211
966,82,67,210
962,82,68,209
958,82,69,208
954,82,70,207
950,82,71,206
946,82,72,205
942,82,73,204
938,82,74,203
934,82,75,202
930,82,76,201
926,82,77,200
922,82,78,199
918,82,79,198
914,82,80,197
917,84,86,203
914,84,86,204
911,84,86,205
908,84,86,206
905,84,86,207
902,84,86,208
899,84,86,209
896,84,86,210
893,84,86,211
890,84,86,212
887,84,86,213
884,84,86,214
881,84,86,215
878,84,86,216
875,84,86,217
876,77,80,212
875,77,79,212
874,77,78,212
873,77,77,212
872,77,76,212
871,77,75,212
870,77,74,212
869,77,73,212
868,77,72,212
867,77,71,212
866,77,70,212
865,77,69,212
864,77,68,212
863,77,67,212
862,77,66,212
859,75,59,207
856,75,61,207
853,75,63,207
850,75,65,207
847,75,67,207
844,75,69,207
841,75,71,207
838,75,73,207
835,75,75,207
832,75,77,207
829,75,79,207
826,75,81,207
823,75,83,207
820,75,85,207
817,75,87,207
810,77,85,205
807,77,84,205
804,77,83,205
801,77,82,205
798,77,81,205
795,77,80,205
792,77,79,205
789,77,78,205
786,77,77,205
783,77,76,205
780,77,75,205
777,77,74,205
774,77,73,205
771,77,72,205
768,77,71,205
760,73,77,207
759,73,75,207
758,73,73,207
757,73,71,207
756,73,69,207
755,73,67,207
754,73,65,207
753,73,63,207
752,73,61,207
751,73,59,207
750,73,57,207
749,73,55,207
748,73,53,207
747,73,51,207
746,73,49,207
741,70,52,206
737,70,54,206
733,70,56,206
729,70,58,206
725,70,60,206
721,70,62,206
717,70,64,206
713,70,66,206
709,70,68,206
705,70,70,206
701,70,72,206
697,70,74,206
693,70,76,206
689,70,78,206
685,70,80,206
682,73,85,207
679,73,84,207
676,73,83,207
673,73,82,207
670,73,81,207
667,73,80,207
664,73,79,207
661,73,78,207
658,73,77,207
655,73,76,207
652,73,75,207
649,73,74,207
646,73,73,207
643,73,72,207
640,73,71,207
636,70,77,206
634,70,75,206
632,70,73,206
630,70,71,206
628,70,69,206
626,70,67,206
624,70,65,206
622,70,63,206
620,70,61,206
618,70,59,206
616,70,57,206
614,70,55,206
612,70,53,206
610,70,51,206
608,70,49,206
613,70,54,206
610,70,56,207
607,70,58,208
604,70,60,209
601,70,62,210
598,70,64,211
595,70,66,212
592,70,68,213
589,70,70,214
586,70,72,215
583,70,74,216
580,70,76,217
577,70,78,218
574,70,80,219
571,70,82,220
563,70,78,214
560,70,78,214
557,70,78,214
554,70,78,214
551,70,78,214
548,70,78,214
545,70,78,214
542,70,78,214
539,70,78,214
536,70,78,214
533,70,78,214
530,70,78,214
527,70,78,214
524,70,78,214
521,70,78,214
512,73,75,212
511,73,74,212
510,73,73,212
509,73,72,212
508,73,71,212
507,73,70,212
506,73,69,212
505,73,68,212
504,73,67,212
503,73,66,212
502,73,65,212
501,73,64,212
500,73,63,212
499,73,62,212
498,73,61,212
490,68,55,217
487,68,57,218
484,68,59,219
481,68,61,220
478,68,63,221
475,68,65,222
472,68,67,223
469,68,69,224
466,68,71,225
463,68,73,226
460,68,75,227
457,68,77,228
454,68,79,229
451,68,81,230
448,68,83,231
443,72,81,226
440,73,80,225
437,74,79,224
434,75,78,223
431,76,77,222
428,77,76,221
425,78,75,220
422,79,74,219
419,80,73,218
416,81,72,217
413,82,71,216
410,83,70,215
407,84,69,214
404,85,68,213
401,86,67,212
399,81,71,217
397,81,71,217
395,81,71,217
393,81,71,217
391,81,71,217
389,81,71,217
387,81,71,217
385,81,71,217
383,81,71,217
381,81,71,217
379,81,71,217
377,81,71,217
375,81,71,217
373,81,71,217
371,81,71,217
370,77,68,223
368,77,69,223
366,77,70,223
364,77,71,223
362,77,72,223
360,77,73,223
358,77,74,223
356,77,75,223
354,77,76,223
352,77,77,223
350,77,78,223
348,77,79,223
346,77,80,223
344,77,81,223
342,77,82,223
338,79,81,228
335,79,82,228
332,79,83,228
329,79,84,228
326,79,85,228
323,79,86,228
320,79,87,228
317,79,88,228
314,79,89,228
311,79,90,228
308,79,91,228
305,79,92,228
302,79,93,228
299,79,94,228
296,79,95,228
288,81,93,235
287,81,92,235
286,81,91,235
285,81,90,235
284,81,89,235
283,81,88,235
282,81,87,235
281,81,86,235
280,81,85,235
279,81,84,235
278,81,83,235
277,81,82,235
276,81,81,235
275,81,80,235
274,81,79,235
277,82,75,240
276,82,75,241
275,82,75,242
274,82,75,243
273,82,75,244
272,82,75,245
271,82,75,246
270,82,75,247
269,82,75,248
268,82,75,249
267,82,75,250
266,82,75,251
265,82,75,252
264,82,75,253
263,82,75,254
265,86,70,250
