1441,275,45,142
1438,275,45,142
1435,275,45,142
1432,275,45,142
1429,275,45,142
1426,275,45,142
1423,275,45,142
1420,275,45,142
1417,275,45,142
1414,275,45,142
1411,275,45,142
1408,275,45,142
1405,275,45,142
1402,275,45,142
1399,275,45,142
1398,273,46,144
1395,273,46,144
1392,273,46,144
1389,273,46,144
1386,273,46,144
1383,273,46,144
1380,273,46,144
1377,273,46,144
1374,273,46,144
1371,273,46,144
1368,273,46,144
1365,273,46,144
1362,273,46,144
1359,273,46,144
1356,273,46,144
1353,269,50,150
1350,269,50,150
1347,269,50,150
1344,269,50,150
1341,269,50,150
1338,269,50,150
1335,269,50,150
1332,269,50,150
1329,269,50,150
1326,269,50,150
1323,269,50,150
1320,269,50,150
1317,269,50,150
1314,269,50,150
1311,269,50,150
1315,271,45,156
1312,271,45,155
1309,271,45,154
1306,271,45,153
1303,271,45,152
1300,271,45,151
1297,271,45,150
1294,271,45,149
1291,271,45,148
1288,271,45,147
1285,271,45,146
1282,271,45,145
1279,271,45,144
1276,271,45,143
1273,271,45,142
1274,275,46,142
1271,275,46,142
1268,275,46,142
1265,275,46,142
1262,275,46,142
1259,275,46,142
1256,275,46,142
1253,275,46,142
1250,275,46,142
1247,275,46,142
1244,275,46,142
1241,275,46,142
1238,275,46,142
1235,275,46,142
1232,275,46,142
1234,275,45,148
1232,275,45,147
1230,275,45,146
1228,275,45,145
1226,275,45,144
1224,275,45,143
1222,275,45,142
1220,275,45,141
1218,275,45,140
1216,275,45,139
1214,275,45,138
1212,275,45,137
1210,275,45,136
1208,275,45,135
1206,275,45,134
1197,277,48,138
1194,277,48,138
1191,277,48,138
1188,277,48,138
1185,277,48,138
1182,277,48,138
1179,277,48,138
1176,277,48,138
1173,277,48,138
1170,277,48,138
1167,277,48,138
1164,277,48,138
1161,277,48,138
1158,277,48,138
1155,277,48,138
1159,271,50,141
1156,272,50,141
1153,273,50,141
1150,274,50,141
1147,275,50,141
1144,276,50,141
1141,277,50,141
1138,278,50,141
1135,279,50,141
1132,280,50,141
1129,281,50,141
1126,282,50,141
1123,283,50,141
1120,284,50,141
1117,285,50,141
1120,279,52,144
1117,279,52,144
1114,279,52,144
1111,279,52,144
1108,279,52,144
1105,279,52,144
1102,279,52,144
1099,279,52,144
1096,279,52,144
1093,279,52,144
1090,279,52,144
1087,279,52,144
1084,279,52,144
1081,279,52,144
1078,279,52,144
1082,273,48,148
1079,274,48,148
1076,275,48,148
1073,276,48,148
1070,277,48,148
1067,278,48,148
1064,279,48,148
1061,280,48,148
1058,281,48,148
1055,282,48,148
1052,283,48,148
1049,284,48,148
1046,285,48,148
1043,286,48,148
1040,287,48,148
1044,281,49,150
1041,281,49,150
1038,281,49,150
1035,281,49,150
1032,281,49,150
1029,281,49,150
1026,281,49,150
1023,281,49,150
1020,281,49,150
1017,281,49,150
1014,281,49,150
1011,281,49,150
1008,281,49,150
1005,281,49,150
1002,281,49,150
1005,277,52,154
1003,277,52,153
1001,277,52,152
999,277,52,151
997,277,52,150
995,277,52,149
993,277,52,148
991,277,52,147
989,277,52,146
987,277,52,145
985,277,52,144
983,277,52,143
981,277,52,142
979,277,52,141
977,277,52,140
973,277,51,140
970,278,51,140
967,279,51,140
964,280,51,140
961,281,51,140
958,282,51,140
955,283,51,140
952,284,51,140
949,285,51,140
946,286,51,140
943,287,51,140
940,288,51,140
937,289,51,140
934,290,51,140
931,291,51,140
930,290,50,133
928,290,49,133
926,290,48,133
924,290,47,133
922,290,46,133
920,290,45,133
918,290,44,133
916,290,43,133
914,290,42,133
912,290,41,133
910,290,40,133
908,290,39,133
906,290,38,133
904,290,37,133
902,290,36,133
896,285,41,138
893,285,41,138
890,285,41,138
887,285,41,138
884,285,41,138
881,285,41,138
878,285,41,138
875,285,41,138
872,285,41,138
869,285,41,138
866,285,41,138
863,285,41,138
860,285,41,138
857,285,41,138
854,285,41,138
857,292,48,135
854,292,49,136
851,292,50,137
848,292,51,138
845,292,52,139
842,292,53,140
839,292,54,141
836,292,55,142
833,292,56,143
830,292,57,144
827,292,58,145
824,292,59,146
821,292,60,147
818,292,61,148
815,292,62,149
807,288,59,147
805,288,59,147
803,288,59,147
801,288,59,147
799,288,59,147
797,288,59,147
795,288,59,147
793,288,59,147
791,288,59,147
789,288,59,147
787,288,59,147
785,288,59,147
783,288,59,147
781,288,59,147
779,288,59,147
776,285,58,148
773,285,58,147
770,285,58,146
767,285,58,145
764,285,58,144
761,285,58,143
758,285,58,142
755,285,58,141
752,285,58,140
749,285,58,139
746,285,58,138
743,285,58,137
740,285,58,136
737,285,58,135
734,285,58,134
734,288,55,139
732,288,54,139
730,288,53,139
728,288,52,139
726,288,51,139
724,288,50,139
722,288,49,139
720,288,48,139
718,288,47,139
716,288,46,139
714,288,45,139
712,288,44,139
710,288,43,139
708,288,42,139
706,288,41,139
705,292,44,133
703,292,44,134
701,292,44,135
699,292,44,136
697,292,44,137
695,292,44,138
693,292,44,139
691,292,44,140
689,292,44,141
687,292,44,142
685,292,44,143
683,292,44,144
681,292,44,145
679,292,44,146
677,292,44,147
669,296,45,154
666,297,45,153
663,298,45,152
660,299,45,151
657,300,45,150
654,301,45,149
651,302,45,148
648,303,45,147
645,304,45,146
642,305,45,145
639,306,45,144
636,307,45,143
633,308,45,142
630,309,45,141
627,310,45,140
630,304,52,137
628,304,52,138
626,304,52,139
624,304,52,140
622,304,52,141
620,304,52,142
618,304,52,143
616,304,52,144
614,304,52,145
612,304,52,146
610,304,52,147
608,304,52,148
606,304,52,149
604,304,52,150
602,304,52,151
600,302,46,150
598,302,47,150
596,302,48,150
594,302,49,150
592,302,50,150
590,302,51,150
588,302,52,150
586,302,53,150
584,302,54,150
582,302,55,150
580,302,56,150
578,302,57,150
576,302,58,150
574,302,59,150
572,302,60,150
568,304,57,150
