1356,225,49,105
1354,225,49,106
1352,225,49,107
1350,225,49,108
1348,225,49,109
1346,225,49,110
1344,225,49,111
1342,225,49,112
1340,225,49,113
1338,225,49,114
1336,225,49,115
1334,225,49,116
1332,225,49,117
1330,225,49,118
1328,225,49,119
1320,220,55,123
1317,219,55,124
1314,218,55,125
1311,217,55,126
1308,216,55,127
1305,215,55,128
1302,214,55,129
1299,213,55,130
1296,212,55,131
1293,211,55,132
1290,210,55,133
1287,209,55,134
1284,208,55,135
1281,207,55,136
1278,206,55,137
1279,209,60,140
1277,209,60,140
1275,209,60,140
1273,209,60,140
1271,209,60,140
1269,209,60,140
1267,209,60,140
1265,209,60,140
1263,209,60,140
1261,209,60,140
1259,209,60,140
1257,209,60,140
1255,209,60,140
1253,209,60,140
1251,209,60,140
1256,206,54,140
1254,206,54,140
1252,206,54,140
1250,206,54,140
1248,206,54,140
1246,206,54,140
1244,206,54,140
1242,206,54,140
1240,206,54,140
1238,206,54,140
1236,206,54,140
1234,206,54,140
1232,206,54,140
1230,206,54,140
1228,206,54,140
1229,202,49,147
1226,202,49,146
1223,202,49,145
1220,202,49,144
1217,202,49,143
1214,202,49,142
1211,202,49,141
1208,202,49,140
1205,202,49,139
1202,202,49,138
1199,202,49,137
1196,202,49,136
1193,202,49,135
1190,202,49,134
1187,202,49,133
1188,201,56,139
1186,201,56,140
1184,201,56,141
1182,201,56,142
1180,201,56,143
1178,201,56,144
1176,201,56,145
1174,201,56,146
1172,201,56,147
1170,201,56,148
1168,201,56,149
1166,201,56,150
1164,201,56,151
1162,201,56,152
1160,201,56,153
1161,196,60,149
1159,197,60,148
1157,198,60,147
1155,199,60,146
1153,200,60,145
1151,201,60,144
1149,202,60,143
1147,203,60,142
1145,204,60,141
1143,205,60,140
1141,206,60,139
1139,207,60,138
1137,208,60,137
1135,209,60,136
1133,210,60,135
1127,206,62,132
1125,206,62,132
1123,206,62,132
1121,206,62,132
1119,206,62,132
1117,206,62,132
1115,206,62,132
1113,206,62,132
1111,206,62,132
1109,206,62,132
1107,206,62,132
1105,206,62,132
1103,206,62,132
1101,206,62,132
1099,206,62,132
1102,202,63,126
1102,202,63,126
1102,202,63,126
1102,202,63,126
1102,202,63,126
1102,202,63,126
1102,202,63,126
1102,202,63,126
1102,202,63,126
1102,202,63,126
1102,202,63,126
1102,202,63,126
1102,202,63,126
1102,202,63,126
1102,202,63,126
1095,196,65,129
1092,196,65,129
1089,196,65,129
1086,196,65,129
1083,196,65,129
1080,196,65,129
1077,196,65,129
1074,196,65,129
1071,196,65,129
1068,196,65,129
1065,196,65,129
1062,196,65,129
1059,196,65,129
1056,196,65,129
1053,196,65,129
1057,194,62,136
1055,194,62,136
1053,194,62,136
1051,194,62,136
1049,194,62,136
1047,194,62,136
1045,194,62,136
1043,194,62,136
1041,194,62,136
1039,194,62,136
1037,194,62,136
1035,194,62,136
1033,194,62,136
1031,194,62,136
1029,194,62,136
1025,194,63,141
1023,194,63,140
1021,194,63,139
1019,194,63,138
1017,194,63,137
1015,194,63,136
1013,194,63,135
1011,194,63,134
1009,194,63,133
1007,194,63,132
1005,194,63,131
1003,194,63,130
1001,194,63,129
999,194,63,128
997,194,63,127
996,196,58,119
994,196,59,120
992,196,60,121
990,196,61,122
988,196,62,123
986,196,63,124
984,196,64,125
982,196,65,126
980,196,66,127
978,196,67,128
976,196,68,129
974,196,69,130
972,196,70,131
970,196,71,132
968,196,72,133
959,194,67,131
958,194,66,131
957,194,65,131
956,194,64,131
955,194,63,131
954,194,62,131
953,194,61,131
952,194,60,131
951,194,59,131
950,194,58,131
949,194,57,131
948,194,56,131
947,194,55,131
946,194,54,131
945,194,53,131
946,198,55,132
945,199,55,131
944,200,55,130
943,201,55,129
942,202,55,128
941,203,55,127
940,204,55,126
939,205,55,125
938,206,55,124
937,207,55,123
936,208,55,122
935,209,55,121
934,210,55,120
933,211,55,119
932,212,55,118
934,206,61,121
931,206,61,122
928,206,61,123
925,206,61,124
922,206,61,125
919,206,61,126
916,206,61,127
913,206,61,128
910,206,61,129
907,206,61,130
904,206,61,131
901,206,61,132
898,206,61,133
895,206,61,134
892,206,61,135
891,199,60,131
889,199,60,131
887,199,60,131
885,199,60,131
883,199,60,131
881,199,60,131
879,199,60,131
877,199,60,131
875,199,60,131
873,199,60,131
871,199,60,131
869,199,60,131
867,199,60,131
865,199,60,131
863,199,60,131
864,201,65,132
862,201,65,132
860,201,65,132
858,201,65,132
856,201,65,132
854,201,65,132
852,201,65,132
850,201,65,132
848,201,65,132
846,201,65,132
844,201,65,132
842,201,65,132
840,201,65,132
838,201,65,132
836,201,65,132
830,201,63,127
828,201,63,128
826,201,63,129
824,201,63,130
822,201,63,131
820,201,63,132
818,201,63,133
816,201,63,134
814,201,63,135
812,201,63,136
810,201,63,137
808,201,63,138
806,201,63,139
804,201,63,140
802,201,63,141
805,202,60,136
802,201,60,135
799,200,60,134
796,199,60,133
793,198,60,132
790,197,60,131
787,196,60,130
784,195,60,129
781,194,60,128
778,193,60,127
775,192,60,126
772,191,60,125
769,190,60,124
766,189,60,123
763,188,60,122
767,194,60,128
766,194,60,128
765,194,60,128
764,194,60,128
763,194,60,128
762,194,60,128
761,194,60,128
760,194,60,128
759,194,60,128
758,194,60,128
757,194,60,128
756,194,60,128
755,194,60,128
754,194,60,128
753,194,60,128
746,201,63,129
744,201,63,129
742,201,63,129
740,201,63,129
738,201,63,129
736,201,63,129
734,201,63,129
732,201,63,129
730,201,63,129
728,201,63,129
726,201,63,129
724,201,63,129
722,201,63,129
720,201,63,129
718,201,63,129
715,198,66,132
712,198,66,133
709,198,66,134
706,198,66,135
703,198,66,136
700,198,66,137
697,198,66,138
694,198,66,139
691,198,66,140
688,198,66,141
685,198,66,142
682,198,66,143
679,198,66,144
676,198,66,145
673,198,66,146
674,199,69,141
673,199,69,141
672,199,69,141
671,199,69,141
670,199,69,141
669,199,69,141
668,199,69,141
667,199,69,141
666,199,69,141
665,199,69,141
664,199,69,141
663,199,69,141
662,199,69,141
661,199,69,141
660,199,69,141
660,198,65,134
658,198,64,134
656,198,63,134
654,198,62,134
652,198,61,134
650,198,60,134
648,198,59,134
646,198,58,134
644,198,57,134
642,198,56,134
640,198,55,134
638,198,54,134
636,198,53,134
634,198,52,134
632,198,51,134
637,201,56,134
635,202,56,133
633,203,56,132
631,204,56,131
629,205,56,130
627,206,56,129
625,207,56,128
623,208,56,127
621,209,56,126
619,210,56,125
617,211,56,124
615,212,56,123
613,213,56,122
611,214,56,121
609,215,56,120
606,211,60,117
605,211,60,118
604,211,60,119
603,211,60,120
602,211,60,121
601,211,60,122
600,211,60,123
599,211,60,124
598,211,60,125
597,211,60,126
596,211,60,127
595,211,60,128
594,211,60,129
593,211,60,130
592,211,60,131
588,206,58,130
586,206,58,130
584,206,58,130
582,206,58,130
580,206,58,130
578,206,58,130
576,206,58,130
574,206,58,130
572,206,58,130
570,206,58,130
568,206,58,130
566,206,58,130
564,206,58,130
562,206,58,130
560,206,58,130
565,209,56,129
563,209,56,129
561,209,56,129
559,209,56,129
557,209,56,129
555,209,56,129
553,209,56,129
551,209,56,129
549,209,56,129
547,209,56,129
545,209,56,129
543,209,56,129
541,209,56,129
539,209,56,129
537,209,56,129
529,214,62,129
528,214,61,129
527,214,60,129
526,214,59,129
525,214,58,129
524,214,57,129
523,214,56,129
522,214,55,129
521,214,54,129
520,214,53,129
519,214,52,129
518,214,51,129
517,214,50,129
516,214,49,129
515,214,48,129
515,220,51,134
