1275,221,47,139
1272,221,47,139
1269,221,47,139
1266,221,47,139
1263,221,47,139
1260,221,47,139
1257,221,47,139
1254,221,47,139
1251,221,47,139
1248,221,47,139
1245,221,47,139
1242,221,47,139
1239,221,47,139
1236,221,47,139
1233,221,47,139
1237,223,47,141
1234,224,48,141
1231,225,49,141
1228,226,50,141
1225,227,51,141
1222,228,52,141
1219,229,53,141
1216,230,54,141
1213,231,55,141
1210,232,56,141
1207,233,57,141
1204,234,58,141
1201,235,59,141
1198,236,60,141
1195,237,61,141
1193,241,55,134
1191,239,55,135
1189,237,55,136
1187,235,55,137
1185,233,55,138
1183,231,55,139
1181,229,55,140
1179,227,55,141
1177,225,55,142
1175,223,55,143
1173,221,55,144
1171,219,55,145
1169,217,55,146
1167,215,55,147
1165,213,55,148
1161,217,54,147
1159,218,54,146
1157,219,54,145
1155,220,54,144
1153,221,54,143
1151,222,54,142
1149,223,54,141
1147,224,54,140
1145,225,54,139
1143,226,54,138
1141,227,54,137
1139,228,54,136
1137,229,54,135
1135,230,54,134
1133,231,54,133
1130,225,51,133
1128,226,51,133
1126,227,51,133
1124,228,51,133
1122,229,51,133
1120,230,51,133
1118,231,51,133
1116,232,51,133
1114,233,51,133
1112,234,51,133
1110,235,51,133
1108,236,51,133
1106,237,51,133
1104,238,51,133
1102,239,51,133
1100,233,47,139
1098,232,47,140
1096,231,47,141
1094,230,47,142
1092,229,47,143
1090,228,47,144
1088,227,47,145
1086,226,47,146
1084,225,47,147
1082,224,47,148
1080,223,47,149
1078,222,47,150
1076,221,47,151
1074,220,47,152
1072,219,47,153
1065,217,49,149
1062,218,50,148
1059,219,51,147
1056,220,52,146
1053,221,53,145
1050,222,54,144
1047,223,55,143
1044,224,56,142
1041,225,57,141
1038,226,58,140
1035,227,59,139
1032,228,60,138
1029,229,61,137
1026,230,62,136
1023,231,63,135
1025,229,62,141
1023,229,62,141
1021,229,62,141
1019,229,62,141
1017,229,62,141
1015,229,62,141
1013,229,62,141
1011,229,62,141
1009,229,62,141
1007,229,62,141
1005,229,62,141
1003,229,62,141
1001,229,62,141
999,229,62,141
997,229,62,141
993,229,60,144
991,230,60,143
989,231,60,142
987,232,60,141
985,233,60,140
983,234,60,139
981,235,60,138
979,236,60,137
977,237,60,136
975,238,60,135
973,239,60,134
971,240,60,133
969,241,60,132
967,242,60,131
965,243,60,130
962,241,53,131
960,241,53,130
958,241,53,129
956,241,53,128
954,241,53,127
952,241,53,126
950,241,53,125
948,241,53,124
946,241,53,123
944,241,53,122
942,241,53,121
940,241,53,120
938,241,53,119
936,241,53,118
934,241,53,117
926,235,53,123
923,235,54,124
920,235,55,125
917,235,56,126
914,235,57,127
911,235,58,128
908,235,59,129
905,235,60,130
902,235,61,131
899,235,62,132
896,235,63,133
893,235,64,134
890,235,65,135
887,235,66,136
884,235,67,137
882,241,62,134
880,241,61,134
878,241,60,134
876,241,59,134
874,241,58,134
872,241,57,134
870,241,56,134
868,241,55,134
866,241,54,134
864,241,53,134
862,241,52,134
860,241,51,134
858,241,50,134
856,241,49,134
854,241,48,134
850,241,52,138
848,241,52,137
846,241,52,136
844,241,52,135
842,241,52,134
840,241,52,133
838,241,52,132
836,241,52,131
834,241,52,130
832,241,52,129
830,241,52,128
828,241,52,127
826,241,52,126
824,241,52,125
822,241,52,124
815,243,51,127
812,243,52,128
809,243,53,129
806,243,54,130
803,243,55,131
800,243,56,132
797,243,57,133
794,243,58,134
791,243,59,135
788,243,60,136
785,243,61,137
782,243,62,138
779,243,63,139
776,243,64,140
773,243,65,141
775,243,62,136
773,243,62,136
771,243,62,136
769,243,62,136
767,243,62,136
765,243,62,136
763,243,62,136
761,243,62,136
759,243,62,136
757,243,62,136
755,243,62,136
753,243,62,136
751,243,62,136
749,243,62,136
747,243,62,136
747,243,62,138
745,243,62,138
743,243,62,138
741,243,62,138
739,243,62,138
737,243,62,138
735,243,62,138
733,243,62,138
731,243,62,138
729,243,62,138
727,243,62,138
725,243,62,138
723,243,62,138
721,243,62,138
719,243,62,138
724,241,62,144
722,241,62,144
720,241,62,144
718,241,62,144
716,241,62,144
714,241,62,144
712,241,62,144
710,241,62,144
708,241,62,144
706,241,62,144
704,241,62,144
702,241,62,144
700,241,62,144
698,241,62,144
696,241,62,144
697,245,58,150
696,245,58,150
695,245,58,150
694,245,58,150
693,245,58,150
692,245,58,150
691,245,58,150
690,245,58,150
689,245,58,150
688,245,58,150
687,245,58,150
686,245,58,150
685,245,58,150
684,245,58,150
683,245,58,150
676,249,56,152
675,249,56,152
674,249,56,152
673,249,56,152
672,249,56,152
671,249,56,152
670,249,56,152
669,249,56,152
668,249,56,152
667,249,56,152
666,249,56,152
665,249,56,152
664,249,56,152
663,249,56,152
662,249,56,152
663,251,62,148
662,251,62,150
661,251,62,152
660,251,62,154
659,251,62,156
658,251,62,158
657,251,62,160
656,251,62,162
655,251,62,164
654,251,62,166
653,251,62,168
652,251,62,170
651,251,62,172
650,251,62,174
649,251,62,176
642,251,64,181
642,251,64,181
642,251,64,181
642,251,64,181
642,251,64,181
642,251,64,181
642,251,64,181
642,251,64,181
642,251,64,181
642,251,64,181
642,251,64,181
642,251,64,181
642,251,64,181
642,251,64,181
642,251,64,181
644,253,60,183
644,254,61,183
644,255,62,183
644,256,63,183
644,257,64,183
644,258,65,183
644,259,66,183
644,260,67,183
644,261,68,183
644,262,69,183
644,263,70,183
644,264,71,183
644,265,72,183
644,266,73,183
644,267,74,183
640,261,68,189
641,261,68,190
642,261,68,191
643,261,68,192
644,261,68,193
645,261,68,194
646,261,68,195
647,261,68,196
648,261,68,197
649,261,68,198
650,261,68,199
651,261,68,200
652,261,68,201
653,261,68,202
654,261,68,203
655,259,68,203
