1083,18,92,176
1081,18,92,175
1079,18,92,174
1077,18,92,173
1075,18,92,172
1073,18,92,171
1071,18,92,170
1069,18,92,169
1067,18,92,168
1065,18,92,167
1063,18,92,166
1061,18,92,165
1059,18,92,164
1057,18,92,163
1055,18,92,162
1055,20,91,166
1053,20,91,166
1051,20,91,166
1049,20,91,166
1047,20,91,166
1045,20,91,166
1043,20,91,166
1041,20,91,166
1039,20,91,166
1037,20,91,166
1035,20,91,166
1033,20,91,166
1031,20,91,166
1029,20,91,166
1027,20,91,166
1028,23,86,159
1026,23,86,159
1024,23,86,159
1022,23,86,159
1020,23,86,159
1018,23,86,159
1016,23,86,159
1014,23,86,159
1012,23,86,159
1010,23,86,159
1008,23,86,159
1006,23,86,159
1004,23,86,159
1002,23,86,159
1000,23,86,159
994,20,84,157
992,20,85,157
990,20,86,157
988,20,87,157
986,20,88,157
984,20,89,157
982,20,90,157
980,20,91,157
978,20,92,157
976,20,93,157
974,20,94,157
972,20,95,157
970,20,96,157
968,20,97,157
966,20,98,157
968,15,92,162
966,16,92,161
964,17,92,160
962,18,92,159
960,19,92,158
958,20,92,157
956,21,92,156
954,22,92,155
952,23,92,154
950,24,92,153
948,25,92,152
946,26,92,151
944,27,92,150
942,28,92,149
940,29,92,148
932,23,94,151
932,22,93,151
932,21,92,151
932,20,91,151
932,19,90,151
932,18,89,151
932,17,88,151
932,16,87,151
932,15,86,151
932,14,85,151
932,13,84,151
932,12,83,151
932,11,82,151
932,10,81,151
932,9,80,151
925,15,78,157
922,15,78,157
919,15,78,157
916,15,78,157
913,15,78,157
910,15,78,157
907,15,78,157
904,15,78,157
901,15,78,157
898,15,78,157
895,15,78,157
892,15,78,157
889,15,78,157
886,15,78,157
883,15,78,157
887,16,82,163
885,16,82,164
883,16,82,165
881,16,82,166
879,16,82,167
877,16,82,168
875,16,82,169
873,16,82,170
871,16,82,171
869,16,82,172
867,16,82,173
865,16,82,174
863,16,82,175
861,16,82,176
859,16,82,177
858,15,88,171
856,16,88,170
854,17,88,169
852,18,88,168
850,19,88,167
848,20,88,166
846,21,88,165
844,22,88,164
842,23,88,163
840,24,88,162
838,25,88,161
836,26,88,160
834,27,88,159
832,28,88,158
830,29,88,157
823,23,93,159
821,23,93,158
819,23,93,157
817,23,93,156
815,23,93,155
813,23,93,154
811,23,93,153
809,23,93,152
807,23,93,151
805,23,93,150
803,23,93,149
801,23,93,148
799,23,93,147
797,23,93,146
795,23,93,145
791,23,89,151
790,23,89,151
789,23,89,151
788,23,89,151
787,23,89,151
786,23,89,151
785,23,89,151
784,23,89,151
783,23,89,151
782,23,89,151
781,23,89,151
780,23,89,151
779,23,89,151
778,23,89,151
777,23,89,151
770,16,84,144
767,16,84,145
764,16,84,146
761,16,84,147
758,16,84,148
755,16,84,149
752,16,84,150
749,16,84,151
746,16,84,152
743,16,84,153
740,16,84,154
737,16,84,155
734,16,84,156
731,16,84,157
728,16,84,158
726,16,88,156
724,16,88,156
722,16,88,156
720,16,88,156
718,16,88,156
716,16,88,156
714,16,88,156
712,16,88,156
710,16,88,156
708,16,88,156
706,16,88,156
704,16,88,156
702,16,88,156
700,16,88,156
698,16,88,156
700,13,90,156
698,13,90,156
696,13,90,156
694,13,90,156
692,13,90,156
690,13,90,156
688,13,90,156
686,13,90,156
684,13,90,156
682,13,90,156
680,13,90,156
678,13,90,156
676,13,90,156
674,13,90,156
672,13,90,156
673,11,86,151
671,11,86,151
669,11,86,151
667,11,86,151
665,11,86,151
663,11,86,151
661,11,86,151
659,11,86,151
657,11,86,151
655,11,86,151
653,11,86,151
651,11,86,151
649,11,86,151
647,11,86,151
645,11,86,151
641,15,88,145
639,15,87,145
637,15,86,145
635,15,85,145
633,15,84,145
631,15,83,145
629,15,82,145
627,15,81,145
625,15,80,145
623,15,79,145
621,15,78,145
619,15,77,145
617,15,76,145
615,15,75,145
613,15,74,145
613,22,80,140
611,21,81,141
609,20,82,142
607,19,83,143
605,18,84,144
603,17,85,145
601,16,86,146
599,15,87,147
597,14,88,148
595,13,89,149
593,12,90,150
591,11,91,151
589,10,92,152
587,9,93,153
585,8,94,154
583,10,90,159
582,10,90,159
581,10,90,159
580,10,90,159
579,10,90,159
578,10,90,159
577,10,90,159
576,10,90,159
575,10,90,159
574,10,90,159
573,10,90,159
572,10,90,159
571,10,90,159
570,10,90,159
569,10,90,159
566,13,90,159
564,13,90,159
562,13,90,159
560,13,90,159
558,13,90,159
556,13,90,159
554,13,90,159
552,13,90,159
550,13,90,159
548,13,90,159
546,13,90,159
544,13,90,159
542,13,90,159
540,13,90,159
538,13,90,159
541,20,92,152
540,20,91,153
539,20,90,154
538,20,89,155
537,20,88,156
536,20,87,157
535,20,86,158
534,20,85,159
533,20,84,160
532,20,83,161
531,20,82,162
530,20,81,163
529,20,80,164
528,20,79,165
527,20,78,166
521,20,82,162
520,20,82,162
519,20,82,162
518,20,82,162
517,20,82,162
516,20,82,162
515,20,82,162
514,20,82,162
513,20,82,162
512,20,82,162
511,20,82,162
510,20,82,162
509,20,82,162
508,20,82,162
507,20,82,162
504,15,89,165
503,15,89,165
502,15,89,165
501,15,89,165
500,15,89,165
499,15,89,165
498,15,89,165
497,15,89,165
496,15,89,165
495,15,89,165
494,15,89,165
493,15,89,165
492,15,89,165
491,15,89,165
490,15,89,165
496,20,82,167
494,20,82,167
492,20,82,167
490,20,82,167
488,20,82,167
486,20,82,167
484,20,82,167
482,20,82,167
480,20,82,167
478,20,82,167
476,20,82,167
474,20,82,167
472,20,82,167
470,20,82,167
468,20,82,167
473,27,88,174
473,27,87,174
473,27,86,174
473,27,85,174
473,27,84,174
473,27,83,174
473,27,82,174
473,27,81,174
473,27,80,174
473,27,79,174
473,27,78,174
473,27,77,174
473,27,76,174
473,27,75,174
473,27,74,174
468,27,78,169
468,27,79,171
468,27,80,173
468,27,81,175
468,27,82,177
468,27,83,179
468,27,84,181
468,27,85,183
468,27,86,185
468,27,87,187
468,27,88,189
468,27,89,191
468,27,90,193
468,27,91,195
468,27,92,197
468,22,88,196
467,22,89,196
466,22,90,196
465,22,91,196
464,22,92,196
463,22,93,196
462,22,94,196
461,22,95,196
460,22,96,196
459,22,97,196
458,22,98,196
457,22,99,196
456,22,100,196
455,22,101,196
454,22,102,196
458,22,101,196
459,22,100,196
460,22,99,196
461,22,98,196
462,22,97,196
463,22,96,196
464,22,95,196
465,22,94,196
466,22,93,196
467,22,92,196
468,22,91,196
469,22,90,196
470,22,89,196
471,22,88,196
472,22,87,196
468,27,89,191
470,27,89,192
472,27,89,193
474,27,89,194
476,27,89,195
478,27,89,196
480,27,89,197
482,27,89,198
484,27,89,199
486,27,89,200
488,27,89,201
490,27,89,202
492,27,89,203
494,27,89,204
496,27,89,205
500,22,91,213
501,22,91,214
502,22,91,215
503,22,91,216
504,22,91,217
505,22,91,218
506,22,91,219
507,22,91,220
508,22,91,221
509,22,91,222
510,22,91,223
511,22,91,224
512,22,91,225
513,22,91,226
514,22,91,227
521,18,89,224
522,18,90,224
523,18,91,224
524,18,92,224
525,18,93,224
526,18,94,224
527,18,95,224
528,18,96,224
529,18,97,224
530,18,98,224
531,18,99,224
532,18,100,224
533,18,101,224
534,18,102,224
535,18,103,224
538,23,99,229
