1228,131,85,223
1224,131,86,223
1220,131,87,223
1216,131,88,223
1212,131,89,223
1208,131,90,223
1204,131,91,223
1200,131,92,223
1196,131,93,223
1192,131,94,223
1188,131,95,223
1184,131,96,223
1180,131,97,223
1176,131,98,223
1172,131,99,223
1175,135,107,224
1174,134,105,225
1173,133,103,226
1172,132,101,227
1171,131,99,228
1170,130,97,229
1169,129,95,230
1168,128,93,231
1167,127,91,232
1166,126,89,233
1165,125,87,234
1164,124,85,235
1163,123,83,236
1162,122,81,237
1161,121,79,238
1162,114,72,242
1159,114,73,242
1156,114,74,242
1153,114,75,242
1150,114,76,242
1147,114,77,242
1144,114,78,242
1141,114,79,242
1138,114,80,242
1135,114,81,242
1132,114,82,242
1129,114,83,242
1126,114,84,242
1123,114,85,242
1120,114,86,242
1116,117,93,237
1113,117,93,236
1110,117,93,235
1107,117,93,234
1104,117,93,233
1101,117,93,232
1098,117,93,231
1095,117,93,230
1092,117,93,229
1089,117,93,228
1086,117,93,227
1083,117,93,226
1080,117,93,225
1077,117,93,224
1074,117,93,223
1071,121,88,229
1069,121,87,228
1067,121,86,227
1065,121,85,226
1063,121,84,225
1061,121,83,224
1059,121,82,223
1057,121,81,222
1055,121,80,221
1053,121,79,220
1051,121,78,219
1049,121,77,218
1047,121,76,217
1045,121,75,216
1043,121,74,215
1047,115,76,219
1043,115,77,219
1039,115,78,219
1035,115,79,219
1031,115,80,219
1027,115,81,219
1023,115,82,219
1019,115,83,219
1015,115,84,219
1011,115,85,219
1007,115,86,219
1003,115,87,219
999,115,88,219
995,115,89,219
991,115,90,219
993,115,96,226
989,115,96,225
985,115,96,224
981,115,96,223
977,115,96,222
973,115,96,221
969,115,96,220
965,115,96,219
961,115,96,218
957,115,96,217
953,115,96,216
949,115,96,215
945,115,96,214
941,115,96,213
937,115,96,212
936,114,99,217
936,114,98,218
936,114,97,219
936,114,96,220
936,114,95,221
936,114,94,222
936,114,93,223
936,114,92,224
936,114,91,225
936,114,90,226
936,114,89,227
936,114,88,228
936,114,87,229
936,114,86,230
936,114,85,231
931,108,85,228
927,108,86,227
923,108,87,226
919,108,88,225
915,108,89,224
911,108,90,223
907,108,91,222
903,108,92,221
899,108,93,220
895,108,94,219
891,108,95,218
887,108,96,217
883,108,97,216
879,108,98,215
875,108,99,214
875,114,100,216
872,114,99,216
869,114,98,216
866,114,97,216
863,114,96,216
860,114,95,216
857,114,94,216
854,114,93,216
851,114,92,216
848,114,91,216
845,114,90,216
842,114,89,216
839,114,88,216
836,114,87,216
833,114,86,216
832,117,87,216
830,116,86,217
828,115,85,218
826,114,84,219
824,113,83,220
822,112,82,221
820,111,81,222
818,110,80,223
816,109,79,224
814,108,78,225
812,107,77,226
810,106,76,227
808,105,75,228
806,104,74,229
804,103,73,230
803,103,68,234
799,103,71,234
795,103,74,234
791,103,77,234
787,103,80,234
783,103,83,234
779,103,86,234
775,103,89,234
771,103,92,234
767,103,95,234
763,103,98,234
759,103,101,234
755,103,104,234
751,103,107,234
747,103,110,234
740,109,110,227
737,109,109,227
734,109,108,227
731,109,107,227
728,109,106,227
725,109,105,227
722,109,104,227
719,109,103,227
716,109,102,227
713,109,101,227
710,109,100,227
707,109,99,227
704,109,98,227
701,109,97,227
698,109,96,227
692,103,102,221
691,103,101,222
690,103,100,223
689,103,99,224
688,103,98,225
687,103,97,226
686,103,96,227
685,103,95,228
684,103,94,229
683,103,93,230
682,103,92,231
681,103,91,232
680,103,90,233
679,103,89,234
678,103,88,235
677,102,80,232
673,103,81,232
669,104,82,232
665,105,83,232
661,106,84,232
657,107,85,232
653,108,86,232
649,109,87,232
645,110,88,232
641,111,89,232
637,112,90,232
633,113,91,232
629,114,92,232
625,115,93,232
621,116,94,232
622,111,92,225
618,110,92,226
614,109,92,227
610,108,92,228
606,107,92,229
602,106,92,230
598,105,92,231
594,104,92,232
590,103,92,233
586,102,92,234
582,101,92,235
578,100,92,236
574,99,92,237
570,98,92,238
566,97,92,239
568,102,98,234
567,102,97,234
566,102,96,234
565,102,95,234
564,102,94,234
563,102,93,234
562,102,92,234
561,102,91,234
560,102,90,234
559,102,89,234
558,102,88,234
557,102,87,234
556,102,86,234
555,102,85,234
554,102,84,234
549,100,78,239
547,100,78,239
545,100,78,239
543,100,78,239
541,100,78,239
539,100,78,239
537,100,78,239
535,100,78,239
533,100,78,239
531,100,78,239
529,100,78,239
527,100,78,239
525,100,78,239
523,100,78,239
521,100,78,239
518,102,75,239
515,102,76,240
512,102,77,241
509,102,78,242
506,102,79,243
503,102,80,244
500,102,81,245
497,102,82,246
494,102,83,247
491,102,84,248
488,102,85,249
485,102,86,250
482,102,87,251
479,102,88,252
476,102,89,253
479,109,97,248
478,108,96,249
477,107,95,250
476,106,94,251
475,105,93,252
474,104,92,253
473,103,91,254
472,102,90,255
471,101,89,256
470,100,88,257
469,99,87,258
468,98,86,259
467,97,85,260
466,96,84,261
465,95,83,262
471,100,76,260
470,100,75,260
469,100,74,260
468,100,73,260
467,100,72,260
466,100,71,260
465,100,70,260
464,100,69,260
463,100,68,260
462,100,67,260
461,100,66,260
460,100,65,260
459,100,64,260
458,100,63,260
457,100,62,260
453,105,68,261
451,105,69,261
449,105,70,261
447,105,71,261
445,105,72,261
443,105,73,261
441,105,74,261
439,105,75,261
437,105,76,261
435,105,77,261
433,105,78,261
431,105,79,261
429,105,80,261
427,105,81,261
425,105,82,261
423,109,86,268
422,109,86,267
421,109,86,266
420,109,86,265
419,109,86,264
418,109,86,263
417,109,86,262
416,109,86,261
415,109,86,260
414,109,86,259
413,109,86,258
412,109,86,257
411,109,86,256
410,109,86,255
409,109,86,254
413,111,82,255
412,111,82,257
411,111,82,259
410,111,82,261
409,111,82,263
408,111,82,265
407,111,82,267
406,111,82,269
405,111,82,271
404,111,82,273
403,111,82,275
402,111,82,277
401,111,82,279
400,111,82,281
399,111,82,283
399,115,79,282
399,115,79,283
399,115,79,284
399,115,79,285
399,115,79,286
399,115,79,287
399,115,79,288
399,115,79,289
399,115,79,290
399,115,79,291
399,115,79,292
399,115,79,293
399,115,79,294
399,115,79,295
399,115,79,296
404,114,83,291
404,114,83,291
404,114,83,291
404,114,83,291
404,114,83,291
404,114,83,291
404,114,83,291
404,114,83,291
404,114,83,291
404,114,83,291
404,114,83,291
404,114,83,291
404,114,83,291
404,114,83,291
404,114,83,291
407,118,85,297
408,118,86,298
409,118,87,299
410,118,88,300
411,118,89,301
412,118,90,302
413,118,91,303
414,118,92,304
415,118,93,305
416,118,94,306
417,118,95,307
418,118,96,308
419,118,97,309
420,118,98,310
421,118,99,311
416,123,100,306
418,123,99,307
420,123,98,308
422,123,97,309
424,123,96,310
426,123,95,311
428,123,94,312
430,123,93,313
432,123,92,314
434,123,91,315
436,123,90,316
438,123,89,317
440,123,88,318
442,123,87,319
444,123,86,320
450,118,92,314
