1155,328,81,159
1154,328,79,158
1153,328,77,157
1152,328,75,156
1151,328,73,155
1150,328,71,154
1149,328,69,153
1148,328,67,152
1147,328,65,151
1146,328,63,150
1145,328,61,149
1144,328,59,148
1143,328,57,147
1142,328,55,146
1141,328,53,145
1137,327,55,145
1135,327,56,146
1133,327,57,147
1131,327,58,148
1129,327,59,149
1127,327,60,150
1125,327,61,151
1123,327,62,152
1121,327,63,153
1119,327,64,154
1117,327,65,155
1115,327,66,156
1113,327,67,157
1111,327,68,158
1109,327,69,159
1109,320,64,155
1107,320,64,155
1105,320,64,155
1103,320,64,155
1101,320,64,155
1099,320,64,155
1097,320,64,155
1095,320,64,155
1093,320,64,155
1091,320,64,155
1089,320,64,155
1087,320,64,155
1085,320,64,155
1083,320,64,155
1081,320,64,155
1082,317,64,155
1081,317,63,155
1080,317,62,155
1079,317,61,155
1078,317,60,155
1077,317,59,155
1076,317,58,155
1075,317,57,155
1074,317,56,155
1073,317,55,155
1072,317,54,155
1071,317,53,155
1070,317,52,155
1069,317,51,155
1068,317,50,155
1067,315,52,155
1065,315,53,155
1063,315,54,155
1061,315,55,155
1059,315,56,155
1057,315,57,155
1055,315,58,155
1053,315,59,155
1051,315,60,155
1049,315,61,155
1047,315,62,155
1045,315,63,155
1043,315,64,155
1041,315,65,155
1039,315,66,155
1040,311,64,161
1038,312,64,160
1036,313,64,159
1034,314,64,158
1032,315,64,157
1030,316,64,156
1028,317,64,155
1026,318,64,154
1024,319,64,153
1022,320,64,152
1020,321,64,151
1018,322,64,150
1016,323,64,149
1014,324,64,148
1012,325,64,147
1013,319,59,145
1012,319,59,145
1011,319,59,145
1010,319,59,145
1009,319,59,145
1008,319,59,145
1007,319,59,145
1006,319,59,145
1005,319,59,145
1004,319,59,145
1003,319,59,145
1002,319,59,145
1001,319,59,145
1000,319,59,145
999,319,59,145
995,319,59,143
993,319,60,144
991,319,61,145
989,319,62,146
987,319,63,147
985,319,64,148
983,319,65,149
981,319,66,150
979,319,67,151
977,319,68,152
975,319,69,153
973,319,70,154
971,319,71,155
969,319,72,156
967,319,73,157
960,314,72,155
959,314,71,155
958,314,70,155
957,314,69,155
956,314,68,155
955,314,67,155
954,314,66,155
953,314,65,155
952,314,64,155
951,314,63,155
950,314,62,155
949,314,61,155
948,314,60,155
947,314,59,155
946,314,58,155
945,311,59,159
944,311,59,159
943,311,59,159
942,311,59,159
941,311,59,159
940,311,59,159
939,311,59,159
938,311,59,159
937,311,59,159
936,311,59,159
935,311,59,159
934,311,59,159
933,311,59,159
932,311,59,159
931,311,59,159
925,311,66,158
923,312,66,157
921,313,66,156
919,314,66,155
917,315,66,154
915,316,66,153
913,317,66,152
911,318,66,151
909,319,66,150
907,320,66,149
905,321,66,148
903,322,66,147
901,323,66,146
899,324,66,145
897,325,66,144
891,325,62,149
890,325,62,149
889,325,62,149
888,325,62,149
887,325,62,149
886,325,62,149
885,325,62,149
884,325,62,149
883,325,62,149
882,325,62,149
881,325,62,149
880,325,62,149
879,325,62,149
878,325,62,149
877,325,62,149
875,319,59,148
873,319,60,149
871,319,61,150
869,319,62,151
867,319,63,152
865,319,64,153
863,319,65,154
861,319,66,155
859,319,67,156
857,319,68,157
855,319,69,158
853,319,70,159
851,319,71,160
849,319,72,161
847,319,73,162
839,320,71,157
838,320,70,157
837,320,69,157
836,320,68,157
835,320,67,157
834,320,66,157
833,320,65,157
832,320,64,157
831,320,63,157
830,320,62,157
829,320,61,157
828,320,60,157
827,320,59,157
826,320,58,157
825,320,57,157
823,317,53,158
821,317,55,159
819,317,57,160
817,317,59,161
815,317,61,162
813,317,63,163
811,317,65,164
809,317,67,165
807,317,69,166
805,317,71,167
803,317,73,168
801,317,75,169
799,317,77,170
797,317,79,171
795,317,81,172
787,314,76,166
785,314,75,165
783,314,74,164
781,314,73,163
779,314,72,162
777,314,71,161
775,314,70,160
773,314,69,159
771,314,68,158
769,314,67,157
767,314,66,156
765,314,65,155
763,314,64,154
761,314,63,153
759,314,62,152
760,320,66,157
759,321,65,156
758,322,64,155
757,323,63,154
756,324,62,153
755,325,61,152
754,326,60,151
753,327,59,150
752,328,58,149
751,329,57,148
750,330,56,147
749,331,55,146
748,332,54,145
747,333,53,144
746,334,52,143
744,330,48,142
742,329,50,144
740,328,52,146
738,327,54,148
736,326,56,150
734,325,58,152
732,324,60,154
730,323,62,156
728,322,64,158
726,321,66,160
724,320,68,162
722,319,70,164
720,318,72,166
718,317,74,168
716,316,76,170
710,320,76,165
709,320,75,165
708,320,74,165
707,320,73,165
706,320,72,165
705,320,71,165
704,320,70,165
703,320,69,165
702,320,68,165
701,320,67,165
700,320,66,165
699,320,65,165
698,320,64,165
697,320,63,165
696,320,62,165
692,327,67,158
691,326,66,159
690,325,65,160
689,324,64,161
688,323,63,162
687,322,62,163
686,321,61,164
685,320,60,165
684,319,59,166
683,318,58,167
682,317,57,168
681,316,56,169
680,315,55,170
679,314,54,171
678,313,53,172
677,317,57,176
676,317,58,177
675,317,59,178
674,317,60,179
673,317,61,180
672,317,62,181
671,317,63,182
670,317,64,183
669,317,65,184
668,317,66,185
667,317,67,186
666,317,68,187
665,317,69,188
664,317,70,189
663,317,71,190
656,319,69,184
655,319,68,184
654,319,67,184
653,319,66,184
652,319,65,184
651,319,64,184
650,319,63,184
649,319,62,184
648,319,61,184
647,319,60,184
646,319,59,184
645,319,58,184
644,319,57,184
643,319,56,184
642,319,55,184
645,314,60,184
644,314,60,184
643,314,60,184
642,314,60,184
641,314,60,184
640,314,60,184
639,314,60,184
638,314,60,184
637,314,60,184
636,314,60,184
635,314,60,184
634,314,60,184
633,314,60,184
632,314,60,184
631,314,60,184
632,317,62,181
631,317,62,181
630,317,62,181
629,317,62,181
628,317,62,181
627,317,62,181
626,317,62,181
625,317,62,181
624,317,62,181
623,317,62,181
622,317,62,181
621,317,62,181
620,317,62,181
619,317,62,181
618,317,62,181
618,319,62,187
617,319,62,188
616,319,62,189
615,319,62,190
614,319,62,191
613,319,62,192
612,319,62,193
611,319,62,194
610,319,62,195
609,319,62,196
608,319,62,197
607,319,62,198
606,319,62,199
605,319,62,200
604,319,62,201
609,314,62,195
609,314,62,196
609,314,62,197
609,314,62,198
609,314,62,199
609,314,62,200
609,314,62,201
609,314,62,202
609,314,62,203
609,314,62,204
609,314,62,205
609,314,62,206
609,314,62,207
609,314,62,208
609,314,62,209
607,320,55,204
607,320,55,205
607,320,55,206
607,320,55,207
607,320,55,208
607,320,55,209
607,320,55,210
607,320,55,211
607,320,55,212
607,320,55,213
607,320,55,214
607,320,55,215
607,320,55,216
607,320,55,217
607,320,55,218
609,320,58,215
609,320,58,215
609,320,58,215
609,320,58,215
609,320,58,215
609,320,58,215
609,320,58,215
609,320,58,215
609,320,58,215
609,320,58,215
609,320,58,215
609,320,58,215
609,320,58,215
609,320,58,215
609,320,58,215
614,315,61,220
615,316,62,219
616,317,63,218
617,318,64,217
618,319,65,216
619,320,66,215
620,321,67,214
621,322,68,213
622,323,69,212
623,324,70,211
624,325,71,210
625,326,72,209
626,327,73,208
627,328,74,207
628,329,75,206
623,324,70,206
625,324,69,206
627,324,68,206
629,324,67,206
631,324,66,206
633,324,65,206
635,324,64,206
637,324,63,206
639,324,62,206
641,324,61,206
643,324,60,206
645,324,59,206
647,324,58,206
649,324,57,206
651,324,56,206
648,325,55,200
