339,276,86,265
338,277,86,266
337,278,86,267
336,279,86,268
335,280,86,269
334,281,86,270
333,282,86,271
332,283,86,272
331,284,86,273
330,285,86,274
329,286,86,275
328,287,86,276
327,288,86,277
326,289,86,278
325,290,86,279
318,284,93,276
320,285,95,276
322,286,97,276
324,287,99,276
326,288,101,276
328,289,103,276
330,290,105,276
332,291,107,276
334,292,109,276
336,293,111,276
338,294,113,276
340,295,115,276
342,296,117,276
344,297,119,276
346,298,121,276
344,297,127,282
353,297,129,284
362,297,131,286
371,297,133,288
380,297,135,290
389,297,137,292
398,297,139,294
407,297,141,296
416,297,143,298
425,297,145,300
434,297,147,302
443,297,149,304
452,297,151,306
461,297,153,308
470,297,155,310
480,294,159,318
494,295,160,319
508,296,161,320
522,297,162,321
536,298,163,322
550,299,164,323
564,300,165,324
578,301,166,325
592,302,167,326
606,303,168,327
620,304,169,328
634,305,170,329
648,306,171,330
662,307,172,331
676,308,173,332
688,305,168,328
707,306,164,328
726,307,160,328
745,308,156,328
764,309,152,328
783,310,148,328
802,311,144,328
821,312,140,328
840,313,136,328
859,314,132,328
878,315,128,328
897,316,124,328
916,317,120,328
935,318,116,328
954,319,112,328
970,313,102,327
982,313,101,327
994,313,100,327
1006,313,99,327
1018,313,98,327
1030,313,97,327
1042,313,96,327
1054,313,95,327
1066,313,94,327
1078,313,93,327
1090,313,92,327
1102,313,91,327
1114,313,90,327
1126,313,89,327
1138,313,88,327
1145,313,94,331
1152,313,95,331
1159,313,96,331
1166,313,97,331
1173,313,98,331
1180,313,99,331
1187,313,100,331
1194,313,101,331
1201,313,102,331
1208,313,103,331
1215,313,104,331
1222,313,105,331
1229,313,106,331
1236,313,107,331
1243,313,108,331
1255,319,104,331
1262,320,105,330
1269,321,106,329
1276,322,107,328
1283,323,108,327
1290,324,109,326
1297,325,110,325
1304,326,111,324
1311,327,112,323
1318,328,113,322
1325,329,114,321
1332,330,115,320
1339,331,116,319
1346,332,117,318
1353,333,118,317
1362,332,113,310
1368,333,114,310
1374,334,115,310
1380,335,116,310
1386,336,117,310
1392,337,118,310
1398,338,119,310
1404,339,120,310
1410,340,121,310
1416,341,122,310
1422,342,123,310
1428,343,124,310
1434,344,125,310
1440,345,126,310
1446,346,127,310
1456,342,122,306
1458,342,121,305
1460,342,120,304
1462,342,119,303
1464,342,118,302
1466,342,117,301
1468,342,116,300
1470,342,115,299
1472,342,114,298
1474,342,113,297
1476,342,112,296
1478,342,111,295
1480,342,110,294
1482,342,109,293
1484,342,108,292
1484,345,110,288
1480,345,110,286
1476,345,110,284
1472,345,110,282
1468,345,110,280
1464,345,110,278
1460,345,110,276
1456,345,110,274
1452,345,110,272
1448,345,110,270
1444,345,110,268
1440,345,110,266
1436,345,110,264
1432,345,110,262
1428,345,110,260
1426,345,103,255
1414,343,104,255
1402,341,105,255
1390,339,106,255
1378,337,107,255
1366,335,108,255
1354,333,109,255
1342,331,110,255
1330,329,111,255
1318,327,112,255
1306,325,113,255
1294,323,114,255
1282,321,115,255
1270,319,116,255
1258,317,117,255
1252,317,125,256
1236,316,127,256
1220,315,129,256
1204,314,131,256
1188,313,133,256
1172,312,135,256
1156,311,137,256
1140,310,139,256
1124,309,141,256
1108,308,143,256
1092,307,145,256
1076,306,147,256
1060,305,149,256
1044,304,151,256
1028,303,153,256
1014,299,153,251
1003,299,150,252
992,299,147,253
981,299,144,254
970,299,141,255
959,299,138,256
948,299,135,257
937,299,132,258
926,299,129,259
915,299,126,260
904,299,123,261
893,299,120,262
882,299,117,263
871,299,114,264
860,299,111,265
848,303,107,262
835,303,106,264
822,303,105,266
809,303,104,268
796,303,103,270
783,303,102,272
770,303,101,274
757,303,100,276
744,303,99,278
731,303,98,280
718,303,97,282
705,303,96,284
692,303,95,286
679,303,94,288
666,303,93,290
655,299,94,288
644,301,96,289
633,303,98,290
622,305,100,291
611,307,102,292
600,309,104,293
589,311,106,294
578,313,108,295
567,315,110,296
556,317,112,297
545,319,114,298
534,321,116,299
523,323,118,300
512,325,120,301
501,327,122,302
487,324,126,307
475,329,129,310
463,334,132,313
451,339,135,316
439,344,138,319
427,349,141,322
415,354,144,325
403,359,147,328
391,364,150,331
379,369,153,334
367,374,156,337
355,379,159,340
343,384,162,343
331,389,165,346
319,394,168,349
313,403,172,353
310,413,168,351
307,423,164,349
304,433,160,347
301,443,156,345
298,453,152,343
295,463,148,341
292,473,144,339
289,483,140,337
286,493,136,335
283,503,132,333
280,513,128,331
277,523,124,329
274,533,120,327
271,543,116,325
271,555,107,324
265,554,110,331
259,553,113,338
253,552,116,345
247,551,119,352
241,550,122,359
235,549,125,366
229,548,128,373
223,547,131,380
217,546,134,387
211,545,137,394
205,544,140,401
199,543,143,408
193,542,146,415
187,541,149,422
180,547,154,424
181,550,155,426
182,553,156,428
183,556,157,430
184,559,158,432
185,562,159,434
186,565,160,436
187,568,161,438
188,571,162,440
189,574,163,442
190,577,164,444
191,580,165,446
192,583,166,448
193,586,167,450
194,589,168,452
201,599,168,451
208,602,174,450
215,605,180,449
222,608,186,448
229,611,192,447
236,614,198,446
243,617,204,445
250,620,210,444
257,623,216,443
264,626,222,442
271,629,228,441
278,632,234,440
285,635,240,439
292,638,246,438
299,641,252,437
304,638,254,442
321,637,256,443
338,636,258,444
355,635,260,445
372,634,262,446
389,633,264,447
406,632,266,448
423,631,268,449
440,630,270,450
457,629,272,451
474,628,274,452
491,627,276,453
508,626,278,454
525,625,280,455
542,624,282,456
556,630,279,450
579,629,270,445
602,628,261,440
625,627,252,435
648,626,243,430
671,625,234,425
694,624,225,420
717,623,216,415
740,622,207,410
763,621,198,405
786,620,189,400
809,619,180,395
832,618,171,390
855,617,162,385
878,616,153,380
897,609,140,381
903,597,144,381
909,585,148,381
915,573,152,381
921,561,156,381
927,549,160,381
933,537,164,381
939,525,168,381
945,513,172,381
951,501,176,381
957,489,180,381
963,477,184,381
969,465,188,381
975,453,192,381
981,441,196,381
994,434,206,374
999,428,204,373
1004,422,202,372
1009,416,200,371
1014,410,198,370
1019,404,196,369
1024,398,194,368
1029,392,192,367
1034,386,190,366
1039,380,188,365
1044,374,186,364
1049,368,184,363
1054,362,182,362
1059,356,180,361
1064,350,178,360
1071,338,175,352
1083,337,171,349
1095,336,167,346
1107,335,163,343
1119,334,159,340
1131,333,155,337
1143,332,151,334
1155,331,147,331
1167,330,143,328
1179,329,139,325
1191,328,135,322
1203,327,131,319
1215,326,127,316
1227,325,123,313
1239,324,119,310
1252,330,109,314
1257,330,109,312
1262,330,109,310
1267,330,109,308
1272,330,109,306
1277,330,109,304
1282,330,109,302
1287,330,109,300
1292,330,109,298
1297,330,109,296
1302,330,109,294
1307,330,109,292
1312,330,109,290
1317,330,109,288
1322,330,109,286
1320,328,106,284
1323,326,105,283
1326,324,104,282
1329,322,103,281
1332,320,102,280
1335,318,101,279
1338,316,100,278
1341,314,99,277
1344,312,98,276
1347,310,97,275
1350,308,96,274
1353,306,95,273
1356,304,94,272
1359,302,93,271
1362,300,92,270
1363,305,87,270
1366,305,87,268
1369,305,87,266
1372,305,87,264
1375,305,87,262
1378,305,87,260
1381,305,87,258
1384,305,87,256
1387,305,87,254
1390,305,87,252
1393,305,87,250
1396,305,87,248
1399,305,87,246
1402,305,87,244
1405,305,87,242
1404,303,88,247
1407,304,89,245
1410,305,90,243
1413,306,91,241
1416,307,92,239
1419,308,93,237
1422,309,94,235
1425,310,95,233
1428,311,96,231
1431,312,97,229
1434,313,98,227
1437,314,99,225
1440,315,100,223
1443,316,101,221
1446,317,102,219
1446,315,97,216
