1413,324,60,150
1406,324,60,150
1399,324,60,150
1392,324,60,150
1385,324,60,150
1378,324,60,150
1371,324,60,150
1364,324,60,150
1357,324,60,150
1350,324,60,150
1343,324,60,150
1336,324,60,150
1329,324,60,150
1322,324,60,150
1315,324,60,150
1304,317,57,152
1295,317,57,152
1286,317,57,152
1277,317,57,152
1268,317,57,152
1259,317,57,152
1250,317,57,152
1241,317,57,152
1232,317,57,152
1223,317,57,152
1214,317,57,152
1205,317,57,152
1196,317,57,152
1187,317,57,152
1178,317,57,152
1175,320,57,145
1169,320,57,145
1163,320,57,145
1157,320,57,145
1151,320,57,145
1145,320,57,145
1139,320,57,145
1133,320,57,145
1127,320,57,145
1121,320,57,145
1115,320,57,145
1109,320,57,145
1103,320,57,145
1097,320,57,145
1091,320,57,145
1084,315,51,138
1076,315,51,138
1068,315,51,138
1060,315,51,138
1052,315,51,138
1044,315,51,138
1036,315,51,138
1028,315,51,138
1020,315,51,138
1012,315,51,138
1004,315,51,138
996,315,51,138
988,315,51,138
980,315,51,138
972,315,51,138
966,314,52,134
959,315,52,134
952,316,52,134
945,317,52,134
938,318,52,134
931,319,52,134
924,320,52,134
917,321,52,134
910,322,52,134
903,323,52,134
896,324,52,134
889,325,52,134
882,326,52,134
875,327,52,134
868,328,52,134
857,322,51,133
849,321,52,132
841,320,53,131
833,319,54,130
825,318,55,129
817,317,56,128
809,316,57,127
801,315,58,126
793,314,59,125
785,313,60,124
777,312,61,123
769,311,62,122
761,310,63,121
753,309,64,120
745,308,65,119
739,309,68,124
731,310,67,125
723,311,66,126
715,312,65,127
707,313,64,128
699,314,63,129
691,315,62,130
683,316,61,131
675,317,60,132
667,318,59,133
659,319,58,134
651,320,57,135
643,321,56,136
635,322,55,137
627,323,54,138
621,319,59,136
615,319,58,136
609,319,57,136
603,319,56,136
597,319,55,136
591,319,54,136
585,319,53,136
579,319,52,136
573,319,51,136
567,319,50,136
561,319,49,136
555,319,48,136
549,319,47,136
543,319,46,136
537,319,45,136
528,322,47,133
524,323,47,133
520,324,47,133
516,325,47,133
512,326,47,133
508,327,47,133
504,328,47,133
500,329,47,133
496,330,47,133
492,331,47,133
488,332,47,133
484,333,47,133
480,334,47,133
476,335,47,133
472,336,47,133
463,330,49,128
459,330,49,129
455,330,49,130
451,330,49,131
447,330,49,132
443,330,49,133
439,330,49,134
435,330,49,135
431,330,49,136
427,330,49,137
423,330,49,138
419,330,49,139
415,330,49,140
411,330,49,141
407,330,49,142
408,332,56,144
405,332,56,145
402,332,56,146
399,332,56,147
396,332,56,148
393,332,56,149
390,332,56,150
387,332,56,151
384,332,56,152
381,332,56,153
378,332,56,154
375,332,56,155
372,332,56,156
369,332,56,157
366,332,56,158
370,335,59,166
370,335,59,167
370,335,59,168
370,335,59,169
370,335,59,170
370,335,59,171
370,335,59,172
370,335,59,173
370,335,59,174
370,335,59,175
370,335,59,176
370,335,59,177
370,335,59,178
370,335,59,179
370,335,59,180
377,338,61,174
380,338,61,175
383,338,61,176
386,338,61,177
389,338,61,178
392,338,61,179
395,338,61,180
398,338,61,181
401,338,61,182
404,338,61,183
407,338,61,184
410,338,61,185
413,338,61,186
416,338,61,187
419,338,61,188
423,338,65,192
430,338,65,194
437,338,65,196
444,338,65,198
451,338,65,200
458,338,65,202
465,338,65,204
472,338,65,206
479,338,65,208
486,338,65,210
493,338,65,212
500,338,65,214
507,338,65,216
514,338,65,218
521,338,65,220
525,342,62,220
535,342,62,219
545,342,62,218
555,342,62,217
565,342,62,216
575,342,62,215
585,342,62,214
595,342,62,213
605,342,62,212
615,342,62,211
625,342,62,210
635,342,62,209
645,342,62,208
655,342,62,207
665,342,62,206
676,345,62,198
686,344,63,200
696,343,64,202
706,342,65,204
716,341,66,206
726,340,67,208
736,339,68,210
746,338,69,212
756,337,70,214
766,336,71,216
776,335,72,218
786,334,73,220
796,333,74,222
806,332,75,224
816,331,76,226
827,337,76,225
840,337,76,227
853,337,76,229
866,337,76,231
879,337,76,233
892,337,76,235
905,337,76,237
918,337,76,239
931,337,76,241
944,337,76,243
957,337,76,245
970,337,76,247
983,337,76,249
996,337,76,251
1009,337,76,253
1024,340,69,248
1033,340,69,248
1042,340,69,248
1051,340,69,248
1060,340,69,248
1069,340,69,248
1078,340,69,248
1087,340,69,248
1096,340,69,248
1105,340,69,248
1114,340,69,248
1123,340,69,248
1132,340,69,248
1141,340,69,248
1150,340,69,248
1166,338,65,247
1172,338,65,246
1178,338,65,245
1184,338,65,244
1190,338,65,243
1196,338,65,242
1202,338,65,241
1208,338,65,240
1214,338,65,239
1220,338,65,238
1226,338,65,237
1232,338,65,236
1238,338,65,235
1244,338,65,234
1250,338,65,233
1255,342,68,233
1259,343,70,233
1263,344,72,233
1267,345,74,233
1271,346,76,233
1275,347,78,233
1279,348,80,233
1283,349,82,233
1287,350,84,233
1291,351,86,233
1295,352,88,233
1299,353,90,233
1303,354,92,233
1307,355,94,233
1311,356,96,233
1312,358,95,227
1313,357,94,227
1314,356,93,227
1315,355,92,227
1316,354,91,227
1317,353,90,227
1318,352,89,227
1319,351,88,227
1320,350,87,227
1321,349,86,227
1322,348,85,227
1323,347,84,227
1324,346,83,227
1325,345,82,227
1326,344,81,227
1328,342,79,221
1325,342,79,218
1322,342,79,215
1319,342,79,212
1316,342,79,209
1313,342,79,206
1310,342,79,203
1307,342,79,200
1304,342,79,197
1301,342,79,194
1298,342,79,191
1295,342,79,188
1292,342,79,185
1289,342,79,182
1286,342,79,179
1288,340,80,177
1284,339,79,177
1280,338,78,177
1276,337,77,177
1272,336,76,177
1268,335,75,177
1264,334,74,177
1260,333,73,177
1256,332,72,177
1252,331,71,177
1248,330,70,177
1244,329,69,177
1240,328,68,177
1236,327,67,177
1232,326,66,177
1228,325,70,176
1222,325,68,176
1216,325,66,176
1210,325,64,176
1204,325,62,176
1198,325,60,176
1192,325,58,176
1186,325,56,176
1180,325,54,176
1174,325,52,176
1168,325,50,176
1162,325,48,176
1156,325,46,176
1150,325,44,176
1144,325,42,176
1141,320,45,169
1135,320,45,168
1129,320,45,167
1123,320,45,166
1117,320,45,165
1111,320,45,164
1105,320,45,163
1099,320,45,162
1093,320,45,161
1087,320,45,160
1081,320,45,159
1075,320,45,158
1069,320,45,157
1063,320,45,156
1057,320,45,155
1058,322,47,147
1054,322,47,147
1050,322,47,147
1046,322,47,147
1042,322,47,147
1038,322,47,147
1034,322,47,147
1030,322,47,147
1026,322,47,147
1022,322,47,147
1018,322,47,147
1014,322,47,147
1010,322,47,147
1006,322,47,147
1002,322,47,147
993,315,46,150
990,315,46,149
987,315,46,148
984,315,46,147
981,315,46,146
978,315,46,145
975,315,46,144
972,315,46,143
969,315,46,142
966,315,46,141
963,315,46,140
960,315,46,139
957,315,46,138
954,315,46,137
951,315,46,136
947,320,45,136
