1390,172,78,215
1380,171,77,215
1370,170,76,215
1360,169,75,215
1350,168,74,215
1340,167,73,215
1330,166,72,215
1320,165,71,215
1310,164,70,215
1300,163,69,215
1290,162,68,215
1280,161,67,215
1270,160,66,215
1260,159,65,215
1250,158,64,215
1243,154,68,218
1232,153,70,218
1221,152,72,218
1210,151,74,218
1199,150,76,218
1188,149,78,218
1177,148,80,218
1166,147,82,218
1155,146,84,218
1144,145,86,218
1133,144,88,218
1122,143,90,218
1111,142,92,218
1100,141,94,218
1089,140,96,218
1074,143,103,215
1066,143,102,214
1058,143,101,213
1050,143,100,212
1042,143,99,211
1034,143,98,210
1026,143,97,209
1018,143,96,208
1010,143,95,207
1002,143,94,206
994,143,93,205
986,143,92,204
978,143,91,203
970,143,90,202
962,143,89,201
948,136,93,201
938,136,93,200
928,136,93,199
918,136,93,198
908,136,93,197
898,136,93,196
888,136,93,195
878,136,93,194
868,136,93,193
858,136,93,192
848,136,93,191
838,136,93,190
828,136,93,189
818,136,93,188
808,136,93,187
804,140,88,191
794,140,88,191
784,140,88,191
774,140,88,191
764,140,88,191
754,140,88,191
744,140,88,191
734,140,88,191
724,140,88,191
714,140,88,191
704,140,88,191
694,140,88,191
684,140,88,191
674,140,88,191
664,140,88,191
658,133,85,193
647,132,86,193
636,131,87,193
625,130,88,193
614,129,89,193
603,128,90,193
592,127,91,193
581,126,92,193
570,125,93,193
559,124,94,193
548,123,95,193
537,122,96,193
526,121,97,193
515,120,98,193
504,119,99,193
491,125,107,195
482,126,107,195
473,127,107,195
464,128,107,195
455,129,107,195
446,130,107,195
437,131,107,195
428,132,107,195
419,133,107,195
410,134,107,195
401,135,107,195
392,136,107,195
383,137,107,195
374,138,107,195
365,139,107,195
355,136,107,189
349,136,106,189
343,136,105,189
337,136,104,189
331,136,103,189
325,136,102,189
319,136,101,189
313,136,100,189
307,136,99,189
301,136,98,189
295,136,97,189
289,136,96,189
283,136,95,189
277,136,94,189
271,136,93,189
268,137,99,188
263,138,97,188
258,139,95,188
253,140,93,188
248,141,91,188
243,142,89,188
238,143,87,188
233,144,85,188
228,145,83,188
223,146,81,188
218,147,79,188
213,148,77,188
208,149,75,188
203,150,73,188
198,151,71,188
186,156,70,183
181,156,72,184
176,156,74,185
171,156,76,186
166,156,78,187
161,156,80,188
156,156,82,189
151,156,84,190
146,156,86,191
141,156,88,192
136,156,90,193
131,156,92,194
126,156,94,195
121,156,96,196
116,156,98,197
109,152,96,203
108,152,95,205
107,152,94,207
106,152,93,209
105,152,92,211
104,152,91,213
103,152,90,215
102,152,89,217
101,152,88,219
100,152,87,221
99,152,86,223
98,152,85,225
97,152,84,227
96,152,83,229
95,152,82,231
101,148,86,238
102,148,86,240
103,148,86,242
104,148,86,244
105,148,86,246
106,148,86,248
107,148,86,250
108,148,86,252
109,148,86,254
110,148,86,256
111,148,86,258
112,148,86,260
113,148,86,262
114,148,86,264
115,148,86,266
122,148,87,273
127,149,88,273
132,150,89,273
137,151,90,273
142,152,91,273
147,153,92,273
152,154,93,273
157,155,94,273
162,156,95,273
167,157,96,273
172,158,97,273
177,159,98,273
182,160,99,273
187,161,100,273
192,162,101,273
194,168,98,279
203,168,100,280
212,168,102,281
221,168,104,282
230,168,106,283
239,168,108,284
248,168,110,285
257,168,112,286
266,168,114,287
275,168,116,288
284,168,118,289
293,168,120,290
302,168,122,291
311,168,124,292
320,168,126,293
332,169,124,289
343,169,126,291
354,169,128,293
365,169,130,295
376,169,132,297
387,169,134,299
398,169,136,301
409,169,138,303
420,169,140,305
431,169,142,307
442,169,144,309
453,169,146,311
464,169,148,313
475,169,150,315
486,169,152,317
493,165,158,319
507,166,159,320
521,167,160,321
535,168,161,322
549,169,162,323
563,170,163,324
577,171,164,325
591,172,165,326
605,173,166,327
619,174,167,328
633,175,168,329
647,176,169,330
661,177,170,331
675,178,171,332
689,179,172,333
706,175,171,336
722,176,170,336
738,177,169,336
754,178,168,336
770,179,167,336
786,180,166,336
802,181,165,336
818,182,164,336
834,183,163,336
850,184,162,336
866,185,161,336
882,186,160,336
898,187,159,336
914,188,158,336
930,189,157,336
951,191,157,330
967,191,153,331
983,191,149,332
999,191,145,333
1015,191,141,334
1031,191,137,335
1047,191,133,336
1063,191,129,337
1079,191,125,338
1095,191,121,339
1111,191,117,340
1127,191,113,341
1143,191,109,342
1159,191,105,343
1175,191,101,344
1194,198,93,349
1201,198,95,349
1208,198,97,349
1215,198,99,349
1222,198,101,349
1229,198,103,349
1236,198,105,349
1243,198,107,349
1250,198,109,349
1257,198,111,349
1264,198,113,349
1271,198,115,349
1278,198,117,349
1285,198,119,349
1292,198,121,349
1302,203,116,348
1309,205,116,347
1316,207,116,346
1323,209,116,345
1330,211,116,344
1337,213,116,343
1344,215,116,342
1351,217,116,341
1358,219,116,340
1365,221,116,339
1372,223,116,338
1379,225,116,337
1386,227,116,336
1393,229,116,335
1400,231,116,334
1413,230,119,330
1415,229,118,329
1417,228,117,328
1419,227,116,327
1421,226,115,326
1423,225,114,325
1425,224,113,324
1427,223,112,323
1429,222,111,322
1431,221,110,321
1433,220,109,320
1435,219,108,319
1437,218,107,318
1439,217,106,317
1441,216,105,316
1443,208,107,317
1442,207,107,315
1441,206,107,313
1440,205,107,311
1439,204,107,309
1438,203,107,307
1437,202,107,305
1436,201,107,303
1435,200,107,301
1434,199,107,299
1433,198,107,297
1432,197,107,295
1431,196,107,293
1430,195,107,291
1429,194,107,289
1426,188,100,293
1421,188,100,290
1416,188,100,287
1411,188,100,284
1406,188,100,281
1401,188,100,278
1396,188,100,275
1391,188,100,272
1386,188,100,269
1381,188,100,266
1376,188,100,263
1371,188,100,260
1366,188,100,257
1361,188,100,254
1356,188,100,251
1348,182,94,250
1341,181,94,249
1334,180,94,248
1327,179,94,247
1320,178,94,246
1313,177,94,245
1306,176,94,244
1299,175,94,243
1292,174,94,242
1285,173,94,241
1278,172,94,240
1271,171,94,239
1264,170,94,238
1257,169,94,237
1250,168,94,236
1241,171,98,229
1234,169,97,229
1227,167,96,229
1220,165,95,229
1213,163,94,229
1206,161,93,229
1199,159,92,229
1192,157,91,229
1185,155,90,229
1178,153,89,229
1171,151,88,229
1164,149,87,229
1157,147,86,229
1150,145,85,229
1143,143,84,229
1133,148,81,226
1126,147,81,225
1119,146,81,224
1112,145,81,223
1105,144,81,222
1098,143,81,221
1091,142,81,220
1084,141,81,219
1077,140,81,218
1070,139,81,217
1063,138,81,216
1056,137,81,215
1049,136,81,214
1042,135,81,213
1035,134,81,212
1035,139,78,210
1030,139,78,209
1025,139,78,208
1020,139,78,207
1015,139,78,206
1010,139,78,205
1005,139,78,204
1000,139,78,203
995,139,78,202
990,139,78,201
985,139,78,200
980,139,78,199
975,139,78,198
970,139,78,197
965,139,78,196
964,139,77,198
960,139,78,198
956,139,79,198
952,139,80,198
948,139,81,198
944,139,82,198
940,139,83,198
936,139,84,198
932,139,85,198
928,139,86,198
924,139,87,198
920,139,88,198
916,139,89,198
912,139,90,198
908,139,91,198
897,140,90,192
891,141,89,192
885,142,88,192
879,143,87,192
873,144,86,192
867,145,85,192
861,146,84,192
855,147,83,192
849,148,82,192
843,149,81,192
837,150,80,192
831,151,79,192
825,152,78,192
819,153,77,192
813,154,76,192
809,152,75,190
799,152,78,191
789,152,81,192
779,152,84,193
769,152,87,194
759,152,90,195
749,152,93,196
739,152,96,197
729,152,99,198
719,152,102,199
709,152,105,200
699,152,108,201
689,152,111,202
679,152,114,203
669,152,117,204
665,152,117,209
