1466,236,94,166
1457,236,93,166
1448,236,92,166
1439,236,91,166
1430,236,90,166
1421,236,89,166
1412,236,88,166
1403,236,87,166
1394,236,86,166
1385,236,85,166
1376,236,84,166
1367,236,83,166
1358,236,82,166
1349,236,81,166
1340,236,80,166
1324,237,72,169
1315,238,72,168
1306,239,72,167
1297,240,72,166
1288,241,72,165
1279,242,72,164
1270,243,72,163
1261,244,72,162
1252,245,72,161
1243,246,72,160
1234,247,72,159
1225,248,72,158
1216,249,72,157
1207,250,72,156
1198,251,72,155
1185,246,69,151
1176,246,70,151
1167,246,71,151
1158,246,72,151
1149,246,73,151
1140,246,74,151
1131,246,75,151
1122,246,76,151
1113,246,77,151
1104,246,78,151
1095,246,79,151
1086,246,80,151
1077,246,81,151
1068,246,82,151
1059,246,83,151
1049,244,78,155
1040,245,78,154
1031,246,78,153
1022,247,78,152
1013,248,78,151
1004,249,78,150
995,250,78,149
986,251,78,148
977,252,78,147
968,253,78,146
959,254,78,145
950,255,78,144
941,256,78,143
932,257,78,142
923,258,78,141
911,259,76,135
901,260,76,135
891,261,76,135
881,262,76,135
871,263,76,135
861,264,76,135
851,265,76,135
841,266,76,135
831,267,76,135
821,268,76,135
811,269,76,135
801,270,76,135
791,271,76,135
781,272,76,135
771,273,76,135
765,270,74,136
755,270,75,137
745,270,76,138
735,270,77,139
725,270,78,140
715,270,79,141
705,270,80,142
695,270,81,143
685,270,82,144
675,270,83,145
665,270,84,146
655,270,85,147
645,270,86,148
635,270,87,149
625,270,88,150
616,270,89,149
611,271,87,148
606,272,85,147
601,273,83,146
596,274,81,145
591,275,79,144
586,276,77,143
581,277,75,142
576,278,73,141
571,279,71,140
566,280,69,139
561,281,67,138
556,282,65,137
551,283,63,136
546,284,61,135
541,282,59,136
536,283,59,137
531,284,59,138
526,285,59,139
521,286,59,140
516,287,59,141
511,288,59,142
506,289,59,143
501,290,59,144
496,291,59,145
491,292,59,146
486,293,59,147
481,294,59,148
476,295,59,149
471,296,59,150
461,290,53,147
458,291,53,148
455,292,53,149
452,293,53,150
449,294,53,151
446,295,53,152
443,296,53,153
440,297,53,154
437,298,53,155
434,299,53,156
431,300,53,157
428,301,53,158
425,302,53,159
422,303,53,160
419,304,53,161
423,299,50,165
424,299,51,167
425,299,52,169
426,299,53,171
427,299,54,173
428,299,55,175
429,299,56,177
430,299,57,179
431,299,58,181
432,299,59,183
433,299,60,185
434,299,61,187
435,299,62,189
436,299,63,191
437,299,64,193
438,295,72,191
443,295,72,192
448,295,72,193
453,295,72,194
458,295,72,195
463,295,72,196
468,295,72,197
473,295,72,198
478,295,72,199
483,295,72,200
488,295,72,201
493,295,72,202
498,295,72,203
503,295,72,204
508,295,72,205
517,295,79,213
529,295,79,214
541,295,79,215
553,295,79,216
565,295,79,217
577,295,79,218
589,295,79,219
601,295,79,220
613,295,79,221
625,295,79,222
637,295,79,223
649,295,79,224
661,295,79,225
673,295,79,226
685,295,79,227
692,292,72,223
705,291,75,224
718,290,78,225
731,289,81,226
744,288,84,227
757,287,87,228
770,286,90,229
783,285,93,230
796,284,96,231
809,283,99,232
822,282,102,233
835,281,105,234
848,280,108,235
861,279,111,236
874,278,114,237
889,280,111,240
903,279,112,241
917,278,113,242
931,277,114,243
945,276,115,244
959,275,116,245
973,274,117,246
987,273,118,247
1001,272,119,248
1015,271,120,249
1029,270,121,250
1043,269,122,251
1057,268,123,252
1071,267,124,253
1085,266,125,254
1100,261,122,261
1109,261,123,260
1118,261,124,259
1127,261,125,258
1136,261,126,257
1145,261,127,256
1154,261,128,255
1163,261,129,254
1172,261,130,253
1181,261,131,252
1190,261,132,251
1199,261,133,250
1208,261,134,249
1217,261,135,248
1226,261,136,247
1234,263,136,252
1243,264,133,251
1252,265,130,250
1261,266,127,249
1270,267,124,248
1279,268,121,247
1288,269,118,246
1297,270,115,245
1306,271,112,244
1315,272,109,243
1324,273,106,242
1333,274,103,241
1342,275,100,240
1351,276,97,239
1360,277,94,238
1370,277,95,243
1372,276,95,241
1374,275,95,239
1376,274,95,237
1378,273,95,235
1380,272,95,233
1382,271,95,231
1384,270,95,229
1386,269,95,227
1388,268,95,225
1390,267,95,223
1392,266,95,221
1394,265,95,219
1396,264,95,217
1398,263,95,215
1395,259,96,212
1391,258,95,211
1387,257,94,210
1383,256,93,209
1379,255,92,208
1375,254,91,207
1371,253,90,206
1367,252,89,205
1363,251,88,204
1359,250,87,203
1355,249,86,202
1351,248,85,201
1347,247,84,200
1343,246,83,199
1339,245,82,198
1341,244,83,199
1335,244,83,197
1329,244,83,195
1323,244,83,193
1317,244,83,191
1311,244,83,189
1305,244,83,187
1299,244,83,185
1293,244,83,183
1287,244,83,181
1281,244,83,179
1275,244,83,177
1269,244,83,175
1263,244,83,173
1257,244,83,171
1255,246,77,168
1248,246,77,168
1241,246,77,168
1234,246,77,168
1227,246,77,168
1220,246,77,168
1213,246,77,168
1206,246,77,168
1199,246,77,168
1192,246,77,168
1185,246,77,168
1178,246,77,168
1171,246,77,168
1164,246,77,168
1157,246,77,168
1150,244,78,162
1145,244,76,161
1140,244,74,160
1135,244,72,159
1130,244,70,158
1125,244,68,157
1120,244,66,156
1115,244,64,155
1110,244,62,154
1105,244,60,153
1100,244,58,152
1095,244,56,151
1090,244,54,150
1085,244,52,149
1080,244,50,148
1072,246,44,150
1067,246,46,149
1062,246,48,148
1057,246,50,147
1052,246,52,146
1047,246,54,145
1042,246,56,144
1037,246,58,143
1032,246,60,142
1027,246,62,141
1022,246,64,140
1017,246,66,139
1012,246,68,138
1007,246,70,137
1002,246,72,136
1004,251,72,139
999,252,71,139
994,253,70,139
989,254,69,139
984,255,68,139
979,256,67,139
974,257,66,139
969,258,65,139
964,259,64,139
959,260,63,139
954,261,62,139
949,262,61,139
944,263,60,139
939,264,59,139
934,265,58,139
926,273,53,133
