1189,324,56,149
1182,323,56,149
1175,322,56,149
1168,321,56,149
1161,320,56,149
1154,319,56,149
1147,318,56,149
1140,317,56,149
1133,316,56,149
1126,315,56,149
1119,314,56,149
1112,313,56,149
1105,312,56,149
1098,311,56,149
1091,310,56,149
1086,316,63,153
1079,316,63,152
1072,316,63,151
1065,316,63,150
1058,316,63,149
1051,316,63,148
1044,316,63,147
1037,316,63,146
1030,316,63,145
1023,316,63,144
1016,316,63,143
1009,316,63,142
1002,316,63,141
995,316,63,140
988,316,63,139
980,319,70,140
973,319,69,140
966,319,68,140
959,319,67,140
952,319,66,140
945,319,65,140
938,319,64,140
931,319,63,140
924,319,62,140
917,319,61,140
910,319,60,140
903,319,59,140
896,319,58,140
889,319,57,140
882,319,56,140
879,318,58,143
872,318,59,142
865,318,60,141
858,318,61,140
851,318,62,139
844,318,63,138
837,318,64,137
830,318,65,136
823,318,66,135
816,318,67,134
809,318,68,133
802,318,69,132
795,318,70,131
788,318,71,130
781,318,72,129
769,321,74,135
762,321,73,135
755,321,72,135
748,321,71,135
741,321,70,135
734,321,69,135
727,321,68,135
720,321,67,135
713,321,66,135
706,321,65,135
699,321,64,135
692,321,63,135
685,321,62,135
678,321,61,135
671,321,60,135
668,327,53,137
662,327,54,138
656,327,55,139
650,327,56,140
644,327,57,141
638,327,58,142
632,327,59,143
626,327,60,144
620,327,61,145
614,327,62,146
608,327,63,147
602,327,64,148
596,327,65,149
590,327,66,150
584,327,67,151
571,328,63,151
565,328,63,152
559,328,63,153
553,328,63,154
547,328,63,155
541,328,63,156
535,328,63,157
529,328,63,158
523,328,63,159
517,328,63,160
511,328,63,161
505,328,63,162
499,328,63,163
493,328,63,164
487,328,63,165
488,334,63,159
484,334,63,160
480,334,63,161
476,334,63,162
472,334,63,163
468,334,63,164
464,334,63,165
460,334,63,166
456,334,63,167
452,334,63,168
448,334,63,169
444,334,63,170
440,334,63,171
436,334,63,172
432,334,63,173
422,339,69,177
421,340,70,178
420,341,71,179
419,342,72,180
418,343,73,181
417,344,74,182
416,345,75,183
415,346,76,184
414,347,77,185
413,348,78,186
412,349,79,187
411,350,80,188
410,351,81,189
409,352,82,190
408,353,83,191
403,351,77,191
406,351,78,193
409,351,79,195
412,351,80,197
415,351,81,199
418,351,82,201
421,351,83,203
424,351,84,205
427,351,85,207
430,351,86,209
433,351,87,211
436,351,88,213
439,351,89,215
442,351,90,217
445,351,91,219
451,344,95,224
462,344,94,225
473,344,93,226
484,344,92,227
495,344,91,228
506,344,90,229
517,344,89,230
528,344,88,231
539,344,87,232
550,344,86,233
561,344,85,234
572,344,84,235
583,344,83,236
594,344,82,237
605,344,81,238
614,351,75,235
624,350,79,236
634,349,83,237
644,348,87,238
654,347,91,239
664,346,95,240
674,345,99,241
684,344,103,242
694,343,107,243
704,342,111,244
714,341,115,245
724,340,119,246
734,339,123,247
744,338,127,248
754,337,131,249
762,341,137,253
776,342,135,253
790,343,133,253
804,344,131,253
818,345,129,253
832,346,127,253
846,347,125,253
860,348,123,253
874,349,121,253
888,350,119,253
902,351,117,253
916,352,115,253
930,353,113,253
944,354,111,253
958,355,109,253
967,353,109,256
980,352,111,256
993,351,113,256
1006,350,115,256
1019,349,117,256
1032,348,119,256
1045,347,121,256
1058,346,123,256
1071,345,125,256
1084,344,127,256
1097,343,129,256
1110,342,131,256
1123,341,133,256
1136,340,135,256
1149,339,137,256
1164,345,135,261
1179,346,133,260
1194,347,131,259
1209,348,129,258
1224,349,127,257
1239,350,125,256
1254,351,123,255
1269,352,121,254
1284,353,119,253
1299,354,117,252
1314,355,115,251
1329,356,113,250
1344,357,111,249
1359,358,109,248
1374,359,107,247
1387,357,105,246
1397,357,104,245
1407,357,103,244
1417,357,102,243
1427,357,101,242
1437,357,100,241
1447,357,99,240
1457,357,98,239
1467,357,97,238
1477,357,96,237
1487,357,95,236
1497,357,94,235
1507,357,93,234
1517,357,92,233
1527,357,91,232
1539,351,93,235
1544,351,92,233
1549,351,91,231
1554,351,90,229
1559,351,89,227
1564,351,88,225
1569,351,87,223
1574,351,86,221
1579,351,85,219
1584,351,84,217
1589,351,83,215
1594,351,82,213
1599,351,81,211
1604,351,80,209
1609,351,79,207
1608,357,74,203
1608,356,73,202
1608,355,72,201
1608,354,71,200
1608,353,70,199
1608,352,69,198
1608,351,68,197
1608,350,67,196
1608,349,66,195
1608,348,65,194
1608,347,64,193
1608,346,63,192
1608,345,62,191
1608,344,61,190
1608,343,60,189
1606,344,65,192
1602,344,65,190
1598,344,65,188
1594,344,65,186
1590,344,65,184
1586,344,65,182
1582,344,65,180
1578,344,65,178
1574,344,65,176
1570,344,65,174
1566,344,65,172
1562,344,65,170
1558,344,65,168
1554,344,65,166
1550,344,65,164
1546,344,68,163
1540,343,68,163
1534,342,68,163
1528,341,68,163
1522,340,68,163
1516,339,68,163
1510,338,68,163
1504,337,68,163
1498,336,68,163
1492,335,68,163
1486,334,68,163
1480,333,68,163
1474,332,68,163
1468,331,68,163
1462,330,68,163
1451,333,70,162
1443,333,69,162
1435,333,68,162
1427,333,67,162
1419,333,66,162
1411,333,65,162
1403,333,64,162
1395,333,63,162
1387,333,62,162
1379,333,61,162
1371,333,60,162
1363,333,59,162
1355,333,58,162
1347,333,57,162
1339,333,56,162
1337,328,60,164
1329,328,61,164
1321,328,62,164
1313,328,63,164
1305,328,64,164
1297,328,65,164
1289,328,66,164
1281,328,67,164
1273,328,68,164
1265,328,69,164
1257,328,70,164
1249,328,71,164
1241,328,72,164
1233,328,73,164
1225,328,74,164
1222,325,69,163
1214,325,70,163
1206,325,71,163
1198,325,72,163
1190,325,73,163
1182,325,74,163
1174,325,75,163
1166,325,76,163
1158,325,77,163
1150,325,78,163
1142,325,79,163
1134,325,80,163
1126,325,81,163
1118,325,82,163
1110,325,83,163
1104,324,89,163
1096,324,87,163
1088,324,85,163
1080,324,83,163
1072,324,81,163
1064,324,79,163
1056,324,77,163
1048,324,75,163
1040,324,73,163
1032,324,71,163
1024,324,69,163
1016,324,67,163
1008,324,65,163
1000,324,63,163
992,324,61,163
989,322,57,162
981,322,59,162
973,322,61,162
965,322,63,162
957,322,65,162
949,322,67,162
941,322,69,162
933,322,71,162
925,322,73,162
917,322,75,162
909,322,77,162
901,322,79,162
893,322,81,162
885,322,83,162
877,322,85,162
863,321,88,161
856,321,86,161
849,321,84,161
842,321,82,161
835,321,80,161
828,321,78,161
821,321,76,161
814,321,74,161
807,321,72,161
800,321,70,161
793,321,68,161
786,321,66,161
779,321,64,161
772,321,62,161
765,321,60,161
759,328,61,156
753,328,61,156
747,328,61,156
741,328,61,156
735,328,61,156
729,328,61,156
723,328,61,156
717,328,61,156
711,328,61,156
705,328,61,156
699,328,61,156
693,328,61,156
687,328,61,156
681,328,61,156
675,328,61,156
668,324,62,160
