948,20,93,169
941,21,92,168
934,22,91,167
927,23,90,166
920,24,89,165
913,25,88,164
906,26,87,163
899,27,86,162
892,28,85,161
885,29,84,160
878,30,83,159
871,31,82,158
864,32,81,157
857,33,80,156
850,34,79,155
850,28,78,158
843,28,77,158
836,28,76,158
829,28,75,158
822,28,74,158
815,28,73,158
808,28,72,158
801,28,71,158
794,28,70,158
787,28,69,158
780,28,68,158
773,28,67,158
766,28,66,158
759,28,65,158
752,28,64,158
741,28,66,160
734,28,67,160
727,28,68,160
720,28,69,160
713,28,70,160
706,28,71,160
699,28,72,160
692,28,73,160
685,28,74,160
678,28,75,160
671,28,76,160
664,28,77,160
657,28,78,160
650,28,79,160
643,28,80,160
630,34,82,155
624,35,81,156
618,36,80,157
612,37,79,158
606,38,78,159
600,39,77,160
594,40,76,161
588,41,75,162
582,42,74,163
576,43,73,164
570,44,72,165
564,45,71,166
558,46,70,167
552,47,69,168
546,48,68,169
537,44,74,163
531,45,72,163
525,46,70,163
519,47,68,163
513,48,66,163
507,49,64,163
501,50,62,163
495,51,60,163
489,52,58,163
483,53,56,163
477,54,54,163
471,55,52,163
465,56,50,163
459,57,48,163
453,58,46,163
445,56,48,162
439,56,49,164
433,56,50,166
427,56,51,168
421,56,52,170
415,56,53,172
409,56,54,174
403,56,55,176
397,56,56,178
391,56,57,180
385,56,58,182
379,56,59,184
373,56,60,186
367,56,61,188
361,56,62,190
358,58,57,190
353,59,59,191
348,60,61,192
343,61,63,193
338,62,65,194
333,63,67,195
328,64,69,196
323,65,71,197
318,66,73,198
313,67,75,199
308,68,77,200
303,69,79,201
298,70,81,202
293,71,83,203
288,72,85,204
277,75,83,206
276,76,83,207
275,77,83,208
274,78,83,209
273,79,83,210
272,80,83,211
271,81,83,212
270,82,83,213
269,83,83,214
268,84,83,215
267,85,83,216
266,86,83,217
265,87,83,218
264,88,83,219
263,89,83,220
259,85,79,215
262,84,80,217
265,83,81,219
268,82,82,221
271,81,83,223
274,80,84,225
277,79,85,227
280,78,86,229
283,77,87,231
286,76,88,233
289,75,89,235
292,74,90,237
295,73,91,239
298,72,92,241
301,71,93,243
298,75,98,248
307,75,98,249
316,75,98,250
325,75,98,251
334,75,98,252
343,75,98,253
352,75,98,254
361,75,98,255
370,75,98,256
379,75,98,257
388,75,98,258
397,75,98,259
406,75,98,260
415,75,98,261
424,75,98,262
426,74,95,264
438,73,95,264
450,72,95,264
462,71,95,264
474,70,95,264
486,69,95,264
498,68,95,264
510,67,95,264
522,66,95,264
534,65,95,264
546,64,95,264
558,63,95,264
570,62,95,264
582,61,95,264
594,60,95,264
612,66,94,270
623,65,97,272
634,64,100,274
645,63,103,276
656,62,106,278
667,61,109,280
678,60,112,282
689,59,115,284
700,58,118,286
711,57,121,288
722,56,124,290
733,55,127,292
744,54,130,294
755,53,133,296
766,52,136,298
779,47,141,300
792,48,142,300
805,49,143,300
818,50,144,300
831,51,145,300
844,52,146,300
857,53,147,300
870,54,148,300
883,55,149,300
896,56,150,300
909,57,151,300
922,58,152,300
935,59,153,300
948,60,154,300
961,61,155,300
977,59,152,304
994,60,149,303
1011,61,146,302
1028,62,143,301
1045,63,140,300
1062,64,137,299
1079,65,134,298
1096,66,131,297
1113,67,128,296
1130,68,125,295
1147,69,122,294
1164,70,119,293
1181,71,116,292
1198,72,113,291
1215,73,110,290
1232,67,104,296
1245,67,105,296
1258,67,106,296
1271,67,107,296
1284,67,108,296
1297,67,109,296
1310,67,110,296
1323,67,111,296
1336,67,112,296
1349,67,113,296
1362,67,114,296
1375,67,115,296
1388,67,116,296
1401,67,117,296
1414,67,118,296
1420,66,112,300
1430,67,112,298
1440,68,112,296
1450,69,112,294
1460,70,112,292
1470,71,112,290
1480,72,112,288
1490,73,112,286
1500,74,112,284
1510,75,112,282
1520,76,112,280
1530,77,112,278
1540,78,112,276
1550,79,112,274
1560,80,112,272
1572,83,111,266
1578,83,109,264
1584,83,107,262
1590,83,105,260
1596,83,103,258
1602,83,101,256
1608,83,99,254
1614,83,97,252
1620,83,95,250
1626,83,93,248
1632,83,91,246
1638,83,89,244
1644,83,87,242
1650,83,85,240
1656,83,83,238
1655,88,83,240
1655,87,83,240
1655,86,83,240
1655,85,83,240
1655,84,83,240
1655,83,83,240
1655,82,83,240
1655,81,83,240
1655,80,83,240
1655,79,83,240
1655,78,83,240
1655,77,83,240
1655,76,83,240
1655,75,83,240
1655,74,83,240
1653,70,78,233
1649,69,78,231
1645,68,78,229
1641,67,78,227
1637,66,78,225
1633,65,78,223
1629,64,78,221
1625,63,78,219
1621,62,78,217
1617,61,78,215
1613,60,78,213
1609,59,78,211
1605,58,78,209
1601,57,78,207
1597,56,78,205
1596,62,82,205
1590,62,81,204
1584,62,80,203
1578,62,79,202
1572,62,78,201
1566,62,77,200
1560,62,76,199
1554,62,75,198
1548,62,74,197
1542,62,73,196
1536,62,72,195
1530,62,71,194
1524,62,70,193
1518,62,69,192
1512,62,68,191
1505,56,71,184
1498,55,71,184
1491,54,71,184
1484,53,71,184
1477,52,71,184
1470,51,71,184
1463,50,71,184
1456,49,71,184
1449,48,71,184
1442,47,71,184
1435,46,71,184
1428,45,71,184
1421,44,71,184
1414,43,71,184
1407,42,71,184
1393,37,71,187
1384,37,73,187
1375,37,75,187
1366,37,77,187
1357,37,79,187
1348,37,81,187
1339,37,83,187
1330,37,85,187
1321,37,87,187
1312,37,89,187
1303,37,91,187
1294,37,93,187
1285,37,95,187
1276,37,97,187
1267,37,99,187
1265,36,100,183
1258,36,99,183
1251,36,98,183
1244,36,97,183
1237,36,96,183
1230,36,95,183
1223,36,94,183
1216,36,93,183
1209,36,92,183
1202,36,91,183
1195,36,90,183
1188,36,89,183
1181,36,88,183
1174,36,87,183
1167,36,86,183
1154,34,78,182
1145,34,78,182
1136,34,78,182
1127,34,78,182
1118,34,78,182
1109,34,78,182
1100,34,78,182
1091,34,78,182
1082,34,78,182
1073,34,78,182
1064,34,78,182
1055,34,78,182
1046,34,78,182
1037,34,78,182
1028,34,78,182
1024,29,75,187
1015,29,76,187
1006,29,77,187
997,29,78,187
988,29,79,187
979,29,80,187
970,29,81,187
961,29,82,187
952,29,83,187
943,29,84,187
934,29,85,187
925,29,86,187
916,29,87,187
907,29,88,187
898,29,89,187
890,26,96,182
882,26,95,182
874,26,94,182
866,26,93,182
858,26,92,182
850,26,91,182
842,26,90,182
834,26,89,182
826,26,88,182
818,26,87,182
810,26,86,182
802,26,85,182
794,26,84,182
786,26,83,182
778,26,82,182
775,33,85,177
767,33,84,177
759,33,83,177
751,33,82,177
743,33,81,177
735,33,80,177
727,33,79,177
719,33,78,177
711,33,77,177
703,33,76,177
695,33,75,177
687,33,74,177
679,33,73,177
671,33,72,177
663,33,71,177
659,34,66,178
652,34,68,178
645,34,70,178
638,34,72,178
631,34,74,178
624,34,76,178
617,34,78,178
610,34,80,178
603,34,82,178
596,34,84,178
589,34,86,178
582,34,88,178
575,34,90,178
568,34,92,178
561,34,94,178
554,40,89,183
549,40,89,183
544,40,89,183
539,40,89,183
534,40,89,183
529,40,89,183
524,40,89,183
519,40,89,183
514,40,89,183
509,40,89,183
504,40,89,183
499,40,89,183
494,40,89,183
489,40,89,183
484,40,89,183
480,45,85,185
475,46,86,185
470,47,87,185
465,48,88,185
460,49,89,185
455,50,90,185
450,51,91,185
445,52,92,185
440,53,93,185
435,54,94,185
430,55,95,185
425,56,96,185
420,57,97,185
415,58,98,185
410,59,99,185
400,55,97,190
