1101,140,95,204
1092,139,93,204
1083,138,91,204
1074,137,89,204
1065,136,87,204
1056,135,85,204
1047,134,83,204
1038,133,81,204
1029,132,79,204
1020,131,77,204
1011,130,75,204
1002,129,73,204
993,128,71,204
984,127,69,204
975,126,67,204
962,129,71,207
951,128,74,207
940,127,77,207
929,126,80,207
918,125,83,207
907,124,86,207
896,123,89,207
885,122,92,207
874,121,95,207
863,120,98,207
852,119,101,207
841,118,104,207
830,117,107,207
819,116,110,207
808,115,113,207
799,119,109,209
786,119,107,209
773,119,105,209
760,119,103,209
747,119,101,209
734,119,99,209
721,119,97,209
708,119,95,209
695,119,93,209
682,119,91,209
669,119,89,209
656,119,87,209
643,119,85,209
630,119,83,209
617,119,81,209
609,121,72,209
598,121,74,210
587,121,76,211
576,121,78,212
565,121,80,213
554,121,82,214
543,121,84,215
532,121,86,216
521,121,88,217
510,121,90,218
499,121,92,219
488,121,94,220
477,121,96,221
466,121,98,222
455,121,100,223
450,119,107,225
443,120,106,225
436,121,105,225
429,122,104,225
422,123,103,225
415,124,102,225
408,125,101,225
401,126,100,225
394,127,99,225
387,128,98,225
380,129,97,225
373,130,96,225
366,131,95,225
359,132,94,225
352,133,93,225
340,134,89,228
333,135,90,229
326,136,91,230
319,137,92,231
312,138,93,232
305,139,94,233
298,140,95,234
291,141,96,235
284,142,97,236
277,143,98,237
270,144,99,238
263,145,100,239
256,146,101,240
249,147,102,241
242,148,103,242
228,143,98,248
225,143,97,250
222,143,96,252
219,143,95,254
216,143,94,256
213,143,93,258
210,143,92,260
207,143,91,262
204,143,90,264
201,143,89,266
198,143,88,268
195,143,87,270
192,143,86,272
189,143,85,274
186,143,84,276
179,145,89,283
181,146,90,284
183,147,91,285
185,148,92,286
187,149,93,287
189,150,94,288
191,151,95,289
193,152,96,290
195,153,97,291
197,154,98,292
199,155,99,293
201,156,100,294
203,157,101,295
205,158,102,296
207,159,103,297
215,161,109,303
224,161,109,304
233,161,109,305
242,161,109,306
251,161,109,307
260,161,109,308
269,161,109,309
278,161,109,310
287,161,109,311
296,161,109,312
305,161,109,313
314,161,109,314
323,161,109,315
332,161,109,316
341,161,109,317
353,159,116,324
364,158,119,326
375,157,122,328
386,156,125,330
397,155,128,332
408,154,131,334
419,153,134,336
430,152,137,338
441,151,140,340
452,150,143,342
463,149,146,344
474,148,149,346
485,147,152,348
496,146,155,350
507,145,158,352
514,151,155,348
528,152,157,349
542,153,159,350
556,154,161,351
570,155,163,352
584,156,165,353
598,157,167,354
612,158,169,355
626,159,171,356
640,160,173,357
654,161,175,358
668,162,177,359
682,163,179,360
696,164,181,361
710,165,183,362
728,169,179,364
747,171,175,363
766,173,171,362
785,175,167,361
804,177,163,360
823,179,159,359
842,181,155,358
861,183,151,357
880,185,147,356
899,187,143,355
918,189,139,354
937,191,135,353
956,193,131,352
975,195,127,351
994,197,123,350
1019,193,120,352
1033,192,121,352
1047,191,122,352
1061,190,123,352
1075,189,124,352
1089,188,125,352
1103,187,126,352
1117,186,127,352
1131,185,128,352
1145,184,129,352
1159,183,130,352
1173,182,131,352
1187,181,132,352
1201,180,133,352
1215,179,134,352
1229,184,131,353
1239,184,130,350
1249,184,129,347
1259,184,128,344
1269,184,127,341
1279,184,126,338
1289,184,125,335
1299,184,124,332
1309,184,123,329
1319,184,122,326
1329,184,121,323
1339,184,120,320
1349,184,119,317
1359,184,118,314
1369,184,117,311
1376,182,116,311
1384,183,114,309
1392,184,112,307
1400,185,110,305
1408,186,108,303
1416,187,106,301
1424,188,104,299
1432,189,102,297
1440,190,100,295
1448,191,98,293
1456,192,96,291
1464,193,94,289
1472,194,92,287
1480,195,90,285
1488,196,88,283
1497,193,90,277
1501,193,90,276
1505,193,90,275
1509,193,90,274
1513,193,90,273
1517,193,90,272
1521,193,90,271
1525,193,90,270
1529,193,90,269
1533,193,90,268
1537,193,90,267
1541,193,90,266
1545,193,90,265
1549,193,90,264
1553,193,90,263
1550,188,90,265
1549,188,89,262
1548,188,88,259
1547,188,87,256
1546,188,86,253
1545,188,85,250
1544,188,84,247
1543,188,83,244
1542,188,82,241
1541,188,81,238
1540,188,80,235
1539,188,79,232
1538,188,78,229
1537,188,77,226
1536,188,76,223
1531,187,75,222
1524,186,76,221
1517,185,77,220
1510,184,78,219
1503,183,79,218
1496,182,80,217
1489,181,81,216
1482,180,82,215
1475,179,83,214
1468,178,84,213
1461,177,85,212
1454,176,86,211
1447,175,87,210
1440,174,88,209
1433,173,89,208
1433,171,88,211
1425,169,89,212
1417,167,90,213
1409,165,91,214
1401,163,92,215
1393,161,93,216
1385,159,94,217
1377,157,95,218
1369,155,96,219
1361,153,97,220
1353,151,98,221
1345,149,99,222
1337,147,100,223
1329,145,101,224
1321,143,102,225
1314,145,103,219
1305,145,103,218
1296,145,103,217
1287,145,103,216
1278,145,103,215
1269,145,103,214
1260,145,103,213
1251,145,103,212
1242,145,103,211
1233,145,103,210
1224,145,103,209
1215,145,103,208
1206,145,103,207
1197,145,103,206
1188,145,103,205
1176,140,102,203
1167,139,100,203
1158,138,98,203
1149,137,96,203
1140,136,94,203
1131,135,92,203
1122,134,90,203
1113,133,88,203
1104,132,86,203
1095,131,84,203
1086,130,82,203
1077,129,80,203
1068,128,78,203
1059,127,76,203
1050,126,74,203
1046,132,69,206
1036,131,71,206
1026,130,73,206
1016,129,75,206
1006,128,77,206
996,127,79,206
986,126,81,206
976,125,83,206
966,124,85,206
956,123,87,206
946,122,89,206
936,121,91,206
926,120,93,206
916,119,95,206
906,118,97,206
900,119,96,208
891,119,97,207
882,119,98,206
873,119,99,205
864,119,100,204
855,119,101,203
846,119,102,202
837,119,103,201
828,119,104,200
819,119,105,199
810,119,106,198
801,119,107,197
792,119,108,196
783,119,109,195
774,119,110,194
763,125,109,192
754,125,106,193
745,125,103,194
736,125,100,195
727,125,97,196
718,125,94,197
709,125,91,198
700,125,88,199
691,125,85,200
682,125,82,201
673,125,79,202
664,125,76,203
655,125,73,204
646,125,70,205
637,125,67,206
633,127,69,200
624,126,69,201
615,125,69,202
606,124,69,203
597,123,69,204
588,122,69,205
579,121,69,206
570,120,69,207
561,119,69,208
552,118,69,209
543,117,69,210
534,116,69,211
525,115,69,212
516,114,69,213
507,113,69,214
496,117,74,219
486,117,77,220
476,117,80,221
466,117,83,222
456,117,86,223
446,117,89,224
436,117,92,225
426,117,95,226
416,117,98,227
406,117,101,228
396,117,104,229
386,117,107,230
376,117,110,231
366,117,113,232
356,117,116,233
349,121,113,235
343,122,112,236
337,123,111,237
331,124,110,238
325,125,109,239
319,126,108,240
313,127,107,241
307,128,106,242
301,129,105,243
295,130,104,244
289,131,103,245
283,132,102,246
277,133,101,247
271,134,100,248
265,135,99,249
252,140,93,246
249,140,93,249
246,140,93,252
243,140,93,255
240,140,93,258
237,140,93,261
234,140,93,264
231,140,93,267
228,140,93,270
225,140,93,273
222,140,93,276
219,140,93,279
216,140,93,282
213,140,93,285
210,140,93,288
210,142,100,290
213,143,100,291
216,144,100,292
219,145,100,293
222,146,100,294
225,147,100,295
228,148,100,296
231,149,100,297
234,150,100,298
237,151,100,299
240,152,100,300
243,153,100,301
246,154,100,302
249,155,100,303
252,156,100,304
254,161,105,301
263,161,107,302
272,161,109,303
281,161,111,304
290,161,113,305
299,161,115,306
308,161,117,307
317,161,119,308
326,161,121,309
335,161,123,310
344,161,125,311
353,161,127,312
362,161,129,313
371,161,131,314
380,161,133,315
386,163,142,316
