1280,320,66,159
1272,320,66,158
1264,320,66,157
1256,320,66,156
1248,320,66,155
1240,320,66,154
1232,320,66,153
1224,320,66,152
1216,320,66,151
1208,320,66,150
1200,320,66,149
1192,320,66,148
1184,320,66,147
1176,320,66,146
1168,320,66,145
1163,320,67,150
1156,320,67,150
1149,320,67,150
1142,320,67,150
1135,320,67,150
1128,320,67,150
1121,320,67,150
1114,320,67,150
1107,320,67,150
1100,320,67,150
1093,320,67,150
1086,320,67,150
1079,320,67,150
1072,320,67,150
1065,320,67,150
1052,320,60,146
1044,320,61,146
1036,320,62,146
1028,320,63,146
1020,320,64,146
1012,320,65,146
1004,320,66,146
996,320,67,146
988,320,68,146
980,320,69,146
972,320,70,146
964,320,71,146
956,320,72,146
948,320,73,146
940,320,74,146
930,320,76,146
923,320,75,146
916,320,74,146
909,320,73,146
902,320,72,146
895,320,71,146
888,320,70,146
881,320,69,146
874,320,68,146
867,320,67,146
860,320,66,146
853,320,65,146
846,320,64,146
839,320,63,146
832,320,62,146
822,320,54,148
813,320,56,149
804,320,58,150
795,320,60,151
786,320,62,152
777,320,64,153
768,320,66,154
759,320,68,155
750,320,70,156
741,320,72,157
732,320,74,158
723,320,76,159
714,320,78,160
705,320,80,161
696,320,82,162
693,321,83,157
687,322,81,157
681,323,79,157
675,324,77,157
669,325,75,157
663,326,73,157
657,327,71,157
651,328,69,157
645,329,67,157
639,330,65,157
633,331,63,157
627,332,61,157
621,333,59,157
615,334,57,157
609,335,55,157
603,331,54,156
597,331,55,158
591,331,56,160
585,331,57,162
579,331,58,164
573,331,59,166
567,331,60,168
561,331,61,170
555,331,62,172
549,331,63,174
543,331,64,176
537,331,65,178
531,331,66,180
525,331,67,182
519,331,68,184
509,331,63,181
504,332,64,182
499,333,65,183
494,334,66,184
489,335,67,185
484,336,68,186
479,337,69,187
474,338,70,188
469,339,71,189
464,340,72,190
459,341,73,191
454,342,74,192
449,343,75,193
444,344,76,194
439,345,77,195
437,346,71,190
437,346,72,191
437,346,73,192
437,346,74,193
437,346,75,194
437,346,76,195
437,346,77,196
437,346,78,197
437,346,79,198
437,346,80,199
437,346,81,200
437,346,82,201
437,346,83,202
437,346,84,203
437,346,85,204
432,351,80,204
437,351,81,205
442,351,82,206
447,351,83,207
452,351,84,208
457,351,85,209
462,351,86,210
467,351,87,211
472,351,88,212
477,351,89,213
482,351,90,214
487,351,91,215
492,351,92,216
497,351,93,217
502,351,94,218
511,351,98,225
522,351,98,226
533,351,98,227
544,351,98,228
555,351,98,229
566,351,98,230
577,351,98,231
588,351,98,232
599,351,98,233
610,351,98,234
621,351,98,235
632,351,98,236
643,351,98,237
654,351,98,238
665,351,98,239
673,346,91,242
683,346,94,243
693,346,97,244
703,346,100,245
713,346,103,246
723,346,106,247
733,346,109,248
743,346,112,249
753,346,115,250
763,346,118,251
773,346,121,252
783,346,124,253
793,346,127,254
803,346,130,255
813,346,133,256
820,346,140,256
836,346,136,256
852,346,132,256
868,346,128,256
884,346,124,256
900,346,120,256
916,346,116,256
932,346,112,256
948,346,108,256
964,346,104,256
980,346,100,256
996,346,96,256
1012,346,92,256
1028,346,88,256
1044,346,84,256
1061,351,84,254
1070,350,84,253
1079,349,84,252
1088,348,84,251
1097,347,84,250
1106,346,84,249
1115,345,84,248
1124,344,84,247
1133,343,84,246
1142,342,84,245
1151,341,84,244
1160,340,84,243
1169,339,84,242
1178,338,84,241
1187,337,84,240
1201,338,91,240
1208,339,90,238
1215,340,89,236
1222,341,88,234
1229,342,87,232
1236,343,86,230
1243,344,85,228
1250,345,84,226
1257,346,83,224
1264,347,82,222
1271,348,81,220
1278,349,80,218
1285,350,79,216
1292,351,78,214
1299,352,77,212
1310,346,79,208
1314,345,79,207
1318,344,79,206
1322,343,79,205
1326,342,79,204
1330,341,79,203
1334,340,79,202
1338,339,79,201
1342,338,79,200
1346,337,79,199
1350,336,79,198
1354,335,79,197
1358,334,79,196
1362,333,79,195
1366,332,79,194
1376,333,72,195
1377,333,72,193
1378,333,72,191
1379,333,72,189
1380,333,72,187
1381,333,72,185
1382,333,72,183
1383,333,72,181
1384,333,72,179
1385,333,72,177
1386,333,72,175
1387,333,72,173
1388,333,72,171
1389,333,72,169
1390,333,72,167
1396,338,72,164
1393,337,72,164
1390,336,72,164
1387,335,72,164
1384,334,72,164
1381,333,72,164
1378,332,72,164
1375,331,72,164
1372,330,72,164
1369,329,72,164
1366,328,72,164
1363,327,72,164
1360,326,72,164
1357,325,72,164
1354,324,72,164
1353,329,75,163
1347,329,75,162
1341,329,75,161
1335,329,75,160
1329,329,75,159
1323,329,75,158
1317,329,75,157
1311,329,75,156
1305,329,75,155
1299,329,75,154
1293,329,75,153
1287,329,75,152
1281,329,75,151
1275,329,75,150
1269,329,75,149
1269,326,70,147
1262,325,70,147
1255,324,70,147
1248,323,70,147
1241,322,70,147
1234,321,70,147
1227,320,70,147
1220,319,70,147
1213,318,70,147
1206,317,70,147
1199,316,70,147
1192,315,70,147
1185,314,70,147
1178,313,70,147
1171,312,70,147
1168,318,64,152
1160,318,65,152
1152,318,66,152
1144,318,67,152
1136,318,68,152
1128,318,69,152
1120,318,70,152
1112,318,71,152
1104,318,72,152
1096,318,73,152
1088,318,74,152
1080,318,75,152
1072,318,76,152
1064,318,77,152
1056,318,78,152
1054,318,74,145
1047,318,73,145
1040,318,72,145
1033,318,71,145
1026,318,70,145
1019,318,69,145
1012,318,68,145
1005,318,67,145
998,318,66,145
991,318,65,145
984,318,64,145
977,318,63,145
970,318,62,145
963,318,61,145
956,318,60,145
950,321,58,141
942,321,60,141
934,321,62,141
926,321,64,141
918,321,66,141
910,321,68,141
902,321,70,141
894,321,72,141
886,321,74,141
878,321,76,141
870,321,78,141
862,321,80,141
854,321,82,141
846,321,84,141
838,321,86,141
835,318,83,145
828,318,81,145
821,318,79,145
814,318,77,145
807,318,75,145
800,318,73,145
793,318,71,145
786,318,69,145
779,318,67,145
772,318,65,145
765,318,63,145
758,318,61,145
751,318,59,145
744,318,57,145
737,318,55,145
723,325,60,146
716,325,61,147
709,325,62,148
702,325,63,149
695,325,64,150
688,325,65,151
681,325,66,152
674,325,67,153
667,325,68,154
660,325,69,155
653,325,70,156
646,325,71,157
639,325,72,158
632,325,73,159
625,325,74,160
619,325,72,162
613,326,71,162
607,327,70,162
601,328,69,162
595,329,68,162
589,330,67,162
583,331,66,162
577,332,65,162
571,333,64,162
565,334,63,162
559,335,62,162
553,336,61,162
547,337,60,162
541,338,59,162
535,339,58,162
534,334,60,165
529,334,61,166
524,334,62,167
519,334,63,168
514,334,64,169
509,334,65,170
504,334,66,171
499,334,67,172
494,334,68,173
489,334,69,174
484,334,70,175
479,334,71,176
474,334,72,177
469,334,73,178
464,334,74,179
464,336,76,185
