1199,26,68,179
1191,26,69,179
1183,26,70,179
1175,26,71,179
1167,26,72,179
1159,26,73,179
1151,26,74,179
1143,26,75,179
1135,26,76,179
1127,26,77,179
1119,26,78,179
1111,26,79,179
1103,26,80,179
1095,26,81,179
1087,26,82,179
1083,19,83,183
1075,19,83,182
1067,19,83,181
1059,19,83,180
1051,19,83,179
1043,19,83,178
1035,19,83,177
1027,19,83,176
1019,19,83,175
1011,19,83,174
1003,19,83,173
995,19,83,172
987,19,83,171
979,19,83,170
971,19,83,169
969,22,87,170
961,23,86,170
953,24,85,170
945,25,84,170
937,26,83,170
929,27,82,170
921,28,81,170
913,29,80,170
905,30,79,170
897,31,78,170
889,32,77,170
881,33,76,170
873,34,75,170
865,35,74,170
857,36,73,170
854,30,73,164
845,30,73,164
836,30,73,164
827,30,73,164
818,30,73,164
809,30,73,164
800,30,73,164
791,30,73,164
782,30,73,164
773,30,73,164
764,30,73,164
755,30,73,164
746,30,73,164
737,30,73,164
728,30,73,164
726,30,75,168
718,30,76,169
710,30,77,170
702,30,78,171
694,30,79,172
686,30,80,173
678,30,81,174
670,30,82,175
662,30,83,176
654,30,84,177
646,30,85,178
638,30,86,179
630,30,87,180
622,30,88,181
614,30,89,182
603,34,97,183
596,35,95,183
589,36,93,183
582,37,91,183
575,38,89,183
568,39,87,183
561,40,85,183
554,41,83,183
547,42,81,183
540,43,79,183
533,44,77,183
526,45,75,183
519,46,73,183
512,47,71,183
505,48,69,183
501,49,73,181
494,50,72,181
487,51,71,181
480,52,70,181
473,53,69,181
466,54,68,181
459,55,67,181
452,56,66,181
445,57,65,181
438,58,64,181
431,59,63,181
424,60,62,181
417,61,61,181
410,62,60,181
403,63,59,181
398,57,65,187
392,58,66,189
386,59,67,191
380,60,68,193
374,61,69,195
368,62,70,197
362,63,71,199
356,64,72,201
350,65,73,203
344,66,74,205
338,67,75,207
332,68,76,209
326,69,77,211
320,70,78,213
314,71,79,215
306,67,85,217
304,68,85,218
302,69,85,219
300,70,85,220
298,71,85,221
296,72,85,222
294,73,85,223
292,74,85,224
290,75,85,225
288,76,85,226
286,77,85,227
284,78,85,228
282,79,85,229
280,80,85,230
278,81,85,231
270,82,91,233
274,82,90,234
278,82,89,235
282,82,88,236
286,82,87,237
290,82,86,238
294,82,85,239
298,82,84,240
302,82,83,241
306,82,82,242
310,82,81,243
314,82,80,244
318,82,79,245
322,82,78,246
326,82,77,247
330,82,77,246
337,81,79,248
344,80,81,250
351,79,83,252
358,78,85,254
365,77,87,256
372,76,89,258
379,75,91,260
386,74,93,262
393,73,95,264
400,72,97,266
407,71,99,268
414,70,101,270
421,69,103,272
428,68,105,274
436,63,100,273
445,63,103,274
454,63,106,275
463,63,109,276
472,63,112,277
481,63,115,278
490,63,118,279
499,63,121,280
508,63,124,281
517,63,127,282
526,63,130,283
535,63,133,284
544,63,136,285
553,63,139,286
562,63,142,287
571,61,141,282
585,61,139,283
599,61,137,284
613,61,135,285
627,61,133,286
641,61,131,287
655,61,129,288
669,61,127,289
683,61,125,290
697,61,123,291
711,61,121,292
725,61,119,293
739,61,117,294
753,61,115,295
767,61,113,296
782,67,107,290
795,66,108,291
808,65,109,292
821,64,110,293
834,63,111,294
847,62,112,295
860,61,113,296
873,60,114,297
886,59,115,298
899,58,116,299
912,57,117,300
925,56,118,301
938,55,119,302
951,54,120,303
964,53,121,304
979,57,125,298
991,56,124,297
1003,55,123,296
1015,54,122,295
1027,53,121,294
1039,52,120,293
1051,51,119,292
1063,50,118,291
1075,49,117,290
1087,48,116,289
1099,47,115,288
1111,46,114,287
1123,45,113,286
1135,44,112,285
1147,43,111,284
1157,49,104,277
1165,49,103,275
1173,49,102,273
1181,49,101,271
1189,49,100,269
1197,49,99,267
1205,49,98,265
1213,49,97,263
1221,49,96,261
1229,49,95,259
1237,49,94,257
1245,49,93,255
1253,49,92,253
1261,49,91,251
1269,49,90,249
1280,53,91,252
1286,53,90,251
1292,53,89,250
1298,53,88,249
1304,53,87,248
1310,53,86,247
1316,53,85,246
1322,53,84,245
1328,53,83,244
1334,53,82,243
1340,53,81,242
1346,53,80,241
1352,53,79,240
1358,53,78,239
1364,53,77,238
1364,49,78,235
1367,49,78,234
1370,49,78,233
1373,49,78,232
1376,49,78,231
1379,49,78,230
1382,49,78,229
1385,49,78,228
1388,49,78,227
1391,49,78,226
1394,49,78,225
1397,49,78,224
1400,49,78,223
1403,49,78,222
1406,49,78,221
1404,44,74,215
1403,44,74,213
1402,44,74,211
1401,44,74,209
1400,44,74,207
1399,44,74,205
1398,44,74,203
1397,44,74,201
1396,44,74,199
1395,44,74,197
1394,44,74,195
1393,44,74,193
1392,44,74,191
1391,44,74,189
1390,44,74,187
1386,47,72,183
1381,46,72,183
1376,45,72,183
1371,44,72,183
1366,43,72,183
1361,42,72,183
1356,41,72,183
1351,40,72,183
1346,39,72,183
1341,38,72,183
1336,37,72,183
1331,36,72,183
1326,35,72,183
1321,34,72,183
1316,33,72,183
1314,38,79,177
1307,37,80,177
1300,36,81,177
1293,35,82,177
1286,34,83,177
1279,33,84,177
1272,32,85,177
1265,31,86,177
1258,30,87,177
1251,29,88,177
1244,28,89,177
1237,27,90,177
1230,26,91,177
1223,25,92,177
1216,24,93,177
1216,22,87,180
1209,22,86,179
1202,22,85,178
1195,22,84,177
1188,22,83,176
1181,22,82,175
1174,22,81,174
1167,22,80,173
1160,22,79,172
1153,22,78,171
1146,22,77,170
1139,22,76,169
1132,22,75,168
1125,22,74,167
1118,22,73,166
1109,22,79,170
1102,22,78,170
1095,22,77,170
1088,22,76,170
1081,22,75,170
1074,22,74,170
1067,22,73,170
1060,22,72,170
1053,22,71,170
1046,22,70,170
1039,22,69,170
1032,22,68,170
1025,22,67,170
1018,22,66,170
1011,22,65,170
999,21,59,169
992,21,60,169
985,21,61,169
978,21,62,169
971,21,63,169
964,21,64,169
957,21,65,169
950,21,66,169
943,21,67,169
936,21,68,169
929,21,69,169
922,21,70,169
915,21,71,169
908,21,72,169
901,21,73,169
888,21,76,167
880,21,77,167
872,21,78,167
864,21,79,167
856,21,80,167
848,21,81,167
840,21,82,167
832,21,83,167
824,21,84,167
816,21,85,167
808,21,86,167
800,21,87,167
792,21,88,167
784,21,89,167
776,21,90,167
770,26,93,166
762,27,91,166
754,28,89,166
746,29,87,166
738,30,85,166
730,31,83,166
722,32,81,166
714,33,79,166
706,34,77,166
698,35,75,166
690,36,73,166
682,37,71,166
674,38,69,166
666,39,67,166
658,40,65,166
657,38,63,164
649,38,63,165
641,38,63,166
633,38,63,167
625,38,63,168
617,38,63,169
609,38,63,170
601,38,63,171
593,38,63,172
585,38,63,173
577,38,63,174
569,38,63,175
561,38,63,176
553,38,63,177
545,38,63,178
543,36,67,177
536,37,69,178
529,38,71,179
522,39,73,180
515,40,75,181
508,41,77,182
501,42,79,183
494,43,81,184
487,44,83,185
480,45,85,186
473,46,87,187
466,47,89,188
459,48,91,189
452,49,93,190
445,50,95,191
434,49,92,191
429,50,90,191
424,51,88,191
419,52,86,191
414,53,84,191
409,54,82,191
404,55,80,191
399,56,78,191
394,57,76,191
389,58,74,191
384,59,72,191
379,60,70,191
374,61,68,191
369,62,66,191
364,63,64,191
364,67,69,194
361,67,69,196
358,67,69,198
355,67,69,200
352,67,69,202
349,67,69,204
346,67,69,206
343,67,69,208
340,67,69,210
337,67,69,212
334,67,69,214
331,67,69,216
328,67,69,218
325,67,69,220
322,67,69,222
320,70,69,222
