1313,232,76,163
1304,232,76,163
1295,232,76,163
1286,232,76,163
1277,232,76,163
1268,232,76,163
1259,232,76,163
1250,232,76,163
1241,232,76,163
1232,232,76,163
1223,232,76,163
1214,232,76,163
1205,232,76,163
1196,232,76,163
1187,232,76,163
1181,234,78,162
1171,234,77,161
1161,234,76,160
1151,234,75,159
1141,234,74,158
1131,234,73,157
1121,234,72,156
1111,234,71,155
1101,234,70,154
1091,234,69,153
1081,234,68,152
1071,234,67,151
1061,234,66,150
1051,234,65,149
1041,234,64,148
1037,239,63,149
1028,240,63,149
1019,241,63,149
1010,242,63,149
1001,243,63,149
992,244,63,149
983,245,63,149
974,246,63,149
965,247,63,149
956,248,63,149
947,249,63,149
938,250,63,149
929,251,63,149
920,252,63,149
911,253,63,149
902,253,64,153
892,253,64,153
882,253,64,153
872,253,64,153
862,253,64,153
852,253,64,153
842,253,64,153
832,253,64,153
822,253,64,153
812,253,64,153
802,253,64,153
792,253,64,153
782,253,64,153
772,253,64,153
762,253,64,153
757,259,71,155
748,260,71,156
739,261,71,157
730,262,71,158
721,263,71,159
712,264,71,160
703,265,71,161
694,266,71,162
685,267,71,163
676,268,71,164
667,269,71,165
658,270,71,166
649,271,71,167
640,272,71,168
631,273,71,169
622,269,69,165
615,270,69,166
608,271,69,167
601,272,69,168
594,273,69,169
587,274,69,170
580,275,69,171
573,276,69,172
566,277,69,173
559,278,69,174
552,279,69,175
545,280,69,176
538,281,69,177
531,282,69,178
524,283,69,179
516,284,67,177
512,285,68,179
508,286,69,181
504,287,70,183
500,288,71,185
496,289,72,187
492,290,73,189
488,291,74,191
484,292,75,193
480,293,76,195
476,294,77,197
472,295,78,199
468,296,79,201
464,297,80,203
460,298,81,205
463,300,76,210
468,299,77,212
473,298,78,214
478,297,79,216
483,296,80,218
488,295,81,220
493,294,82,222
498,293,83,224
503,292,84,226
508,291,85,228
513,290,86,230
518,289,87,232
523,288,88,234
528,287,89,236
533,286,90,238
538,284,93,236
550,284,92,237
562,284,91,238
574,284,90,239
586,284,89,240
598,284,88,241
610,284,87,242
622,284,86,243
634,284,85,244
646,284,84,245
658,284,83,246
670,284,82,247
682,284,81,248
694,284,80,249
706,284,79,250
718,281,82,247
734,281,81,248
750,281,80,249
766,281,79,250
782,281,78,251
798,281,77,252
814,281,76,253
830,281,75,254
846,281,74,255
862,281,73,256
878,281,72,257
894,281,71,258
910,281,70,259
926,281,69,260
942,281,68,261
955,276,73,266
969,276,76,265
983,276,79,264
997,276,82,263
1011,276,85,262
1025,276,88,261
1039,276,91,260
1053,276,94,259
1067,276,97,258
1081,276,100,257
1095,276,103,256
1109,276,106,255
1123,276,109,254
1137,276,112,253
1151,276,115,252
1170,269,112,254
1182,268,110,253
1194,267,108,252
1206,266,106,251
1218,265,104,250
1230,264,102,249
1242,263,100,248
1254,262,98,247
1266,261,96,246
1278,260,94,245
1290,259,92,244
1302,258,90,243
1314,257,88,242
1326,256,86,241
1338,255,84,240
1344,248,87,242
1351,248,85,240
1358,248,83,238
1365,248,81,236
1372,248,79,234
1379,248,77,232
1386,248,75,230
1393,248,73,228
1400,248,71,226
1407,248,69,224
1414,248,67,222
1421,248,65,220
1428,248,63,218
1435,248,61,216
1442,248,59,214
1446,246,63,214
1448,246,63,211
1450,246,63,208
1452,246,63,205
1454,246,63,202
1456,246,63,199
1458,246,63,196
1460,246,63,193
1462,246,63,190
1464,246,63,187
1466,246,63,184
1468,246,63,181
1470,246,63,178
1472,246,63,175
1474,246,63,172
1481,246,70,174
1477,245,71,173
1473,244,72,172
1469,243,73,171
1465,242,74,170
1461,241,75,169
1457,240,76,168
1453,239,77,167
1449,238,78,166
1445,237,79,165
1441,236,80,164
1437,235,81,163
1433,234,82,162
1429,233,83,161
1425,232,84,160
1420,235,89,164
1413,235,88,163
1406,235,87,162
1399,235,86,161
1392,235,85,160
1385,235,84,159
1378,235,83,158
1371,235,82,157
1364,235,81,156
1357,235,80,155
1350,235,79,154
1343,235,78,153
1336,235,77,152
1329,235,76,151
1322,235,75,150
1318,232,71,152
1309,232,69,152
1300,232,67,152
1291,232,65,152
1282,232,63,152
1273,232,61,152
1264,232,59,152
1255,232,57,152
1246,232,55,152
1237,232,53,152
1228,232,51,152
1219,232,49,152
1210,232,47,152
1201,232,45,152
1192,232,43,152
1190,235,46,158
1182,235,47,158
1174,235,48,158
1166,235,49,158
1158,235,50,158
1150,235,51,158
1142,235,52,158
1134,235,53,158
1126,235,54,158
1118,235,55,158
1110,235,56,158
1102,235,57,158
1094,235,58,158
1086,235,59,158
1078,235,60,158
1063,240,61,151
1053,240,62,151
1043,240,63,151
1033,240,64,151
1023,240,65,151
1013,240,66,151
1003,240,67,151
993,240,68,151
983,240,69,151
973,240,70,151
963,240,71,151
953,240,72,151
943,240,73,151
933,240,74,151
923,240,75,151
920,246,69,144
911,247,69,145
902,248,69,146
893,249,69,147
884,250,69,148
875,251,69,149
866,252,69,150
857,253,69,151
848,254,69,152
839,255,69,153
830,256,69,154
821,257,69,155
812,258,69,156
803,259,69,157
794,260,69,158
780,254,63,152
772,255,62,152
764,256,61,152
756,257,60,152
748,258,59,152
740,259,58,152
732,260,57,152
724,261,56,152
716,262,55,152
708,263,54,152
700,264,53,152
692,265,52,152
684,266,51,152
676,267,50,152
668,268,49,152
661,269,53,159
654,270,53,160
647,271,53,161
640,272,53,162
633,273,53,163
626,274,53,164
619,275,53,165
612,276,53,166
605,277,53,167
598,278,53,168
591,279,53,169
584,280,53,170
577,281,53,171
570,282,53,172
563,283,53,173
556,280,56,175
552,281,57,177
548,282,58,179
544,283,59,181
540,284,60,183
536,285,61,185
532,286,62,187
528,287,63,189
524,288,64,191
520,289,65,193
516,290,66,195
512,291,67,197
508,292,68,199
504,293,69,201
500,294,70,203
503,288,67,198
