556,226,67,180
550,228,68,180
544,230,69,180
538,232,70,180
532,234,71,180
526,236,72,180
520,238,73,180
514,240,74,180
508,242,75,180
502,244,76,180
496,246,77,180
490,248,78,180
484,250,79,180
478,252,80,180
472,254,81,180
470,250,77,180
465,251,76,181
460,252,75,182
455,253,74,183
450,254,73,184
445,255,72,185
440,256,71,186
435,257,70,187
430,258,69,188
425,259,68,189
420,260,67,190
415,261,66,191
410,262,65,192
405,263,64,193
400,264,63,194
389,265,63,188
386,265,63,189
383,265,63,190
380,265,63,191
377,265,63,192
374,265,63,193
371,265,63,194
368,265,63,195
365,265,63,196
362,265,63,197
359,265,63,198
356,265,63,199
353,265,63,200
350,265,63,201
347,265,63,202
339,268,64,210
339,268,65,212
339,268,66,214
339,268,67,216
339,268,68,218
339,268,69,220
339,268,70,222
339,268,71,224
339,268,72,226
339,268,73,228
339,268,74,230
339,268,75,232
339,268,76,234
339,268,77,236
339,268,78,238
341,275,85,235
346,275,86,235
351,275,87,235
356,275,88,235
361,275,89,235
366,275,90,235
371,275,91,235
376,275,92,235
381,275,93,235
386,275,94,235
391,275,95,235
396,275,96,235
401,275,97,235
406,275,98,235
411,275,99,235
412,275,96,242
421,274,96,244
430,273,96,246
439,272,96,248
448,271,96,250
457,270,96,252
466,269,96,254
475,268,96,256
484,267,96,258
493,266,96,260
502,265,96,262
511,264,96,264
520,263,96,266
529,262,96,268
538,261,96,270
546,255,96,265
555,254,99,266
564,253,102,267
573,252,105,268
582,251,108,269
591,250,111,270
600,249,114,271
609,248,117,272
618,247,120,273
627,246,123,274
636,245,126,275
645,244,129,276
654,243,132,277
663,242,135,278
672,241,138,279
685,241,142,284
697,241,140,284
709,241,138,284
721,241,136,284
733,241,134,284
745,241,132,284
757,241,130,284
769,241,128,284
781,241,126,284
793,241,124,284
805,241,122,284
817,241,120,284
829,241,118,284
841,241,116,284
853,241,114,284
865,237,115,282
878,236,115,282
891,235,115,282
904,234,115,282
917,233,115,282
930,232,115,282
943,231,115,282
956,230,115,282
969,229,115,282
982,228,115,282
995,227,115,282
1008,226,115,282
1021,225,115,282
1034,224,115,282
1047,223,115,282
1065,223,113,284
1075,221,114,284
1085,219,115,284
1095,217,116,284
1105,215,117,284
1115,213,118,284
1125,211,119,284
1135,209,120,284
1145,207,121,284
1155,205,122,284
1165,203,123,284
1175,201,124,284
1185,199,125,284
1195,197,126,284
1205,195,127,284
1213,200,128,279
1221,200,126,277
1229,200,124,275
1237,200,122,273
1245,200,120,271
1253,200,118,269
1261,200,116,267
1269,200,114,265
1277,200,112,263
1285,200,110,261
1293,200,108,259
1301,200,106,257
1309,200,104,255
1317,200,102,253
1325,200,100,251
1329,200,92,248
1334,199,91,246
1339,198,90,244
1344,197,89,242
1349,196,88,240
1354,195,87,238
1359,194,86,236
1364,193,85,234
1369,192,84,232
1374,191,83,230
1379,190,82,228
1384,189,81,226
1389,188,80,224
1394,187,79,222
1399,186,78,220
1397,191,81,221
1400,190,81,220
1403,189,81,219
1406,188,81,218
1409,187,81,217
1412,186,81,216
1415,185,81,215
1418,184,81,214
1421,183,81,213
1424,182,81,212
1427,181,81,211
1430,180,81,210
1433,179,81,209
1436,178,81,208
1439,177,81,207
1435,180,77,212
1435,180,77,211
1435,180,77,210
1435,180,77,209
1435,180,77,208
1435,180,77,207
1435,180,77,206
1435,180,77,205
1435,180,77,204
1435,180,77,203
1435,180,77,202
1435,180,77,201
1435,180,77,200
1435,180,77,199
1435,180,77,198
1439,178,75,191
1436,178,75,190
1433,178,75,189
1430,178,75,188
1427,178,75,187
1424,178,75,186
1421,178,75,185
1418,178,75,184
1415,178,75,183
1412,178,75,182
1409,178,75,181
1406,178,75,180
1403,178,75,179
1400,178,75,178
1397,178,75,177
1393,182,77,174
1387,182,77,173
1381,182,77,172
1375,182,77,171
1369,182,77,170
1363,182,77,169
1357,182,77,168
1351,182,77,167
1345,182,77,166
1339,182,77,165
1333,182,77,164
1327,182,77,163
1321,182,77,162
1315,182,77,161
1309,182,77,160
1304,180,83,163
1297,180,84,164
1290,180,85,165
1283,180,86,166
1276,180,87,167
1269,180,88,168
1262,180,89,169
1255,180,90,170
1248,180,91,171
1241,180,92,172
1234,180,93,173
1227,180,94,174
1220,180,95,175
1213,180,96,176
1206,180,97,177
1194,178,102,172
1187,179,101,171
1180,180,100,170
1173,181,99,169
1166,182,98,168
1159,183,97,167
1152,184,96,166
1145,185,95,165
1138,186,94,164
1131,187,93,163
1124,188,92,162
1117,189,91,161
1110,190,90,160
1103,191,89,159
1096,192,88,158
1086,190,88,161
1078,190,87,161
1070,190,86,161
1062,190,85,161
1054,190,84,161
1046,190,83,161
1038,190,82,161
1030,190,81,161
1022,190,80,161
1014,190,79,161
1006,190,78,161
998,190,77,161
990,190,76,161
982,190,75,161
974,190,74,161
972,196,71,155
964,196,72,155
956,196,73,155
948,196,74,155
940,196,75,155
932,196,76,155
924,196,77,155
916,196,78,155
908,196,79,155
900,196,80,155
892,196,81,155
884,196,82,155
876,196,83,155
868,196,84,155
860,196,85,155
856,203,88,160
849,204,88,160
842,205,88,160
835,206,88,160
828,207,88,160
821,208,88,160
814,209,88,160
807,210,88,160
800,211,88,160
793,212,88,160
786,213,88,160
779,214,88,160
772,215,88,160
765,216,88,160
758,217,88,160
752,213,88,160
746,214,86,160
740,215,84,160
734,216,82,160
728,217,80,160
722,218,78,160
716,219,76,160
710,220,74,160
704,221,72,160
698,222,70,160
692,223,68,160
686,224,66,160
680,225,64,160
674,226,62,160
668,227,60,160
657,229,63,157
651,229,63,158
645,229,63,159
639,229,63,160
633,229,63,161
627,229,63,162
621,229,63,163
615,229,63,164
609,229,63,165
603,229,63,166
597,229,63,167
591,229,63,168
585,229,63,169
579,229,63,170
573,229,63,171
560,234,69,173
554,235,69,174
548,236,69,175
542,237,69,176
536,238,69,177
530,239,69,178
524,240,69,179
518,241,69,180
512,242,69,181
506,243,69,182
500,244,69,183
494,245,69,184
488,246,69,185
482,247,69,186
476,248,69,187
476,244,73,186
472,245,73,187
468,246,73,188
464,247,73,189
460,248,73,190
456,249,73,191
452,250,73,192
448,251,73,193
444,252,73,194
440,253,73,195
436,254,73,196
432,255,73,197
428,256,73,198
424,257,73,199
420,258,73,200
419,260,66,198
418,260,66,200
417,260,66,202
416,260,66,204
415,260,66,206
414,260,66,208
413,260,66,210
412,260,66,212
411,260,66,214
410,260,66,216
409,260,66,218
408,260,66,220
407,260,66,222
406,260,66,224
405,260,66,226
406,267,73,221
409,266,74,223
412,265,75,225
415,264,76,227
418,263,77,229
421,262,78,231
424,261,79,233
427,260,80,235
430,259,81,237
433,258,82,239
436,257,83,241
439,256,84,243
442,255,85,245
445,254,86,247
448,253,87,249
451,259,91,250
457,259,92,250
463,259,93,250
469,259,94,250
475,259,95,250
481,259,96,250
487,259,97,250
493,259,98,250
499,259,99,250
505,259,100,250
511,259,101,250
517,259,102,250
523,259,103,250
529,259,104,250
535,259,105,250
548,254,113,256
560,254,111,256
572,254,109,256
584,254,107,256
596,254,105,256
608,254,103,256
620,254,101,256
632,254,99,256
644,254,97,256
656,254,95,256
668,254,93,256
680,254,91,256
692,254,89,256
704,254,87,256
716,254,85,256
721,247,90,263
732,245,90,264
743,243,90,265
754,241,90,266
765,239,90,267
776,237,90,268
787,235,90,269
798,233,90,270
809,231,90,271
820,229,90,272
831,227,90,273
842,225,90,274
853,223,90,275
864,221,90,276
875,219,90,277
886,223,91,281
