305,263,82,199
301,264,82,199
297,265,82,199
293,266,82,199
289,267,82,199
285,268,82,199
281,269,82,199
277,270,82,199
273,271,82,199
269,272,82,199
265,273,82,199
261,274,82,199
257,275,82,199
253,276,82,199
249,277,82,199
240,283,75,199
239,283,75,200
238,283,75,201
237,283,75,202
236,283,75,203
235,283,75,204
234,283,75,205
233,283,75,206
232,283,75,207
231,283,75,208
230,283,75,209
229,283,75,210
228,283,75,211
227,283,75,212
226,283,75,213
223,288,76,210
226,287,76,212
229,286,76,214
232,285,76,216
235,284,76,218
238,283,76,220
241,282,76,222
244,281,76,224
247,280,76,226
250,279,76,228
253,278,76,230
256,277,76,232
259,276,76,234
262,275,76,236
265,274,76,238
272,280,76,238
278,279,78,240
284,278,80,242
290,277,82,244
296,276,84,246
302,275,86,248
308,274,88,250
314,273,90,252
320,272,92,254
326,271,94,256
332,270,96,258
338,269,98,260
344,268,100,262
350,267,102,264
356,266,104,266
356,271,99,268
365,271,98,268
374,271,97,268
383,271,96,268
392,271,95,268
401,271,94,268
410,271,93,268
419,271,92,268
428,271,91,268
437,271,90,268
446,271,89,268
455,271,88,268
464,271,87,268
473,271,86,268
482,271,85,268
486,269,88,270
496,268,88,271
506,267,88,272
516,266,88,273
526,265,88,274
536,264,88,275
546,263,88,276
556,262,88,277
566,261,88,278
576,260,88,279
586,259,88,280
596,258,88,281
606,257,88,282
616,256,88,283
626,255,88,284
643,249,94,290
653,248,96,291
663,247,98,292
673,246,100,293
683,245,102,294
693,244,104,295
703,243,106,296
713,242,108,297
723,241,110,298
733,240,112,299
743,239,114,300
753,238,116,301
763,237,118,302
773,236,120,303
783,235,122,304
787,231,129,306
799,231,130,306
811,231,131,306
823,231,132,306
835,231,133,306
847,231,134,306
859,231,135,306
871,231,136,306
883,231,137,306
895,231,138,306
907,231,139,306
919,231,140,306
931,231,141,306
943,231,142,306
955,231,143,306
964,226,146,310
978,226,143,309
992,226,140,308
1006,226,137,307
1020,226,134,306
1034,226,131,305
1048,226,128,304
1062,226,125,303
1076,226,122,302
1090,226,119,301
1104,226,116,300
1118,226,113,299
1132,226,110,298
1146,226,107,297
1160,226,104,296
1176,219,94,301
1183,218,95,301
1190,217,96,301
1197,216,97,301
1204,215,98,301
1211,214,99,301
1218,213,100,301
1225,212,101,301
1232,211,102,301
1239,210,103,301
1246,209,104,301
1253,208,105,301
1260,207,106,301
1267,206,107,301
1274,205,108,301
1288,199,108,294
1293,198,107,292
1298,197,106,290
1303,196,105,288
1308,195,104,286
1313,194,103,284
1318,193,102,282
1323,192,101,280
1328,191,100,278
1333,190,99,276
1338,189,98,274
1343,188,97,272
1348,187,96,270
1353,186,95,268
1358,185,94,266
1358,183,92,269
1362,183,91,267
1366,183,90,265
1370,183,89,263
1374,183,88,261
1378,183,87,259
1382,183,86,257
1386,183,85,255
1390,183,84,253
1394,183,83,251
1398,183,82,249
1402,183,81,247
1406,183,80,245
1410,183,79,243
1414,183,78,241
1416,189,73,232
1417,188,74,231
1418,187,75,230
1419,186,76,229
1420,185,77,228
1421,184,78,227
1422,183,79,226
1423,182,80,225
1424,181,81,224
1425,180,82,223
1426,179,83,222
1427,178,84,221
1428,177,85,220
1429,176,86,219
1430,175,87,218
1426,181,87,217
1425,180,87,216
1424,179,87,215
1423,178,87,214
1422,177,87,213
1421,176,87,212
1420,175,87,211
1419,174,87,210
1418,173,87,209
1417,172,87,208
1416,171,87,207
1415,170,87,206
1414,169,87,205
1413,168,87,204
1412,167,87,203
1416,169,83,195
1412,170,84,194
1408,171,85,193
1404,172,86,192
1400,173,87,191
1396,174,88,190
1392,175,89,189
1388,176,90,188
1384,177,91,187
1380,178,92,186
1376,179,93,185
1372,180,94,184
1368,181,95,183
1364,182,96,182
1360,183,97,181
1358,178,96,179
1353,178,94,179
1348,178,92,179
1343,178,90,179
1338,178,88,179
1333,178,86,179
1328,178,84,179
1323,178,82,179
1318,178,80,179
1313,178,78,179
1308,178,76,179
1303,178,74,179
1298,178,72,179
1293,178,70,179
1288,178,68,179
1286,174,66,178
1280,174,67,178
1274,174,68,178
1268,174,69,178
1262,174,70,178
1256,174,71,178
1250,174,72,178
1244,174,73,178
1238,174,74,178
1232,174,75,178
1226,174,76,178
1220,174,77,178
1214,174,78,178
1208,174,79,178
1202,174,80,178
1193,174,75,176
1186,174,75,175
1179,174,75,174
1172,174,75,173
1165,174,75,172
1158,174,75,171
1151,174,75,170
1144,174,75,169
1137,174,75,168
1130,174,75,167
1123,174,75,166
1116,174,75,165
1109,174,75,164
1102,174,75,163
1095,174,75,162
1088,176,80,165
1081,177,81,165
1074,178,82,165
1067,179,83,165
1060,180,84,165
1053,181,85,165
1046,182,86,165
1039,183,87,165
1032,184,88,165
1025,185,89,165
1018,186,90,165
1011,187,91,165
1004,188,92,165
997,189,93,165
990,190,94,165
990,185,89,160
984,186,88,160
978,187,87,160
972,188,86,160
966,189,85,160
960,190,84,160
954,191,83,160
948,192,82,160
942,193,81,160
936,194,80,160
930,195,79,160
924,196,78,160
918,197,77,160
912,198,76,160
906,199,75,160
897,199,77,158
890,199,77,159
883,199,77,160
876,199,77,161
869,199,77,162
862,199,77,163
855,199,77,164
848,199,77,165
841,199,77,166
834,199,77,167
827,199,77,168
820,199,77,169
813,199,77,170
806,199,77,171
799,199,77,172
799,194,75,174
792,195,76,173
785,196,77,172
778,197,78,171
771,198,79,170
764,199,80,169
757,200,81,168
750,201,82,167
743,202,83,166
736,203,84,165
729,204,85,164
722,205,86,163
715,206,87,162
708,207,88,161
701,208,89,160
692,208,89,165
686,209,88,165
680,210,87,165
674,211,86,165
668,212,85,165
662,213,84,165
656,214,83,165
650,215,82,165
644,216,81,165
638,217,80,165
632,218,79,165
626,219,78,165
620,220,77,165
614,221,76,165
608,222,75,165
601,221,80,170
594,222,79,170
587,223,78,170
580,224,77,170
573,225,76,170
566,226,75,170
559,227,74,170
552,228,73,170
545,229,72,170
538,230,71,170
531,231,70,170
524,232,69,170
517,233,68,170
510,234,67,170
503,235,66,170
503,233,68,165
497,233,69,166
491,233,70,167
485,233,71,168
479,233,72,169
473,233,73,170
467,233,74,171
461,233,75,172
455,233,76,173
449,233,77,174
443,233,78,175
437,233,79,176
431,233,80,177
425,233,81,178
419,233,82,179
417,239,89,184
411,240,90,184
405,241,91,184
399,242,92,184
393,243,93,184
387,244,94,184
381,245,95,184
375,246,96,184
369,247,97,184
363,248,98,184
357,249,99,184
351,250,100,184
345,251,101,184
339,252,102,184
333,253,103,184
321,260,97,190
317,261,95,190
313,262,93,190
309,263,91,190
305,264,89,190
301,265,87,190
297,266,85,190
293,267,83,190
289,268,81,190
285,269,79,190
281,270,77,190
277,271,75,190
273,272,73,190
269,273,71,190
265,274,69,190
258,272,66,190
255,273,67,192
252,274,68,194
249,275,69,196
246,276,70,198
243,277,71,200
240,278,72,202
237,279,73,204
234,280,74,206
231,281,75,208
228,282,76,210
225,283,77,212
222,284,78,214
219,285,79,216
216,286,80,218
214,281,75,215
215,281,75,216
216,281,75,217
217,281,75,218
218,281,75,219
219,281,75,220
220,281,75,221
221,281,75,222
222,281,75,223
223,281,75,224
224,281,75,225
225,281,75,226
226,281,75,227
227,281,75,228
228,281,75,229
223,280,73,227
227,280,74,228
231,280,75,229
235,280,76,230
239,280,77,231
243,280,78,232
247,280,79,233
251,280,80,234
255,280,81,235
259,280,82,236
263,280,83,237
267,280,84,238
271,280,85,239
275,280,86,240
279,280,87,241
286,281,90,240
