152,86,66,237
145,86,69,238
138,86,72,239
131,86,75,240
124,86,78,241
117,86,81,242
110,86,84,243
103,86,87,244
96,86,90,245
89,86,93,246
82,86,96,247
75,86,99,248
68,86,102,249
61,86,105,250
54,86,108,251
41,90,106,258
40,91,105,259
39,92,104,260
38,93,103,261
37,94,102,262
36,95,101,263
35,96,100,264
34,97,99,265
33,98,98,266
32,99,97,267
31,100,96,268
30,101,95,269
29,102,94,270
28,103,93,271
27,104,92,272
19,105,86,273
22,106,86,274
25,107,86,275
28,108,86,276
31,109,86,277
34,110,86,278
37,111,86,279
40,112,86,280
43,113,86,281
46,114,86,282
49,115,86,283
52,116,86,284
55,117,86,285
58,118,86,286
61,119,86,287
61,115,86,288
67,114,87,290
73,113,88,292
79,112,89,294
85,111,90,296
91,110,91,298
97,109,92,300
103,108,93,302
109,107,94,304
115,106,95,306
121,105,96,308
127,104,97,310
133,103,98,312
139,102,99,314
145,101,100,316
153,99,108,323
161,99,111,324
169,99,114,325
177,99,117,326
185,99,120,327
193,99,123,328
201,99,126,329
209,99,129,330
217,99,132,331
225,99,135,332
233,99,138,333
241,99,141,334
249,99,144,335
257,99,147,336
265,99,150,337
276,101,157,336
289,102,155,337
302,103,153,338
315,104,151,339
328,105,149,340
341,106,147,341
354,107,145,342
367,108,143,343
380,109,141,344
393,110,139,345
406,111,137,346
419,112,135,347
432,113,133,348
445,114,131,349
458,115,129,350
472,118,133,347
488,118,133,348
504,118,133,349
520,118,133,350
536,118,133,351
552,118,133,352
568,118,133,353
584,118,133,354
600,118,133,355
616,118,133,356
632,118,133,357
648,118,133,358
664,118,133,359
680,118,133,360
696,118,133,361
705,120,126,367
718,120,129,368
731,120,132,369
744,120,135,370
757,120,138,371
770,120,141,372
783,120,144,373
796,120,147,374
809,120,150,375
822,120,153,376
835,120,156,377
848,120,159,378
861,120,162,379
874,120,165,380
887,120,168,381
897,127,175,376
912,128,176,376
927,129,177,376
942,130,178,376
957,131,179,376
972,132,180,376
987,133,181,376
1002,134,182,376
1017,135,183,376
1032,136,184,376
1047,137,185,376
1062,138,186,376
1077,139,187,376
1092,140,188,376
1107,141,189,376
1127,140,189,380
1141,141,185,378
1155,142,181,376
1169,143,177,374
1183,144,173,372
1197,145,169,370
1211,146,165,368
1225,147,161,366
1239,148,157,364
1253,149,153,362
1267,150,149,360
1281,151,145,358
1295,152,141,356
1309,153,137,354
1323,154,133,352
1344,154,126,347
1351,154,125,345
1358,154,124,343
1365,154,123,341
1372,154,122,339
1379,154,121,337
1386,154,120,335
1393,154,119,333
1400,154,118,331
1407,154,117,329
1414,154,116,327
1421,154,115,325
1428,154,114,323
1435,154,113,321
1442,154,112,319
1445,148,112,322
1450,147,111,320
1455,146,110,318
1460,145,109,316
1465,144,108,314
1470,143,107,312
1475,142,106,310
1480,141,105,308
1485,140,104,306
1490,139,103,304
1495,138,102,302
1500,137,101,300
1505,136,100,298
1510,135,99,296
1515,134,98,294
1521,135,92,294
1522,135,92,291
1523,135,92,288
1524,135,92,285
1525,135,92,282
1526,135,92,279
1527,135,92,276
1528,135,92,273
1529,135,92,270
1530,135,92,267
1531,135,92,264
1532,135,92,261
1533,135,92,258
1534,135,92,255
1535,135,92,252
1539,140,85,256
1539,139,84,255
1539,138,83,254
1539,137,82,253
1539,136,81,252
1539,135,80,251
1539,134,79,250
1539,133,78,249
1539,132,77,248
1539,131,76,247
1539,130,75,246
1539,129,74,245
1539,128,73,244
1539,127,72,243
1539,126,71,242
1532,129,74,248
1528,128,75,246
1524,127,76,244
1520,126,77,242
1516,125,78,240
1512,124,79,238
1508,123,80,236
1504,122,81,234
1500,121,82,232
1496,120,83,230
1492,119,84,228
1488,118,85,226
1484,117,86,224
1480,116,87,222
1476,115,88,220
1473,120,84,225
1465,119,84,224
1457,118,84,223
1449,117,84,222
1441,116,84,221
1433,115,84,220
1425,114,84,219
1417,113,84,218
1409,112,84,217
1401,111,84,216
1393,110,84,215
1385,109,84,214
1377,108,84,213
1369,107,84,212
1361,106,84,211
1353,109,88,209
1345,107,87,209
1337,105,86,209
1329,103,85,209
1321,101,84,209
1313,99,83,209
1305,97,82,209
1297,95,81,209
1289,93,80,209
1281,91,79,209
1273,89,78,209
1265,87,77,209
1257,85,76,209
1249,83,75,209
1241,81,74,209
1239,85,73,216
1230,84,76,216
1221,83,79,216
1212,82,82,216
1203,81,85,216
1194,80,88,216
1185,79,91,216
1176,78,94,216
1167,77,97,216
1158,76,100,216
1149,75,103,216
1140,74,106,216
1131,73,109,216
1122,72,112,216
1113,71,115,216
1102,77,115,217
1094,77,114,216
1086,77,113,215
1078,77,112,214
1070,77,111,213
1062,77,110,212
1054,77,109,211
1046,77,108,210
1038,77,107,209
1030,77,106,208
1022,77,105,207
1014,77,104,206
1006,77,103,205
998,77,102,204
990,77,101,203
982,75,99,205
974,75,97,205
966,75,95,205
958,75,93,205
950,75,91,205
942,75,89,205
934,75,87,205
926,75,85,205
918,75,83,205
910,75,81,205
902,75,79,205
894,75,77,205
886,75,75,205
878,75,73,205
870,75,71,205
863,69,69,200
854,68,71,201
845,67,73,202
836,66,75,203
827,65,77,204
818,64,79,205
809,63,81,206
800,62,83,207
791,61,85,208
782,60,87,209
773,59,89,210
764,58,91,211
755,57,93,212
746,56,95,213
737,55,97,214
725,56,95,213
717,57,96,212
709,58,97,211
701,59,98,210
693,60,99,209
685,61,100,208
677,62,101,207
669,63,102,206
661,64,103,205
653,65,104,204
645,66,105,203
637,67,106,202
629,68,107,201
621,69,108,200
613,70,109,199
598,64,112,204
590,64,110,204
582,64,108,204
574,64,106,204
566,64,104,204
558,64,102,204
550,64,100,204
542,64,98,204
534,64,96,204
526,64,94,204
518,64,92,204
510,64,90,204
502,64,88,204
494,64,86,204
486,64,84,204
484,64,77,207
476,64,77,207
468,64,77,207
460,64,77,207
452,64,77,207
444,64,77,207
436,64,77,207
428,64,77,207
420,64,77,207
412,64,77,207
404,64,77,207
396,64,77,207
388,64,77,207
380,64,77,207
372,64,77,207
363,66,74,205
355,66,75,206
347,66,76,207
339,66,77,208
331,66,78,209
323,66,79,210
315,66,80,211
307,66,81,212
299,66,82,213
291,66,83,214
283,66,84,215
275,66,85,216
267,66,86,217
259,66,87,218
251,66,88,219
247,69,90,224
240,70,90,224
233,71,90,224
226,72,90,224
219,73,90,224
212,74,90,224
205,75,90,224
198,76,90,224
191,77,90,224
184,78,90,224
177,79,90,224
170,80,90,224
163,81,90,224
156,82,90,224
149,83,90,224
142,80,83,230
136,81,83,230
130,82,83,230
124,83,83,230
118,84,83,230
112,85,83,230
106,86,83,230
100,87,83,230
94,88,83,230
88,89,83,230
82,90,83,230
76,91,83,230
70,92,83,230
64,93,83,230
58,94,83,230
48,94,85,237
45,94,85,239
42,94,85,241
39,94,85,243
36,94,85,245
33,94,85,247
30,94,85,249
27,94,85,251
24,94,85,253
21,94,85,255
18,94,85,257
15,94,85,259
12,94,85,261
9,94,85,263
6,94,85,265
1,96,92,268
3,97,92,269
5,98,92,270
7,99,92,271
9,100,92,272
11,101,92,273
13,102,92,274
15,103,92,275
17,104,92,276
19,105,92,277
21,106,92,278
23,107,92,279
25,108,92,280
27,109,92,281
29,110,92,282
38,110,89,282
44,110,91,284
50,110,93,286
56,110,95,288
62,110,97,290
68,110,99,292
74,110,101,294
80,110,103,296
86,110,105,298
92,110,107,300
98,110,109,302
104,110,111,304
110,110,113,306
116,110,115,308
122,110,117,310
126,105,122,310
