487,224,62,176
481,224,62,176
475,224,62,176
469,224,62,176
463,224,62,176
457,224,62,176
451,224,62,176
445,224,62,176
439,224,62,176
433,224,62,176
427,224,62,176
421,224,62,176
415,224,62,176
409,224,62,176
403,224,62,176
404,228,61,175
400,229,61,175
396,230,61,175
392,231,61,175
388,232,61,175
384,233,61,175
380,234,61,175
376,235,61,175
372,236,61,175
368,237,61,175
364,238,61,175
360,239,61,175
356,240,61,175
352,241,61,175
348,242,61,175
348,238,57,182
346,238,58,183
344,238,59,184
342,238,60,185
340,238,61,186
338,238,62,187
336,238,63,188
334,238,64,189
332,238,65,190
330,238,66,191
328,238,67,192
326,238,68,193
324,238,69,194
322,238,70,195
320,238,71,196
323,242,67,194
326,242,67,195
329,242,67,196
332,242,67,197
335,242,67,198
338,242,67,199
341,242,67,200
344,242,67,201
347,242,67,202
350,242,67,203
353,242,67,204
356,242,67,205
359,242,67,206
362,242,67,207
365,242,67,208
372,246,63,204
377,245,64,206
382,244,65,208
387,243,66,210
392,242,67,212
397,241,68,214
402,240,69,216
407,239,70,218
412,238,71,220
417,237,72,222
422,236,73,224
427,235,74,226
432,234,75,228
437,233,76,230
442,232,77,232
447,233,75,231
453,233,77,231
459,233,79,231
465,233,81,231
471,233,83,231
477,233,85,231
483,233,87,231
489,233,89,231
495,233,91,231
501,233,93,231
507,233,95,231
513,233,97,231
519,233,99,231
525,233,101,231
531,233,103,231
544,239,99,236
555,239,97,236
566,239,95,236
577,239,93,236
588,239,91,236
599,239,89,236
610,239,87,236
621,239,85,236
632,239,83,236
643,239,81,236
654,239,79,236
665,239,77,236
676,239,75,236
687,239,73,236
698,239,71,236
716,238,74,242
724,238,76,243
732,238,78,244
740,238,80,245
748,238,82,246
756,238,84,247
764,238,86,248
772,238,88,249
780,238,90,250
788,238,92,251
796,238,94,252
804,238,96,253
812,238,98,254
820,238,100,255
828,238,102,256
833,233,105,260
843,233,106,260
853,233,107,260
863,233,108,260
873,233,109,260
883,233,110,260
893,233,111,260
903,233,112,260
913,233,113,260
923,233,114,260
933,233,115,260
943,233,116,260
953,233,117,260
963,233,118,260
973,233,119,260
989,238,127,259
1000,238,126,258
1011,238,125,257
1022,238,124,256
1033,238,123,255
1044,238,122,254
1055,238,121,253
1066,238,120,252
1077,238,119,251
1088,238,118,250
1099,238,117,249
1110,238,116,248
1121,238,115,247
1132,238,114,246
1143,238,113,245
1155,242,110,249
1162,242,108,249
1169,242,106,249
1176,242,104,249
1183,242,102,249
1190,242,100,249
1197,242,98,249
1204,242,96,249
1211,242,94,249
1218,242,92,249
1225,242,90,249
1232,242,88,249
1239,242,86,249
1246,242,84,249
1253,242,82,249
1266,235,84,242
1270,234,84,240
1274,233,84,238
1278,232,84,236
1282,231,84,234
1286,230,84,232
1290,229,84,230
1294,228,84,228
1298,227,84,226
1302,226,84,224
1306,225,84,222
1310,224,84,220
1314,223,84,218
1318,222,84,216
1322,221,84,214
1324,227,78,215
1326,227,77,214
1328,227,76,213
1330,227,75,212
1332,227,74,211
1334,227,73,210
1336,227,72,209
1338,227,71,208
1340,227,70,207
1342,227,69,206
1344,227,68,205
1346,227,67,204
1348,227,66,203
1350,227,65,202
1352,227,64,201
1358,225,63,205
1358,225,63,203
1358,225,63,201
1358,225,63,199
1358,225,63,197
1358,225,63,195
1358,225,63,193
1358,225,63,191
1358,225,63,189
1358,225,63,187
1358,225,63,185
1358,225,63,183
1358,225,63,181
1358,225,63,179
1358,225,63,177
1363,224,66,182
1362,224,66,181
1361,224,66,180
1360,224,66,179
1359,224,66,178
1358,224,66,177
1357,224,66,176
1356,224,66,175
1355,224,66,174
1354,224,66,173
1353,224,66,172
1352,224,66,171
1351,224,66,170
1350,224,66,169
1349,224,66,168
1353,217,59,168
1349,217,59,167
1345,217,59,166
1341,217,59,165
1337,217,59,164
1333,217,59,163
1329,217,59,162
1325,217,59,161
1321,217,59,160
1317,217,59,159
1313,217,59,158
1309,217,59,157
1305,217,59,156
1301,217,59,155
1297,217,59,154
1299,216,58,152
1295,216,58,151
1291,216,58,150
1287,216,58,149
1283,216,58,148
1279,216,58,147
1275,216,58,146
1271,216,58,145
1267,216,58,144
1263,216,58,143
1259,216,58,142
1255,216,58,141
1251,216,58,140
1247,216,58,139
1243,216,58,138
1232,212,51,139
1226,211,52,139
1220,210,53,139
1214,209,54,139
1208,208,55,139
1202,207,56,139
1196,206,57,139
1190,205,58,139
1184,204,59,139
1178,203,60,139
1172,202,61,139
1166,201,62,139
1160,200,63,139
1154,199,64,139
1148,198,65,139
1145,200,73,144
1140,200,73,144
1135,200,73,144
1130,200,73,144
1125,200,73,144
1120,200,73,144
1115,200,73,144
1110,200,73,144
1105,200,73,144
1100,200,73,144
1095,200,73,144
1090,200,73,144
1085,200,73,144
1080,200,73,144
1075,200,73,144
1064,201,70,139
1058,201,69,139
1052,201,68,139
1046,201,67,139
1040,201,66,139
1034,201,65,139
1028,201,64,139
1022,201,63,139
1016,201,62,139
1010,201,61,139
1004,201,60,139
998,201,59,139
992,201,58,139
986,201,57,139
980,201,56,139
980,203,62,143
974,203,62,143
968,203,62,143
962,203,62,143
956,203,62,143
950,203,62,143
944,203,62,143
938,203,62,143
932,203,62,143
926,203,62,143
920,203,62,143
914,203,62,143
908,203,62,143
902,203,62,143
896,203,62,143
890,197,58,146
884,198,59,146
878,199,60,146
872,200,61,146
866,201,62,146
860,202,63,146
854,203,64,146
848,204,65,146
842,205,66,146
836,206,67,146
830,207,68,146
824,208,69,146
818,209,70,146
812,210,71,146
806,211,72,146
796,206,80,145
791,206,78,145
786,206,76,145
781,206,74,145
776,206,72,145
771,206,70,145
766,206,68,145
761,206,66,145
756,206,64,145
751,206,62,145
746,206,60,145
741,206,58,145
736,206,56,145
731,206,54,145
726,206,52,145
714,208,51,143
708,208,51,143
702,208,51,143
696,208,51,143
690,208,51,143
684,208,51,143
678,208,51,143
672,208,51,143
666,208,51,143
660,208,51,143
654,208,51,143
648,208,51,143
642,208,51,143
636,208,51,143
630,208,51,143
630,209,55,150
624,209,56,150
618,209,57,150
612,209,58,150
606,209,59,150
600,209,60,150
594,209,61,150
588,209,62,150
582,209,63,150
576,209,64,150
570,209,65,150
564,209,66,150
558,209,67,150
552,209,68,150
546,209,69,150
541,214,70,149
536,215,69,149
531,216,68,149
526,217,67,149
521,218,66,149
516,219,65,149
511,220,64,149
506,221,63,149
501,222,62,149
496,223,61,149
491,224,60,149
486,225,59,149
481,226,58,149
476,227,57,149
471,228,56,149
472,225,53,149
468,225,53,150
464,225,53,151
460,225,53,152
456,225,53,153
452,225,53,154
448,225,53,155
444,225,53,156
440,225,53,157
436,225,53,158
432,225,53,159
428,225,53,160
424,225,53,161
420,225,53,162
416,225,53,163
405,230,48,160
400,230,49,161
395,230,50,162
390,230,51,163
385,230,52,164
380,230,53,165
375,230,54,166
370,230,55,167
365,230,56,168
360,230,57,169
355,230,58,170
350,230,59,171
345,230,60,172
340,230,61,173
335,230,62,174
335,230,66,176
334,231,66,176
333,232,66,176
332,233,66,176
331,234,66,176
330,235,66,176
329,236,66,176
328,237,66,176
327,238,66,176
326,239,66,176
325,240,66,176
324,241,66,176
323,242,66,176
322,243,66,176
321,244,66,176
313,239,66,181
316,239,66,183
319,239,66,185
322,239,66,187
325,239,66,189
328,239,66,191
331,239,66,193
334,239,66,195
337,239,66,197
340,239,66,199
343,239,66,201
346,239,66,203
349,239,66,205
352,239,66,207
355,239,66,209
353,241,62,211
