545,231,104,212
556,231,102,212
567,231,100,212
578,231,98,212
589,231,96,212
600,231,94,212
611,231,92,212
622,231,90,212
633,231,88,212
644,231,86,212
655,231,84,212
666,231,82,212
677,231,80,212
688,231,78,212
699,231,76,212
715,236,78,218
724,237,79,218
733,238,80,218
742,239,81,218
751,240,82,218
760,241,83,218
769,242,84,218
778,243,85,218
787,244,86,218
796,245,87,218
805,246,88,218
814,247,89,218
823,248,90,218
832,249,91,218
841,250,92,218
856,255,95,212
867,254,96,213
878,253,97,214
889,252,98,215
900,251,99,216
911,250,100,217
922,249,101,218
933,248,102,219
944,247,103,220
955,246,104,221
966,245,105,222
977,244,106,223
988,243,107,224
999,242,108,225
1010,241,109,226
1015,238,109,231
1027,238,109,231
1039,238,109,231
1051,238,109,231
1063,238,109,231
1075,238,109,231
1087,238,109,231
1099,238,109,231
1111,238,109,231
1123,238,109,231
1135,238,109,231
1147,238,109,231
1159,238,109,231
1171,238,109,231
1183,238,109,231
1199,241,102,236
1209,241,102,235
1219,241,102,234
1229,241,102,233
1239,241,102,232
1249,241,102,231
1259,241,102,230
1269,241,102,229
1279,241,102,228
1289,241,102,227
1299,241,102,226
1309,241,102,225
1319,241,102,224
1329,241,102,223
1339,241,102,222
1352,247,95,225
1358,246,93,224
1364,245,91,223
1370,244,89,222
1376,243,87,221
1382,242,85,220
1388,241,83,219
1394,240,81,218
1400,239,79,217
1406,238,77,216
1412,237,75,215
1418,236,73,214
1424,235,71,213
1430,234,69,212
1436,233,67,211
1435,233,72,212
1435,232,73,212
1435,231,74,212
1435,230,75,212
1435,229,76,212
1435,228,77,212
1435,227,78,212
1435,226,79,212
1435,225,80,212
1435,224,81,212
1435,223,82,212
1435,222,83,212
1435,221,84,212
1435,220,85,212
1435,219,86,212
1441,222,88,218
1440,222,87,216
1439,222,86,214
1438,222,85,212
1437,222,84,210
1436,222,83,208
1435,222,82,206
1434,222,81,204
1433,222,80,202
1432,222,79,200
1431,222,78,198
1430,222,77,196
1429,222,76,194
1428,222,75,192
1427,222,74,190
1430,228,80,189
1427,227,79,188
1424,226,78,187
1421,225,77,186
1418,224,76,185
1415,223,75,184
1412,222,74,183
1409,221,73,182
1406,220,72,181
1403,219,71,180
1400,218,70,179
1397,217,69,178
1394,216,68,177
1391,215,67,176
1388,214,66,175
1392,215,70,180
1388,215,70,177
1384,215,70,174
1380,215,70,171
1376,215,70,168
1372,215,70,165
1368,215,70,162
1364,215,70,159
1360,215,70,156
1356,215,70,153
1352,215,70,150
1348,215,70,147
1344,215,70,144
1340,215,70,141
1336,215,70,138
1332,220,65,141
1326,220,64,140
1320,220,63,139
1314,220,62,138
1308,220,61,137
1302,220,60,136
1296,220,59,135
1290,220,58,134
1284,220,57,133
1278,220,56,132
1272,220,55,131
1266,220,54,130
1260,220,53,129
1254,220,52,128
1248,220,51,127
1244,218,57,125
1238,218,57,125
1232,218,57,125
1226,218,57,125
1220,218,57,125
1214,218,57,125
1208,218,57,125
1202,218,57,125
1196,218,57,125
1190,218,57,125
1184,218,57,125
1178,218,57,125
1172,218,57,125
1166,218,57,125
1160,218,57,125
1152,217,60,118
1145,216,60,119
1138,215,60,120
1131,214,60,121
1124,213,60,122
1117,212,60,123
1110,211,60,124
1103,210,60,125
1096,209,60,126
1089,208,60,127
1082,207,60,128
1075,206,60,129
1068,205,60,130
1061,204,60,131
1054,203,60,132
1053,197,66,138
1047,197,65,138
1041,197,64,138
1035,197,63,138
1029,197,62,138
1023,197,61,138
1017,197,60,138
1011,197,59,138
1005,197,58,138
999,197,57,138
993,197,56,138
987,197,55,138
981,197,54,138
975,197,53,138
969,197,52,138
966,193,55,134
959,193,55,135
952,193,55,136
945,193,55,137
938,193,55,138
931,193,55,139
924,193,55,140
917,193,55,141
910,193,55,142
903,193,55,143
896,193,55,144
889,193,55,145
882,193,55,146
875,193,55,147
868,193,55,148
868,196,54,144
861,195,55,145
854,194,56,146
847,193,57,147
840,192,58,148
833,191,59,149
826,190,60,150
819,189,61,151
812,188,62,152
805,187,63,153
798,186,64,154
791,185,65,155
784,184,66,156
777,183,67,157
770,182,68,158
764,185,66,153
758,186,66,152
752,187,66,151
746,188,66,150
740,189,66,149
734,190,66,148
728,191,66,147
722,192,66,146
716,193,66,145
710,194,66,144
704,195,66,143
698,196,66,142
692,197,66,141
686,198,66,140
680,199,66,139
677,199,71,143
671,199,71,143
665,199,71,143
659,199,71,143
653,199,71,143
647,199,71,143
641,199,71,143
635,199,71,143
629,199,71,143
623,199,71,143
617,199,71,143
611,199,71,143
605,199,71,143
599,199,71,143
593,199,71,143
594,199,75,148
591,200,75,149
588,201,75,150
585,202,75,151
582,203,75,152
579,204,75,153
576,205,75,154
573,206,75,155
570,207,75,156
567,208,75,157
564,209,75,158
561,210,75,159
558,211,75,160
555,212,75,161
552,213,75,162
545,210,71,156
544,210,71,157
543,210,71,158
542,210,71,159
541,210,71,160
540,210,71,161
539,210,71,162
538,210,71,163
537,210,71,164
536,210,71,165
535,210,71,166
534,210,71,167
533,210,71,168
532,210,71,169
531,210,71,170
527,214,70,176
528,214,70,178
529,214,70,180
530,214,70,182
531,214,70,184
532,214,70,186
533,214,70,188
534,214,70,190
535,214,70,192
536,214,70,194
537,214,70,196
538,214,70,198
539,214,70,200
540,214,70,202
541,214,70,204
549,217,71,199
553,218,73,199
557,219,75,199
561,220,77,199
565,221,79,199
569,222,81,199
573,223,83,199
577,224,85,199
581,225,87,199
585,226,89,199
589,227,91,199
593,228,93,199
597,229,95,199
601,230,97,199
605,231,99,199
606,228,94,197
616,229,93,197
626,230,92,197
636,231,91,197
646,232,90,197
656,233,89,197
666,234,88,197
676,235,87,197
686,236,86,197
696,237,85,197
706,238,84,197
716,239,83,197
726,240,82,197
736,241,81,197
746,242,80,197
749,236,73,204
757,235,76,205
765,234,79,206
773,233,82,207
781,232,85,208
789,231,88,209
797,230,91,210
805,229,94,211
813,228,97,212
821,227,100,213
829,226,103,214
837,225,106,215
845,224,109,216
853,223,112,217
861,222,115,218
876,225,114,218
885,226,114,218
894,227,114,218
903,228,114,218
912,229,114,218
921,230,114,218
930,231,114,218
939,232,114,218
948,233,114,218
957,234,114,218
966,235,114,218
975,236,114,218
984,237,114,218
993,238,114,218
1002,239,114,218
1013,238,111,218
1023,237,109,217
1033,236,107,216
1043,235,105,215
1053,234,103,214
1063,233,101,213
1073,232,99,212
1083,231,97,211
1093,230,95,210
1103,229,93,209
1113,228,91,208
1123,227,89,207
1133,226,87,206
1143,225,85,205
1153,224,83,204
1165,225,80,199
1171,225,80,199
1177,225,80,199
1183,225,80,199
1189,225,80,199
1195,225,80,199
1201,225,80,199
1207,225,80,199
1213,225,80,199
1219,225,80,199
1225,225,80,199
1231,225,80,199
1237,225,80,199
1243,225,80,199
1249,225,80,199
1249,218,77,195
1252,218,76,194
1255,218,75,193
1258,218,74,192
1261,218,73,191
1264,218,72,190
1267,218,71,189
1270,218,70,188
1273,218,69,187
1276,218,68,186
1279,218,67,185
1282,218,66,184
1285,218,65,183
1288,218,64,182
1291,218,63,181
1298,214,68,182
1300,213,67,182
1302,212,66,182
1304,211,65,182
1306,210,64,182
1308,209,63,182
1310,208,62,182
1312,207,61,182
1314,206,60,182
1316,205,59,182
1318,204,58,182
1320,203,57,182
1322,202,56,182
1324,201,55,182
1326,200,54,182
1322,206,60,179
1320,206,60,179
1318,206,60,179
1316,206,60,179
1314,206,60,179
1312,206,60,179
1310,206,60,179
1308,206,60,179
1306,206,60,179
1304,206,60,179
1302,206,60,179
1300,206,60,179
1298,206,60,179
1296,206,60,179
1294,206,60,179
1293,207,60,173
