627,243,80,264
638,244,81,264
649,245,82,264
660,246,83,264
671,247,84,264
682,248,85,264
693,249,86,264
704,250,87,264
715,251,88,264
726,252,89,264
737,253,90,264
748,254,91,264
759,255,92,264
770,256,93,264
781,257,94,264
791,255,100,263
803,252,102,265
815,249,104,267
827,246,106,269
839,243,108,271
851,240,110,273
863,237,112,275
875,234,114,277
887,231,116,279
899,228,118,281
911,225,120,283
923,222,122,285
935,219,124,287
947,216,126,289
959,213,128,291
975,213,129,296
988,212,130,297
1001,211,131,298
1014,210,132,299
1027,209,133,300
1040,208,134,301
1053,207,135,302
1066,206,136,303
1079,205,137,304
1092,204,138,305
1105,203,139,306
1118,202,140,307
1131,201,141,308
1144,200,142,309
1157,199,143,310
1176,204,139,311
1190,204,136,309
1204,204,133,307
1218,204,130,305
1232,204,127,303
1246,204,124,301
1260,204,121,299
1274,204,118,297
1288,204,115,295
1302,204,112,293
1316,204,109,291
1330,204,106,289
1344,204,103,287
1358,204,100,285
1372,204,97,283
1393,209,101,286
1401,208,100,284
1409,207,99,282
1417,206,98,280
1425,205,97,278
1433,204,96,276
1441,203,95,274
1449,202,94,272
1457,201,93,270
1465,200,92,268
1473,199,91,266
1481,198,90,264
1489,197,89,262
1497,196,88,260
1505,195,87,258
1507,192,88,261
1509,191,88,261
1511,190,88,261
1513,189,88,261
1515,188,88,261
1517,187,88,261
1519,186,88,261
1521,185,88,261
1523,184,88,261
1525,183,88,261
1527,182,88,261
1529,181,88,261
1531,180,88,261
1533,179,88,261
1535,178,88,261
1537,175,82,256
1536,175,83,254
1535,175,84,252
1534,175,85,250
1533,175,86,248
1532,175,87,246
1531,175,88,244
1530,175,89,242
1529,175,90,240
1528,175,91,238
1527,175,92,236
1526,175,93,234
1525,175,94,232
1524,175,95,230
1523,175,96,228
1516,168,91,232
1514,168,90,231
1512,168,89,230
1510,168,88,229
1508,168,87,228
1506,168,86,227
1504,168,85,226
1502,168,84,225
1500,168,83,224
1498,168,82,223
1496,168,81,222
1494,168,80,221
1492,168,79,220
1490,168,78,219
1488,168,77,218
1486,175,78,218
1481,175,79,215
1476,175,80,212
1471,175,81,209
1466,175,82,206
1461,175,83,203
1456,175,84,200
1451,175,85,197
1446,175,86,194
1441,175,87,191
1436,175,88,188
1431,175,89,185
1426,175,90,182
1421,175,91,179
1416,175,92,176
1408,168,86,175
1403,169,86,173
1398,170,86,171
1393,171,86,169
1388,172,86,167
1383,173,86,165
1378,174,86,163
1373,175,86,161
1368,176,86,159
1363,177,86,157
1358,178,86,155
1353,179,86,153
1348,180,86,151
1343,181,86,149
1338,182,86,147
1328,179,84,147
1321,180,84,146
1314,181,84,145
1307,182,84,144
1300,183,84,143
1293,184,84,142
1286,185,84,141
1279,186,84,140
1272,187,84,139
1265,188,84,138
1258,189,84,137
1251,190,84,136
1244,191,84,135
1237,192,84,134
1230,193,84,133
1220,187,84,137
1212,186,83,138
1204,185,82,139
1196,184,81,140
1188,183,80,141
1180,182,79,142
1172,181,78,143
1164,180,77,144
1156,179,76,145
1148,178,75,146
1140,177,74,147
1132,176,73,148
1124,175,72,149
1116,174,71,150
1108,173,70,151
1098,179,72,150
1091,180,72,150
1084,181,72,150
1077,182,72,150
1070,183,72,150
1063,184,72,150
1056,185,72,150
1049,186,72,150
1042,187,72,150
1035,188,72,150
1028,189,72,150
1021,190,72,150
1014,191,72,150
1007,192,72,150
1000,193,72,150
986,192,68,145
979,192,68,145
972,192,68,145
965,192,68,145
958,192,68,145
951,192,68,145
944,192,68,145
937,192,68,145
930,192,68,145
923,192,68,145
916,192,68,145
909,192,68,145
902,192,68,145
895,192,68,145
888,192,68,145
878,192,70,148
870,192,70,148
862,192,70,148
854,192,70,148
846,192,70,148
838,192,70,148
830,192,70,148
822,192,70,148
814,192,70,148
806,192,70,148
798,192,70,148
790,192,70,148
782,192,70,148
774,192,70,148
766,192,70,148
765,198,68,153
758,199,69,154
751,200,70,155
744,201,71,156
737,202,72,157
730,203,73,158
723,204,74,159
716,205,75,160
709,206,76,161
702,207,77,162
695,208,78,163
688,209,79,164
681,210,80,165
674,211,81,166
667,212,82,167
664,212,79,163
658,213,79,163
652,214,79,163
646,215,79,163
640,216,79,163
634,217,79,163
628,218,79,163
622,219,79,163
616,220,79,163
610,221,79,163
604,222,79,163
598,223,79,163
592,224,79,163
586,225,79,163
580,226,79,163
573,221,72,167
568,222,72,168
563,223,72,169
558,224,72,170
553,225,72,171
548,226,72,172
543,227,72,173
538,228,72,174
533,229,72,175
528,230,72,176
523,231,72,177
518,232,72,178
513,233,72,179
508,234,72,180
503,235,72,181
499,235,79,181
496,236,79,182
493,237,79,183
490,238,79,184
487,239,79,185
484,240,79,186
481,241,79,187
478,242,79,188
475,243,79,189
472,244,79,190
469,245,79,191
466,246,79,192
463,247,79,193
460,248,79,194
457,249,79,195
449,244,76,189
449,245,76,190
449,246,76,191
449,247,76,192
449,248,76,193
449,249,76,194
449,250,76,195
449,251,76,196
449,252,76,197
449,253,76,198
449,254,76,199
449,255,76,200
449,256,76,201
449,257,76,202
449,258,76,203
453,252,74,204
457,251,75,206
461,250,76,208
465,249,77,210
469,248,78,212
473,247,79,214
477,246,80,216
481,245,81,218
485,244,82,220
489,243,83,222
493,242,84,224
497,241,85,226
501,240,86,228
505,239,87,230
509,238,88,232
506,243,88,230
513,242,89,232
520,241,90,234
527,240,91,236
534,239,92,238
541,238,93,240
548,237,94,242
555,236,95,244
562,235,96,246
569,234,97,248
576,233,98,250
583,232,99,252
590,231,100,254
597,230,101,256
604,229,102,258
611,233,100,256
621,234,100,255
631,235,100,254
641,236,100,253
651,237,100,252
661,238,100,251
671,239,100,250
681,240,100,249
691,241,100,248
701,242,100,247
711,243,100,246
721,244,100,245
731,245,100,244
741,246,100,243
751,247,100,242
761,247,107,237
773,245,106,239
785,243,105,241
797,241,104,243
809,239,103,245
821,237,102,247
833,235,101,249
845,233,100,251
857,231,99,253
869,229,98,255
881,227,97,257
893,225,96,259
905,223,95,261
917,221,94,263
929,219,93,265
940,223,98,266
950,222,99,265
960,221,100,264
970,220,101,263
980,219,102,262
990,218,103,261
1000,217,104,260
1010,216,105,259
1020,215,106,258
1030,214,107,257
1040,213,108,256
1050,212,109,255
1060,211,110,254
1070,210,111,253
1080,209,112,252
1092,210,113,252
1101,208,112,252
1110,206,111,252
1119,204,110,252
1128,202,109,252
1137,200,108,252
1146,198,107,252
1155,196,106,252
1164,194,105,252
1173,192,104,252
1182,190,103,252
1191,188,102,252
1200,186,101,252
1209,184,100,252
1218,182,99,252
1225,182,102,248
1231,182,101,248
1237,182,100,248
1243,182,99,248
1249,182,98,248
1255,182,97,248
1261,182,96,248
1267,182,95,248
1273,182,94,248
1279,182,93,248
1285,182,92,248
1291,182,91,248
1297,182,90,248
1303,182,89,248
1309,182,88,248
1321,176,86,249
1325,175,85,247
1329,174,84,245
1333,173,83,243
1337,172,82,241
1341,171,81,239
1345,170,80,237
1349,169,79,235
1353,168,78,233
1357,167,77,231
1361,166,76,229
1365,165,75,227
1369,164,74,225
1373,163,73,223
1377,162,72,221
1379,168,76,223
1379,168,76,222
1379,168,76,221
1379,168,76,220
1379,168,76,219
1379,168,76,218
1379,168,76,217
1379,168,76,216
1379,168,76,215
1379,168,76,214
1379,168,76,213
1379,168,76,212
1379,168,76,211
1379,168,76,210
1379,168,76,209
1385,164,73,208
1382,164,73,206
1379,164,73,204
1376,164,73,202
1373,164,73,200
1370,164,73,198
1367,164,73,196
1364,164,73,194
1361,164,73,192
1358,164,73,190
1355,164,73,188
1352,164,73,186
1349,164,73,184
1346,164,73,182
1343,164,73,180
1346,170,75,179
