746,115,133,367
760,114,137,368
774,113,141,369
788,112,145,370
802,111,149,371
816,110,153,372
830,109,157,373
844,108,161,374
858,107,165,375
872,106,169,376
886,105,173,377
900,104,177,378
914,103,181,379
928,102,185,380
942,101,189,381
960,107,200,388
977,109,201,388
994,111,202,388
1011,113,203,388
1028,115,204,388
1045,117,205,388
1062,119,206,388
1079,121,207,388
1096,123,208,388
1113,125,209,388
1130,127,210,388
1147,129,211,388
1164,131,212,388
1181,133,213,388
1198,135,214,388
1222,144,208,390
1242,146,203,388
1262,148,198,386
1282,150,193,384
1302,152,188,382
1322,154,183,380
1342,156,178,378
1362,158,173,376
1382,160,168,374
1402,162,163,372
1422,164,158,370
1442,166,153,368
1462,168,148,366
1482,170,143,364
1502,172,138,362
1527,177,133,364
1534,176,133,363
1541,175,133,362
1548,174,133,361
1555,173,133,360
1562,172,133,359
1569,171,133,358
1576,170,133,357
1583,169,133,356
1590,168,133,355
1597,167,133,354
1604,166,133,353
1611,165,133,352
1618,164,133,351
1625,163,133,350
1635,157,131,353
1638,157,130,351
1641,157,129,349
1644,157,128,347
1647,157,127,345
1650,157,126,343
1653,157,125,341
1656,157,124,339
1659,157,123,337
1662,157,122,335
1665,157,121,333
1668,157,120,331
1671,157,119,329
1674,157,118,327
1677,157,117,325
1678,152,110,321
1677,152,110,317
1676,152,110,313
1675,152,110,309
1674,152,110,305
1673,152,110,301
1672,152,110,297
1671,152,110,293
1670,152,110,289
1669,152,110,285
1668,152,110,281
1667,152,110,277
1666,152,110,273
1665,152,110,269
1664,152,110,265
1663,150,103,266
1659,149,101,265
1655,148,99,264
1651,147,97,263
1647,146,95,262
1643,145,93,261
1639,144,91,260
1635,143,89,259
1631,142,87,258
1627,141,85,257
1623,140,83,256
1619,139,81,255
1615,138,79,254
1611,137,77,253
1607,136,75,252
1601,134,78,246
1594,133,80,245
1587,132,82,244
1580,131,84,243
1573,130,86,242
1566,129,88,241
1559,128,90,240
1552,127,92,239
1545,126,94,238
1538,125,96,237
1531,124,98,236
1524,123,100,235
1517,122,102,234
1510,121,104,233
1503,120,106,232
1501,114,103,235
1492,113,104,234
1483,112,105,233
1474,111,106,232
1465,110,107,231
1456,109,108,230
1447,108,109,229
1438,107,110,228
1429,106,111,227
1420,105,112,226
1411,104,113,225
1402,103,114,224
1393,102,115,223
1384,101,116,222
1375,100,117,221
1371,105,114,218
1362,104,111,218
1353,103,108,218
1344,102,105,218
1335,101,102,218
1326,100,99,218
1317,99,96,218
1308,98,93,218
1299,97,90,218
1290,96,87,218
1281,95,84,218
1272,94,81,218
1263,93,78,218
1254,92,75,218
1245,91,72,218
1239,92,76,215
1230,90,76,215
1221,88,76,215
1212,86,76,215
1203,84,76,215
1194,82,76,215
1185,80,76,215
1176,78,76,215
1167,76,76,215
1158,74,76,215
1149,72,76,215
1140,70,76,215
1131,68,76,215
1122,66,76,215
1113,64,76,215
1099,62,78,222
1088,62,80,222
1077,62,82,222
1066,62,84,222
1055,62,86,222
1044,62,88,222
1033,62,90,222
1022,62,92,222
1011,62,94,222
1000,62,96,222
989,62,98,222
978,62,100,222
967,62,102,222
956,62,104,222
945,62,106,222
941,63,114,223
932,63,114,222
923,63,114,221
914,63,114,220
905,63,114,219
896,63,114,218
887,63,114,217
878,63,114,216
869,63,114,215
860,63,114,214
851,63,114,213
842,63,114,212
833,63,114,211
824,63,114,210
815,63,114,209
799,58,120,213
790,59,117,213
781,60,114,213
772,61,111,213
763,62,108,213
754,63,105,213
745,64,102,213
736,65,99,213
727,66,96,213
718,67,93,213
709,68,90,213
700,69,87,213
691,70,84,213
682,71,81,213
673,72,78,213
662,67,80,214
653,66,81,215
644,65,82,216
635,64,83,217
626,63,84,218
617,62,85,219
608,61,86,220
599,60,87,221
590,59,88,222
581,58,89,223
572,57,90,224
563,56,91,225
554,55,92,226
545,54,93,227
536,53,94,228
526,58,97,223
517,58,98,223
508,58,99,223
499,58,100,223
490,58,101,223
481,58,102,223
472,58,103,223
463,58,104,223
454,58,105,223
445,58,106,223
436,58,107,223
427,58,108,223
418,58,109,223
409,58,110,223
400,58,111,223
397,63,115,226
393,64,113,227
389,65,111,228
385,66,109,229
381,67,107,230
377,68,105,231
373,69,103,232
369,70,101,233
365,71,99,234
361,72,97,235
357,73,95,236
353,74,93,237
349,75,91,238
345,76,89,239
341,77,87,240
331,72,84,247
328,73,84,248
325,74,84,249
322,75,84,250
319,76,84,251
316,77,84,252
313,78,84,253
310,79,84,254
307,80,84,255
304,81,84,256
301,82,84,257
298,83,84,258
295,84,84,259
292,85,84,260
289,86,84,261
281,83,89,261
282,83,91,263
283,83,93,265
284,83,95,267
285,83,97,269
286,83,99,271
287,83,101,273
288,83,103,275
289,83,105,277
290,83,107,279
291,83,109,281
292,83,111,283
293,83,113,285
294,83,115,287
295,83,117,289
296,85,118,288
301,85,120,290
306,85,122,292
311,85,124,294
316,85,126,296
321,85,128,298
326,85,130,300
331,85,132,302
336,85,134,304
341,85,136,306
346,85,138,308
351,85,140,310
356,85,142,312
361,85,144,314
366,85,146,316
365,80,147,321
376,81,147,322
387,82,147,323
398,83,147,324
409,84,147,325
420,85,147,326
431,86,147,327
442,87,147,328
453,88,147,329
464,89,147,330
475,90,147,331
486,91,147,332
497,92,147,333
508,93,147,334
519,94,147,335
526,100,150,335
542,101,148,335
558,102,146,335
574,103,144,335
590,104,142,335
606,105,140,335
622,106,138,335
638,107,136,335
654,108,134,335
670,109,132,335
686,110,130,335
702,111,128,335
718,112,126,335
734,113,124,335
750,114,122,335
761,114,120,328
774,113,122,329
787,112,124,330
800,111,126,331
813,110,128,332
826,109,130,333
839,108,132,334
852,107,134,335
865,106,136,336
878,105,138,337
891,104,140,338
904,103,142,339
917,102,144,340
930,101,146,341
943,100,148,342
956,103,153,340
968,103,155,340
980,103,157,340
992,103,159,340
1004,103,161,340
1016,103,163,340
1028,103,165,340
1040,103,167,340
1052,103,169,340
1064,103,171,340
1076,103,173,340
1088,103,175,340
1100,103,177,340
1112,103,179,340
1124,103,181,340
1142,110,179,338
1155,111,174,336
1168,112,169,334
1181,113,164,332
1194,114,159,330
1207,115,154,328
1220,116,149,326
1233,117,144,324
1246,118,139,322
1259,119,134,320
1272,120,129,318
1285,121,124,316
1298,122,119,314
1311,123,114,312
1324,124,109,310
1333,124,108,308
1339,124,108,307
1345,124,108,306
1351,124,108,305
1357,124,108,304
1363,124,108,303
1369,124,108,302
1375,124,108,301
1381,124,108,300
1387,124,108,299
1393,124,108,298
1399,124,108,297
1405,124,108,296
1411,124,108,295
1417,124,108,294
1422,129,106,287
1426,129,105,286
1430,129,104,285
1434,129,103,284
1438,129,102,283
1442,129,101,282
1446,129,100,281
1450,129,99,280
1454,129,98,279
1458,129,97,278
1462,129,96,277
1466,129,95,276
1470,129,94,275
1474,129,93,274
1478,129,92,273
1488,125,89,268
1487,124,89,267
1486,123,89,266
1485,122,89,265
1484,121,89,264
1483,120,89,263
1482,119,89,262
1481,118,89,261
1480,117,89,260
1479,116,89,259
1478,115,89,258
1477,114,89,257
1476,113,89,256
1475,112,89,255
1474,111,89,254
1469,112,95,251
1465,111,95,250
1461,110,95,249
1457,109,95,248
1453,108,95,247
1449,107,95,246
1445,106,95,245
1441,105,95,244
1437,104,95,243
1433,103,95,242
1429,102,95,241
1425,101,95,240
1421,100,95,239
1417,99,95,238
1413,98,95,237
1416,100,90,236
1413,100,89,236
1410,100,88,236
1407,100,87,236
1404,100,86,236
1401,100,85,236
1398,100,84,236
1395,100,83,236
1392,100,82,236
1389,100,81,236
1386,100,80,236
1383,100,79,236
1380,100,78,236
1377,100,77,236
1374,100,76,236
1365,95,76,229
