680,73,77,190
671,73,79,190
662,73,81,190
653,73,83,190
644,73,85,190
635,73,87,190
626,73,89,190
617,73,91,190
608,73,93,190
599,73,95,190
590,73,97,190
581,73,99,190
572,73,101,190
563,73,103,190
554,73,105,190
543,69,103,193
535,70,102,193
527,71,101,193
519,72,100,193
511,73,99,193
503,74,98,193
495,75,97,193
487,76,96,193
479,77,95,193
471,78,94,193
463,79,93,193
455,80,92,193
447,81,91,193
439,82,90,193
431,83,89,193
430,79,91,189
423,79,89,189
416,79,87,189
409,79,85,189
402,79,83,189
395,79,81,189
388,79,79,189
381,79,77,189
374,79,75,189
367,79,73,189
360,79,71,189
353,79,69,189
346,79,67,189
339,79,65,189
332,79,63,189
326,79,60,196
319,79,61,198
312,79,62,200
305,79,63,202
298,79,64,204
291,79,65,206
284,79,66,208
277,79,67,210
270,79,68,212
263,79,69,214
256,79,70,216
249,79,71,218
242,79,72,220
235,79,73,222
228,79,74,224
215,78,81,220
208,79,81,221
201,80,81,222
194,81,81,223
187,82,81,224
180,83,81,225
173,84,81,226
166,85,81,227
159,86,81,228
152,87,81,229
145,88,81,230
138,89,81,231
131,90,81,232
124,91,81,233
117,92,81,234
115,88,83,230
110,89,83,230
105,90,83,230
100,91,83,230
95,92,83,230
90,93,83,230
85,94,83,230
80,95,83,230
75,96,83,230
70,97,83,230
65,98,83,230
60,99,83,230
55,100,83,230
50,101,83,230
45,102,83,230
43,103,81,232
41,103,81,234
39,103,81,236
37,103,81,238
35,103,81,240
33,103,81,242
31,103,81,244
29,103,81,246
27,103,81,248
25,103,81,250
23,103,81,252
21,103,81,254
19,103,81,256
17,103,81,258
15,103,81,260
19,103,83,267
21,103,85,269
23,103,87,271
25,103,89,273
27,103,91,275
29,103,93,277
31,103,95,279
33,103,97,281
35,103,99,283
37,103,101,285
39,103,103,287
41,103,105,289
43,103,107,291
45,103,109,293
47,103,111,295
43,101,110,295
49,102,111,296
55,103,112,297
61,104,113,298
67,105,114,299
73,106,115,300
79,107,116,301
85,108,117,302
91,109,118,303
97,110,119,304
103,111,120,305
109,112,121,306
115,113,122,307
121,114,123,308
127,115,124,309
130,111,121,303
141,111,119,304
152,111,117,305
163,111,115,306
174,111,113,307
185,111,111,308
196,111,109,309
207,111,107,310
218,111,105,311
229,111,103,312
240,111,101,313
251,111,99,314
262,111,97,315
273,111,95,316
284,111,93,317
291,113,97,313
300,112,101,315
309,111,105,317
318,110,109,319
327,109,113,321
336,108,117,323
345,107,121,325
354,106,125,327
363,105,129,329
372,104,133,331
381,103,137,333
390,102,141,335
399,101,145,337
408,100,149,339
417,99,153,341
420,103,163,346
433,104,163,345
446,105,163,344
459,106,163,343
472,107,163,342
485,108,163,341
498,109,163,340
511,110,163,339
524,111,163,338
537,112,163,337
550,113,163,336
563,114,163,335
576,115,163,334
589,116,163,333
602,117,163,332
621,116,156,335
636,116,154,334
651,116,152,333
666,116,150,332
681,116,148,331
696,116,146,330
711,116,144,329
726,116,142,328
741,116,140,327
756,116,138,326
771,116,136,325
786,116,134,324
801,116,132,323
816,116,130,322
831,116,128,321
848,121,132,325
860,120,130,324
872,119,128,323
884,118,126,322
896,117,124,321
908,116,122,320
920,115,120,319
932,114,118,318
944,113,116,317
956,112,114,316
968,111,112,315
980,110,110,314
992,109,108,313
1004,108,106,312
1016,107,104,311
1022,111,109,317
1031,111,110,316
1040,111,111,315
1049,111,112,314
1058,111,113,313
1067,111,114,312
1076,111,115,311
1085,111,116,310
1094,111,117,309
1103,111,118,308
1112,111,119,307
1121,111,120,306
1130,111,121,305
1139,111,122,304
1148,111,123,303
1153,111,122,297
1160,112,121,295
1167,113,120,293
1174,114,119,291
1181,115,118,289
1188,116,117,287
1195,117,116,285
1202,118,115,283
1209,119,114,281
1216,120,113,279
1223,121,112,277
1230,122,111,275
1237,123,110,273
1244,124,109,271
1251,125,108,269
1265,128,102,262
1269,128,101,261
1273,128,100,260
1277,128,99,259
1281,128,98,258
1285,128,97,257
1289,128,96,256
1293,128,95,255
1297,128,94,254
1301,128,93,253
1305,128,92,252
1309,128,91,251
1313,128,90,250
1317,128,89,249
1321,128,88,248
1325,126,93,249
1326,125,92,248
1327,124,91,247
1328,123,90,246
1329,122,89,245
1330,121,88,244
1331,120,87,243
1332,119,86,242
1333,118,85,241
1334,117,84,240
1335,116,83,239
1336,115,82,238
1337,114,81,237
1338,113,80,236
1339,112,79,235
1347,111,81,240
1343,111,82,238
1339,111,83,236
1335,111,84,234
1331,111,85,232
1327,111,86,230
1323,111,87,228
1319,111,88,226
1315,111,89,224
1311,111,90,222
1307,111,91,220
1303,111,92,218
1299,111,93,216
1295,111,94,214
1291,111,95,212
1290,109,95,214
1283,109,94,213
1276,109,93,212
1269,109,92,211
1262,109,91,210
1255,109,90,209
1248,109,89,208
1241,109,88,207
1234,109,87,206
1227,109,86,205
1220,109,85,204
1213,109,84,203
1206,109,83,202
1199,109,82,201
1192,109,81,200
1186,109,83,194
1177,107,84,195
1168,105,85,196
1159,103,86,197
1150,101,87,198
1141,99,88,199
1132,97,89,200
1123,95,90,201
1114,93,91,202
1105,91,92,203
1096,89,93,204
1087,87,94,205
1078,85,95,206
1069,83,96,207
1060,81,97,208
1055,86,91,204
1046,85,92,203
1037,84,93,202
1028,83,94,201
1019,82,95,200
1010,81,96,199
1001,80,97,198
992,79,98,197
983,78,99,196
974,77,100,195
965,76,101,194
956,75,102,193
947,74,103,192
938,73,104,191
929,72,105,190
913,78,108,192
906,78,106,192
899,78,104,192
892,78,102,192
885,78,100,192
878,78,98,192
871,78,96,192
864,78,94,192
857,78,92,192
850,78,90,192
843,78,88,192
836,78,86,192
829,78,84,192
822,78,82,192
815,78,80,192
809,79,79,193
800,79,78,193
791,79,77,193
782,79,76,193
773,79,75,193
764,79,74,193
755,79,73,193
746,79,72,193
737,79,71,193
728,79,70,193
719,79,69,193
710,79,68,193
701,79,67,193
692,79,66,193
683,79,65,193
678,73,71,194
669,73,74,194
660,73,77,194
651,73,80,194
642,73,83,194
633,73,86,194
624,73,89,194
615,73,92,194
606,73,95,194
597,73,98,194
588,73,101,194
579,73,104,194
570,73,107,194
561,73,110,194
552,73,113,194
537,68,109,197
530,69,107,197
523,70,105,197
516,71,103,197
509,72,101,197
502,73,99,197
495,74,97,197
488,75,95,197
481,76,93,197
474,77,91,197
467,78,89,197
460,79,87,197
453,80,85,197
446,81,83,197
439,82,81,197
439,76,84,197
432,76,83,198
425,76,82,199
418,76,81,200
411,76,80,201
404,76,79,202
397,76,78,203
390,76,77,204
383,76,76,205
376,76,75,206
369,76,74,207
362,76,73,208
355,76,72,209
348,76,71,210
341,76,70,211
328,76,65,210
318,76,68,211
308,76,71,212
298,76,74,213
288,76,77,214
278,76,80,215
268,76,83,216
258,76,86,217
248,76,89,218
238,76,92,219
228,76,95,220
218,76,98,221
208,76,101,222
198,76,104,223
188,76,107,224
177,81,105,225
173,82,103,225
169,83,101,225
165,84,99,225
161,85,97,225
157,86,95,225
153,87,93,225
149,88,91,225
145,89,89,225
141,90,87,225
137,91,85,225
133,92,83,225
129,93,81,225
125,94,79,225
121,95,77,225
111,98,79,228
108,98,79,229
105,98,79,230
102,98,79,231
99,98,79,232
96,98,79,233
93,98,79,234
90,98,79,235
87,98,79,236
84,98,79,237
81,98,79,238
78,98,79,239
75,98,79,240
72,98,79,241
69,98,79,242
60,104,75,242
