1098,280,90,156
1090,280,89,155
1082,280,88,154
1074,280,87,153
1066,280,86,152
1058,280,85,151
1050,280,84,150
1042,280,83,149
1034,280,82,148
1026,280,81,147
1018,280,80,146
1010,280,79,145
1002,280,78,144
994,280,77,143
986,280,76,142
977,286,71,148
970,286,71,148
963,286,71,148
956,286,71,148
949,286,71,148
942,286,71,148
935,286,71,148
928,286,71,148
921,286,71,148
914,286,71,148
907,286,71,148
900,286,71,148
893,286,71,148
886,286,71,148
879,286,71,148
872,291,77,141
864,291,77,141
856,291,77,141
848,291,77,141
840,291,77,141
832,291,77,141
824,291,77,141
816,291,77,141
808,291,77,141
800,291,77,141
792,291,77,141
784,291,77,141
776,291,77,141
768,291,77,141
760,291,77,141
751,293,71,146
744,294,70,146
737,295,69,146
730,296,68,146
723,297,67,146
716,298,66,146
709,299,65,146
702,300,64,146
695,301,63,146
688,302,62,146
681,303,61,146
674,304,60,146
667,305,59,146
660,306,58,146
653,307,57,146
640,303,55,142
633,304,56,143
626,305,57,144
619,306,58,145
612,307,59,146
605,308,60,147
598,309,61,148
591,310,62,149
584,311,63,150
577,312,64,151
570,313,65,152
563,314,66,153
556,315,67,154
549,316,68,155
542,317,69,156
532,314,64,154
526,314,64,155
520,314,64,156
514,314,64,157
508,314,64,158
502,314,64,159
496,314,64,160
490,314,64,161
484,314,64,162
478,314,64,163
472,314,64,164
466,314,64,165
460,314,64,166
454,314,64,167
448,314,64,168
439,318,64,169
435,319,64,169
431,320,64,169
427,321,64,169
423,322,64,169
419,323,64,169
415,324,64,169
411,325,64,169
407,326,64,169
403,327,64,169
399,328,64,169
395,329,64,169
391,330,64,169
387,331,64,169
383,332,64,169
373,332,67,176
372,333,67,177
371,334,67,178
370,335,67,179
369,336,67,180
368,337,67,181
367,338,67,182
366,339,67,183
365,340,67,184
364,341,67,185
363,342,67,186
362,343,67,187
361,344,67,188
360,345,67,189
359,346,67,190
363,341,66,194
367,340,67,196
371,339,68,198
375,338,69,200
379,337,70,202
383,336,71,204
387,335,72,206
391,334,73,208
395,333,74,210
399,332,75,212
403,331,76,214
407,330,77,216
411,329,78,218
415,328,79,220
419,327,80,222
430,332,84,222
439,331,83,223
448,330,82,224
457,329,81,225
466,328,80,226
475,327,79,227
484,326,78,228
493,325,77,229
502,324,76,230
511,323,75,231
520,322,74,232
529,321,73,233
538,320,72,234
547,319,71,235
556,318,70,236
568,322,73,238
579,322,74,239
590,322,75,240
601,322,76,241
612,322,77,242
623,322,78,243
634,322,79,244
645,322,80,245
656,322,81,246
667,322,82,247
678,322,83,248
689,322,84,249
700,322,85,250
711,322,86,251
722,322,87,252
726,324,88,249
738,323,89,248
750,322,90,247
762,321,91,246
774,320,92,245
786,319,93,244
798,318,94,243
810,317,95,242
822,316,96,241
834,315,97,240
846,314,98,239
858,313,99,238
870,312,100,237
882,311,101,236
894,310,102,235
912,309,107,241
924,308,106,241
936,307,105,241
948,306,104,241
960,305,103,241
972,304,102,241
984,303,101,241
996,302,100,241
1008,301,99,241
1020,300,98,241
1032,299,97,241
1044,298,96,241
1056,297,95,241
1068,296,94,241
1080,295,93,241
1094,291,85,238
1103,291,84,236
1112,291,83,234
1121,291,82,232
1130,291,81,230
1139,291,80,228
1148,291,79,226
1157,291,78,224
1166,291,77,222
1175,291,76,220
1184,291,75,218
1193,291,74,216
1202,291,73,214
1211,291,72,212
1220,291,71,210
1227,297,64,205
1231,296,65,204
1235,295,66,203
1239,294,67,202
1243,293,68,201
1247,292,69,200
1251,291,70,199
1255,290,71,198
1259,289,72,197
1263,288,73,196
1267,287,74,195
1271,286,75,194
1275,285,76,193
1279,284,77,192
1283,283,78,191
1290,286,75,190
1292,286,75,189
1294,286,75,188
1296,286,75,187
1298,286,75,186
1300,286,75,185
1302,286,75,184
1304,286,75,183
1306,286,75,182
1308,286,75,181
1310,286,75,180
1312,286,75,179
1314,286,75,178
1316,286,75,177
1318,286,75,176
1322,282,73,178
1318,282,73,176
1314,282,73,174
1310,282,73,172
1306,282,73,170
1302,282,73,168
1298,282,73,166
1294,282,73,164
1290,282,73,162
1286,282,73,160
1282,282,73,158
1278,282,73,156
1274,282,73,154
1270,282,73,152
1266,282,73,150
1260,288,71,151
1253,288,72,151
1246,288,73,151
1239,288,74,151
1232,288,75,151
1225,288,76,151
1218,288,77,151
1211,288,78,151
1204,288,79,151
1197,288,80,151
1190,288,81,151
1183,288,82,151
1176,288,83,151
1169,288,84,151
1162,288,85,151
1153,284,85,148
1145,284,85,149
1137,284,85,150
1129,284,85,151
1121,284,85,152
1113,284,85,153
1105,284,85,154
1097,284,85,155
1089,284,85,156
1081,284,85,157
1073,284,85,158
1065,284,85,159
1057,284,85,160
1049,284,85,161
1041,284,85,162
1034,280,78,156
1026,281,77,155
1018,282,76,154
1010,283,75,153
1002,284,74,152
994,285,73,151
986,286,72,150
978,287,71,149
970,288,70,148
962,289,69,147
954,290,68,146
946,291,67,145
938,292,66,144
930,293,65,143
922,294,64,142
916,291,62,139
908,291,63,139
900,291,64,139
892,291,65,139
884,291,66,139
876,291,67,139
868,291,68,139
860,291,69,139
852,291,70,139
844,291,71,139
836,291,72,139
828,291,73,139
820,291,74,139
812,291,75,139
804,291,76,139
802,291,77,145
794,291,77,146
786,291,77,147
778,291,77,148
770,291,77,149
762,291,77,150
754,291,77,151
746,291,77,152
738,291,77,153
730,291,77,154
722,291,77,155
714,291,77,156
706,291,77,157
698,291,77,158
690,291,77,159
682,297,73,156
675,298,72,156
668,299,71,156
661,300,70,156
654,301,69,156
647,302,68,156
640,303,67,156
633,304,66,156
626,305,65,156
619,306,64,156
612,307,63,156
605,308,62,156
598,309,61,156
591,310,60,156
584,311,59,156
582,311,52,153
