831,214,75,153
824,214,76,153
817,214,77,153
810,214,78,153
803,214,79,153
796,214,80,153
789,214,81,153
782,214,82,153
775,214,83,153
768,214,84,153
761,214,85,153
754,214,86,153
747,214,87,153
740,214,88,153
733,214,89,153
733,212,88,157
727,213,87,156
721,214,86,155
715,215,85,154
709,216,84,153
703,217,83,152
697,218,82,151
691,219,81,150
685,220,80,149
679,221,79,148
673,222,78,147
667,223,77,146
661,224,76,145
655,225,75,144
649,226,74,143
638,231,79,149
631,232,78,149
624,233,77,149
617,234,76,149
610,235,75,149
603,236,74,149
596,237,73,149
589,238,72,149
582,239,71,149
575,240,70,149
568,241,69,149
561,242,68,149
554,243,67,149
547,244,66,149
540,245,65,149
540,240,62,155
534,240,63,156
528,240,64,157
522,240,65,158
516,240,66,159
510,240,67,160
504,240,68,161
498,240,69,162
492,240,70,163
486,240,71,164
480,240,72,165
474,240,73,166
468,240,74,167
462,240,75,168
456,240,76,169
448,247,75,164
442,248,75,165
436,249,75,166
430,250,75,167
424,251,75,168
418,252,75,169
412,253,75,170
406,254,75,171
400,255,75,172
394,256,75,173
388,257,75,174
382,258,75,175
376,259,75,176
370,260,75,177
364,261,75,178
364,259,75,177
359,260,74,177
354,261,73,177
349,262,72,177
344,263,71,177
339,264,70,177
334,265,69,177
329,266,68,177
324,267,67,177
319,268,66,177
314,269,65,177
309,270,64,177
304,271,63,177
299,272,62,177
294,273,61,177
290,275,66,178
286,275,66,179
282,275,66,180
278,275,66,181
274,275,66,182
270,275,66,183
266,275,66,184
262,275,66,185
258,275,66,186
254,275,66,187
250,275,66,188
246,275,66,189
242,275,66,190
238,275,66,191
234,275,66,192
236,281,64,194
235,281,64,196
234,281,64,198
233,281,64,200
232,281,64,202
231,281,64,204
230,281,64,206
229,281,64,208
228,281,64,210
227,281,64,212
226,281,64,214
225,281,64,216
224,281,64,218
223,281,64,220
222,281,64,222
225,284,64,217
227,284,64,217
229,284,64,217
231,284,64,217
233,284,64,217
235,284,64,217
237,284,64,217
239,284,64,217
241,284,64,217
243,284,64,217
245,284,64,217
247,284,64,217
249,284,64,217
251,284,64,217
253,284,64,217
257,289,68,224
263,288,68,225
269,287,68,226
275,286,68,227
281,285,68,228
287,284,68,229
293,283,68,230
299,282,68,231
305,281,68,232
311,280,68,233
317,279,68,234
323,278,68,235
329,277,68,236
335,276,68,237
341,275,68,238
342,281,68,240
349,280,71,241
356,279,74,242
363,278,77,243
370,277,80,244
377,276,83,245
384,275,86,246
391,274,89,247
398,273,92,248
405,272,95,249
412,271,98,250
419,270,101,251
426,269,104,252
433,268,107,253
440,267,110,254
444,261,108,262
452,261,109,262
460,261,110,262
468,261,111,262
476,261,112,262
484,261,113,262
492,261,114,262
500,261,115,262
508,261,116,262
516,261,117,262
524,261,118,262
532,261,119,262
540,261,120,262
548,261,121,262
556,261,122,262
570,258,130,266
582,257,127,266
594,256,124,266
606,255,121,266
618,254,118,266
630,253,115,266
642,252,112,266
654,251,109,266
666,250,106,266
678,249,103,266
690,248,100,266
702,247,97,266
714,246,94,266
726,245,91,266
738,244,88,266
753,245,92,268
763,243,92,268
773,241,92,268
783,239,92,268
793,237,92,268
803,235,92,268
813,233,92,268
823,231,92,268
833,229,92,268
843,227,92,268
853,225,92,268
863,223,92,268
873,221,92,268
883,219,92,268
893,217,92,268
903,219,95,273
911,218,97,272
919,217,99,271
927,216,101,270
935,215,103,269
943,214,105,268
951,213,107,267
959,212,109,266
967,211,111,265
975,210,113,264
983,209,115,263
991,208,117,262
999,207,119,261
1007,206,121,260
1015,205,123,259
1027,205,118,260
1035,205,116,258
1043,205,114,256
1051,205,112,254
1059,205,110,252
1067,205,108,250
1075,205,106,248
1083,205,104,246
1091,205,102,244
1099,205,100,242
1107,205,98,240
1115,205,96,238
1123,205,94,236
1131,205,92,234
1139,205,90,232
1146,200,86,228
1151,200,86,227
1156,200,86,226
1161,200,86,225
1166,200,86,224
1171,200,86,223
1176,200,86,222
1181,200,86,221
1186,200,86,220
1191,200,86,219
1196,200,86,218
1201,200,86,217
1206,200,86,216
1211,200,86,215
1216,200,86,214
1221,200,83,208
1224,199,83,208
1227,198,83,208
1230,197,83,208
1233,196,83,208
1236,195,83,208
1239,194,83,208
1242,193,83,208
1245,192,83,208
1248,191,83,208
1251,190,83,208
1254,189,83,208
1257,188,83,208
1260,187,83,208
1263,186,83,208
1270,188,86,204
1270,188,86,202
1270,188,86,200
1270,188,86,198
1270,188,86,196
1270,188,86,194
1270,188,86,192
1270,188,86,190
1270,188,86,188
1270,188,86,186
1270,188,86,184
1270,188,86,182
1270,188,86,180
1270,188,86,178
1270,188,86,176
1270,186,89,181
1266,186,89,180
1262,186,89,179
1258,186,89,178
1254,186,89,177
1250,186,89,176
1246,186,89,175
1242,186,89,174
1238,186,89,173
1234,186,89,172
1230,186,89,171
1226,186,89,170
1222,186,89,169
1218,186,89,168
1214,186,89,167
1216,191,84,162
1210,191,84,162
1204,191,84,162
1198,191,84,162
1192,191,84,162
1186,191,84,162
1180,191,84,162
1174,191,84,162
1168,191,84,162
1162,191,84,162
1156,191,84,162
1150,191,84,162
1144,191,84,162
1138,191,84,162
1132,191,84,162
1131,189,91,167
1124,189,92,167
1117,189,93,167
1110,189,94,167
1103,189,95,167
1096,189,96,167
1089,189,97,167
1082,189,98,167
1075,189,99,167
1068,189,100,167
1061,189,101,167
1054,189,102,167
1047,189,103,167
1040,189,104,167
1033,189,105,167
1023,191,100,164
1017,192,98,163
1011,193,96,162
1005,194,94,161
999,195,92,160
993,196,90,159
987,197,88,158
981,198,86,157
975,199,84,156
969,200,82,155
963,201,80,154
957,202,78,153
951,203,76,152
945,204,74,151
939,205,72,150
931,205,75,153
924,205,75,153
917,205,75,153
910,205,75,153
903,205,75,153
896,205,75,153
889,205,75,153
882,205,75,153
875,205,75,153
868,205,75,153
861,205,75,153
854,205,75,153
847,205,75,153
840,205,75,153
833,205,75,153
831,208,73,159
825,208,74,159
819,208,75,159
813,208,76,159
807,208,77,159
801,208,78,159
795,208,79,159
789,208,80,159
783,208,81,159
777,208,82,159
771,208,83,159
765,208,84,159
759,208,85,159
753,208,86,159
747,208,87,159
735,211,82,163
729,212,82,163
723,213,82,163
717,214,82,163
711,215,82,163
705,216,82,163
699,217,82,163
693,218,82,163
687,219,82,163
681,220,82,163
675,221,82,163
669,222,82,163
663,223,82,163
657,224,82,163
651,225,82,163
638,223,83,161
632,224,82,161
626,225,81,161
620,226,80,161
614,227,79,161
608,228,78,161
602,229,77,161
596,230,76,161
590,231,75,161
584,232,74,161
578,233,73,161
572,234,72,161
566,235,71,161
560,236,70,161
554,237,69,161
544,240,62,157
538,240,62,158
532,240,62,159
526,240,62,160
520,240,62,161
514,240,62,162
508,240,62,163
502,240,62,164
496,240,62,165
490,240,62,166
484,240,62,167
478,240,62,168
472,240,62,169
466,240,62,170
460,240,62,171
453,245,64,171
447,246,65,171
441,247,66,171
435,248,67,171
429,249,68,171
423,250,69,171
417,251,70,171
411,252,71,171
405,253,72,171
399,254,73,171
393,255,74,171
387,256,75,171
381,257,76,171
375,258,77,171
369,259,78,171
366,259,73,175
361,260,72,175
356,261,71,175
351,262,70,175
346,263,69,175
341,264,68,175
336,265,67,175
331,266,66,175
326,267,65,175
321,268,64,175
316,269,63,175
311,270,62,175
306,271,61,175
301,272,60,175
296,273,59,175
296,276,58,182
