820,205,83,167
813,206,81,166
806,207,79,165
799,208,77,164
792,209,75,163
785,210,73,162
778,211,71,161
771,212,69,160
764,213,67,159
757,214,65,158
750,215,63,157
743,216,61,156
736,217,59,155
729,218,57,154
722,219,55,153
712,221,60,154
705,221,61,155
698,221,62,156
691,221,63,157
684,221,64,158
677,221,65,159
670,221,66,160
663,221,67,161
656,221,68,162
649,221,69,163
642,221,70,164
635,221,71,165
628,221,72,166
621,221,73,167
614,221,74,168
605,221,78,172
598,222,78,172
591,223,78,172
584,224,78,172
577,225,78,172
570,226,78,172
563,227,78,172
556,228,78,172
549,229,78,172
542,230,78,172
535,231,78,172
528,232,78,172
521,233,78,172
514,234,78,172
507,235,78,172
503,239,83,165
496,240,81,165
489,241,79,165
482,242,77,165
475,243,75,165
468,244,73,165
461,245,71,165
454,246,69,165
447,247,67,165
440,248,65,165
433,249,63,165
426,250,61,165
419,251,59,165
412,252,57,165
405,253,55,165
404,260,60,162
398,260,60,163
392,260,60,164
386,260,60,165
380,260,60,166
374,260,60,167
368,260,60,168
362,260,60,169
356,260,60,170
350,260,60,171
344,260,60,172
338,260,60,173
332,260,60,174
326,260,60,175
320,260,60,176
311,265,58,183
306,266,59,184
301,267,60,185
296,268,61,186
291,269,62,187
286,270,63,188
281,271,64,189
276,272,65,190
271,273,66,191
266,274,67,192
261,275,68,193
256,276,69,194
251,277,70,195
246,278,71,196
241,279,72,197
234,277,66,195
233,278,66,195
232,279,66,195
231,280,66,195
230,281,66,195
229,282,66,195
228,283,66,195
227,284,66,195
226,285,66,195
225,286,66,195
224,287,66,195
223,288,66,195
222,289,66,195
221,290,66,195
220,291,66,195
216,291,71,202
218,290,71,204
220,289,71,206
222,288,71,208
224,287,71,210
226,286,71,212
228,285,71,214
230,284,71,216
232,283,71,218
234,282,71,220
236,281,71,222
238,280,71,224
240,279,71,226
242,278,71,228
244,277,71,230
252,281,64,228
258,280,65,229
264,279,66,230
270,278,67,231
276,277,68,232
282,276,69,233
288,275,70,234
294,274,71,235
300,273,72,236
306,272,73,237
312,271,74,238
318,270,75,239
324,269,76,240
330,268,77,241
336,267,78,242
338,268,82,248
345,268,84,249
352,268,86,250
359,268,88,251
366,268,90,252
373,268,92,253
380,268,94,254
387,268,96,255
394,268,98,256
401,268,100,257
408,268,102,258
415,268,104,259
422,268,106,260
429,268,108,261
436,268,110,262
447,264,112,260
459,264,110,260
471,264,108,260
483,264,106,260
495,264,104,260
507,264,102,260
519,264,100,260
531,264,98,260
543,264,96,260
555,264,94,260
567,264,92,260
579,264,90,260
591,264,88,260
603,264,86,260
615,264,84,260
632,257,78,267
642,256,80,268
652,255,82,269
662,254,84,270
672,253,86,271
682,252,88,272
692,251,90,273
702,250,92,274
712,249,94,275
722,248,96,276
732,247,98,277
742,246,100,278
752,245,102,279
762,244,104,280
772,243,106,281
780,236,111,281
790,235,112,279
800,234,113,277
810,233,114,275
820,232,115,273
830,231,116,271
840,230,117,269
850,229,118,267
860,228,119,265
870,227,120,263
880,226,121,261
890,225,122,259
900,224,123,257
910,223,124,255
920,222,125,253
929,221,119,258
939,221,117,256
949,221,115,254
959,221,113,252
969,221,111,250
979,221,109,248
989,221,107,246
999,221,105,244
1009,221,103,242
1019,221,101,240
1029,221,99,238
1039,221,97,236
1049,221,95,234
1059,221,93,232
1069,221,91,230
1072,217,96,229
1081,216,94,229
1090,215,92,229
1099,214,90,229
1108,213,88,229
1117,212,86,229
1126,211,84,229
1135,210,82,229
1144,209,80,229
1153,208,78,229
1162,207,76,229
1171,206,74,229
1180,205,72,229
1189,204,70,229
1198,203,68,229
1212,197,62,223
1216,196,63,223
1220,195,64,223
1224,194,65,223
1228,193,66,223
1232,192,67,223
1236,191,68,223
1240,190,69,223
1244,189,70,223
1248,188,71,223
1252,187,72,223
1256,186,73,223
1260,185,74,223
1264,184,75,223
1268,183,76,223
1277,181,81,218
1280,181,81,216
1283,181,81,214
1286,181,81,212
1289,181,81,210
1292,181,81,208
1295,181,81,206
1298,181,81,204
1301,181,81,202
1304,181,81,200
1307,181,81,198
1310,181,81,196
1313,181,81,194
1316,181,81,192
1319,181,81,190
1327,183,79,192
1326,183,80,191
1325,183,81,190
1324,183,82,189
1323,183,83,188
1322,183,84,187
1321,183,85,186
1320,183,86,185
1319,183,87,184
1318,183,88,183
1317,183,89,182
1316,183,90,181
1315,183,91,180
1314,183,92,179
1313,183,93,178
1305,186,96,171
1301,186,95,171
1297,186,94,171
1293,186,93,171
1289,186,92,171
1285,186,91,171
1281,186,90,171
1277,186,89,171
1273,186,88,171
1269,186,87,171
1265,186,86,171
1261,186,85,171
1257,186,84,171
1253,186,83,171
1249,186,82,171
1244,181,87,168
1237,181,88,168
1230,181,89,168
1223,181,90,168
1216,181,91,168
1209,181,92,168
1202,181,93,168
1195,181,94,168
1188,181,95,168
1181,181,96,168
1174,181,97,168
1167,181,98,168
1160,181,99,168
1153,181,100,168
1146,181,101,168
1140,184,102,168
1134,185,101,168
1128,186,100,168
1122,187,99,168
1116,188,98,168
1110,189,97,168
1104,190,96,168
1098,191,95,168
1092,192,94,168
1086,193,93,168
1080,194,92,168
1074,195,91,168
1068,196,90,168
1062,197,89,168
1056,198,88,168
1044,192,83,162
1037,192,82,162
1030,192,81,162
1023,192,80,162
1016,192,79,162
1009,192,78,162
1002,192,77,162
995,192,76,162
988,192,75,162
981,192,74,162
974,192,73,162
967,192,72,162
960,192,71,162
953,192,70,162
946,192,69,162
940,194,67,163
933,194,68,163
926,194,69,163
919,194,70,163
912,194,71,163
905,194,72,163
898,194,73,163
891,194,74,163
884,194,75,163
877,194,76,163
870,194,77,163
863,194,78,163
856,194,79,163
849,194,80,163
842,194,81,163
840,200,85,157
833,201,85,156
826,202,85,155
819,203,85,154
812,204,85,153
805,205,85,152
798,206,85,151
791,207,85,150
784,208,85,149
777,209,85,148
770,210,85,147
763,211,85,146
756,212,85,145
749,213,85,144
742,214,85,143
737,215,87,148
730,216,85,148
723,217,83,148
716,218,81,148
709,219,79,148
702,220,77,148
695,221,75,148
688,222,73,148
681,223,71,148
674,224,69,148
667,225,67,148
660,226,65,148
653,227,63,148
646,228,61,148
639,229,59,148
639,223,62,153
633,224,62,153
627,225,62,153
621,226,62,153
615,227,62,153
609,228,62,153
603,229,62,153
597,230,62,153
591,231,62,153
585,232,62,153
579,233,62,153
573,234,62,153
567,235,62,153
561,236,62,153
555,237,62,153
546,234,63,152
540,235,63,153
534,236,63,154
528,237,63,155
522,238,63,156
516,239,63,157
510,240,63,158
504,241,63,159
498,242,63,160
492,243,63,161
486,244,63,162
480,245,63,163
474,246,63,164
468,247,63,165
462,248,63,166
454,243,68,169
449,244,68,169
444,245,68,169
439,246,68,169
434,247,68,169
429,248,68,169
424,249,68,169
419,250,68,169
414,251,68,169
409,252,68,169
404,253,68,169
399,254,68,169
394,255,68,169
389,256,68,169
384,257,68,169
377,264,64,169
373,265,64,170
369,266,64,171
365,267,64,172
361,268,64,173
357,269,64,174
353,270,64,175
349,271,64,176
345,272,64,177
341,273,64,178
337,274,64,179
333,275,64,180
329,276,64,181
325,277,64,182
321,278,64,183
322,273,60,178
320,273,61,179
318,273,62,180
316,273,63,181
314,273,64,182
312,273,65,183
310,273,66,184
308,273,67,185
306,273,68,186
304,273,69,187
302,273,70,188
300,273,71,189
298,273,72,190
296,273,73,191
294,273,74,192
291,275,71,197
