921,285,55,141
913,286,55,142
905,287,55,143
897,288,55,144
889,289,55,145
881,290,55,146
873,291,55,147
865,292,55,148
857,293,55,149
849,294,55,150
841,295,55,151
833,296,55,152
825,297,55,153
817,298,55,154
809,299,55,155
799,294,50,149
791,294,51,149
783,294,52,149
775,294,53,149
767,294,54,149
759,294,55,149
751,294,56,149
743,294,57,149
735,294,58,149
727,294,59,149
719,294,60,149
711,294,61,149
703,294,62,149
695,294,63,149
687,294,64,149
677,301,59,144
669,301,59,145
661,301,59,146
653,301,59,147
645,301,59,148
637,301,59,149
629,301,59,150
621,301,59,151
613,301,59,152
605,301,59,153
597,301,59,154
589,301,59,155
581,301,59,156
573,301,59,157
565,301,59,158
558,306,60,154
550,307,60,155
542,308,60,156
534,309,60,157
526,310,60,158
518,311,60,159
510,312,60,160
502,313,60,161
494,314,60,162
486,315,60,163
478,316,60,164
470,317,60,165
462,318,60,166
454,319,60,167
446,320,60,168
445,317,61,162
440,318,61,162
435,319,61,162
430,320,61,162
425,321,61,162
420,322,61,162
415,323,61,162
410,324,61,162
405,325,61,162
400,326,61,162
395,327,61,162
390,328,61,162
385,329,61,162
380,330,61,162
375,331,61,162
369,330,63,166
369,330,64,167
369,330,65,168
369,330,66,169
369,330,67,170
369,330,68,171
369,330,69,172
369,330,70,173
369,330,71,174
369,330,72,175
369,330,73,176
369,330,74,177
369,330,75,178
369,330,76,179
369,330,77,180
364,328,73,177
369,328,73,179
374,328,73,181
379,328,73,183
384,328,73,185
389,328,73,187
394,328,73,189
399,328,73,191
404,328,73,193
409,328,73,195
414,328,73,197
419,328,73,199
424,328,73,201
429,328,73,203
434,328,73,205
445,330,66,203
455,330,67,204
465,330,68,205
475,330,69,206
485,330,70,207
495,330,71,208
505,330,72,209
515,330,73,210
525,330,74,211
535,330,75,212
545,330,76,213
555,330,77,214
565,330,78,215
575,330,79,216
585,330,80,217
588,324,75,225
600,323,76,225
612,322,77,225
624,321,78,225
636,320,79,225
648,319,80,225
660,318,81,225
672,317,82,225
684,316,83,225
696,315,84,225
708,314,85,225
720,313,86,225
732,312,87,225
744,311,88,225
756,310,89,225
774,312,87,223
788,312,86,223
802,312,85,223
816,312,84,223
830,312,83,223
844,312,82,223
858,312,81,223
872,312,80,223
886,312,79,223
900,312,78,223
914,312,77,223
928,312,76,223
942,312,75,223
956,312,74,223
970,312,73,223
984,314,67,222
996,313,67,222
1008,312,67,222
1020,311,67,222
1032,310,67,222
1044,309,67,222
1056,308,67,222
1068,307,67,222
1080,306,67,222
1092,305,67,222
1104,304,67,222
1116,303,67,222
1128,302,67,222
1140,301,67,222
1152,300,67,222
1159,294,63,224
1167,293,64,222
1175,292,65,220
1183,291,66,218
1191,290,67,216
1199,289,68,214
1207,288,69,212
1215,287,70,210
1223,286,71,208
1231,285,72,206
1239,284,73,204
1247,283,74,202
1255,282,75,200
1263,281,76,198
1271,280,77,196
1272,276,77,197
1278,277,77,196
1284,278,77,195
1290,279,77,194
1296,280,77,193
1302,281,77,192
1308,282,77,191
1314,283,77,190
1320,284,77,189
1326,285,77,188
1332,286,77,187
1338,287,77,186
1344,288,77,185
1350,289,77,184
1356,290,77,183
1357,285,76,180
1357,285,76,178
1357,285,76,176
1357,285,76,174
1357,285,76,172
1357,285,76,170
1357,285,76,168
1357,285,76,166
1357,285,76,164
1357,285,76,162
1357,285,76,160
1357,285,76,158
1357,285,76,156
1357,285,76,154
1357,285,76,152
1361,281,72,153
1356,281,72,152
1351,281,72,151
1346,281,72,150
1341,281,72,149
1336,281,72,148
1331,281,72,147
1326,281,72,146
1321,281,72,145
1316,281,72,144
1311,281,72,143
1306,281,72,142
1301,281,72,141
1296,281,72,140
1291,281,72,139
1281,280,79,137
1273,280,77,138
1265,280,75,139
1257,280,73,140
1249,280,71,141
1241,280,69,142
1233,280,67,143
1225,280,65,144
1217,280,63,145
1209,280,61,146
1201,280,59,147
1193,280,57,148
1185,280,55,149
1177,280,53,150
1169,280,51,151
1159,280,54,152
1151,280,54,150
1143,280,54,148
1135,280,54,146
1127,280,54,144
1119,280,54,142
1111,280,54,140
1103,280,54,138
1095,280,54,136
1087,280,54,134
1079,280,54,132
1071,280,54,130
1063,280,54,128
1055,280,54,126
1047,280,54,124
1046,285,59,129
1038,285,59,129
1030,285,59,129
1022,285,59,129
1014,285,59,129
1006,285,59,129
998,285,59,129
990,285,59,129
982,285,59,129
974,285,59,129
966,285,59,129
958,285,59,129
950,285,59,129
942,285,59,129
934,285,59,129
926,291,54,133
918,291,53,133
910,291,52,133
902,291,51,133
894,291,50,133
886,291,49,133
878,291,48,133
870,291,47,133
862,291,46,133
854,291,45,133
846,291,44,133
838,291,43,133
830,291,42,133
822,291,41,133
814,291,40,133
811,296,43,138
803,296,44,138
795,296,45,138
787,296,46,138
779,296,47,138
771,296,48,138
763,296,49,138
755,296,50,138
747,296,51,138
739,296,52,138
731,296,53,138
723,296,54,138
715,296,55,138
707,296,56,138
699,296,57,138
687,298,58,139
681,298,58,140
675,298,58,141
669,298,58,142
663,298,58,143
657,298,58,144
651,298,58,145
645,298,58,146
639,298,58,147
633,298,58,148
627,298,58,149
621,298,58,150
615,298,58,151
609,298,58,152
603,298,58,153
592,302,54,155
586,303,54,155
580,304,54,155
574,305,54,155
568,306,54,155
562,307,54,155
556,308,54,155
550,309,54,155
544,310,54,155
538,311,54,155
532,312,54,155
526,313,54,155
520,314,54,155
514,315,54,155
508,316,54,155
500,320,52,156
496,320,53,157
492,320,54,158
488,320,55,159
484,320,56,160
480,320,57,161
476,320,58,162
472,320,59,163
468,320,60,164
464,320,61,165
460,320,62,166
456,320,63,167
452,320,64,168
448,320,65,169
444,320,66,170
440,322,64,165
