702,65,86,209
692,66,85,208
682,67,84,207
672,68,83,206
662,69,82,205
652,70,81,204
642,71,80,203
632,72,79,202
622,73,78,201
612,74,77,200
602,75,76,199
592,76,75,198
582,77,74,197
572,78,73,196
562,79,72,195
545,76,68,192
536,76,68,192
527,76,68,192
518,76,68,192
509,76,68,192
500,76,68,192
491,76,68,192
482,76,68,192
473,76,68,192
464,76,68,192
455,76,68,192
446,76,68,192
437,76,68,192
428,76,68,192
419,76,68,192
411,78,68,196
402,78,69,197
393,78,70,198
384,78,71,199
375,78,72,200
366,78,73,201
357,78,74,202
348,78,75,203
339,78,76,204
330,78,77,205
321,78,78,206
312,78,79,207
303,78,80,208
294,78,81,209
285,78,82,210
277,74,90,216
269,75,90,216
261,76,90,216
253,77,90,216
245,78,90,216
237,79,90,216
229,80,90,216
221,81,90,216
213,82,90,216
205,83,90,216
197,84,90,216
189,85,90,216
181,86,90,216
173,87,90,216
165,88,90,216
158,89,88,222
152,90,87,223
146,91,86,224
140,92,85,225
134,93,84,226
128,94,83,227
122,95,82,228
116,96,81,229
110,97,80,230
104,98,79,231
98,99,78,232
92,100,77,233
86,101,76,234
80,102,75,235
74,103,74,236
67,99,79,231
64,99,79,233
61,99,79,235
58,99,79,237
55,99,79,239
52,99,79,241
49,99,79,243
46,99,79,245
43,99,79,247
40,99,79,249
37,99,79,251
34,99,79,253
31,99,79,255
28,99,79,257
25,99,79,259
24,101,83,264
25,101,83,265
26,101,83,266
27,101,83,267
28,101,83,268
29,101,83,269
30,101,83,270
31,101,83,271
32,101,83,272
33,101,83,273
34,101,83,274
35,101,83,275
36,101,83,276
37,101,83,277
38,101,83,278
37,108,90,284
42,108,91,284
47,108,92,284
52,108,93,284
57,108,94,284
62,108,95,284
67,108,96,284
72,108,97,284
77,108,98,284
82,108,99,284
87,108,100,284
92,108,101,284
97,108,102,284
102,108,103,284
107,108,104,284
119,115,111,291
128,114,111,293
137,113,111,295
146,112,111,297
155,111,111,299
164,110,111,301
173,109,111,303
182,108,111,305
191,107,111,307
200,106,111,309
209,105,111,311
218,104,111,313
227,103,111,315
236,102,111,317
245,101,111,319
260,106,117,315
275,107,118,317
290,108,119,319
305,109,120,321
320,110,121,323
335,111,122,325
350,112,123,327
365,113,124,329
380,114,125,331
395,115,126,333
410,116,127,335
425,117,128,337
440,118,129,339
455,119,130,341
470,120,131,343
478,115,126,342
494,116,125,341
510,117,124,340
526,118,123,339
542,119,122,338
558,120,121,337
574,121,120,336
590,122,119,335
606,123,118,334
622,124,117,333
638,125,116,332
654,126,115,331
670,127,114,330
686,128,113,329
702,129,112,328
713,125,112,334
726,124,113,334
739,123,114,334
752,122,115,334
765,121,116,334
778,120,117,334
791,119,118,334
804,118,119,334
817,117,120,334
830,116,121,334
843,115,122,334
856,114,123,334
869,113,124,334
882,112,125,334
895,111,126,334
903,112,124,332
916,113,124,329
929,114,124,326
942,115,124,323
955,116,124,320
968,117,124,317
981,118,124,314
994,119,124,311
1007,120,124,308
1020,121,124,305
1033,122,124,302
1046,123,124,299
1059,124,124,296
1072,125,124,293
1085,126,124,290
1102,127,128,285
1112,127,126,284
1122,127,124,283
1132,127,122,282
1142,127,120,281
1152,127,118,280
1162,127,116,279
1172,127,114,278
1182,127,112,277
1192,127,110,276
1202,127,108,275
1212,127,106,274
1222,127,104,273
1232,127,102,272
1242,127,100,271
1258,121,95,276
1264,120,95,276
1270,119,95,276
1276,118,95,276
1282,117,95,276
1288,116,95,276
1294,115,95,276
1300,114,95,276
1306,113,95,276
1312,112,95,276
1318,111,95,276
1324,110,95,276
1330,109,95,276
1336,108,95,276
1342,107,95,276
1355,112,91,272
1358,113,91,270
1361,114,91,268
1364,115,91,266
1367,116,91,264
1370,117,91,262
1373,118,91,260
1376,119,91,258
1379,120,91,256
1382,121,91,254
1385,122,91,252
1388,123,91,250
1391,124,91,248
1394,125,91,246
1397,126,91,244
1402,123,86,239
1400,123,87,237
1398,123,88,235
1396,123,89,233
1394,123,90,231
1392,123,91,229
1390,123,92,227
1388,123,93,225
1386,123,94,223
1384,123,95,221
1382,123,96,219
1380,123,97,217
1378,123,98,215
1376,123,99,213
1374,123,100,211
1378,125,96,212
1372,123,96,212
1366,121,96,212
1360,119,96,212
1354,117,96,212
1348,115,96,212
1342,113,96,212
1336,111,96,212
1330,109,96,212
1324,107,96,212
1318,105,96,212
1312,103,96,212
1306,101,96,212
1300,99,96,212
1294,97,96,212
1294,102,92,213
1285,101,93,212
1276,100,94,211
1267,99,95,210
1258,98,96,209
1249,97,97,208
1240,96,98,207
1231,95,99,206
1222,94,100,205
1213,93,101,204
1204,92,102,203
1195,91,103,202
1186,90,104,201
1177,89,105,200
1168,88,106,199
1162,89,109,205
1154,89,107,204
1146,89,105,203
1138,89,103,202
1130,89,101,201
1122,89,99,200
1114,89,97,199
1106,89,95,198
1098,89,93,197
1090,89,91,196
1082,89,89,195
1074,89,87,194
1066,89,85,193
1058,89,83,192
1050,89,81,191
1042,86,83,195
1034,85,82,196
1026,84,81,197
1018,83,80,198
1010,82,79,199
1002,81,78,200
994,80,77,201
986,79,76,202
978,78,75,203
970,77,74,204
962,76,73,205
954,75,72,206
946,74,71,207
938,73,70,208
930,72,69,209
918,71,64,206
907,71,66,205
896,71,68,204
885,71,70,203
874,71,72,202
863,71,74,201
852,71,76,200
841,71,78,199
830,71,80,198
819,71,82,197
808,71,84,196
797,71,86,195
786,71,88,194
775,71,90,193
764,71,92,192
754,69,98,192
746,69,96,191
738,69,94,190
730,69,92,189
722,69,90,188
714,69,88,187
706,69,86,186
698,69,84,185
690,69,82,184
682,69,80,183
674,69,78,182
666,69,76,181
658,69,74,180
650,69,72,179
642,69,70,178
635,76,71,181
626,75,72,182
617,74,73,183
608,73,74,184
599,72,75,185
590,71,76,186
581,70,77,187
572,69,78,188
563,68,79,189
554,67,80,190
545,66,81,191
536,65,82,192
527,64,83,193
518,63,84,194
509,62,85,195
500,65,80,196
491,66,80,196
482,67,80,196
473,68,80,196
464,69,80,196
455,70,80,196
446,71,80,196
437,72,80,196
428,73,80,196
419,74,80,196
410,75,80,196
401,76,80,196
392,77,80,196
383,78,80,196
374,79,80,196
366,76,76,194
359,76,76,194
352,76,76,194
345,76,76,194
338,76,76,194
331,76,76,194
324,76,76,194
317,76,76,194
310,76,76,194
303,76,76,194
296,76,76,194
289,76,76,194
282,76,76,194
275,76,76,194
268,76,76,194
256,82,70,201
249,82,72,203
242,82,74,205
235,82,76,207
228,82,78,209
221,82,80,211
214,82,82,213
207,82,84,215
200,82,86,217
193,82,88,219
186,82,90,221
179,82,92,223
172,82,94,225
165,82,96,227
158,82,98,229
150,89,96,230
147,90,95,231
144,91,94,232
141,92,93,233
138,93,92,234
135,94,91,235
132,95,90,236
129,96,89,237
126,97,88,238
123,98,87,239
120,99,86,240
117,100,85,241
114,101,84,242
111,102,83,243
108,103,82,244
111,106,81,239
112,106,82,241
113,106,83,243
114,106,84,245
115,106,85,247
116,106,86,249
117,106,87,251
118,106,88,253
119,106,89,255
120,106,90,257
121,106,91,259
122,106,92,261
123,106,93,263
124,106,94,265
125,106,95,267
130,108,92,263
133,108,94,265
136,108,96,267
139,108,98,269
142,108,100,271
145,108,102,273
148,108,104,275
151,108,106,277
154,108,108,279
157,108,110,281
160,108,112,283
163,108,114,285
166,108,116,287
169,108,118,289
172,108,120,291
178,101,126,289
