890,206,49,125
884,206,49,125
878,206,49,125
872,206,49,125
866,206,49,125
860,206,49,125
854,206,49,125
848,206,49,125
842,206,49,125
836,206,49,125
830,206,49,125
824,206,49,125
818,206,49,125
812,206,49,125
806,206,49,125
800,199,49,132
793,199,49,133
786,199,49,134
779,199,49,135
772,199,49,136
765,199,49,137
758,199,49,138
751,199,49,139
744,199,49,140
737,199,49,141
730,199,49,142
723,199,49,143
716,199,49,144
709,199,49,145
702,199,49,146
699,206,52,144
693,207,52,143
687,208,52,142
681,209,52,141
675,210,52,140
669,211,52,139
663,212,52,138
657,213,52,137
651,214,52,136
645,215,52,135
639,216,52,134
633,217,52,133
627,218,52,132
621,219,52,131
615,220,52,130
612,219,47,131
606,219,47,131
600,219,47,131
594,219,47,131
588,219,47,131
582,219,47,131
576,219,47,131
570,219,47,131
564,219,47,131
558,219,47,131
552,219,47,131
546,219,47,131
540,219,47,131
534,219,47,131
528,219,47,131
520,219,51,131
514,219,51,132
508,219,51,133
502,219,51,134
496,219,51,135
490,219,51,136
484,219,51,137
478,219,51,138
472,219,51,139
466,219,51,140
460,219,51,141
454,219,51,142
448,219,51,143
442,219,51,144
436,219,51,145
429,219,49,142
424,220,50,142
419,221,51,142
414,222,52,142
409,223,53,142
404,224,54,142
399,225,55,142
394,226,56,142
389,227,57,142
384,228,58,142
379,229,59,142
374,230,60,142
369,231,61,142
364,232,62,142
359,233,63,142
360,232,62,148
357,232,62,150
354,232,62,152
351,232,62,154
348,232,62,156
345,232,62,158
342,232,62,160
339,232,62,162
336,232,62,164
333,232,62,166
330,232,62,168
327,232,62,170
324,232,62,172
321,232,62,174
318,232,62,176
313,234,68,172
314,234,69,173
315,234,70,174
316,234,71,175
317,234,72,176
318,234,73,177
319,234,74,178
320,234,75,179
321,234,76,180
322,234,77,181
323,234,78,182
324,234,79,183
325,234,80,184
326,234,81,185
327,234,82,186
322,234,78,189
326,234,78,190
330,234,78,191
334,234,78,192
338,234,78,193
342,234,78,194
346,234,78,195
350,234,78,196
354,234,78,197
358,234,78,198
362,234,78,199
366,234,78,200
370,234,78,201
374,234,78,202
378,234,78,203
384,238,77,200
391,238,76,200
398,238,75,200
405,238,74,200
412,238,73,200
419,238,72,200
426,238,71,200
433,238,70,200
440,238,69,200
447,238,68,200
454,238,67,200
461,238,66,200
468,238,65,200
475,238,64,200
482,238,63,200
492,234,66,204
501,233,67,205
510,232,68,206
519,231,69,207
528,230,70,208
537,229,71,209
546,228,72,210
555,227,73,211
564,226,74,212
573,225,75,213
582,224,76,214
591,223,77,215
600,222,78,216
609,221,79,217
618,220,80,218
621,221,83,221
632,221,82,221
643,221,81,221
654,221,80,221
665,221,79,221
676,221,78,221
687,221,77,221
698,221,76,221
709,221,75,221
720,221,74,221
731,221,73,221
742,221,72,221
753,221,71,221
764,221,70,221
775,221,69,221
789,223,66,228
798,223,66,227
807,223,66,226
816,223,66,225
825,223,66,224
834,223,66,223
843,223,66,222
852,223,66,221
861,223,66,220
870,223,66,219
879,223,66,218
888,223,66,217
897,223,66,216
906,223,66,215
915,223,66,214
929,225,72,209
937,224,72,207
945,223,72,205
953,222,72,203
961,221,72,201
969,220,72,199
977,219,72,197
985,218,72,195
993,217,72,193
1001,216,72,191
1009,215,72,189
1017,214,72,187
1025,213,72,185
1033,212,72,183
1041,211,72,181
1046,215,68,176
1053,215,67,176
1060,215,66,176
1067,215,65,176
1074,215,64,176
1081,215,63,176
1088,215,62,176
1095,215,61,176
1102,215,60,176
1109,215,59,176
1116,215,58,176
1123,215,57,176
1130,215,56,176
1137,215,55,176
1144,215,54,176
1149,214,59,173
1155,214,59,174
1161,214,59,175
1167,214,59,176
1173,214,59,177
1179,214,59,178
1185,214,59,179
1191,214,59,180
1197,214,59,181
1203,214,59,182
1209,214,59,183
1215,214,59,184
1221,214,59,185
1227,214,59,186
1233,214,59,187
1238,214,56,190
1241,214,56,189
1244,214,56,188
1247,214,56,187
1250,214,56,186
1253,214,56,185
1256,214,56,184
1259,214,56,183
1262,214,56,182
1265,214,56,181
1268,214,56,180
1271,214,56,179
1274,214,56,178
1277,214,56,177
1280,214,56,176
1278,215,55,171
1278,215,55,171
1278,215,55,171
1278,215,55,171
1278,215,55,171
1278,215,55,171
1278,215,55,171
1278,215,55,171
1278,215,55,171
1278,215,55,171
1278,215,55,171
1278,215,55,171
1278,215,55,171
1278,215,55,171
1278,215,55,171
1276,212,55,170
1273,212,55,169
1270,212,55,168
1267,212,55,167
1264,212,55,166
1261,212,55,165
1258,212,55,164
1255,212,55,163
1252,212,55,162
1249,212,55,161
1246,212,55,160
1243,212,55,159
1240,212,55,158
1237,212,55,157
1234,212,55,156
1231,215,48,157
1226,215,49,157
1221,215,50,157
1216,215,51,157
1211,215,52,157
1206,215,53,157
1201,215,54,157
1196,215,55,157
1191,215,56,157
1186,215,57,157
1181,215,58,157
1176,215,59,157
1171,215,60,157
1166,215,61,157
1161,215,62,157
1153,210,58,161
1146,209,58,160
1139,208,58,159
1132,207,58,158
1125,206,58,157
1118,205,58,156
1111,204,58,155
1104,203,58,154
1097,202,58,153
1090,201,58,152
1083,200,58,151
1076,199,58,150
1069,198,58,149
1062,197,58,148
1055,196,58,147
1048,195,61,147
1042,195,61,147
1036,195,61,147
1030,195,61,147
1024,195,61,147
1018,195,61,147
1012,195,61,147
1006,195,61,147
1000,195,61,147
994,195,61,147
988,195,61,147
982,195,61,147
976,195,61,147
970,195,61,147
964,195,61,147
953,189,66,151
948,190,66,150
943,191,66,149
938,192,66,148
933,193,66,147
928,194,66,146
923,195,66,145
918,196,66,144
913,197,66,143
908,198,66,142
903,199,66,141
898,200,66,140
893,201,66,139
888,202,66,138
883,203,66,137
871,199,61,138
865,199,61,138
859,199,61,138
853,199,61,138
847,199,61,138
841,199,61,138
835,199,61,138
829,199,61,138
823,199,61,138
817,199,61,138
811,199,61,138
805,199,61,138
799,199,61,138
793,199,61,138
787,199,61,138
787,193,57,142
781,193,57,142
775,193,57,142
769,193,57,142
763,193,57,142
757,193,57,142
751,193,57,142
745,193,57,142
739,193,57,142
733,193,57,142
727,193,57,142
721,193,57,142
715,193,57,142
709,193,57,142
703,193,57,142
692,199,57,136
686,200,57,136
680,201,57,136
674,202,57,136
668,203,57,136
662,204,57,136
656,205,57,136
650,206,57,136
644,207,57,136
638,208,57,136
632,209,57,136
626,210,57,136
620,211,57,136
614,212,57,136
608,213,57,136
606,210,59,134
600,210,60,135
594,210,61,136
588,210,62,137
582,210,63,138
576,210,64,139
570,210,65,140
564,210,66,141
558,210,67,142
552,210,68,143
546,210,69,144
540,210,70,145
534,210,71,146
528,210,72,147
522,210,73,148
520,208,70,153
516,208,69,153
512,208,68,153
508,208,67,153
504,208,66,153
500,208,65,153
496,208,64,153
492,208,63,153
488,208,62,153
484,208,61,153
480,208,60,153
476,208,59,153
472,208,58,153
468,208,57,153
464,208,56,153
462,214,55,158
458,215,55,157
454,216,55,156
450,217,55,155
446,218,55,154
442,219,55,153
438,220,55,152
434,221,55,151
430,222,55,150
426,223,55,149
422,224,55,148
418,225,55,147
414,226,55,146
410,227,55,145
406,228,55,144
408,227,55,144
406,228,56,144
404,229,57,144
402,230,58,144
400,231,59,144
398,232,60,144
396,233,61,144
394,234,62,144
392,235,63,144
390,236,64,144
388,237,65,144
386,238,66,144
384,239,67,144
382,240,68,144
380,241,69,144
376,238,67,149
