1378,333,59,152
1371,332,59,152
1364,331,59,152
1357,330,59,152
1350,329,59,152
1343,328,59,152
1336,327,59,152
1329,326,59,152
1322,325,59,152
1315,324,59,152
1308,323,59,152
1301,322,59,152
1294,321,59,152
1287,320,59,152
1280,319,59,152
1271,318,65,155
1263,317,66,156
1255,316,67,157
1247,315,68,158
1239,314,69,159
1231,313,70,160
1223,312,71,161
1215,311,72,162
1207,310,73,163
1199,309,74,164
1191,308,75,165
1183,307,76,166
1175,306,77,167
1167,305,78,168
1159,304,79,169
1150,303,84,169
1143,304,82,168
1136,305,80,167
1129,306,78,166
1122,307,76,165
1115,308,74,164
1108,309,72,163
1101,310,70,162
1094,311,68,161
1087,312,66,160
1080,313,64,159
1073,314,62,158
1066,315,60,157
1059,316,58,156
1052,317,56,155
1048,311,58,157
1041,311,59,157
1034,311,60,157
1027,311,61,157
1020,311,62,157
1013,311,63,157
1006,311,64,157
999,311,65,157
992,311,66,157
985,311,67,157
978,311,68,157
971,311,69,157
964,311,70,157
957,311,71,157
950,311,72,157
938,306,67,154
930,306,68,154
922,306,69,154
914,306,70,154
906,306,71,154
898,306,72,154
890,306,73,154
882,306,74,154
874,306,75,154
866,306,76,154
858,306,77,154
850,306,78,154
842,306,79,154
834,306,80,154
826,306,81,154
819,313,86,160
813,313,84,161
807,313,82,162
801,313,80,163
795,313,78,164
789,313,76,165
783,313,74,166
777,313,72,167
771,313,70,168
765,313,68,169
759,313,66,170
753,313,64,171
747,313,62,172
741,313,60,173
735,313,58,174
724,315,60,170
718,315,61,170
712,315,62,170
706,315,63,170
700,315,64,170
694,315,65,170
688,315,66,170
682,315,67,170
676,315,68,170
670,315,69,170
664,315,70,170
658,315,71,170
652,315,72,170
646,315,73,170
640,315,74,170
627,315,73,175
622,316,74,176
617,317,75,177
612,318,76,178
607,319,77,179
602,320,78,180
597,321,79,181
592,322,80,182
587,323,81,183
582,324,82,184
577,325,83,185
572,326,84,186
567,327,85,187
562,328,86,188
557,329,87,189
548,325,84,187
546,326,84,188
544,327,84,189
542,328,84,190
540,329,84,191
538,330,84,192
536,331,84,193
534,332,84,194
532,333,84,195
530,334,84,196
528,335,84,197
526,336,84,198
524,337,84,199
522,338,84,200
520,339,84,201
514,339,82,195
515,339,84,196
516,339,86,197
517,339,88,198
518,339,90,199
519,339,92,200
520,339,94,201
521,339,96,202
522,339,98,203
523,339,100,204
524,339,102,205
525,339,104,206
526,339,106,207
527,339,108,208
528,339,110,209
533,342,106,209
539,342,108,211
545,342,110,213
551,342,112,215
557,342,114,217
563,342,116,219
569,342,118,221
575,342,120,223
581,342,122,225
587,342,124,227
593,342,126,229
599,342,128,231
605,342,130,233
611,342,132,235
617,342,134,237
623,340,131,242
637,340,128,243
651,340,125,244
665,340,122,245
679,340,119,246
693,340,116,247
707,340,113,248
721,340,110,249
735,340,107,250
749,340,104,251
763,340,101,252
777,340,98,253
791,340,95,254
805,340,92,255
819,340,89,256
826,339,90,255
838,339,92,255
850,339,94,255
862,339,96,255
874,339,98,255
886,339,100,255
898,339,102,255
910,339,104,255
922,339,106,255
934,339,108,255
946,339,110,255
958,339,112,255
970,339,114,255
982,339,116,255
994,339,118,255
999,339,125,255
1013,340,125,254
1027,341,125,253
1041,342,125,252
1055,343,125,251
1069,344,125,250
1083,345,125,249
1097,346,125,248
1111,347,125,247
1125,348,125,246
1139,349,125,245
1153,350,125,244
1167,351,125,243
1181,352,125,242
1195,353,125,241
1204,349,125,240
1213,349,121,239
1222,349,117,238
1231,349,113,237
1240,349,109,236
1249,349,105,235
1258,349,101,234
1267,349,97,233
1276,349,93,232
1285,349,89,231
1294,349,85,230
1303,349,81,229
1312,349,77,228
1321,349,73,227
1330,349,69,226
1337,350,71,227
1340,349,71,227
1343,348,71,227
1346,347,71,227
1349,346,71,227
1352,345,71,227
1355,344,71,227
1358,343,71,227
1361,342,71,227
1364,341,71,227
1367,340,71,227
1370,339,71,227
1373,338,71,227
1376,337,71,227
1379,336,71,227
1386,332,72,224
1386,331,72,222
1386,330,72,220
1386,329,72,218
1386,328,72,216
1386,327,72,214
1386,326,72,212
1386,325,72,210
1386,324,72,208
1386,323,72,206
1386,322,72,204
1386,321,72,202
1386,320,72,200
1386,319,72,198
1386,318,72,196
1382,322,69,199
1379,322,70,197
1376,322,71,195
1373,322,72,193
1370,322,73,191
1367,322,74,189
1364,322,75,187
1361,322,76,185
1358,322,77,183
1355,322,78,181
1352,322,79,179
1349,322,80,177
1346,322,81,175
1343,322,82,173
1340,322,83,171
1333,328,79,174
1329,327,78,173
1325,326,77,172
1321,325,76,171
1317,324,75,170
1313,323,74,169
1309,322,73,168
1305,321,72,167
1301,320,71,166
1297,319,70,165
1293,318,69,164
1289,317,68,163
1285,316,67,162
1281,315,66,161
1277,314,65,160
1271,316,65,163
1264,315,66,163
1257,314,67,163
1250,313,68,163
1243,312,69,163
1236,311,70,163
1229,310,71,163
1222,309,72,163
1215,308,73,163
1208,307,74,163
1201,306,75,163
1194,305,76,163
1187,304,77,163
1180,303,78,163
1173,302,79,163
1163,306,87,166
1157,307,85,165
1151,308,83,164
1145,309,81,163
1139,310,79,162
1133,311,77,161
1127,312,75,160
1121,313,73,159
1115,314,71,158
1109,315,69,157
1103,316,67,156
1097,317,65,155
1091,318,63,154
1085,319,61,153
1079,320,59,152
1066,320,63,147
1058,319,65,148
1050,318,67,149
1042,317,69,150
1034,316,71,151
1026,315,73,152
1018,314,75,153
1010,313,77,154
1002,312,79,155
994,311,81,156
986,310,83,157
978,309,85,158
970,308,87,159
962,307,89,160
954,306,91,161
952,300,86,162
945,301,85,161
938,302,84,160
931,303,83,159
924,304,82,158
917,305,81,157
910,306,80,156
903,307,79,155
896,308,78,154
889,309,77,153
882,310,76,152
875,311,75,151
868,312,74,150
861,313,73,149
854,314,72,148
853,316,75,151
847,316,74,152
841,316,73,153
835,316,72,154
829,316,71,155
823,316,70,156
817,316,69,157
811,316,68,158
805,316,67,159
799,316,66,160
793,316,65,161
787,316,64,162
781,316,63,163
775,316,62,164
769,316,61,165
756,320,53,160
748,319,56,161
740,318,59,162
732,317,62,163
724,316,65,164
716,315,68,165
708,314,71,166
700,313,74,167
692,312,77,168
684,311,80,169
676,310,83,170
668,309,86,171
660,308,89,172
652,307,92,173
644,306,95,174
643,310,91,180
638,311,89,180
633,312,87,180
628,313,85,180
623,314,83,180
618,315,81,180
613,316,79,180
608,317,77,180
603,318,75,180
598,319,73,180
593,320,71,180
588,321,69,180
583,322,67,180
578,323,65,180
573,324,63,180
571,322,66,184
567,323,66,185
563,324,66,186
559,325,66,187
555,326,66,188
551,327,66,189
547,328,66,190
543,329,66,191
539,330,66,192
535,331,66,193
531,332,66,194
527,333,66,195
523,334,66,196
519,335,66,197
515,336,66,198
515,330,66,193
514,330,67,195
513,330,68,197
512,330,69,199
511,330,70,201
510,330,71,203
509,330,72,205
508,330,73,207
507,330,74,209
506,330,75,211
505,330,76,213
504,330,77,215
503,330,78,217
502,330,79,219
501,330,80,221
506,333,81,218
510,334,83,219
514,335,85,220
518,336,87,221
522,337,89,222
526,338,91,223
530,339,93,224
534,340,95,225
538,341,97,226
542,342,99,227
546,343,101,228
550,344,103,229
554,345,105,230
558,346,107,231
562,347,109,232
562,345,104,235
571,344,105,235
580,343,106,235
589,342,107,235
598,341,108,235
607,340,109,235
616,339,110,235
625,338,111,235
634,337,112,235
643,336,113,235
652,335,114,235
661,334,115,235
670,333,116,235
679,332,117,235
688,331,118,235
702,337,113,238
