1454,228,79,165
1443,228,78,165
1432,228,77,165
1421,228,76,165
1410,228,75,165
1399,228,74,165
1388,228,73,165
1377,228,72,165
1366,228,71,165
1355,228,70,165
1344,228,69,165
1333,228,68,165
1322,228,67,165
1311,228,66,165
1300,228,65,165
1289,223,65,163
1279,223,65,163
1269,223,65,163
1259,223,65,163
1249,223,65,163
1239,223,65,163
1229,223,65,163
1219,223,65,163
1209,223,65,163
1199,223,65,163
1189,223,65,163
1179,223,65,163
1169,223,65,163
1159,223,65,163
1149,223,65,163
1142,221,61,163
1132,221,61,163
1122,221,61,163
1112,221,61,163
1102,221,61,163
1092,221,61,163
1082,221,61,163
1072,221,61,163
1062,221,61,163
1052,221,61,163
1042,221,61,163
1032,221,61,163
1022,221,61,163
1012,221,61,163
1002,221,61,163
993,221,54,163
982,222,54,163
971,223,54,163
960,224,54,163
949,225,54,163
938,226,54,163
927,227,54,163
916,228,54,163
905,229,54,163
894,230,54,163
883,231,54,163
872,232,54,163
861,233,54,163
850,234,54,163
839,235,54,163
830,243,56,156
822,244,56,156
814,245,56,156
806,246,56,156
798,247,56,156
790,248,56,156
782,249,56,156
774,250,56,156
766,251,56,156
758,252,56,156
750,253,56,156
742,254,56,156
734,255,56,156
726,256,56,156
718,257,56,156
704,258,62,159
697,258,62,159
690,258,62,159
683,258,62,159
676,258,62,159
669,258,62,159
662,258,62,159
655,258,62,159
648,258,62,159
641,258,62,159
634,258,62,159
627,258,62,159
620,258,62,159
613,258,62,159
606,258,62,159
602,265,57,154
598,265,59,157
594,265,61,160
590,265,63,163
586,265,65,166
582,265,67,169
578,265,69,172
574,265,71,175
570,265,73,178
566,265,75,181
562,265,77,184
558,265,79,187
554,265,81,190
550,265,83,193
546,265,85,196
545,271,83,206
551,272,83,206
557,273,83,206
563,274,83,206
569,275,83,206
575,276,83,206
581,277,83,206
587,278,83,206
593,279,83,206
599,280,83,206
605,281,83,206
611,282,83,206
617,283,83,206
623,284,83,206
629,285,83,206
639,282,82,211
653,282,81,212
667,282,80,213
681,282,79,214
695,282,78,215
709,282,77,216
723,282,76,217
737,282,75,218
751,282,74,219
765,282,73,220
779,282,72,221
793,282,71,222
807,282,70,223
821,282,69,224
835,282,68,225
855,280,72,232
875,278,72,234
895,276,72,236
915,274,72,238
935,272,72,240
955,270,72,242
975,268,72,244
995,266,72,246
1015,264,72,248
1035,262,72,250
1055,260,72,252
1075,258,72,254
1095,256,72,256
1115,254,72,258
1135,252,72,260
1153,245,68,258
1167,245,70,256
1181,245,72,254
1195,245,74,252
1209,245,76,250
1223,245,78,248
1237,245,80,246
1251,245,82,244
1265,245,84,242
1279,245,86,240
1293,245,88,238
1307,245,90,236
1321,245,92,234
1335,245,94,232
1349,245,96,230
1369,249,105,233
1376,249,103,232
1383,249,101,231
1390,249,99,230
1397,249,97,229
1404,249,95,228
1411,249,93,227
1418,249,91,226
1425,249,89,225
1432,249,87,224
1439,249,85,223
1446,249,83,222
1453,249,81,221
1460,249,79,220
1467,249,77,219
1478,249,76,216
1479,248,76,214
1480,247,76,212
1481,246,76,210
1482,245,76,208
1483,244,76,206
1484,243,76,204
1485,242,76,202
1486,241,76,200
1487,240,76,198
1488,239,76,196
1489,238,76,194
1490,237,76,192
1491,236,76,190
1492,235,76,188
1494,239,72,186
1489,238,71,185
1484,237,70,184
1479,236,69,183
1474,235,68,182
1469,234,67,181
1464,233,66,180
1459,232,65,179
1454,231,64,178
1449,230,63,177
1444,229,62,176
1439,228,61,175
1434,227,60,174
1429,226,59,173
1424,225,58,172
1413,226,59,178
1404,226,61,177
1395,226,63,176
1386,226,65,175
1377,226,67,174
1368,226,69,173
1359,226,71,172
1350,226,73,171
1341,226,75,170
1332,226,77,169
1323,226,79,168
1314,226,81,167
1305,226,83,166
1296,226,85,165
1287,226,87,164
1284,221,84,157
1275,221,83,157
1266,221,82,157
1257,221,81,157
1248,221,80,157
1239,221,79,157
1230,221,78,157
1221,221,77,157
1212,221,76,157
1203,221,75,157
1194,221,74,157
1185,221,73,157
1176,221,72,157
1167,221,71,157
1158,221,70,157
1145,228,65,161
1136,228,64,161
1127,228,63,161
1118,228,62,161
1109,228,61,161
1100,228,60,161
1091,228,59,161
1082,228,58,161
1073,228,57,161
1064,228,56,161
1055,228,55,161
1046,228,54,161
1037,228,53,161
1028,228,52,161
1019,228,51,161
1009,226,56,161
999,227,56,160
989,228,56,159
979,229,56,158
969,230,56,157
959,231,56,156
949,232,56,155
939,233,56,154
929,234,56,153
919,235,56,152
909,236,56,151
899,237,56,150
889,238,56,149
879,239,56,148
869,240,56,147
864,238,52,148
855,239,53,149
846,240,54,150
837,241,55,151
828,242,56,152
819,243,57,153
810,244,58,154
801,245,59,155
792,246,60,156
783,247,61,157
774,248,62,158
765,249,63,159
756,250,64,160
747,251,65,161
738,252,66,162
724,247,61,168
716,248,61,168
708,249,61,168
700,250,61,168
692,251,61,168
684,252,61,168
676,253,61,168
668,254,61,168
660,255,61,168
652,256,61,168
644,257,61,168
636,258,61,168
628,259,61,168
620,260,61,168
612,261,61,168
607,264,68,174
602,265,68,175
597,266,68,176
592,267,68,177
587,268,68,178
582,269,68,179
577,270,68,180
572,271,68,181
567,272,68,182
562,273,68,183
557,274,68,184
552,275,68,185
547,276,68,186
542,277,68,187
537,278,68,188
534,277,72,187
537,277,72,188
540,277,72,189
543,277,72,190
546,277,72,191
549,277,72,192
552,277,72,193
555,277,72,194
558,277,72,195
561,277,72,196
564,277,72,197
567,277,72,198
570,277,72,199
573,277,72,200
576,277,72,201
580,273,72,198
591,273,72,200
602,273,72,202
613,273,72,204
624,273,72,206
635,273,72,208
646,273,72,210
657,273,72,212
668,273,72,214
679,273,72,216
690,273,72,218
701,273,72,220
712,273,72,222
723,273,72,224
734,273,72,226
743,271,74,222
