1490,170,78,198
1488,170,77,198
1486,170,76,198
1484,170,75,198
1482,170,74,198
1480,170,73,198
1478,170,72,198
1476,170,71,198
1474,170,70,198
1472,170,69,198
1470,170,68,198
1468,170,67,198
1466,170,66,198
1464,170,65,198
1462,170,64,198
1458,168,65,200
1456,168,65,200
1454,168,65,200
1452,168,65,200
1450,168,65,200
1448,168,65,200
1446,168,65,200
1444,168,65,200
1442,168,65,200
1440,168,65,200
1438,168,65,200
1436,168,65,200
1434,168,65,200
1432,168,65,200
1430,168,65,200
1435,164,60,202
1431,164,62,202
1427,164,64,202
1423,164,66,202
1419,164,68,202
1415,164,70,202
1411,164,72,202
1407,164,74,202
1403,164,76,202
1399,164,78,202
1395,164,80,202
1391,164,82,202
1387,164,84,202
1383,164,86,202
1379,164,88,202
1382,162,84,202
1379,162,84,202
1376,162,84,202
1373,162,84,202
1370,162,84,202
1367,162,84,202
1364,162,84,202
1361,162,84,202
1358,162,84,202
1355,162,84,202
1352,162,84,202
1349,162,84,202
1346,162,84,202
1343,162,84,202
1340,162,84,202
1344,160,78,200
1343,160,77,200
1342,160,76,200
1341,160,75,200
1340,160,74,200
1339,160,73,200
1338,160,72,200
1337,160,71,200
1336,160,70,200
1335,160,69,200
1334,160,68,200
1333,160,67,200
1332,160,66,200
1331,160,65,200
1330,160,64,200
1326,160,57,194
1324,160,58,195
1322,160,59,196
1320,160,60,197
1318,160,61,198
1316,160,62,199
1314,160,63,200
1312,160,64,201
1310,160,65,202
1308,160,66,203
1306,160,67,204
1304,160,68,205
1302,160,69,206
1300,160,70,207
1298,160,71,208
1296,158,69,204
1293,158,70,204
1290,158,71,204
1287,158,72,204
1284,158,73,204
1281,158,74,204
1278,158,75,204
1275,158,76,204
1272,158,77,204
1269,158,78,204
1266,158,79,204
1263,158,80,204
1260,158,81,204
1257,158,82,204
1254,158,83,204
1246,158,83,202
1244,158,82,201
1242,158,81,200
1240,158,80,199
1238,158,79,198
1236,158,78,197
1234,158,77,196
1232,158,76,195
1230,158,75,194
1228,158,74,193
1226,158,73,192
1224,158,72,191
1222,158,71,190
1220,158,70,189
1218,158,69,188
1223,164,63,192
1221,166,64,190
1219,168,65,188
1217,170,66,186
1215,172,67,184
1213,174,68,182
1211,176,69,180
1209,178,70,178
1207,180,71,176
1205,182,72,174
1203,184,73,172
1201,186,74,170
1199,188,75,168
1197,190,76,166
1195,192,77,164
1189,190,85,168
1187,194,86,164
1185,198,87,160
1183,202,88,156
1181,206,89,152
1179,210,90,148
1177,214,91,144
1175,218,92,140
1173,222,93,136
1171,226,94,132
1169,230,95,128
1167,234,96,124
1165,238,97,120
1163,242,98,116
1161,246,99,112
1152,246,93,108
1149,246,96,108
1146,246,99,108
1143,246,102,108
1140,246,105,108
1137,246,108,108
1134,246,111,108
1131,246,114,108
1128,246,117,108
1125,246,120,108
1122,246,123,108
1119,246,126,108
1116,246,129,108
1113,246,132,108
1110,246,135,108
1106,244,138,104
1106,245,139,103
1106,246,140,102
1106,247,141,101
1106,248,142,100
1106,249,143,99
1106,250,144,98
1106,251,145,97
1106,252,146,96
1106,253,147,95
1106,254,148,94
1106,255,149,93
1106,256,150,92
1106,257,151,91
1106,258,152,90
1102,260,152,84
1102,263,155,82
1102,266,158,80
1102,269,161,78
1102,272,164,76
1102,275,167,74
1102,278,170,72
1102,281,173,70
1102,284,176,68
1102,287,179,66
1102,290,182,64
1102,293,185,62
1102,296,188,60
1102,299,191,58
1102,302,194,56
1097,299,195,59
1098,299,195,59
1099,299,195,59
1100,299,195,59
1101,299,195,59
1102,299,195,59
1103,299,195,59
1104,299,195,59
1105,299,195,59
1106,299,195,59
1107,299,195,59
1108,299,195,59
1109,299,195,59
1110,299,195,59
1111,299,195,59
1106,297,188,61
1106,297,188,61
1106,297,188,61
1106,297,188,61
1106,297,188,61
1106,297,188,61
1106,297,188,61
1106,297,188,61
1106,297,188,61
1106,297,188,61
1106,297,188,61
1106,297,188,61
1106,297,188,61
1106,297,188,61
1106,297,188,61
1102,299,192,59
1102,299,192,59
1102,299,192,59
1102,299,192,59
1102,299,192,59
1102,299,192,59
1102,299,192,59
1102,299,192,59
1102,299,192,59
1102,299,192,59
1102,299,192,59
1102,299,192,59
1102,299,192,59
1102,299,192,59
1102,299,192,59
1104,297,188,59
1104,297,188,59
1104,297,188,59
1104,297,188,59
1104,297,188,59
1104,297,188,59
1104,297,188,59
1104,297,188,59
1104,297,188,59
1104,297,188,59
1104,297,188,59
1104,297,188,59
1104,297,188,59
1104,297,188,59
1104,297,188,59
1106,299,189,61
1106,299,189,61
1106,299,189,61
1106,299,189,61
1106,299,189,61
1106,299,189,61
1106,299,189,61
1106,299,189,61
1106,299,189,61
1106,299,189,61
1106,299,189,61
1106,299,189,61
1106,299,189,61
1106,299,189,61
1106,299,189,61
1102,299,193,59
1102,299,193,59
1102,299,193,59
1102,299,193,59
1102,299,193,59
1102,299,193,59
1102,299,193,59
1102,299,193,59
1102,299,193,59
1102,299,193,59
1102,299,193,59
1102,299,193,59
1102,299,193,59
1102,299,193,59
1102,299,193,59
1106,297,188,63
1106,297,188,63
1106,297,188,63
1106,297,188,63
1106,297,188,63
1106,297,188,63
1106,297,188,63
1106,297,188,63
1106,297,188,63
1106,297,188,63
1106,297,188,63
1106,297,188,63
1106,297,188,63
1106,297,188,63
1106,297,188,63
1102,295,190,59
1102,295,190,59
1102,295,190,59
1102,295,190,59
1102,295,190,59
1102,295,190,59
1102,295,190,59
1102,295,190,59
1102,295,190,59
1102,295,190,59
1102,295,190,59
1102,295,190,59
1102,295,190,59
1102,295,190,59
1102,295,190,59
1102,297,192,57
1102,297,192,57
1102,297,192,57
1102,297,192,57
1102,297,192,57
1102,297,192,57
1102,297,192,57
1102,297,192,57
1102,297,192,57
1102,297,192,57
1102,297,192,57
1102,297,192,57
1102,297,192,57
1102,297,192,57
1102,297,192,57
1104,301,188,55
1104,301,188,55
1104,301,188,55
1104,301,188,55
1104,301,188,55
1104,301,188,55
1104,301,188,55
1104,301,188,55
1104,301,188,55
1104,301,188,55
1104,301,188,55
1104,301,188,55
1104,301,188,55
1104,301,188,55
1104,301,188,55
1104,301,190,59
1104,301,190,59
1104,301,190,59
1104,301,190,59
1104,301,190,59
1104,301,190,59
1104,301,190,59
1104,301,190,59
1104,301,190,59
1104,301,190,59
1104,301,190,59
1104,301,190,59
1104,301,190,59
1104,301,190,59
1104,301,190,59
1106,299,188,53
1106,299,188,53
1106,299,188,53
1106,299,188,53
1106,299,188,53
1106,299,188,53
1106,299,188,53
1106,299,188,53
1106,299,188,53
1106,299,188,53
1106,299,188,53
1106,299,188,53
1106,299,188,53
1106,299,188,53
1106,299,188,53
1106,297,188,55
1106,297,188,55
1106,297,188,55
1106,297,188,55
1106,297,188,55
1106,297,188,55
1106,297,188,55
1106,297,188,55
1106,297,188,55
1106,297,188,55
1106,297,188,55
1106,297,188,55
1106,297,188,55
1106,297,188,55
1106,297,188,55
1104,299,188,59
1104,299,188,59
1104,299,188,59
1104,299,188,59
1104,299,188,59
1104,299,188,59
1104,299,188,59
1104,299,188,59
1104,299,188,59
1104,299,188,59
1104,299,188,59
1104,299,188,59
1104,299,188,59
1104,299,188,59
1104,299,188,59
1106,299,186,59
1106,299,186,59
1106,299,186,59
1106,299,186,59
1106,299,186,59
1106,299,186,59
1106,299,186,59
1106,299,186,59
1106,299,186,59
1106,299,186,59
1106,299,186,59
1106,299,186,59
1106,299,186,59
1106,299,186,59
1106,299,186,59
1104,299,190,57
1104,299,190,57
1104,299,190,57
1104,299,190,57
1104,299,190,57
1104,299,190,57
1104,299,190,57
1104,299,190,57
1104,299,190,57
1104,299,190,57
1104,299,190,57
1104,299,190,57
1104,299,190,57
1104,299,190,57
1104,299,190,57
1102,299,192,59
1102,299,192,59
1102,299,192,59
1102,299,192,59
1102,299,192,59
1102,299,192,59
1102,299,192,59
1102,299,192,59
1102,299,192,59
1102,299,192,59
1102,299,192,59
1102,299,192,59
1102,299,192,59
1102,299,192,59
1102,299,192,59
1106,299,186,59
