1647,333,83,242
1643,333,84,242
1639,333,85,242
1635,333,86,242
1631,333,87,242
1627,333,88,242
1623,333,89,242
1619,333,90,242
1615,333,91,242
1611,333,92,242
1607,333,93,242
1603,333,94,242
1599,333,95,242
1595,333,96,242
1591,333,97,242
1584,332,94,241
1583,332,92,241
1582,332,90,241
1581,332,88,241
1580,332,86,241
1579,332,84,241
1578,332,82,241
1577,332,80,241
1576,332,78,241
1575,332,76,241
1574,332,74,241
1573,332,72,241
1572,332,70,241
1571,332,68,241
1570,332,66,241
1565,326,64,241
1562,326,65,241
1559,326,66,241
1556,326,67,241
1553,326,68,241
1550,326,69,241
1547,326,70,241
1544,326,71,241
1541,326,72,241
1538,326,73,241
1535,326,74,241
1532,326,75,241
1529,326,76,241
1526,326,77,241
1523,326,78,241
1522,320,85,245
1518,320,86,245
1514,320,87,245
1510,320,88,245
1506,320,89,245
1502,320,90,245
1498,320,91,245
1494,320,92,245
1490,320,93,245
1486,320,94,245
1482,320,95,245
1478,320,96,245
1474,320,97,245
1470,320,98,245
1466,320,99,245
1462,314,97,247
1460,314,96,246
1458,314,95,245
1456,314,94,244
1454,314,93,243
1452,314,92,242
1450,314,91,241
1448,314,90,240
1446,314,89,239
1444,314,88,238
1442,314,87,237
1440,314,86,236
1438,314,85,235
1436,314,84,234
1434,314,83,233
1429,318,79,232
1427,318,79,232
1425,318,79,232
1423,318,79,232
1421,318,79,232
1419,318,79,232
1417,318,79,232
1415,318,79,232
1413,318,79,232
1411,318,79,232
1409,318,79,232
1407,318,79,232
1405,318,79,232
1403,318,79,232
1401,318,79,232
1403,311,73,237
1400,311,75,237
1397,311,77,237
1394,311,79,237
1391,311,81,237
1388,311,83,237
1385,311,85,237
1382,311,87,237
1379,311,89,237
1376,311,91,237
1373,311,93,237
1370,311,95,237
1367,311,97,237
1364,311,99,237
1361,311,101,237
1354,312,96,236
1351,312,95,235
1348,312,94,234
1345,312,93,233
1342,312,92,232
1339,312,91,231
1336,312,90,230
1333,312,89,229
1330,312,88,228
1327,312,87,227
1324,312,86,226
1321,312,85,225
1318,312,84,224
1315,312,83,223
1312,312,82,222
1306,318,88,223
1304,321,89,220
1302,324,90,217
1300,327,91,214
1298,330,92,211
1296,333,93,208
1294,336,94,205
1292,339,95,202
1290,342,96,199
1288,345,97,196
1286,348,98,193
1284,351,99,190
1282,354,100,187
1280,357,101,184
1278,360,102,181
1272,356,106,183
1269,360,107,179
1266,364,108,175
1263,368,109,171
1260,372,110,167
1257,376,111,163
1254,380,112,159
1251,384,113,155
1248,388,114,151
1245,392,115,147
1242,396,116,143
1239,400,117,139
1236,404,118,135
1233,408,119,131
1230,412,120,127
1222,421,120,118
1218,419,124,119
1214,417,128,120
1210,415,132,121
1206,413,136,122
1202,411,140,123
1198,409,144,124
1194,407,148,125
1190,405,152,126
1186,403,156,127
1182,401,160,128
1178,399,164,129
1174,397,168,130
1170,395,172,131
1166,393,176,132
1164,394,178,127
1164,397,180,125
1164,400,182,123
1164,403,184,121
1164,406,186,119
1164,409,188,117
1164,412,190,115
1164,415,192,113
1164,418,194,111
1164,421,196,109
1164,424,198,107
1164,427,200,105
1164,430,202,103
1164,433,204,101
1164,436,206,99
1168,442,202,99
1168,444,204,97
1168,446,206,95
1168,448,208,93
1168,450,210,91
1168,452,212,89
1168,454,214,87
1168,456,216,85
1168,458,218,83
1168,460,220,81
1168,462,222,79
1168,464,224,77
1168,466,226,75
1168,468,228,73
1168,470,230,71
1168,471,236,73
1168,471,236,73
1168,471,236,73
1168,471,236,73
1168,471,236,73
1168,471,236,73
1168,471,236,73
1168,471,236,73
1168,471,236,73
1168,471,236,73
1168,471,236,73
1168,471,236,73
1168,471,236,73
1168,471,236,73
1168,471,236,73
1169,467,233,74
1169,467,233,73
1169,467,233,72
1169,467,233,71
1169,467,233,70
1169,467,233,69
1169,467,233,68
1169,467,233,67
1169,467,233,66
1169,467,233,65
1169,467,233,64
1169,467,233,63
1169,467,233,62
1169,467,233,61
1169,467,233,60
1171,473,229,66
1171,473,229,66
1171,473,229,66
1171,473,229,66
1171,473,229,66
1171,473,229,66
1171,473,229,66
1171,473,229,66
1171,473,229,66
1171,473,229,66
1171,473,229,66
1171,473,229,66
1171,473,229,66
1171,473,229,66
1171,473,229,66
1173,471,229,70
1173,471,229,69
1173,471,229,68
1173,471,229,67
1173,471,229,66
1173,471,229,65
1173,471,229,64
1173,471,229,63
1173,471,229,62
1173,471,229,61
1173,471,229,60
1173,471,229,59
1173,471,229,58
1173,471,229,57
1173,471,229,56
1171,475,233,62
1171,475,233,63
1171,475,233,64
1171,475,233,65
1171,475,233,66
1171,475,233,67
1171,475,233,68
1171,475,233,69
1171,475,233,70
1171,475,233,71
1171,475,233,72
1171,475,233,73
1171,475,233,74
1171,475,233,75
1171,475,233,76
1173,469,231,72
1173,469,231,72
1173,469,231,72
1173,469,231,72
1173,469,231,72
1173,469,231,72
1173,469,231,72
1173,469,231,72
1173,469,231,72
1173,469,231,72
1173,469,231,72
1173,469,231,72
1173,469,231,72
1173,469,231,72
1173,469,231,72
1171,469,231,70
1171,469,231,70
1171,469,231,70
1171,469,231,70
1171,469,231,70
1171,469,231,70
1171,469,231,70
1171,469,231,70
1171,469,231,70
1171,469,231,70
1171,469,231,70
1171,469,231,70
1171,469,231,70
1171,469,231,70
1171,469,231,70
1171,471,233,68
1171,471,233,68
1171,471,233,68
1171,471,233,68
1171,471,233,68
1171,471,233,68
1171,471,233,68
1171,471,233,68
1171,471,233,68
1171,471,233,68
1171,471,233,68
1171,471,233,68
1171,471,233,68
1171,471,233,68
1171,471,233,68
1173,471,231,70
1173,471,231,70
1173,471,231,70
1173,471,231,70
1173,471,231,70
1173,471,231,70
1173,471,231,70
1173,471,231,70
1173,471,231,70
1173,471,231,70
1173,471,231,70
1173,471,231,70
1173,471,231,70
1173,471,231,70
1173,471,231,70
1171,469,233,72
1171,469,233,71
1171,469,233,70
1171,469,233,69
1171,469,233,68
1171,469,233,67
1171,469,233,66
1171,469,233,65
1171,469,233,64
1171,469,233,63
1171,469,233,62
1171,469,233,61
1171,469,233,60
1171,469,233,59
1171,469,233,58
1173,473,229,64
1173,473,229,64
1173,473,229,64
1173,473,229,64
1173,473,229,64
1173,473,229,64
1173,473,229,64
1173,473,229,64
1173,473,229,64
1173,473,229,64
1173,473,229,64
1173,473,229,64
1173,473,229,64
1173,473,229,64
1173,473,229,64
1175,473,229,69
1175,473,229,69
1175,473,229,69
1175,473,229,69
1175,473,229,69
1175,473,229,69
1175,473,229,69
1175,473,229,69
1175,473,229,69
1175,473,229,69
1175,473,229,69
1175,473,229,69
1175,473,229,69
1175,473,229,69
1175,473,229,69
1169,469,235,72
1169,469,235,72
1169,469,235,72
1169,469,235,72
1169,469,235,72
1169,469,235,72
1169,469,235,72
1169,469,235,72
1169,469,235,72
1169,469,235,72
1169,469,235,72
1169,469,235,72
1169,469,235,72
1169,469,235,72
1169,469,235,72
1173,473,231,71
1173,473,231,71
1173,473,231,71
1173,473,231,71
1173,473,231,71
1173,473,231,71
1173,473,231,71
1173,473,231,71
1173,473,231,71
1173,473,231,71
1173,473,231,71
1173,473,231,71
1173,473,231,71
1173,473,231,71
1173,473,231,71
1173,473,229,64
1173,473,229,64
1173,473,229,64
1173,473,229,64
1173,473,229,64
1173,473,229,64
1173,473,229,64
1173,473,229,64
1173,473,229,64
1173,473,229,64
1173,473,229,64
1173,473,229,64
1173,473,229,64
1173,473,229,64
1173,473,229,64
1173,473,231,66
1173,473,231,66
1173,473,231,66
1173,473,231,66
1173,473,231,66
1173,473,231,66
1173,473,231,66
1173,473,231,66
1173,473,231,66
1173,473,231,66
1173,473,231,66
1173,473,231,66
1173,473,231,66
1173,473,231,66
1173,473,231,66
1173,471,231,71
1173,471,231,71
1173,471,231,71
1173,471,231,71
1173,471,231,71
1173,471,231,71
1173,471,231,71
1173,471,231,71
1173,471,231,71
1173,471,231,71
1173,471,231,71
1173,471,231,71
1173,471,231,71
1173,471,231,71
1173,471,231,71
1169,473,233,69
