1319,37,83,204
1316,37,83,204
1313,37,83,204
1310,37,83,204
1307,37,83,204
1304,37,83,204
1301,37,83,204
1298,37,83,204
1295,37,83,204
1292,37,83,204
1289,37,83,204
1286,37,83,204
1283,37,83,204
1280,37,83,204
1277,37,83,204
1275,36,77,203
1273,36,77,203
1271,36,77,203
1269,36,77,203
1267,36,77,203
1265,36,77,203
1263,36,77,203
1261,36,77,203
1259,36,77,203
1257,36,77,203
1255,36,77,203
1253,36,77,203
1251,36,77,203
1249,36,77,203
1247,36,77,203
1245,36,77,199
1243,36,77,199
1241,36,77,199
1239,36,77,199
1237,36,77,199
1235,36,77,199
1233,36,77,199
1231,36,77,199
1229,36,77,199
1227,36,77,199
1225,36,77,199
1223,36,77,199
1221,36,77,199
1219,36,77,199
1217,36,77,199
1213,36,76,199
1209,36,77,199
1205,36,78,199
1201,36,79,199
1197,36,80,199
1193,36,81,199
1189,36,82,199
1185,36,83,199
1181,36,84,199
1177,36,85,199
1173,36,86,199
1169,36,87,199
1165,36,88,199
1161,36,89,199
1157,36,90,199
1154,37,92,198
1153,37,91,198
1152,37,90,198
1151,37,89,198
1150,37,88,198
1149,37,87,198
1148,37,86,198
1147,37,85,198
1146,37,84,198
1145,37,83,198
1144,37,82,198
1143,37,81,198
1142,37,80,198
1141,37,79,198
1140,37,78,198
1133,32,74,194
1131,32,74,194
1129,32,74,194
1127,32,74,194
1125,32,74,194
1123,32,74,194
1121,32,74,194
1119,32,74,194
1117,32,74,194
1115,32,74,194
1113,32,74,194
1111,32,74,194
1109,32,74,194
1107,32,74,194
1105,32,74,194
1109,30,79,196
1106,30,79,196
1103,30,79,196
1100,30,79,196
1097,30,79,196
1094,30,79,196
1091,30,79,196
1088,30,79,196
1085,30,79,196
1082,30,79,196
1079,30,79,196
1076,30,79,196
1073,30,79,196
1070,30,79,196
1067,30,79,196
1061,32,81,193
1059,32,81,193
1057,32,81,193
1055,32,81,193
1053,32,81,193
1051,32,81,193
1049,32,81,193
1047,32,81,193
1045,32,81,193
1043,32,81,193
1041,32,81,193
1039,32,81,193
1037,32,81,193
1035,32,81,193
1033,32,81,193
1035,34,77,191
1033,34,77,192
1031,34,77,193
1029,34,77,194
1027,34,77,195
1025,34,77,196
1023,34,77,197
1021,34,77,198
1019,34,77,199
1017,34,77,200
1015,34,77,201
1013,34,77,202
1011,34,77,203
1009,34,77,204
1007,34,77,205
1011,28,79,200
1008,28,79,200
1005,28,79,200
1002,28,79,200
999,28,79,200
996,28,79,200
993,28,79,200
990,28,79,200
987,28,79,200
984,28,79,200
981,28,79,200
978,28,79,200
975,28,79,200
972,28,79,200
969,28,79,200
972,30,73,193
971,30,73,193
970,30,73,193
969,30,73,193
968,30,73,193
967,30,73,193
966,30,73,193
965,30,73,193
964,30,73,193
963,30,73,193
962,30,73,193
961,30,73,193
960,30,73,193
959,30,73,193
958,30,73,193
955,32,77,187
954,32,76,187
953,32,75,187
952,32,74,187
951,32,73,187
950,32,72,187
949,32,71,187
948,32,70,187
947,32,69,187
946,32,68,187
945,32,67,187
944,32,66,187
943,32,65,187
942,32,64,187
941,32,63,187
938,32,61,187
936,32,62,187
934,32,63,187
932,32,64,187
930,32,65,187
928,32,66,187
926,32,67,187
924,32,68,187
922,32,69,187
920,32,70,187
918,32,71,187
916,32,72,187
914,32,73,187
912,32,74,187
910,32,75,187
901,39,72,182
899,42,72,179
897,45,72,176
895,48,72,173
893,51,72,170
891,54,72,167
889,57,72,164
887,60,72,161
885,63,72,158
883,66,72,155
881,69,72,152
879,72,72,149
877,75,72,146
875,78,72,143
873,81,72,140
875,84,75,132
873,87,76,129
871,90,77,126
869,93,78,123
867,96,79,120
865,99,80,117
863,102,81,114
861,105,82,111
859,108,83,108
857,111,84,105
855,114,85,102
853,117,86,99
851,120,87,96
849,123,88,93
847,126,89,90
843,131,92,86
841,129,94,88
839,127,96,90
837,125,98,92
835,123,100,94
833,121,102,96
831,119,104,98
829,117,106,100
827,115,108,102
825,113,110,104
823,111,112,106
821,109,114,108
819,107,116,110
817,105,118,112
815,103,120,114
810,106,118,115
810,109,120,112
810,112,122,109
810,115,124,106
810,118,126,103
810,121,128,100
810,124,130,97
810,127,132,94
810,130,134,91
810,133,136,88
810,136,138,85
810,139,140,82
810,142,142,79
810,145,144,76
810,148,146,73
812,146,144,75
812,148,147,73
812,150,150,71
812,152,153,69
812,154,156,67
812,156,159,65
812,158,162,63
812,160,165,61
812,162,168,59
812,164,171,57
812,166,174,55
812,168,177,53
812,170,180,51
812,172,183,49
812,174,186,47
812,173,183,50
812,173,183,50
812,173,183,50
812,173,183,50
812,173,183,50
812,173,183,50
812,173,183,50
812,173,183,50
812,173,183,50
812,173,183,50
812,173,183,50
812,173,183,50
812,173,183,50
812,173,183,50
812,173,183,50
810,169,187,56
810,169,187,56
810,169,187,56
810,169,187,56
810,169,187,56
810,169,187,56
810,169,187,56
810,169,187,56
810,169,187,56
810,169,187,56
810,169,187,56
810,169,187,56
810,169,187,56
810,169,187,56
810,169,187,56
812,171,187,54
812,171,187,54
812,171,187,54
812,171,187,54
812,171,187,54
812,171,187,54
812,171,187,54
812,171,187,54
812,171,187,54
812,171,187,54
812,171,187,54
812,171,187,54
812,171,187,54
812,171,187,54
812,171,187,54
812,173,185,48
812,173,185,48
812,173,185,48
812,173,185,48
812,173,185,48
812,173,185,48
812,173,185,48
812,173,185,48
812,173,185,48
812,173,185,48
812,173,185,48
812,173,185,48
812,173,185,48
812,173,185,48
812,173,185,48
814,169,181,52
814,169,181,52
814,169,181,52
814,169,181,52
814,169,181,52
814,169,181,52
814,169,181,52
814,169,181,52
814,169,181,52
814,169,181,52
814,169,181,52
814,169,181,52
814,169,181,52
814,169,181,52
814,169,181,52
812,171,185,50
812,171,185,50
812,171,185,50
812,171,185,50
812,171,185,50
812,171,185,50
812,171,185,50
812,171,185,50
812,171,185,50
812,171,185,50
812,171,185,50
812,171,185,50
812,171,185,50
812,171,185,50
812,171,185,50
814,173,183,52
814,173,183,52
814,173,183,52
814,173,183,52
814,173,183,52
814,173,183,52
814,173,183,52
814,173,183,52
814,173,183,52
814,173,183,52
814,173,183,52
814,173,183,52
814,173,183,52
814,173,183,52
814,173,183,52
810,171,189,52
810,171,188,52
810,171,187,52
810,171,186,52
810,171,185,52
810,171,184,52
810,171,183,52
810,171,182,52
810,171,181,52
810,171,180,52
810,171,179,52
810,171,178,52
810,171,177,52
810,171,176,52
810,171,175,52
812,171,181,52
812,171,181,52
812,171,181,52
812,171,181,52
812,171,181,52
812,171,181,52
812,171,181,52
812,171,181,52
812,171,181,52
812,171,181,52
812,171,181,52
812,171,181,52
812,171,181,52
812,171,181,52
812,171,181,52
814,177,183,46
814,176,183,47
814,175,183,48
814,174,183,49
814,173,183,50
814,172,183,51
814,171,183,52
814,170,183,53
814,169,183,54
814,168,183,55
814,167,183,56
814,166,183,57
814,165,183,58
814,164,183,59
814,163,183,60
808,169,187,54
808,169,187,54
808,169,187,54
808,169,187,54
808,169,187,54
808,169,187,54
808,169,187,54
808,169,187,54
808,169,187,54
808,169,187,54
808,169,187,54
808,169,187,54
808,169,187,54
808,169,187,54
808,169,187,54
812,171,187,48
812,171,187,48
812,171,187,48
812,171,187,48
812,171,187,48
812,171,187,48
812,171,187,48
812,171,187,48
812,171,187,48
812,171,187,48
812,171,187,48
812,171,187,48
812,171,187,48
812,171,187,48
812,171,187,48
810,171,185,54
