1393,243,55,178
1390,243,56,178
1387,243,57,178
1384,243,58,178
1381,243,59,178
1378,243,60,178
1375,243,61,178
1372,243,62,178
1369,243,63,178
1366,243,64,178
1363,243,65,178
1360,243,66,178
1357,243,67,178
1354,243,68,178
1351,243,69,178
1354,243,66,180
1351,243,67,180
1348,243,68,180
1345,243,69,180
1342,243,70,180
1339,243,71,180
1336,243,72,180
1333,243,73,180
1330,243,74,180
1327,243,75,180
1324,243,76,180
1321,243,77,180
1318,243,78,180
1315,243,79,180
1312,243,80,180
1302,243,74,183
1299,243,74,182
1296,243,74,181
1293,243,74,180
1290,243,74,179
1287,243,74,178
1284,243,74,177
1281,243,74,176
1278,243,74,175
1275,243,74,174
1272,243,74,173
1269,243,74,172
1266,243,74,171
1263,243,74,170
1260,243,74,169
1258,248,79,175
1255,248,79,175
1252,248,79,175
1249,248,79,175
1246,248,79,175
1243,248,79,175
1240,248,79,175
1237,248,79,175
1234,248,79,175
1231,248,79,175
1228,248,79,175
1225,248,79,175
1222,248,79,175
1219,248,79,175
1216,248,79,175
1207,247,78,177
1204,247,78,177
1201,247,78,177
1198,247,78,177
1195,247,78,177
1192,247,78,177
1189,247,78,177
1186,247,78,177
1183,247,78,177
1180,247,78,177
1177,247,78,177
1174,247,78,177
1171,247,78,177
1168,247,78,177
1165,247,78,177
1169,248,72,175
1167,248,71,175
1165,248,70,175
1163,248,69,175
1161,248,68,175
1159,248,67,175
1157,248,66,175
1155,248,65,175
1153,248,64,175
1151,248,63,175
1149,248,62,175
1147,248,61,175
1145,248,60,175
1143,248,59,175
1141,248,58,175
1141,250,61,176
1139,250,60,176
1137,250,59,176
1135,250,58,176
1133,250,57,176
1131,250,56,176
1129,250,55,176
1127,250,54,176
1125,250,53,176
1123,250,52,176
1121,250,51,176
1119,250,50,176
1117,250,49,176
1115,250,48,176
1113,250,47,176
1105,250,53,176
1103,250,54,176
1101,250,55,176
1099,250,56,176
1097,250,57,176
1095,250,58,176
1093,250,59,176
1091,250,60,176
1089,250,61,176
1087,250,62,176
1085,250,63,176
1083,250,64,176
1081,250,65,176
1079,250,66,176
1077,250,67,176
1068,254,72,170
1066,254,72,170
1064,254,72,170
1062,254,72,170
1060,254,72,170
1058,254,72,170
1056,254,72,170
1054,254,72,170
1052,254,72,170
1050,254,72,170
1048,254,72,170
1046,254,72,170
1044,254,72,170
1042,254,72,170
1040,254,72,170
1042,257,68,166
1039,259,69,164
1036,261,70,162
1033,263,71,160
1030,265,72,158
1027,267,73,156
1024,269,74,154
1021,271,75,152
1018,273,76,150
1015,275,77,148
1012,277,78,146
1009,279,79,144
1006,281,80,142
1003,283,81,140
1000,285,82,138
1002,291,77,133
1000,295,78,129
998,299,79,125
996,303,80,121
994,307,81,117
992,311,82,113
990,315,83,109
988,319,84,105
986,323,85,101
984,327,86,97
982,331,87,93
980,335,88,89
978,339,89,85
976,343,90,81
974,347,91,77
966,350,93,73
965,349,94,75
964,348,95,77
963,347,96,79
962,346,97,81
961,345,98,83
960,344,99,85
959,343,100,87
958,342,101,89
957,341,102,91
956,340,103,93
955,339,104,95
954,338,105,97
953,337,106,99
952,336,107,101
945,331,104,97
945,335,108,93
945,339,112,89
945,343,116,85
945,347,120,81
945,351,124,77
945,355,128,73
945,359,132,69
945,363,136,65
945,367,140,61
945,371,144,57
945,375,148,53
945,379,152,49
945,383,156,45
945,387,160,41
941,384,165,40
941,384,165,40
941,384,165,40
941,384,165,40
941,384,165,40
941,384,165,40
941,384,165,40
941,384,165,40
941,384,165,40
941,384,165,40
941,384,165,40
941,384,165,40
941,384,165,40
941,384,165,40
941,384,165,40
941,382,167,44
941,382,167,44
941,382,167,44
941,382,167,44
941,382,167,44
941,382,167,44
941,382,167,44
941,382,167,44
941,382,167,44
941,382,167,44
941,382,167,44
941,382,167,44
941,382,167,44
941,382,167,44
941,382,167,44
941,387,169,41
941,387,169,41
941,387,169,41
941,387,169,41
941,387,169,41
941,387,169,41
941,387,169,41
941,387,169,41
941,387,169,41
941,387,169,41
941,387,169,41
941,387,169,41
941,387,169,41
941,387,169,41
941,387,169,41
943,386,167,38
943,386,167,38
943,386,167,38
943,386,167,38
943,386,167,38
943,386,167,38
943,386,167,38
943,386,167,38
943,386,167,38
943,386,167,38
943,386,167,38
943,386,167,38
943,386,167,38
943,386,167,38
943,386,167,38
943,386,169,42
943,386,169,42
943,386,169,42
943,386,169,42
943,386,169,42
943,386,169,42
943,386,169,42
943,386,169,42
943,386,169,42
943,386,169,42
943,386,169,42
943,386,169,42
943,386,169,42
943,386,169,42
943,386,169,42
945,386,165,40
945,386,165,40
945,386,165,40
945,386,165,40
945,386,165,40
945,386,165,40
945,386,165,40
945,386,165,40
945,386,165,40
945,386,165,40
945,386,165,40
945,386,165,40
945,386,165,40
945,386,165,40
945,386,165,40
943,384,165,40
943,384,165,40
943,384,165,40
943,384,165,40
943,384,165,40
943,384,165,40
943,384,165,40
943,384,165,40
943,384,165,40
943,384,165,40
943,384,165,40
943,384,165,40
943,384,165,40
943,384,165,40
943,384,165,40
943,386,167,38
943,386,167,38
943,386,167,38
943,386,167,38
943,386,167,38
943,386,167,38
943,386,167,38
943,386,167,38
943,386,167,38
943,386,167,38
943,386,167,38
943,386,167,38
943,386,167,38
943,386,167,38
943,386,167,38
941,386,169,42
941,386,169,42
941,386,169,42
941,386,169,42
941,386,169,42
941,386,169,42
941,386,169,42
941,386,169,42
941,386,169,42
941,386,169,42
941,386,169,42
941,386,169,42
941,386,169,42
941,386,169,42
941,386,169,42
943,386,167,40
943,386,167,40
943,386,167,40
943,386,167,40
943,386,167,40
943,386,167,40
943,386,167,40
943,386,167,40
943,386,167,40
943,386,167,40
943,386,167,40
943,386,167,40
943,386,167,40
943,386,167,40
943,386,167,40
941,387,171,43
