1363,330,39,174
1360,330,39,174
1357,330,39,174
1354,330,39,174
1351,330,39,174
1348,330,39,174
1345,330,39,174
1342,330,39,174
1339,330,39,174
1336,330,39,174
1333,330,39,174
1330,330,39,174
1327,330,39,174
1324,330,39,174
1321,330,39,174
1320,328,46,176
1318,328,47,176
1316,328,48,176
1314,328,49,176
1312,328,50,176
1310,328,51,176
1308,328,52,176
1306,328,53,176
1304,328,54,176
1302,328,55,176
1300,328,56,176
1298,328,57,176
1296,328,58,176
1294,328,59,176
1292,328,60,176
1288,327,66,172
1285,327,66,172
1282,327,66,172
1279,327,66,172
1276,327,66,172
1273,327,66,172
1270,327,66,172
1267,327,66,172
1264,327,66,172
1261,327,66,172
1258,327,66,172
1255,327,66,172
1252,327,66,172
1249,327,66,172
1246,327,66,172
1239,325,67,174
1237,325,66,174
1235,325,65,174
1233,325,64,174
1231,325,63,174
1229,325,62,174
1227,325,61,174
1225,325,60,174
1223,325,59,174
1221,325,58,174
1219,325,57,174
1217,325,56,174
1215,325,55,174
1213,325,54,174
1211,325,53,174
1210,325,58,171
1209,325,57,172
1208,325,56,173
1207,325,55,174
1206,325,54,175
1205,325,53,176
1204,325,52,177
1203,325,51,178
1202,325,50,179
1201,325,49,180
1200,325,48,181
1199,325,47,182
1198,325,46,183
1197,325,45,184
1196,325,44,185
1188,322,49,179
1185,322,49,179
1182,322,49,179
1179,322,49,179
1176,322,49,179
1173,322,49,179
1170,322,49,179
1167,322,49,179
1164,322,49,179
1161,322,49,179
1158,322,49,179
1155,322,49,179
1152,322,49,179
1149,322,49,179
1146,322,49,179
1150,323,54,178
1148,323,54,178
1146,323,54,178
1144,323,54,178
1142,323,54,178
1140,323,54,178
1138,323,54,178
1136,323,54,178
1134,323,54,178
1132,323,54,178
1130,323,54,178
1128,323,54,178
1126,323,54,178
1124,323,54,178
1122,323,54,178
1117,322,53,180
1115,322,53,179
1113,322,53,178
1111,322,53,177
1109,322,53,176
1107,322,53,175
1105,322,53,174
1103,322,53,173
1101,322,53,172
1099,322,53,171
1097,322,53,170
1095,322,53,169
1093,322,53,168
1091,322,53,167
1089,322,53,166
1092,327,51,172
1090,327,51,172
1088,327,51,172
1086,327,51,172
1084,327,51,172
1082,327,51,172
1080,327,51,172
1078,327,51,172
1076,327,51,172
1074,327,51,172
1072,327,51,172
1070,327,51,172
1068,327,51,172
1066,327,51,172
1064,327,51,172
1061,322,52,179
1059,322,52,178
1057,322,52,177
1055,322,52,176
1053,322,52,175
1051,322,52,174
1049,322,52,173
1047,322,52,172
1045,322,52,171
1043,322,52,170
1041,322,52,169
1039,322,52,168
1037,322,52,167
1035,322,52,166
1033,322,52,165
1035,327,56,163
1033,327,56,164
1031,327,56,165
1029,327,56,166
1027,327,56,167
1025,327,56,168
1023,327,56,169
1021,327,56,170
1019,327,56,171
1017,327,56,172
1015,327,56,173
1013,327,56,174
1011,327,56,175
1009,327,56,176
1007,327,56,177
1008,327,50,172
1006,327,50,172
1004,327,50,172
1002,327,50,172
1000,327,50,172
998,327,50,172
996,327,50,172
994,327,50,172
992,327,50,172
990,327,50,172
988,327,50,172
986,327,50,172
984,327,50,172
982,327,50,172
980,327,50,172
984,323,57,168
981,324,58,167
978,325,59,166
975,326,60,165
972,327,61,164
969,328,62,163
966,329,63,162
963,330,64,161
960,331,65,160
957,332,66,159
954,333,67,158
951,334,68,157
948,335,69,156
945,336,70,155
942,337,71,154
946,338,66,155
945,342,65,151
944,346,64,147
943,350,63,143
942,354,62,139
941,358,61,135
940,362,60,131
939,366,59,127
938,370,58,123
937,374,57,119
936,378,56,115
935,382,55,111
934,386,54,107
933,390,53,103
932,394,52,99
927,399,54,89
923,399,56,89
919,399,58,89
915,399,60,89
911,399,62,89
907,399,64,89
903,399,66,89
899,399,68,89
895,399,70,89
891,399,72,89
887,399,74,89
883,399,76,89
879,399,78,89
875,399,80,89
871,399,82,89
870,400,89,86
871,402,90,85
872,404,91,84
873,406,92,83
874,408,93,82
875,410,94,81
876,412,95,80
877,414,96,79
878,416,97,78
879,418,98,77
880,420,99,76
881,422,100,75
882,424,101,74
883,426,102,73
884,428,103,72
879,424,104,66
879,425,107,65
879,426,110,64
879,427,113,63
879,428,116,62
879,429,119,61
879,430,122,60
879,431,125,59
879,432,128,58
879,433,131,57
879,434,134,56
879,435,137,55
879,436,140,54
879,437,143,53
879,438,146,52
874,440,150,54
874,440,150,54
874,440,150,54
874,440,150,54
874,440,150,54
874,440,150,54
874,440,150,54
874,440,150,54
874,440,150,54
874,440,150,54
874,440,150,54
874,440,150,54
874,440,150,54
874,440,150,54
874,440,150,54
874,438,143,53
874,438,143,53
874,438,143,53
874,438,143,53
874,438,143,53
874,438,143,53
874,438,143,53
874,438,143,53
874,438,143,53
874,438,143,53
874,438,143,53
874,438,143,53
874,438,143,53
874,438,143,53
874,438,143,53
875,438,140,55
875,438,140,55
875,438,140,55
875,438,140,55
875,438,140,55
875,438,140,55
875,438,140,55
875,438,140,55
875,438,140,55
875,438,140,55
875,438,140,55
875,438,140,55
875,438,140,55
875,438,140,55
875,438,140,55
874,437,133,53
874,437,134,53
874,437,135,53
874,437,136,53
874,437,137,53
874,437,138,53
874,437,139,53
874,437,140,53
874,437,141,53
874,437,142,53
874,437,143,53
874,437,144,53
874,437,145,53
874,437,146,53
874,437,147,53
875,438,147,48
875,438,147,48
875,438,147,48
875,438,147,48
875,438,147,48
875,438,147,48
875,438,147,48
875,438,147,48
875,438,147,48
875,438,147,48
875,438,147,48
875,438,147,48
875,438,147,48
875,438,147,48
875,438,147,48
874,440,145,46
874,440,145,46
874,440,145,46
874,440,145,46
874,440,145,46
874,440,145,46
874,440,145,46
874,440,145,46
874,440,145,46
874,440,145,46
874,440,145,46
874,440,145,46
874,440,145,46
874,440,145,46
874,440,145,46
877,437,138,46
877,437,138,46
877,437,138,46
877,437,138,46
877,437,138,46
877,437,138,46
877,437,138,46
877,437,138,46
877,437,138,46
877,437,138,46
877,437,138,46
877,437,138,46
877,437,138,46
877,437,138,46
877,437,138,46
872,441,143,49
872,441,143,49
872,441,143,49
872,441,143,49
872,441,143,49
872,441,143,49
872,441,143,49
872,441,143,49
872,441,143,49
872,441,143,49
872,441,143,49
872,441,143,49
872,441,143,49
872,441,143,49
872,441,143,49
872,437,147,53
872,437,147,53
872,437,147,53
872,437,147,53
872,437,147,53
872,437,147,53
872,437,147,53
872,437,147,53
872,437,147,53
872,437,147,53
872,437,147,53
872,437,147,53
872,437,147,53
872,437,147,53
872,437,147,53
877,441,147,53
877,441,146,53
877,441,145,53
877,441,144,53
877,441,143,53
877,441,142,53
877,441,141,53
877,441,140,53
877,441,139,53
877,441,138,53
877,441,137,53
877,441,136,53
877,441,135,53
877,441,134,53
877,441,133,53
877,446,132,47
