1392,47,85,196
1390,47,84,196
1388,47,83,196
1386,47,82,196
1384,47,81,196
1382,47,80,196
1380,47,79,196
1378,47,78,196
1376,47,77,196
1374,47,76,196
1372,47,75,196
1370,47,74,196
1368,47,73,196
1366,47,72,196
1364,47,71,196
1365,40,64,200
1363,40,65,200
1361,40,66,200
1359,40,67,200
1357,40,68,200
1355,40,69,200
1353,40,70,200
1351,40,71,200
1349,40,72,200
1347,40,73,200
1345,40,74,200
1343,40,75,200
1341,40,76,200
1339,40,77,200
1337,40,78,200
1329,36,78,204
1326,36,78,203
1323,36,78,202
1320,36,78,201
1317,36,78,200
1314,36,78,199
1311,36,78,198
1308,36,78,197
1305,36,78,196
1302,36,78,195
1299,36,78,194
1296,36,78,193
1293,36,78,192
1290,36,78,191
1287,36,78,190
1289,37,77,196
1287,37,76,196
1285,37,75,196
1283,37,74,196
1281,37,73,196
1279,37,72,196
1277,37,71,196
1275,37,70,196
1273,37,69,196
1271,37,68,196
1269,37,67,196
1267,37,66,196
1265,37,65,196
1263,37,64,196
1261,37,63,196
1255,36,67,199
1253,36,67,199
1251,36,67,199
1249,36,67,199
1247,36,67,199
1245,36,67,199
1243,36,67,199
1241,36,67,199
1239,36,67,199
1237,36,67,199
1235,36,67,199
1233,36,67,199
1231,36,67,199
1229,36,67,199
1227,36,67,199
1224,32,71,196
1221,32,71,196
1218,32,71,196
1215,32,71,196
1212,32,71,196
1209,32,71,196
1206,32,71,196
1203,32,71,196
1200,32,71,196
1197,32,71,196
1194,32,71,196
1191,32,71,196
1188,32,71,196
1185,32,71,196
1182,32,71,196
1181,31,78,195
1176,31,80,195
1171,31,82,195
1166,31,84,195
1161,31,86,195
1156,31,88,195
1151,31,90,195
1146,31,92,195
1141,31,94,195
1136,31,96,195
1131,31,98,195
1126,31,100,195
1121,31,102,195
1116,31,104,195
1111,31,106,195
1113,36,103,195
1112,36,100,195
1111,36,97,195
1110,36,94,195
1109,36,91,195
1108,36,88,195
1107,36,85,195
1106,36,82,195
1105,36,79,195
1104,36,76,195
1103,36,73,195
1102,36,70,195
1101,36,67,195
1100,36,64,195
1099,36,61,195
1098,39,59,189
1094,41,62,187
1090,43,65,185
1086,45,68,183
1082,47,71,181
1078,49,74,179
1074,51,77,177
1070,53,80,175
1066,55,83,173
1062,57,86,171
1058,59,89,169
1054,61,92,167
1050,63,95,165
1046,65,98,163
1042,67,101,161
1045,65,98,160
1043,69,98,156
1041,73,98,152
1039,77,98,148
1037,81,98,144
1035,85,98,140
1033,89,98,136
1031,93,98,132
1029,97,98,128
1027,101,98,124
1025,105,98,120
1023,109,98,116
1021,113,98,112
1019,117,98,108
1017,121,98,104
1013,130,96,95
1009,129,100,96
1005,128,104,97
1001,127,108,98
997,126,112,99
993,125,116,100
989,124,120,101
985,123,124,102
981,122,128,103
977,121,132,104
973,120,136,105
969,119,140,106
965,118,144,107
961,117,148,108
957,116,152,109
950,111,154,104
950,113,154,102
950,115,154,100
950,117,154,98
950,119,154,96
950,121,154,94
950,123,154,92
950,125,154,90
950,127,154,88
950,129,154,86
950,131,154,84
950,133,154,82
950,135,154,80
950,137,154,78
950,139,154,76
950,142,158,71
950,142,159,71
950,142,160,71
950,142,161,71
950,142,162,71
950,142,163,71
950,142,164,71
950,142,165,71
950,142,166,71
950,142,167,71
950,142,168,71
950,142,169,71
950,142,170,71
950,142,171,71
950,142,172,71
950,148,168,70
950,148,167,70
950,148,166,70
950,148,165,70
950,148,164,70
950,148,163,70
950,148,162,70
950,148,161,70
950,148,160,70
950,148,159,70
950,148,158,70
950,148,157,70
950,148,156,70
950,148,155,70
950,148,154,70
954,152,160,68
954,152,160,68
954,152,160,68
954,152,160,68
954,152,160,68
954,152,160,68
954,152,160,68
954,152,160,68
954,152,160,68
954,152,160,68
954,152,160,68
954,152,160,68
954,152,160,68
954,152,160,68
954,152,160,68
952,148,164,75
952,148,164,75
952,148,164,75
952,148,164,75
952,148,164,75
952,148,164,75
952,148,164,75
952,148,164,75
952,148,164,75
952,148,164,75
952,148,164,75
952,148,164,75
952,148,164,75
952,148,164,75
952,148,164,75
954,150,159,70
954,150,159,70
954,150,159,70
954,150,159,70
954,150,159,70
954,150,159,70
954,150,159,70
954,150,159,70
954,150,159,70
954,150,159,70
954,150,159,70
954,150,159,70
954,150,159,70
954,150,159,70
954,150,159,70
954,152,160,71
954,152,160,71
954,152,160,71
954,152,160,71
954,152,160,71
954,152,160,71
954,152,160,71
954,152,160,71
954,152,160,71
954,152,160,71
954,152,160,71
954,152,160,71
954,152,160,71
954,152,160,71
954,152,160,71
954,152,159,69
954,152,159,69
954,152,159,69
954,152,159,69
954,152,159,69
954,152,159,69
954,152,159,69
954,152,159,69
954,152,159,69
954,152,159,69
954,152,159,69
954,152,159,69
954,152,159,69
954,152,159,69
954,152,159,69
952,153,164,70
952,153,164,70
952,153,164,70
952,153,164,70
952,153,164,70
952,153,164,70
952,153,164,70
952,153,164,70
952,153,164,70
952,153,164,70
952,153,164,70
952,153,164,70
952,153,164,70
952,153,164,70
952,153,164,70
950,155,163,66
950,155,163,66
950,155,163,66
950,155,163,66
950,155,163,66
950,155,163,66
950,155,163,66
950,155,163,66
950,155,163,66
950,155,163,66
950,155,163,66
950,155,163,66
950,155,163,66
950,155,163,66
950,155,163,66
954,152,160,73
954,152,160,73
954,152,160,73
954,152,160,73
954,152,160,73
954,152,160,73
954,152,160,73
954,152,160,73
954,152,160,73
954,152,160,73
954,152,160,73
954,152,160,73
954,152,160,73
954,152,160,73
954,152,160,73
955,153,161,70
955,153,161,70
955,153,161,70
955,153,161,70
955,153,161,70
955,153,161,70
955,153,161,70
955,153,161,70
955,153,161,70
955,153,161,70
955,153,161,70
955,153,161,70
955,153,161,70
955,153,161,70
955,153,161,70
950,148,163,75
950,148,163,75
950,148,163,75
950,148,163,75
950,148,163,75
950,148,163,75
950,148,163,75
950,148,163,75
950,148,163,75
950,148,163,75
950,148,163,75
950,148,163,75
950,148,163,75
950,148,163,75
950,148,163,75
954,148,160,75
954,148,160,75
954,148,160,75
954,148,160,75
954,148,160,75
954,148,160,75
954,148,160,75
954,148,160,75
954,148,160,75
954,148,160,75
954,148,160,75
954,148,160,75
954,148,160,75
954,148,160,75
954,148,160,75
952,148,162,77
952,148,162,77
952,148,162,77
952,148,162,77
952,148,162,77
952,148,162,77
952,148,162,77
952,148,162,77
952,148,162,77
952,148,162,77
952,148,162,77
952,148,162,77
952,148,162,77
952,148,162,77
952,148,162,77
952,152,162,73
952,152,162,73
952,152,162,73
952,152,162,73
952,152,162,73
952,152,162,73
952,152,162,73
952,152,162,73
952,152,162,73
952,152,162,73
952,152,162,73
952,152,162,73
952,152,162,73
952,152,162,73
952,152,162,73
954,147,160,73
954,147,160,73
954,147,160,73
954,147,160,73
954,147,160,73
954,147,160,73
954,147,160,73
954,147,160,73
954,147,160,73
954,147,160,73
954,147,160,73
954,147,160,73
954,147,160,73
954,147,160,73
954,147,160,73
955,150,158,71
955,150,159,71
955,150,160,71
955,150,161,71
955,150,162,71
955,150,163,71
955,150,164,71
955,150,165,71
955,150,166,71
955,150,167,71
955,150,168,71
955,150,169,71
955,150,170,71
955,150,171,71
955,150,172,71
950,148,166,73
950,148,166,73
950,148,166,73
950,148,166,73
950,148,166,73
950,148,166,73
950,148,166,73
950,148,166,73
950,148,166,73
950,148,166,73
950,148,166,73
950,148,166,73
950,148,166,73
950,148,166,73
950,148,166,73
954,152,159,71
