1528,184,94,238
1524,183,94,238
1520,182,94,238
1516,181,94,238
1512,180,94,238
1508,179,94,238
1504,178,94,238
1500,177,94,238
1496,176,94,238
1492,175,94,238
1488,174,94,238
1484,173,94,238
1480,172,94,238
1476,171,94,238
1472,170,94,238
1473,176,93,241
1472,176,91,241
1471,176,89,241
1470,176,87,241
1469,176,85,241
1468,176,83,241
1467,176,81,241
1466,176,79,241
1465,176,77,241
1464,176,75,241
1463,176,73,241
1462,176,71,241
1461,176,69,241
1460,176,67,241
1459,176,65,241
1461,171,63,239
1457,171,65,239
1453,171,67,239
1449,171,69,239
1445,171,71,239
1441,171,73,239
1437,171,75,239
1433,171,77,239
1429,171,79,239
1425,171,81,239
1421,171,83,239
1417,171,85,239
1413,171,87,239
1409,171,89,239
1405,171,91,239
1405,165,89,240
1401,165,90,240
1397,165,91,240
1393,165,92,240
1389,165,93,240
1385,165,94,240
1381,165,95,240
1377,165,96,240
1373,165,97,240
1369,165,98,240
1365,165,99,240
1361,165,100,240
1357,165,101,240
1353,165,102,240
1349,165,103,240
1342,162,97,243
1341,162,95,243
1340,162,93,243
1339,162,91,243
1338,162,89,243
1337,162,87,243
1336,162,85,243
1335,162,83,243
1334,162,81,243
1333,162,79,243
1332,162,77,243
1331,162,75,243
1330,162,73,243
1329,162,71,243
1328,162,69,243
1320,157,65,243
1317,157,66,243
1314,157,67,243
1311,157,68,243
1308,157,69,243
1305,157,70,243
1302,157,71,243
1299,157,72,243
1296,157,73,243
1293,157,74,243
1290,157,75,243
1287,157,76,243
1284,157,77,243
1281,157,78,243
1278,157,79,243
1271,152,75,248
1266,153,78,247
1261,154,81,246
1256,155,84,245
1251,156,87,244
1246,157,90,243
1241,158,93,242
1236,159,96,241
1231,160,99,240
1226,161,102,239
1221,162,105,238
1216,163,108,237
1211,164,111,236
1206,165,114,235
1201,166,117,234
1194,160,117,236
1190,160,116,236
1186,160,115,236
1182,160,114,236
1178,160,113,236
1174,160,112,236
1170,160,111,236
1166,160,110,236
1162,160,109,236
1158,160,108,236
1154,160,107,236
1150,160,106,236
1146,160,105,236
1142,160,104,236
1138,160,103,236
1136,159,101,232
1134,162,102,229
1132,165,103,226
1130,168,104,223
1128,171,105,220
1126,174,106,217
1124,177,107,214
1122,180,108,211
1120,183,109,208
1118,186,110,205
1116,189,111,202
1114,192,112,199
1112,195,113,196
1110,198,114,193
1108,201,115,190
1104,203,109,181
1101,208,109,176
1098,213,109,171
1095,218,109,166
1092,223,109,161
1089,228,109,156
1086,233,109,151
1083,238,109,146
1080,243,109,141
1077,248,109,136
1074,253,109,131
1071,258,109,126
1068,263,109,121
1065,268,109,116
1062,273,109,111
1053,273,114,106
1048,271,119,107
1043,269,124,108
1038,267,129,109
1033,265,134,110
1028,263,139,111
1023,261,144,112
1018,259,149,113
1013,257,154,114
1008,255,159,115
1003,253,164,116
998,251,169,117
993,249,174,118
988,247,179,119
983,245,184,120
983,238,184,127
983,241,185,125
983,244,186,123
983,247,187,121
983,250,188,119
983,253,189,117
983,256,190,115
983,259,191,113
983,262,192,111
983,265,193,109
983,268,194,107
983,271,195,105
983,274,196,103
983,277,197,101
983,280,198,99
987,283,196,98
987,283,196,98
987,283,196,98
987,283,196,98
987,283,196,98
987,283,196,98
987,283,196,98
987,283,196,98
987,283,196,98
987,283,196,98
987,283,196,98
987,283,196,98
987,283,196,98
987,283,196,98
987,283,196,98
985,288,199,95
985,288,199,95
985,288,199,95
985,288,199,95
985,288,199,95
985,288,199,95
985,288,199,95
985,288,199,95
985,288,199,95
985,288,199,95
985,288,199,95
985,288,199,95
985,288,199,95
985,288,199,95
985,288,199,95
988,293,200,91
988,293,200,91
988,293,200,91
988,293,200,91
988,293,200,91
988,293,200,91
988,293,200,91
988,293,200,91
988,293,200,91
988,293,200,91
988,293,200,91
988,293,200,91
988,293,200,91
988,293,200,91
988,293,200,91
985,292,203,89
985,292,203,89
985,292,203,89
985,292,203,89
985,292,203,89
985,292,203,89
985,292,203,89
985,292,203,89
985,292,203,89
985,292,203,89
985,292,203,89
985,292,203,89
985,292,203,89
985,292,203,89
985,292,203,89
987,292,203,91
987,292,203,91
987,292,203,91
987,292,203,91
987,292,203,91
987,292,203,91
987,292,203,91
987,292,203,91
987,292,203,91
987,292,203,91
987,292,203,91
987,292,203,91
987,292,203,91
987,292,203,91
987,292,203,91
987,290,199,93
987,290,199,93
987,290,199,93
987,290,199,93
987,290,199,93
987,290,199,93
987,290,199,93
987,290,199,93
987,290,199,93
987,290,199,93
987,290,199,93
987,290,199,93
987,290,199,93
987,290,199,93
987,290,199,93
987,293,197,88
987,293,197,88
987,293,197,88
987,293,197,88
987,293,197,88
987,293,197,88
987,293,197,88
987,293,197,88
987,293,197,88
987,293,197,88
987,293,197,88
987,293,197,88
987,293,197,88
987,293,197,88
987,293,197,88
987,293,199,88
987,293,199,88
987,293,199,88
987,293,199,88
987,293,199,88
987,293,199,88
987,293,199,88
987,293,199,88
987,293,199,88
987,293,199,88
987,293,199,88
987,293,199,88
987,293,199,88
987,293,199,88
987,293,199,88
985,290,201,94
985,290,201,94
985,290,201,94
985,290,201,94
985,290,201,94
985,290,201,94
985,290,201,94
985,290,201,94
985,290,201,94
985,290,201,94
985,290,201,94
985,290,201,94
985,290,201,94
985,290,201,94
985,290,201,94
988,292,203,92
988,292,203,92
988,292,203,92
988,292,203,92
988,292,203,92
988,292,203,92
988,292,203,92
988,292,203,92
988,292,203,92
988,292,203,92
988,292,203,92
988,292,203,92
988,292,203,92
988,292,203,92
988,292,203,92
988,292,198,87
988,292,198,87
988,292,198,87
988,292,198,87
988,292,198,87
988,292,198,87
988,292,198,87
988,292,198,87
988,292,198,87
988,292,198,87
988,292,198,87
988,292,198,87
988,292,198,87
988,292,198,87
988,292,198,87
983,293,205,91
983,293,205,91
983,293,205,91
983,293,205,91
983,293,205,91
983,293,205,91
983,293,205,91
983,293,205,91
983,293,205,91
983,293,205,91
983,293,205,91
983,293,205,91
983,293,205,91
983,293,205,91
983,293,205,91
987,290,199,89
987,290,199,89
987,290,199,89
987,290,199,89
987,290,199,89
987,290,199,89
987,290,199,89
987,290,199,89
987,290,199,89
987,290,199,89
987,290,199,89
987,290,199,89
987,290,199,89
987,290,199,89
987,290,199,89
985,292,199,87
985,292,199,87
985,292,199,87
985,292,199,87
985,292,199,87
985,292,199,87
985,292,199,87
985,292,199,87
985,292,199,87
985,292,199,87
985,292,199,87
985,292,199,87
985,292,199,87
985,292,199,87
985,292,199,87
985,290,205,91
985,290,205,91
985,290,205,91
985,290,205,91
985,290,205,91
985,290,205,91
985,290,205,91
985,290,205,91
985,290,205,91
985,290,205,91
985,290,205,91
985,290,205,91
985,290,205,91
985,290,205,91
985,290,205,91
987,293,203,86
987,293,203,86
987,293,203,86
987,293,203,86
987,293,203,86
987,293,203,86
987,293,203,86
987,293,203,86
987,293,203,86
987,293,203,86
987,293,203,86
987,293,203,86
987,293,203,86
987,293,203,86
987,293,203,86
988,290,198,93
988,290,198,93
988,290,198,93
988,290,198,93
988,290,198,93
988,290,198,93
988,290,198,93
988,290,198,93
988,290,198,93
988,290,198,93
988,290,198,93
988,290,198,93
988,290,198,93
988,290,198,93
988,290,198,93
985,293,203,88
985,293,203,88
985,293,203,88
985,293,203,88
985,293,203,88
985,293,203,88
985,293,203,88
985,293,203,88
985,293,203,88
985,293,203,88
985,293,203,88
985,293,203,88
985,293,203,88
985,293,203,88
985,293,203,88
985,293,201,88
