1469,333,67,169
1466,333,67,169
1463,333,67,169
1460,333,67,169
1457,333,67,169
1454,333,67,169
1451,333,67,169
1448,333,67,169
1445,333,67,169
1442,333,67,169
1439,333,67,169
1436,333,67,169
1433,333,67,169
1430,333,67,169
1427,333,67,169
1429,336,65,168
1428,336,63,168
1427,336,61,168
1426,336,59,168
1425,336,57,168
1424,336,55,168
1423,336,53,168
1422,336,51,168
1421,336,49,168
1420,336,47,168
1419,336,45,168
1418,336,43,168
1417,336,41,168
1416,336,39,168
1415,336,37,168
1412,331,42,174
1410,331,43,174
1408,331,44,174
1406,331,45,174
1404,331,46,174
1402,331,47,174
1400,331,48,174
1398,331,49,174
1396,331,50,174
1394,331,51,174
1392,331,52,174
1390,331,53,174
1388,331,54,174
1386,331,55,174
1384,331,56,174
1379,328,51,173
1376,328,52,173
1373,328,53,173
1370,328,54,173
1367,328,55,173
1364,328,56,173
1361,328,57,173
1358,328,58,173
1355,328,59,173
1352,328,60,173
1349,328,61,173
1346,328,62,173
1343,328,63,173
1340,328,64,173
1337,328,65,173
1333,330,64,172
1331,330,64,172
1329,330,64,172
1327,330,64,172
1325,330,64,172
1323,330,64,172
1321,330,64,172
1319,330,64,172
1317,330,64,172
1315,330,64,172
1313,330,64,172
1311,330,64,172
1309,330,64,172
1307,330,64,172
1305,330,64,172
1297,325,64,174
1295,325,64,173
1293,325,64,172
1291,325,64,171
1289,325,64,170
1287,325,64,169
1285,325,64,168
1283,325,64,167
1281,325,64,166
1279,325,64,165
1277,325,64,164
1275,325,64,163
1273,325,64,162
1271,325,64,161
1269,325,64,160
1266,330,58,164
1264,329,58,164
1262,328,58,164
1260,327,58,164
1258,326,58,164
1256,325,58,164
1254,324,58,164
1252,323,58,164
1250,322,58,164
1248,321,58,164
1246,320,58,164
1244,319,58,164
1242,318,58,164
1240,317,58,164
1238,316,58,164
1234,322,55,169
1231,322,55,169
1228,322,55,169
1225,322,55,169
1222,322,55,169
1219,322,55,169
1216,322,55,169
1213,322,55,169
1210,322,55,169
1207,322,55,169
1204,322,55,169
1201,322,55,169
1198,322,55,169
1195,322,55,169
1192,322,55,169
1194,323,57,176
1191,323,59,175
1188,323,61,174
1185,323,63,173
1182,323,65,172
1179,323,67,171
1176,323,69,170
1173,323,71,169
1170,323,73,168
1167,323,75,167
1164,323,77,166
1161,323,79,165
1158,323,81,164
1155,323,83,163
1152,323,85,162
1147,328,80,168
1144,329,79,167
1141,330,78,166
1138,331,77,165
1135,332,76,164
1132,333,75,163
1129,334,74,162
1126,335,73,161
1123,336,72,160
1120,337,71,159
1117,338,70,158
1114,339,69,157
1111,340,68,156
1108,341,67,155
1105,342,66,154
1104,336,72,158
1102,340,72,154
1100,344,72,150
1098,348,72,146
1096,352,72,142
1094,356,72,138
1092,360,72,134
1090,364,72,130
1088,368,72,126
1086,372,72,122
1084,376,72,118
1082,380,72,114
1080,384,72,110
1078,388,72,106
1076,392,72,102
1071,390,79,103
1067,392,82,100
1063,394,85,97
1059,396,88,94
1055,398,91,91
1051,400,94,88
1047,402,97,85
1043,404,100,82
1039,406,103,79
1035,408,106,76
1031,410,109,73
1027,412,112,70
1023,414,115,67
1019,416,118,64
1015,418,121,61
1017,424,124,64
1016,422,124,65
1015,420,124,66
1014,418,124,67
1013,416,124,68
1012,414,124,69
1011,412,124,70
1010,410,124,71
1009,408,124,72
1008,406,124,73
1007,404,124,74
1006,402,124,75
1005,400,124,76
1004,398,124,77
1003,396,124,78
1003,398,131,84
1003,400,132,83
1003,402,133,82
1003,404,134,81
1003,406,135,80
1003,408,136,79
1003,410,137,78
1003,412,138,77
1003,414,139,76
1003,416,140,75
1003,418,141,74
1003,420,142,73
1003,422,143,72
1003,424,144,71
1003,426,145,70
998,431,149,62
998,431,149,62
998,431,149,62
998,431,149,62
998,431,149,62
998,431,149,62
998,431,149,62
998,431,149,62
998,431,149,62
998,431,149,62
998,431,149,62
998,431,149,62
998,431,149,62
998,431,149,62
998,431,149,62
1000,433,145,57
1000,433,145,57
1000,433,145,57
1000,433,145,57
1000,433,145,57
1000,433,145,57
1000,433,145,57
1000,433,145,57
1000,433,145,57
1000,433,145,57
1000,433,145,57
1000,433,145,57
1000,433,145,57
1000,433,145,57
1000,433,145,57
998,431,147,62
998,431,147,62
998,431,147,62
998,431,147,62
998,431,147,62
998,431,147,62
998,431,147,62
998,431,147,62
998,431,147,62
998,431,147,62
998,431,147,62
998,431,147,62
998,431,147,62
998,431,147,62
998,431,147,62
1000,428,147,62
1000,428,147,62
1000,428,147,62
1000,428,147,62
1000,428,147,62
1000,428,147,62
1000,428,147,62
1000,428,147,62
1000,428,147,62
1000,428,147,62
1000,428,147,62
1000,428,147,62
1000,428,147,62
1000,428,147,62
1000,428,147,62
998,428,147,66
998,428,147,66
998,428,147,66
998,428,147,66
998,428,147,66
998,428,147,66
998,428,147,66
998,428,147,66
998,428,147,66
998,428,147,66
998,428,147,66
998,428,147,66
998,428,147,66
998,428,147,66
998,428,147,66
1000,427,145,61
1000,427,145,61
1000,427,145,61
1000,427,145,61
1000,427,145,61
1000,427,145,61
1000,427,145,61
1000,427,145,61
1000,427,145,61
1000,427,145,61
1000,427,145,61
1000,427,145,61
1000,427,145,61
1000,427,145,61
1000,427,145,61
1000,430,141,63
1000,430,141,63
1000,430,141,63
1000,430,141,63
1000,430,141,63
1000,430,141,63
1000,430,141,63
1000,430,141,63
1000,430,141,63
1000,430,141,63
1000,430,141,63
1000,430,141,63
1000,430,141,63
1000,430,141,63
1000,430,141,63
1003,433,144,60
1003,433,144,60
1003,433,144,60
1003,433,144,60
1003,433,144,60
1003,433,144,60
1003,433,144,60
1003,433,144,60
1003,433,144,60
1003,433,144,60
1003,433,144,60
1003,433,144,60
1003,433,144,60
1003,433,144,60
1003,433,144,60
998,431,147,63
998,431,147,63
998,431,147,63
998,431,147,63
998,431,147,63
998,431,147,63
998,431,147,63
998,431,147,63
998,431,147,63
998,431,147,63
998,431,147,63
998,431,147,63
998,431,147,63
998,431,147,63
998,431,147,63
998,430,149,61
998,430,149,61
998,430,149,61
998,430,149,61
998,430,149,61
998,430,149,61
998,430,149,61
998,430,149,61
998,430,149,61
998,430,149,61
998,430,149,61
998,430,149,61
998,430,149,61
998,430,149,61
998,430,149,61
1000,431,145,60
1000,431,145,60
1000,431,145,60
1000,431,145,60
1000,431,145,60
1000,431,145,60
1000,431,145,60
1000,431,145,60
1000,431,145,60
1000,431,145,60
1000,431,145,60
1000,431,145,60
1000,431,145,60
1000,431,145,60
1000,431,145,60
1000,431,145,63
1000,431,145,63
1000,431,145,63
1000,431,145,63
1000,431,145,63
1000,431,145,63
1000,431,145,63
1000,431,145,63
1000,431,145,63
1000,431,145,63
1000,431,145,63
1000,431,145,63
1000,431,145,63
1000,431,145,63
1000,431,145,63
998,428,147,65
998,428,147,65
998,428,147,65
998,428,147,65
998,428,147,65
998,428,147,65
998,428,147,65
998,428,147,65
998,428,147,65
998,428,147,65
998,428,147,65
998,428,147,65
998,428,147,65
998,428,147,65
998,428,147,65
996,431,147,60
