1527,176,73,254
1523,176,73,253
1519,176,73,252
1515,176,73,251
1511,176,73,250
1507,176,73,249
1503,176,73,248
1499,176,73,247
1495,176,73,246
1491,176,73,245
1487,176,73,244
1483,176,73,243
1479,176,73,242
1475,176,73,241
1471,176,73,240
1471,172,72,244
1467,172,74,244
1463,172,76,244
1459,172,78,244
1455,172,80,244
1451,172,82,244
1447,172,84,244
1443,172,86,244
1439,172,88,244
1435,172,90,244
1431,172,92,244
1427,172,94,244
1423,172,96,244
1419,172,98,244
1415,172,100,244
1408,166,106,250
1403,166,107,250
1398,166,108,250
1393,166,109,250
1388,166,110,250
1383,166,111,250
1378,166,112,250
1373,166,113,250
1368,166,114,250
1363,166,115,250
1358,166,116,250
1353,166,117,250
1348,166,118,250
1343,166,119,250
1338,166,120,250
1326,166,118,247
1322,165,117,247
1318,164,116,247
1314,163,115,247
1310,162,114,247
1306,161,113,247
1302,160,112,247
1298,159,111,247
1294,158,110,247
1290,157,109,247
1286,156,108,247
1282,155,107,247
1278,154,106,247
1274,153,105,247
1270,152,104,247
1263,157,109,244
1261,157,107,244
1259,157,105,244
1257,157,103,244
1255,157,101,244
1253,157,99,244
1251,157,97,244
1249,157,95,244
1247,157,93,244
1245,157,91,244
1243,157,89,244
1241,157,87,244
1239,157,85,244
1237,157,83,244
1235,157,81,244
1234,152,76,251
1231,152,77,251
1228,152,78,251
1225,152,79,251
1222,152,80,251
1219,152,81,251
1216,152,82,251
1213,152,83,251
1210,152,84,251
1207,152,85,251
1204,152,86,251
1201,152,87,251
1198,152,88,251
1195,152,89,251
1192,152,90,251
1184,152,91,253
1180,152,92,253
1176,152,93,253
1172,152,94,253
1168,152,95,253
1164,152,96,253
1160,152,97,253
1156,152,98,253
1152,152,99,253
1148,152,100,253
1144,152,101,253
1140,152,102,253
1136,152,103,253
1132,152,104,253
1128,152,105,253
1117,150,111,253
1112,150,111,253
1107,150,111,253
1102,150,111,253
1097,150,111,253
1092,150,111,253
1087,150,111,253
1082,150,111,253
1077,150,111,253
1072,150,111,253
1067,150,111,253
1062,150,111,253
1057,150,111,253
1052,150,111,253
1047,150,111,253
1049,150,109,251
1048,150,106,251
1047,150,103,251
1046,150,100,251
1045,150,97,251
1044,150,94,251
1043,150,91,251
1042,150,88,251
1041,150,85,251
1040,150,82,251
1039,150,79,251
1038,150,76,251
1037,150,73,251
1036,150,70,251
1035,150,67,251
1032,145,64,255
1029,145,65,255
1026,145,66,255
1023,145,67,255
1020,145,68,255
1017,145,69,255
1014,145,70,255
1011,145,71,255
1008,145,72,255
1005,145,73,255
1002,145,74,255
999,145,75,255
996,145,76,255
993,145,77,255
990,145,78,255
980,144,77,249
978,144,77,249
976,144,77,249
974,144,77,249
972,144,77,249
970,144,77,249
968,144,77,249
966,144,77,249
964,144,77,249
962,144,77,249
960,144,77,249
958,144,77,249
956,144,77,249
954,144,77,249
952,144,77,249
944,142,75,246
940,144,77,243
936,146,79,240
932,148,81,237
928,150,83,234
924,152,85,231
920,154,87,228
916,156,89,225
912,158,91,222
908,160,93,219
904,162,95,216
900,164,97,213
896,166,99,210
892,168,101,207
888,170,103,204
881,179,106,199
879,184,107,194
877,189,108,189
875,194,109,184
873,199,110,179
871,204,111,174
869,209,112,169
867,214,113,164
865,219,114,159
863,224,115,154
861,229,116,149
859,234,117,144
857,239,118,139
855,244,119,134
853,249,120,129
847,256,118,127
843,256,122,126
839,256,126,125
835,256,130,124
831,256,134,123
827,256,138,122
823,256,142,121
819,256,146,120
815,256,150,119
811,256,154,118
807,256,158,117
803,256,162,116
799,256,166,115
795,256,170,114
791,256,174,113
789,253,174,111
789,255,174,110
789,257,174,109
789,259,174,108
789,261,174,107
789,263,174,106
789,265,174,105
789,267,174,104
789,269,174,103
789,271,174,102
789,273,174,101
789,275,174,100
789,277,174,99
789,279,174,98
789,281,174,97
793,280,181,93
794,282,183,91
795,284,185,89
796,286,187,87
797,288,189,85
798,290,191,83
799,292,193,81
800,294,195,79
801,296,197,77
802,298,199,75
803,300,201,73
804,302,203,71
805,304,205,69
806,306,207,67
807,308,209,65
806,310,218,68
805,310,219,68
804,310,220,68
803,310,221,68
802,310,222,68
801,310,223,68
800,310,224,68
799,310,225,68
798,310,226,68
797,310,227,68
796,310,228,68
795,310,229,68
794,310,230,68
793,310,231,68
792,310,232,68
798,311,226,69
798,311,226,68
798,311,226,67
798,311,226,66
798,311,226,65
798,311,226,64
798,311,226,63
798,311,226,62
798,311,226,61
798,311,226,60
798,311,226,59
798,311,226,58
798,311,226,57
798,311,226,56
798,311,226,55
798,313,226,60
798,313,226,60
798,313,226,60
798,313,226,60
798,313,226,60
798,313,226,60
798,313,226,60
798,313,226,60
798,313,226,60
798,313,226,60
798,313,226,60
798,313,226,60
798,313,226,60
798,313,226,60
798,313,226,60
804,313,220,63
804,313,220,63
804,313,220,63
804,313,220,63
804,313,220,63
804,313,220,63
804,313,220,63
804,313,220,63
804,313,220,63
804,313,220,63
804,313,220,63
804,313,220,63
804,313,220,63
804,313,220,63
804,313,220,63
798,313,225,62
798,313,225,62
798,313,225,62
798,313,225,62
798,313,225,62
798,313,225,62
798,313,225,62
798,313,225,62
798,313,225,62
798,313,225,62
798,313,225,62
798,313,225,62
798,313,225,62
798,313,225,62
798,313,225,62
800,313,223,63
800,313,223,63
800,313,223,63
800,313,223,63
800,313,223,63
800,313,223,63
800,313,223,63
800,313,223,63
800,313,223,63
800,313,223,63
800,313,223,63
800,313,223,63
800,313,223,63
800,313,223,63
800,313,223,63
800,310,226,68
800,310,226,68
800,310,226,68
800,310,226,68
800,310,226,68
800,310,226,68
800,310,226,68
800,310,226,68
800,310,226,68
800,310,226,68
800,310,226,68
800,310,226,68
800,310,226,68
800,310,226,68
800,310,226,68
800,313,226,65
800,313,226,65
800,313,226,65
800,313,226,65
800,313,226,65
800,313,226,65
800,313,226,65
800,313,226,65
800,313,226,65
800,313,226,65
800,313,226,65
800,313,226,65
800,313,226,65
800,313,226,65
800,313,226,65
797,313,227,63
797,313,227,63
797,313,227,63
797,313,227,63
797,313,227,63
797,313,227,63
797,313,227,63
797,313,227,63
797,313,227,63
797,313,227,63
797,313,227,63
797,313,227,63
797,313,227,63
797,313,227,63
797,313,227,63
800,311,223,67
800,311,223,67
800,311,223,67
800,311,223,67
800,311,223,67
800,311,223,67
800,311,223,67
800,311,223,67
800,311,223,67
800,311,223,67
800,311,223,67
800,311,223,67
800,311,223,67
800,311,223,67
800,311,223,67
798,313,225,63
798,313,225,63
798,313,225,63
798,313,225,63
798,313,225,63
798,313,225,63
798,313,225,63
798,313,225,63
798,313,225,63
798,313,225,63
798,313,225,63
798,313,225,63
798,313,225,63
798,313,225,63
798,313,225,63
798,311,226,65
798,311,226,65
798,311,226,65
798,311,226,65
798,311,226,65
798,311,226,65
798,311,226,65
798,311,226,65
798,311,226,65
798,311,226,65
798,311,226,65
798,311,226,65
798,311,226,65
798,311,226,65
798,311,226,65
798,313,226,65
