1485,241,67,186
1480,241,68,186
1475,241,69,186
1470,241,70,186
1465,241,71,186
1460,241,72,186
1455,241,73,186
1450,241,74,186
1445,241,75,186
1440,241,76,186
1435,241,77,186
1430,241,78,186
1425,241,79,186
1420,241,80,186
1415,241,81,186
1416,243,89,184
1414,243,88,184
1412,243,87,184
1410,243,86,184
1408,243,85,184
1406,243,84,184
1404,243,83,184
1402,243,82,184
1400,243,81,184
1398,243,80,184
1396,243,79,184
1394,243,78,184
1392,243,77,184
1390,243,76,184
1388,243,75,184
1390,240,70,180
1387,240,70,180
1384,240,70,180
1381,240,70,180
1378,240,70,180
1375,240,70,180
1372,240,70,180
1369,240,70,180
1366,240,70,180
1363,240,70,180
1360,240,70,180
1357,240,70,180
1354,240,70,180
1351,240,70,180
1348,240,70,180
1343,241,68,175
1340,241,67,175
1337,241,66,175
1334,241,65,175
1331,241,64,175
1328,241,63,175
1325,241,62,175
1322,241,61,175
1319,241,60,175
1316,241,59,175
1313,241,58,175
1310,241,57,175
1307,241,56,175
1304,241,55,175
1301,241,54,175
1293,240,60,180
1289,240,60,180
1285,240,60,180
1281,240,60,180
1277,240,60,180
1273,240,60,180
1269,240,60,180
1265,240,60,180
1261,240,60,180
1257,240,60,180
1253,240,60,180
1249,240,60,180
1245,240,60,180
1241,240,60,180
1237,240,60,180
1236,241,61,178
1233,241,61,179
1230,241,61,180
1227,241,61,181
1224,241,61,182
1221,241,61,183
1218,241,61,184
1215,241,61,185
1212,241,61,186
1209,241,61,187
1206,241,61,188
1203,241,61,189
1200,241,61,190
1197,241,61,191
1194,241,61,192
1193,236,61,196
1190,236,61,196
1187,236,61,196
1184,236,61,196
1181,236,61,196
1178,236,61,196
1175,236,61,196
1172,236,61,196
1169,236,61,196
1166,236,61,196
1163,236,61,196
1160,236,61,196
1157,236,61,196
1154,236,61,196
1151,236,61,196
1143,240,57,190
1139,240,57,191
1135,240,57,192
1131,240,57,193
1127,240,57,194
1123,240,57,195
1119,240,57,196
1115,240,57,197
1111,240,57,198
1107,240,57,199
1103,240,57,200
1099,240,57,201
1095,240,57,202
1091,240,57,203
1087,240,57,204
1090,245,54,198
1087,245,54,197
1084,245,54,196
1081,245,54,195
1078,245,54,194
1075,245,54,193
1072,245,54,192
1069,245,54,191
1066,245,54,190
1063,245,54,189
1060,245,54,188
1057,245,54,187
1054,245,54,186
1051,245,54,185
1048,245,54,184
1044,248,59,187
1041,249,60,185
1038,250,61,183
1035,251,62,181
1032,252,63,179
1029,253,64,177
1026,254,65,175
1023,255,66,173
1020,256,67,171
1017,257,68,169
1014,258,69,167
1011,259,70,165
1008,260,71,163
1005,261,72,161
1002,262,73,159
995,269,76,163
993,273,77,158
991,277,78,153
989,281,79,148
987,285,80,143
985,289,81,138
983,293,82,133
981,297,83,128
979,301,84,123
977,305,85,118
975,309,86,113
973,313,87,108
971,317,88,103
969,321,89,98
967,325,90,93
971,336,89,94
968,336,90,94
965,336,91,94
962,336,92,94
959,336,93,94
956,336,94,94
953,336,95,94
950,336,96,94
947,336,97,94
944,336,98,94
941,336,99,94
938,336,100,94
935,336,101,94
932,336,102,94
929,336,103,94
928,330,100,94
928,333,105,91
928,336,110,88
928,339,115,85
928,342,120,82
928,345,125,79
928,348,130,76
928,351,135,73
928,354,140,70
928,357,145,67
928,360,150,64
928,363,155,61
928,366,160,58
928,369,165,55
928,372,170,52
924,379,171,51
924,380,171,50
924,381,171,49
924,382,171,48
924,383,171,47
924,384,171,46
924,385,171,45
924,386,171,44
924,387,171,43
924,388,171,42
924,389,171,41
924,390,171,40
924,391,171,39
924,392,171,38
924,393,171,37
930,387,173,43
930,387,173,43
930,387,173,43
930,387,173,43
930,387,173,43
930,387,173,43
930,387,173,43
930,387,173,43
930,387,173,43
930,387,173,43
930,387,173,43
930,387,173,43
930,387,173,43
930,387,173,43
930,387,173,43
933,385,168,44
933,385,168,44
933,385,168,44
933,385,168,44
933,385,168,44
933,385,168,44
933,385,168,44
933,385,168,44
933,385,168,44
933,385,168,44
933,385,168,44
933,385,168,44
933,385,168,44
933,385,168,44
933,385,168,44
931,388,168,41
931,388,168,41
931,388,168,41
931,388,168,41
931,388,168,41
931,388,168,41
931,388,168,41
931,388,168,41
931,388,168,41
931,388,168,41
931,388,168,41
931,388,168,41
931,388,168,41
931,388,168,41
931,388,168,41
933,388,170,42
933,388,170,42
933,388,170,42
933,388,170,42
933,388,170,42
933,388,170,42
933,388,170,42
933,388,170,42
933,388,170,42
933,388,170,42
933,388,170,42
933,388,170,42
933,388,170,42
933,388,170,42
933,388,170,42
931,387,168,42
931,387,168,42
931,387,168,42
931,387,168,42
931,387,168,42
931,387,168,42
931,387,168,42
931,387,168,42
931,387,168,42
931,387,168,42
931,387,168,42
931,387,168,42
931,387,168,42
931,387,168,42
931,387,168,42
933,388,168,41
933,388,168,41
933,388,168,41
933,388,168,41
933,388,168,41
933,388,168,41
933,388,168,41
933,388,168,41
933,388,168,41
933,388,168,41
933,388,168,41
933,388,168,41
933,388,168,41
933,388,168,41
933,388,168,41
931,388,166,39
931,388,166,39
931,388,166,39
931,388,166,39
931,388,166,39
931,388,166,39
931,388,166,39
931,388,166,39
931,388,166,39
931,388,166,39
931,388,166,39
931,388,166,39
931,388,166,39
931,388,166,39
931,388,166,39
935,388,168,37
935,388,168,37
935,388,168,37
935,388,168,37
935,388,168,37
935,388,168,37
935,388,168,37
935,388,168,37
935,388,168,37
935,388,168,37
935,388,168,37
935,388,168,37
935,388,168,37
935,388,168,37
935,388,168,37
933,387,168,40
933,387,168,40
933,387,168,40
933,387,168,40
933,387,168,40
933,387,168,40
933,387,168,40
933,387,168,40
933,387,168,40
933,387,168,40
933,387,168,40
933,387,168,40
933,387,168,40
933,387,168,40
933,387,168,40
931,388,172,41
