1485,183,87,218
1480,183,88,218
1475,183,89,218
1470,183,90,218
1465,183,91,218
1460,183,92,218
1455,183,93,218
1450,183,94,218
1445,183,95,218
1440,183,96,218
1435,183,97,218
1430,183,98,218
1425,183,99,218
1420,183,100,218
1415,183,101,218
1417,188,107,213
1417,188,104,213
1417,188,101,213
1417,188,98,213
1417,188,95,213
1417,188,92,213
1417,188,89,213
1417,188,86,213
1417,188,83,213
1417,188,80,213
1417,188,77,213
1417,188,74,213
1417,188,71,213
1417,188,68,213
1417,188,65,213
1417,186,63,211
1415,186,65,211
1413,186,67,211
1411,186,69,211
1409,186,71,211
1407,186,73,211
1405,186,75,211
1403,186,77,211
1401,186,79,211
1399,186,81,211
1397,186,83,211
1395,186,85,211
1393,186,87,211
1391,186,89,211
1389,186,91,211
1381,183,93,212
1378,183,93,211
1375,183,93,210
1372,183,93,209
1369,183,93,208
1366,183,93,207
1363,183,93,206
1360,183,93,205
1357,183,93,204
1354,183,93,203
1351,183,93,202
1348,183,93,201
1345,183,93,200
1342,183,93,199
1339,183,93,198
1333,188,100,204
1331,188,98,204
1329,188,96,204
1327,188,94,204
1325,188,92,204
1323,188,90,204
1321,188,88,204
1319,188,86,204
1317,188,84,204
1315,188,82,204
1313,188,80,204
1311,188,78,204
1309,188,76,204
1307,188,74,204
1305,188,72,204
1307,188,68,202
1305,188,69,202
1303,188,70,202
1301,188,71,202
1299,188,72,202
1297,188,73,202
1295,188,74,202
1293,188,75,202
1291,188,76,202
1289,188,77,202
1287,188,78,202
1285,188,79,202
1283,188,80,202
1281,188,81,202
1279,188,82,202
1273,189,85,204
1269,189,86,204
1265,189,87,204
1261,189,88,204
1257,189,89,204
1253,189,90,204
1249,189,91,204
1245,189,92,204
1241,189,93,204
1237,189,94,204
1233,189,95,204
1229,189,96,204
1225,189,97,204
1221,189,98,204
1217,189,99,204
1218,194,104,199
1217,193,102,199
1216,192,100,199
1215,191,98,199
1214,190,96,199
1213,189,94,199
1212,188,92,199
1211,187,90,199
1210,186,88,199
1209,185,86,199
1208,184,84,199
1207,183,82,199
1206,182,80,199
1205,181,78,199
1204,180,76,199
1201,186,81,206
1199,186,80,205
1197,186,79,204
1195,186,78,203
1193,186,77,202
1191,186,76,201
1189,186,75,200
1187,186,74,199
1185,186,73,198
1183,186,72,197
1181,186,71,196
1179,186,70,195
1177,186,69,194
1175,186,68,193
1173,186,67,192
1170,189,64,198
1168,189,65,198
1166,189,66,198
1164,189,67,198
1162,189,68,198
1160,189,69,198
1158,189,70,198
1156,189,71,198
1154,189,72,198
1152,189,73,198
1150,189,74,198
1148,189,75,198
1146,189,76,198
1144,189,77,198
1142,189,78,198
1134,191,80,202
1131,191,81,201
1128,191,82,200
1125,191,83,199
1122,191,84,198
1119,191,85,197
1116,191,86,196
1113,191,87,195
1110,191,88,194
1107,191,89,193
1104,191,90,192
1101,191,91,191
1098,191,92,190
1095,191,93,189
1092,191,94,188
1084,198,92,192
1082,198,91,192
1080,198,90,192
1078,198,89,192
1076,198,88,192
1074,198,87,192
1072,198,86,192
1070,198,85,192
1068,198,84,192
1066,198,83,192
1064,198,82,192
1062,198,81,192
1060,198,80,192
1058,198,79,192
1056,198,78,192
1050,201,78,191
1048,202,79,191
1046,203,80,191
1044,204,81,191
1042,205,82,191
1040,206,83,191
1038,207,84,191
1036,208,85,191
1034,209,86,191
1032,210,87,191
1030,211,88,191
1028,212,89,191
1026,213,90,191
1024,214,91,191
1022,215,92,191
1019,209,90,188
1016,210,90,187
1013,211,90,186
1010,212,90,185
1007,213,90,184
1004,214,90,183
1001,215,90,182
998,216,90,181
995,217,90,180
992,218,90,179
989,219,90,178
986,220,90,177
983,221,90,176
980,222,90,175
977,223,90,174
972,225,94,172
970,229,95,169
968,233,96,166
966,237,97,163
964,241,98,160
962,245,99,157
960,249,100,154
958,253,101,151
956,257,102,148
954,261,103,145
952,265,104,142
950,269,105,139
948,273,106,136
946,277,107,133
944,281,108,130
943,279,111,121
942,281,111,119
941,283,111,117
940,285,111,115
939,287,111,113
938,289,111,111
937,291,111,109
936,293,111,107
935,295,111,105
934,297,111,103
933,299,111,101
932,301,111,99
931,303,111,97
930,305,111,95
929,307,111,93
923,311,109,84
922,309,109,86
921,307,109,88
920,305,109,90
919,303,109,92
918,301,109,94
917,299,109,96
916,297,109,98
915,295,109,100
914,293,109,102
913,291,109,104
912,289,109,106
911,287,109,108
910,285,109,110
909,283,109,112
902,284,111,113
902,286,113,111
902,288,115,109
902,290,117,107
902,292,119,105
902,294,121,103
902,296,123,101
902,298,125,99
902,300,127,97
902,302,129,95
902,304,131,93
902,306,133,91
902,308,135,89
902,310,137,87
902,312,139,85
907,313,138,80
907,314,139,80
907,315,140,80
907,316,141,80
907,317,142,80
907,318,143,80
907,319,144,80
907,320,145,80
907,321,146,80
907,322,147,80
907,323,148,80
907,324,149,80
907,325,150,80
907,326,151,80
907,327,152,80
904,327,152,73
904,327,152,73
904,327,152,73
904,327,152,73
904,327,152,73
904,327,152,73
904,327,152,73
904,327,152,73
904,327,152,73
904,327,152,73
904,327,152,73
904,327,152,73
904,327,152,73
904,327,152,73
904,327,152,73
902,324,150,73
902,324,150,73
902,324,150,73
902,324,150,73
902,324,150,73
902,324,150,73
902,324,150,73
902,324,150,73
902,324,150,73
902,324,150,73
902,324,150,73
902,324,150,73
902,324,150,73
902,324,150,73
902,324,150,73
905,324,154,74
905,324,154,74
905,324,154,74
905,324,154,74
905,324,154,74
905,324,154,74
905,324,154,74
905,324,154,74
905,324,154,74
905,324,154,74
905,324,154,74
905,324,154,74
905,324,154,74
905,324,154,74
905,324,154,74
904,324,155,71
904,324,155,71
904,324,155,71
904,324,155,71
904,324,155,71
904,324,155,71
904,324,155,71
904,324,155,71
904,324,155,71
904,324,155,71
904,324,155,71
904,324,155,71
904,324,155,71
904,324,155,71
904,324,155,71
900,322,157,73
900,322,156,73
900,322,155,73
900,322,154,73
900,322,153,73
900,322,152,73
900,322,151,73
900,322,150,73
900,322,149,73
900,322,148,73
900,322,147,73
900,322,146,73
900,322,145,73
900,322,144,73
900,322,143,73
907,324,145,69
907,324,145,69
907,324,145,69
907,324,145,69
907,324,145,69
907,324,145,69
907,324,145,69
907,324,145,69
907,324,145,69
907,324,145,69
907,324,145,69
907,324,145,69
907,324,145,69
907,324,145,69
907,324,145,69
907,322,152,76
907,322,152,76
907,322,152,76
907,322,152,76
907,322,152,76
907,322,152,76
907,322,152,76
907,322,152,76
907,322,152,76
907,322,152,76
907,322,152,76
907,322,152,76
907,322,152,76
907,322,152,76
907,322,152,76
907,321,149,76
907,321,149,76
907,321,149,76
907,321,149,76
907,321,149,76
907,321,149,76
907,321,149,76
907,321,149,76
907,321,149,76
907,321,149,76
907,321,149,76
907,321,149,76
907,321,149,76
907,321,149,76
907,321,149,76
907,322,152,71
907,322,152,71
907,322,152,71
907,322,152,71
907,322,152,71
907,322,152,71
907,322,152,71
907,322,152,71
907,322,152,71
907,322,152,71
907,322,152,71
907,322,152,71
907,322,152,71
907,322,152,71
907,322,152,71
905,321,154,76
905,321,154,76
905,321,154,76
905,321,154,76
905,321,154,76
905,321,154,76
905,321,154,76
905,321,154,76
905,321,154,76
905,321,154,76
905,321,154,76
905,321,154,76
905,321,154,76
905,321,154,76
905,321,154,76
905,326,149,69
905,326,149,69
905,326,149,69
905,326,149,69
905,326,149,69
905,326,149,69
905,326,149,69
905,326,149,69
905,326,149,69
905,326,149,69
905,326,149,69
905,326,149,69
905,326,149,69
905,326,149,69
905,326,149,69
905,324,149,71
