1507,285,73,196
1503,285,74,196
1499,285,75,196
1495,285,76,196
1491,285,77,196
1487,285,78,196
1483,285,79,196
1479,285,80,196
1475,285,81,196
1471,285,82,196
1467,285,83,196
1463,285,84,196
1459,285,85,196
1455,285,86,196
1451,285,87,196
1452,288,82,191
1450,288,81,191
1448,288,80,191
1446,288,79,191
1444,288,78,191
1442,288,77,191
1440,288,76,191
1438,288,75,191
1436,288,74,191
1434,288,73,191
1432,288,72,191
1430,288,71,191
1428,288,70,191
1426,288,69,191
1424,288,68,191
1428,283,69,191
1425,284,70,190
1422,285,71,189
1419,286,72,188
1416,287,73,187
1413,288,74,186
1410,289,75,185
1407,290,76,184
1404,291,77,183
1401,292,78,182
1398,293,79,181
1395,294,80,180
1392,295,81,179
1389,296,82,178
1386,297,83,177
1380,293,77,176
1377,293,77,176
1374,293,77,176
1371,293,77,176
1368,293,77,176
1365,293,77,176
1362,293,77,176
1359,293,77,176
1356,293,77,176
1353,293,77,176
1350,293,77,176
1347,293,77,176
1344,293,77,176
1341,293,77,176
1338,293,77,176
1330,291,77,175
1327,291,77,175
1324,291,77,175
1321,291,77,175
1318,291,77,175
1315,291,77,175
1312,291,77,175
1309,291,77,175
1306,291,77,175
1303,291,77,175
1300,291,77,175
1297,291,77,175
1294,291,77,175
1291,291,77,175
1288,291,77,175
1284,291,77,177
1282,291,76,177
1280,291,75,177
1278,291,74,177
1276,291,73,177
1274,291,72,177
1272,291,71,177
1270,291,70,177
1268,291,69,177
1266,291,68,177
1264,291,67,177
1262,291,66,177
1260,291,65,177
1258,291,64,177
1256,291,63,177
1260,285,58,180
1257,285,58,180
1254,285,58,180
1251,285,58,180
1248,285,58,180
1245,285,58,180
1242,285,58,180
1239,285,58,180
1236,285,58,180
1233,285,58,180
1230,285,58,180
1227,285,58,180
1224,285,58,180
1221,285,58,180
1218,285,58,180
1215,283,59,182
1212,283,59,182
1209,283,59,182
1206,283,59,182
1203,283,59,182
1200,283,59,182
1197,283,59,182
1194,283,59,182
1191,283,59,182
1188,283,59,182
1185,283,59,182
1182,283,59,182
1179,283,59,182
1176,283,59,182
1173,283,59,182
1171,288,53,177
1168,288,53,177
1165,288,53,177
1162,288,53,177
1159,288,53,177
1156,288,53,177
1153,288,53,177
1150,288,53,177
1147,288,53,177
1144,288,53,177
1141,288,53,177
1138,288,53,177
1135,288,53,177
1132,288,53,177
1129,288,53,177
1125,291,60,175
1122,291,61,175
1119,291,62,175
1116,291,63,175
1113,291,64,175
1110,291,65,175
1107,291,66,175
1104,291,67,175
1101,291,68,175
1098,291,69,175
1095,291,70,175
1092,291,71,175
1089,291,72,175
1086,291,73,175
1083,291,74,175
1086,293,77,173
1083,295,78,171
1080,297,79,169
1077,299,80,167
1074,301,81,165
1071,303,82,163
1068,305,83,161
1065,307,84,159
1062,309,85,157
1059,311,86,155
1056,313,87,153
1053,315,88,151
1050,317,89,149
1047,319,90,147
1044,321,91,145
1036,324,86,144
1034,328,86,140
1032,332,86,136
1030,336,86,132
1028,340,86,128
1026,344,86,124
1024,348,86,120
1022,352,86,116
1020,356,86,112
1018,360,86,108
1016,364,86,104
1014,368,86,100
1012,372,86,96
1010,376,86,92
1008,380,86,88
1010,385,88,84
1008,384,89,85
1006,383,90,86
1004,382,91,87
1002,381,92,88
1000,380,93,89
998,379,94,90
996,378,95,91
994,377,96,92
992,376,97,93
990,375,98,94
988,374,99,95
986,373,100,96
984,372,101,97
982,371,102,98
973,364,107,99
973,366,109,97
973,368,111,95
973,370,113,93
973,372,115,91
973,374,117,89
973,376,119,87
973,378,121,85
973,380,123,83
973,382,125,81
973,384,127,79
973,386,129,77
973,388,131,75
973,390,133,73
973,392,135,71
975,398,131,70
975,398,132,70
975,398,133,70
975,398,134,70
975,398,135,70
975,398,136,70
975,398,137,70
975,398,138,70
975,398,139,70
975,398,140,70
975,398,141,70
975,398,142,70
975,398,143,70
975,398,144,70
975,398,145,70
977,401,143,67
977,401,143,67
977,401,143,67
977,401,143,67
977,401,143,67
977,401,143,67
977,401,143,67
977,401,143,67
977,401,143,67
977,401,143,67
977,401,143,67
977,401,143,67
977,401,143,67
977,401,143,67
977,401,143,67
975,405,147,64
975,405,147,64
975,405,147,64
975,405,147,64
975,405,147,64
975,405,147,64
975,405,147,64
975,405,147,64
975,405,147,64
975,405,147,64
975,405,147,64
975,405,147,64
975,405,147,64
975,405,147,64
975,405,147,64
979,401,141,65
979,401,141,65
979,401,141,65
979,401,141,65
979,401,141,65
979,401,141,65
979,401,141,65
979,401,141,65
979,401,141,65
979,401,141,65
979,401,141,65
979,401,141,65
979,401,141,65
979,401,141,65
979,401,141,65
979,398,141,68
979,398,141,68
979,398,141,68
979,398,141,68
979,398,141,68
979,398,141,68
979,398,141,68
979,398,141,68
979,398,141,68
979,398,141,68
979,398,141,68
979,398,141,68
979,398,141,68
979,398,141,68
979,398,141,68
977,401,143,68
977,401,143,68
977,401,143,68
977,401,143,68
977,401,143,68
977,401,143,68
977,401,143,68
977,401,143,68
977,401,143,68
977,401,143,68
977,401,143,68
977,401,143,68
977,401,143,68
977,401,143,68
977,401,143,68
977,406,147,63
977,406,146,63
977,406,145,63
977,406,144,63
977,406,143,63
977,406,142,63
977,406,141,63
977,406,140,63
977,406,139,63
977,406,138,63
977,406,137,63
977,406,136,63
977,406,135,63
977,406,134,63
977,406,133,63
979,401,139,68
979,401,139,68
979,401,139,68
979,401,139,68
979,401,139,68
979,401,139,68
979,401,139,68
979,401,139,68
979,401,139,68
979,401,139,68
979,401,139,68
979,401,139,68
979,401,139,68
979,401,139,68
979,401,139,68
977,403,141,65
977,403,141,65
977,403,141,65
977,403,141,65
977,403,141,65
977,403,141,65
977,403,141,65
977,403,141,65
977,403,141,65
977,403,141,65
977,403,141,65
977,403,141,65
977,403,141,65
977,403,141,65
977,403,141,65
975,405,143,61
