1561,152,98,262
1559,151,98,262
1557,150,98,262
1555,149,98,262
1553,148,98,262
1551,147,98,262
1549,146,98,262
1547,145,98,262
1545,144,98,262
1543,143,98,262
1541,142,98,262
1539,141,98,262
1537,140,98,262
1535,139,98,262
1533,138,98,262
1525,141,98,256
1522,141,98,256
1519,141,98,256
1516,141,98,256
1513,141,98,256
1510,141,98,256
1507,141,98,256
1504,141,98,256
1501,141,98,256
1498,141,98,256
1495,141,98,256
1492,141,98,256
1489,141,98,256
1486,141,98,256
1483,141,98,256
1475,138,105,263
1473,138,104,262
1471,138,103,261
1469,138,102,260
1467,138,101,259
1465,138,100,258
1463,138,99,257
1461,138,98,256
1459,138,97,255
1457,138,96,254
1455,138,95,253
1453,138,94,252
1451,138,93,251
1449,138,92,250
1447,138,91,249
1452,140,89,242
1449,140,89,243
1446,140,89,244
1443,140,89,245
1440,140,89,246
1437,140,89,247
1434,140,89,248
1431,140,89,249
1428,140,89,250
1425,140,89,251
1422,140,89,252
1419,140,89,253
1416,140,89,254
1413,140,89,255
1410,140,89,256
1413,135,94,251
1408,135,95,250
1403,135,96,249
1398,135,97,248
1393,135,98,247
1388,135,99,246
1383,135,100,245
1378,135,101,244
1373,135,102,243
1368,135,103,242
1363,135,104,241
1358,135,105,240
1353,135,106,239
1348,135,107,238
1343,135,108,237
1336,133,113,242
1334,132,112,242
1332,131,111,242
1330,130,110,242
1328,129,109,242
1326,128,108,242
1324,127,107,242
1322,126,106,242
1320,125,105,242
1318,124,104,242
1316,123,103,242
1314,122,102,242
1312,121,101,242
1310,120,100,242
1308,119,99,242
1299,123,104,241
1298,122,102,241
1297,121,100,241
1296,120,98,241
1295,119,96,241
1294,118,94,241
1293,117,92,241
1292,116,90,241
1291,115,88,241
1290,114,86,241
1289,113,84,241
1288,112,82,241
1287,111,80,241
1286,110,78,241
1285,109,76,241
1286,111,76,246
1282,111,78,246
1278,111,80,246
1274,111,82,246
1270,111,84,246
1266,111,86,246
1262,111,88,246
1258,111,90,246
1254,111,92,246
1250,111,94,246
1246,111,96,246
1242,111,98,246
1238,111,100,246
1234,111,102,246
1230,111,104,246
1226,111,100,241
1222,111,100,241
1218,111,100,241
1214,111,100,241
1210,111,100,241
1206,111,100,241
1202,111,100,241
1198,111,100,241
1194,111,100,241
1190,111,100,241
1186,111,100,241
1182,111,100,241
1178,111,100,241
1174,111,100,241
1170,111,100,241
1164,106,97,242
1163,106,95,242
1162,106,93,242
1161,106,91,242
1160,106,89,242
1159,106,87,242
1158,106,85,242
1157,106,83,242
1156,106,81,242
1155,106,79,242
1154,106,77,242
1153,106,75,242
1152,106,73,242
1151,106,71,242
1150,106,69,242
1147,103,65,235
1143,103,67,235
1139,103,69,235
1135,103,71,235
1131,103,73,235
1127,103,75,235
1123,103,77,235
1119,103,79,235
1115,103,81,235
1111,103,83,235
1107,103,85,235
1103,103,87,235
1099,103,89,235
1095,103,91,235
1091,103,93,235
1089,106,97,232
1085,106,97,232
1081,106,97,232
1077,106,97,232
1073,106,97,232
1069,106,97,232
1065,106,97,232
1061,106,97,232
1057,106,97,232
1053,106,97,232
1049,106,97,232
1045,106,97,232
1041,106,97,232
1037,106,97,232
1033,106,97,232
1031,108,99,230
1030,108,97,230
1029,108,95,230
1028,108,93,230
1027,108,91,230
1026,108,89,230
1025,108,87,230
1024,108,85,230
1023,108,83,230
1022,108,81,230
1021,108,79,230
1020,108,77,230
1019,108,75,230
1018,108,73,230
1017,108,71,230
1013,103,66,235
1009,105,69,232
1005,107,72,229
1001,109,75,226
997,111,78,223
993,113,81,220
989,115,84,217
985,117,87,214
981,119,90,211
977,121,93,208
973,123,96,205
969,125,99,202
965,127,102,199
961,129,105,196
957,131,108,193
947,136,114,197
944,141,115,192
941,146,116,187
938,151,117,182
935,156,118,177
932,161,119,172
929,166,120,167
926,171,121,162
923,176,122,157
920,181,123,152
917,186,124,147
914,191,125,142
911,196,126,137
908,201,127,132
905,206,128,127
904,207,136,123
901,208,138,121
898,209,140,119
895,210,142,117
892,211,144,115
889,212,146,113
886,213,148,111
883,214,150,109
880,215,152,107
877,216,154,105
874,217,156,103
871,218,158,101
868,219,160,99
865,220,162,97
862,221,164,95
861,221,164,97
861,220,163,98
861,219,162,99
861,218,161,100
861,217,160,101
861,216,159,102
861,215,158,103
861,214,157,104
861,213,156,105
861,212,155,106
861,211,154,107
861,210,153,108
861,209,152,109
861,208,151,110
861,207,150,111
858,200,156,118
858,203,158,116
858,206,160,114
858,209,162,112
858,212,164,110
858,215,166,108
858,218,168,106
858,221,170,104
858,224,172,102
858,227,174,100
858,230,176,98
858,233,178,96
858,236,180,94
858,239,182,92
858,242,184,90
861,241,190,91
861,241,190,91
861,241,190,91
861,241,190,91
861,241,190,91
861,241,190,91
861,241,190,91
861,241,190,91
861,241,190,91
861,241,190,91
861,241,190,91
861,241,190,91
861,241,190,91
861,241,190,91
861,241,190,91
859,244,194,89
859,244,194,89
859,244,194,89
859,244,194,89
859,244,194,89
859,244,194,89
859,244,194,89
859,244,194,89
859,244,194,89
859,244,194,89
859,244,194,89
859,244,194,89
859,244,194,89
859,244,194,89
859,244,194,89
856,248,195,87
856,248,195,87
856,248,195,87
856,248,195,87
856,248,195,87
856,248,195,87
856,248,195,87
856,248,195,87
856,248,195,87
856,248,195,87
856,248,195,87
856,248,195,87
856,248,195,87
856,248,195,87
856,248,195,87
856,243,195,92
856,243,195,92
856,243,195,92
856,243,195,92
856,243,195,92
856,243,195,92
856,243,195,92
856,243,195,92
856,243,195,92
856,243,195,92
856,243,195,92
856,243,195,92
856,243,195,92
856,243,195,92
856,243,195,92
859,248,192,85
859,248,192,85
859,248,192,85
859,248,192,85
859,248,192,85
859,248,192,85
859,248,192,85
859,248,192,85
859,248,192,85
859,248,192,85
859,248,192,85
859,248,192,85
859,248,192,85
859,248,192,85
859,248,192,85
861,248,190,84
861,248,190,84
861,248,190,84
861,248,190,84
861,248,190,84
861,248,190,84
861,248,190,84
861,248,190,84
861,248,190,84
861,248,190,84
861,248,190,84
861,248,190,84
861,248,190,84
861,248,190,84
861,248,190,84
856,246,193,86
856,246,193,86
856,246,193,86
856,246,193,86
856,246,193,86
856,246,193,86
856,246,193,86
856,246,193,86
856,246,193,86
856,246,193,86
856,246,193,86
856,246,193,86
856,246,193,86
856,246,193,86
856,246,193,86
859,249,194,86
859,249,194,86
859,249,194,86
859,249,194,86
859,249,194,86
859,249,194,86
859,249,194,86
859,249,194,86
859,249,194,86
859,249,194,86
859,249,194,86
859,249,194,86
859,249,194,86
859,249,194,86
859,249,194,86
859,248,196,85
859,248,196,85
859,248,196,85
859,248,196,85
859,248,196,85
859,248,196,85
859,248,196,85
859,248,196,85
859,248,196,85
859,248,196,85
859,248,196,85
859,248,196,85
859,248,196,85
859,248,196,85
859,248,196,85
858,243,193,92
858,243,193,92
858,243,193,92
858,243,193,92
858,243,193,92
858,243,193,92
858,243,193,92
858,243,193,92
858,243,193,92
858,243,193,92
858,243,193,92
858,243,193,92
858,243,193,92
858,243,193,92
858,243,193,92
856,246,197,89
856,246,197,89
856,246,197,89
856,246,197,89
856,246,197,89
856,246,197,89
856,246,197,89
856,246,197,89
856,246,197,89
856,246,197,89
856,246,197,89
856,246,197,89
856,246,197,89
856,246,197,89
856,246,197,89
859,246,190,89
859,246,190,89
859,246,190,89
859,246,190,89
859,246,190,89
859,246,190,89
859,246,190,89
859,246,190,89
859,246,190,89
859,246,190,89
859,246,190,89
859,246,190,89
859,246,190,89
859,246,190,89
859,246,190,89
859,246,190,86
