1465,128,106,256
1460,128,106,256
1455,128,106,256
1450,128,106,256
1445,128,106,256
1440,128,106,256
1435,128,106,256
1430,128,106,256
1425,128,106,256
1420,128,106,256
1415,128,106,256
1410,128,106,256
1405,128,106,256
1400,128,106,256
1395,128,106,256
1395,122,104,256
1393,121,102,256
1391,120,100,256
1389,119,98,256
1387,118,96,256
1385,117,94,256
1383,116,92,256
1381,115,90,256
1379,114,88,256
1377,113,86,256
1375,112,84,256
1373,111,82,256
1371,110,80,256
1369,109,78,256
1367,108,76,256
1368,108,67,261
1363,108,69,261
1358,108,71,261
1353,108,73,261
1348,108,75,261
1343,108,77,261
1338,108,79,261
1333,108,81,261
1328,108,83,261
1323,108,85,261
1318,108,87,261
1313,108,89,261
1308,108,91,261
1303,108,93,261
1298,108,95,261
1298,110,102,256
1293,109,103,256
1288,108,104,256
1283,107,105,256
1278,106,106,256
1273,105,107,256
1268,104,108,256
1263,103,109,256
1258,102,110,256
1253,101,111,256
1248,100,112,256
1243,99,113,256
1238,98,114,256
1233,97,115,256
1228,96,116,256
1218,102,120,256
1214,102,120,255
1210,102,120,254
1206,102,120,253
1202,102,120,252
1198,102,120,251
1194,102,120,250
1190,102,120,249
1186,102,120,248
1182,102,120,247
1178,102,120,246
1174,102,120,245
1170,102,120,244
1166,102,120,243
1162,102,120,242
1154,102,114,247
1152,102,111,247
1150,102,108,247
1148,102,105,247
1146,102,102,247
1144,102,99,247
1142,102,96,247
1140,102,93,247
1138,102,90,247
1136,102,87,247
1134,102,84,247
1132,102,81,247
1130,102,78,247
1128,102,75,247
1126,102,72,247
1125,96,76,245
1120,96,78,245
1115,96,80,245
1110,96,82,245
1105,96,84,245
1100,96,86,245
1095,96,88,245
1090,96,90,245
1085,96,92,245
1080,96,94,245
1075,96,96,245
1070,96,98,245
1065,96,100,245
1060,96,102,245
1055,96,104,245
1053,93,110,250
1049,93,110,249
1045,93,110,248
1041,93,110,247
1037,93,110,246
1033,93,110,245
1029,93,110,244
1025,93,110,243
1021,93,110,242
1017,93,110,241
1013,93,110,240
1009,93,110,239
1005,93,110,238
1001,93,110,237
997,93,110,236
991,92,111,240
988,92,110,240
985,92,109,240
982,92,108,240
979,92,107,240
976,92,106,240
973,92,105,240
970,92,104,240
967,92,103,240
964,92,102,240
961,92,101,240
958,92,100,240
955,92,99,240
952,92,98,240
949,92,97,240
946,87,98,240
943,87,97,240
940,87,96,240
937,87,95,240
934,87,94,240
931,87,93,240
928,87,92,240
925,87,91,240
922,87,90,240
919,87,89,240
916,87,88,240
913,87,87,240
910,87,86,240
907,87,85,240
904,87,84,240
907,85,77,242
903,85,78,242
899,85,79,242
895,85,80,242
891,85,81,242
887,85,82,242
883,85,83,242
879,85,84,242
875,85,85,242
871,85,86,242
867,85,87,242
863,85,88,242
859,85,89,242
855,85,90,242
851,85,91,242
853,84,92,239
849,84,92,239
845,84,92,239
841,84,92,239
837,84,92,239
833,84,92,239
829,84,92,239
825,84,92,239
821,84,92,239
817,84,92,239
813,84,92,239
809,84,92,239
805,84,92,239
801,84,92,239
797,84,92,239
787,82,98,239
784,82,97,239
781,82,96,239
778,82,95,239
775,82,94,239
772,82,93,239
769,82,92,239
766,82,91,239
763,82,90,239
760,82,89,239
757,82,88,239
754,82,87,239
751,82,86,239
748,82,85,239
745,82,84,239
748,78,84,239
746,78,83,239
744,78,82,239
742,78,81,239
740,78,80,239
738,78,79,239
736,78,78,239
734,78,77,239
732,78,76,239
730,78,75,239
728,78,74,239
726,78,73,239
724,78,72,239
722,78,71,239
720,78,70,239
711,78,73,236
707,78,74,236
703,78,75,236
699,78,76,236
695,78,77,236
691,78,78,236
687,78,79,236
683,78,80,236
679,78,81,236
675,78,82,236
671,78,83,236
667,78,84,236
663,78,85,236
659,78,86,236
655,78,87,236
658,85,83,229
656,86,83,228
654,87,83,227
652,88,83,226
650,89,83,225
648,90,83,224
646,91,83,223
644,92,83,222
642,93,83,221
640,94,83,220
638,95,83,219
636,96,83,218
634,97,83,217
632,98,83,216
630,99,83,215
621,96,83,208
619,100,85,204
617,104,87,200
615,108,89,196
613,112,91,192
611,116,93,188
609,120,95,184
607,124,97,180
605,128,99,176
603,132,101,172
601,136,103,168
599,140,105,164
597,144,107,160
595,148,109,156
593,152,111,152
590,151,112,153
592,154,110,150
594,157,108,147
596,160,106,144
598,163,104,141
600,166,102,138
602,169,100,135
604,172,98,132
606,175,96,129
608,178,94,126
610,181,92,123
612,184,90,120
614,187,88,117
616,190,86,114
618,193,84,111
619,196,83,101
618,193,87,104
617,190,91,107
616,187,95,110
615,184,99,113
614,181,103,116
613,178,107,119
612,175,111,122
611,172,115,125
610,169,119,128
609,166,123,131
608,163,127,134
607,160,131,137
606,157,135,140
605,154,139,143
606,151,150,146
606,156,153,141
606,161,156,136
606,166,159,131
606,171,162,126
606,176,165,121
606,181,168,116
606,186,171,111
606,191,174,106
606,196,177,101
606,201,180,96
606,206,183,91
606,211,186,86
606,216,189,81
606,221,192,76
600,228,201,78
600,229,201,77
600,230,201,76
600,231,201,75
600,232,201,74
600,233,201,73
600,234,201,72
600,235,201,71
600,236,201,70
600,237,201,69
600,238,201,68
600,239,201,67
600,240,201,66
600,241,201,65
600,242,201,64
598,239,201,68
598,239,201,68
598,239,201,68
598,239,201,68
598,239,201,68
598,239,201,68
598,239,201,68
598,239,201,68
598,239,201,68
598,239,201,68
598,239,201,68
598,239,201,68
598,239,201,68
598,239,201,68
598,239,201,68
596,243,195,63
596,243,195,63
596,243,195,63
596,243,195,63
596,243,195,63
596,243,195,63
596,243,195,63
596,243,195,63
596,243,195,63
596,243,195,63
596,243,195,63
596,243,195,63
596,243,195,63
596,243,195,63
596,243,195,63
598,245,193,62
598,245,193,62
598,245,193,62
598,245,193,62
598,245,193,62
598,245,193,62
598,245,193,62
598,245,193,62
598,245,193,62
598,245,193,62
598,245,193,62
598,245,193,62
598,245,193,62
598,245,193,62
598,245,193,62
598,242,193,61
598,242,193,61
598,242,193,61
598,242,193,61
598,242,193,61
598,242,193,61
598,242,193,61
598,242,193,61
598,242,193,61
598,242,193,61
598,242,193,61
598,242,193,61
598,242,193,61
598,242,193,61
598,242,193,61
596,245,197,59
596,245,197,59
596,245,197,59
596,245,197,59
596,245,197,59
596,245,197,59
596,245,197,59
596,245,197,59
596,245,197,59
596,245,197,59
596,245,197,59
596,245,197,59
596,245,197,59
596,245,197,59
596,245,197,59
592,243,203,61
592,243,203,61
592,243,203,61
592,243,203,61
592,243,203,61
592,243,203,61
592,243,203,61
592,243,203,61
592,243,203,61
592,243,203,61
592,243,203,61
592,243,203,61
592,243,203,61
592,243,203,61
592,243,203,61
594,243,197,61
594,243,197,61
594,243,197,61
594,243,197,61
594,243,197,61
594,243,197,61
594,243,197,61
594,243,197,61
594,243,197,61
594,243,197,61
594,243,197,61
594,243,197,61
594,243,197,61
594,243,197,61
594,243,197,61
596,245,201,61
596,245,201,61
596,245,201,61
596,245,201,61
596,245,201,61
596,245,201,61
596,245,201,61
596,245,201,61
596,245,201,61
596,245,201,61
596,245,201,61
596,245,201,61
596,245,201,61
596,245,201,61
596,245,201,61
596,247,197,56
596,247,197,56
596,247,197,56
596,247,197,56
596,247,197,56
596,247,197,56
596,247,197,56
596,247,197,56
596,247,197,56
596,247,197,56
596,247,197,56
596,247,197,56
596,247,197,56
596,247,197,56
596,247,197,56
600,247,195,56
