1461,274,59,198
1457,274,60,197
1453,274,61,196
1449,274,62,195
1445,274,63,194
1441,274,64,193
1437,274,65,192
1433,274,66,191
1429,274,67,190
1425,274,68,189
1421,274,69,188
1417,274,70,187
1413,274,71,186
1409,274,72,185
1405,274,73,184
1398,280,69,187
1394,280,69,187
1390,280,69,187
1386,280,69,187
1382,280,69,187
1378,280,69,187
1374,280,69,187
1370,280,69,187
1366,280,69,187
1362,280,69,187
1358,280,69,187
1354,280,69,187
1350,280,69,187
1346,280,69,187
1342,280,69,187
1345,283,68,187
1341,283,68,187
1337,283,68,187
1333,283,68,187
1329,283,68,187
1325,283,68,187
1321,283,68,187
1317,283,68,187
1313,283,68,187
1309,283,68,187
1305,283,68,187
1301,283,68,187
1297,283,68,187
1293,283,68,187
1289,283,68,187
1291,281,71,191
1287,281,71,191
1283,281,71,191
1279,281,71,191
1275,281,71,191
1271,281,71,191
1267,281,71,191
1263,281,71,191
1259,281,71,191
1255,281,71,191
1251,281,71,191
1247,281,71,191
1243,281,71,191
1239,281,71,191
1235,281,71,191
1233,286,67,192
1229,286,68,192
1225,286,69,192
1221,286,70,192
1217,286,71,192
1213,286,72,192
1209,286,73,192
1205,286,74,192
1201,286,75,192
1197,286,76,192
1193,286,77,192
1189,286,78,192
1185,286,79,192
1181,286,80,192
1177,286,81,192
1178,288,75,185
1175,288,75,185
1172,288,75,185
1169,288,75,185
1166,288,75,185
1163,288,75,185
1160,288,75,185
1157,288,75,185
1154,288,75,185
1151,288,75,185
1148,288,75,185
1145,288,75,185
1142,288,75,185
1139,288,75,185
1136,288,75,185
1126,286,70,190
1122,285,71,190
1118,284,72,190
1114,283,73,190
1110,282,74,190
1106,281,75,190
1102,280,76,190
1098,279,77,190
1094,278,78,190
1090,277,79,190
1086,276,80,190
1082,275,81,190
1078,274,82,190
1074,273,83,190
1070,272,84,190
1069,278,80,195
1065,278,80,195
1061,278,80,195
1057,278,80,195
1053,278,80,195
1049,278,80,195
1045,278,80,195
1041,278,80,195
1037,278,80,195
1033,278,80,195
1029,278,80,195
1025,278,80,195
1021,278,80,195
1017,278,80,195
1013,278,80,195
1015,283,84,190
1012,282,84,191
1009,281,84,192
1006,280,84,193
1003,279,84,194
1000,278,84,195
997,277,84,196
994,276,84,197
991,275,84,198
988,274,84,199
985,273,84,200
982,272,84,201
979,271,84,202
976,270,84,203
973,269,84,204
972,275,86,206
968,275,86,205
964,275,86,204
960,275,86,203
956,275,86,202
952,275,86,201
948,275,86,200
944,275,86,199
940,275,86,198
936,275,86,197
932,275,86,196
928,275,86,195
924,275,86,194
920,275,86,193
916,275,86,192
918,281,83,192
915,281,82,192
912,281,81,192
909,281,80,192
906,281,79,192
903,281,78,192
900,281,77,192
897,281,76,192
894,281,75,192
891,281,74,192
888,281,73,192
885,281,72,192
882,281,71,192
879,281,70,192
876,281,69,192
879,286,72,189
876,286,72,190
873,286,72,191
870,286,72,192
867,286,72,193
864,286,72,194
861,286,72,195
858,286,72,196
855,286,72,197
852,286,72,198
849,286,72,199
846,286,72,200
843,286,72,201
840,286,72,202
837,286,72,203
829,280,78,198
827,281,77,197
825,282,76,196
823,283,75,195
821,284,74,194
819,285,73,193
817,286,72,192
815,287,71,191
813,288,70,190
811,289,69,189
809,290,68,188
807,291,67,187
805,292,66,186
803,293,65,185
801,294,64,184
797,295,69,187
796,299,71,182
795,303,73,177
794,307,75,172
793,311,77,167
792,315,79,162
791,319,81,157
790,323,83,152
789,327,85,147
788,331,87,142
787,335,89,137
786,339,91,132
785,343,93,127
784,347,95,122
783,351,97,117
787,353,106,117
788,355,105,115
789,357,104,113
790,359,103,111
791,361,102,109
792,363,101,107
793,365,100,105
794,367,99,103
795,369,98,101
796,371,97,99
797,373,96,97
798,375,95,95
799,377,94,93
800,379,93,91
801,381,92,89
797,379,88,86
798,381,88,85
799,383,88,84
800,385,88,83
801,387,88,82
802,389,88,81
803,391,88,80
804,393,88,79
805,395,88,78
806,397,88,77
807,399,88,76
808,401,88,75
809,403,88,74
810,405,88,73
811,407,88,72
816,402,82,65
815,403,85,64
814,404,88,63
813,405,91,62
812,406,94,61
811,407,97,60
810,408,100,59
809,409,103,58
808,410,106,57
807,411,109,56
806,412,112,55
805,413,115,54
804,414,118,53
803,415,121,52
802,416,124,51
797,412,130,55
797,412,130,55
797,412,130,55
797,412,130,55
797,412,130,55
797,412,130,55
797,412,130,55
797,412,130,55
797,412,130,55
797,412,130,55
797,412,130,55
797,412,130,55
797,412,130,55
797,412,130,55
797,412,130,55
795,416,131,56
795,416,130,56
795,416,129,56
795,416,128,56
795,416,127,56
795,416,126,56
795,416,125,56
795,416,124,56
795,416,123,56
795,416,122,56
795,416,121,56
795,416,120,56
795,416,119,56
795,416,118,56
795,416,117,56
797,419,120,53
797,419,120,53
797,419,120,53
797,419,120,53
797,419,120,53
797,419,120,53
797,419,120,53
797,419,120,53
797,419,120,53
797,419,120,53
797,419,120,53
797,419,120,53
797,419,120,53
797,419,120,53
797,419,120,53
799,418,116,57
799,418,117,57
799,418,118,57
799,418,119,57
799,418,120,57
799,418,121,57
799,418,122,57
799,418,123,57
799,418,124,57
799,418,125,57
799,418,126,57
799,418,127,57
799,418,128,57
799,418,129,57
799,418,130,57
792,418,134,58
792,418,134,58
792,418,134,58
792,418,134,58
792,418,134,58
792,418,134,58
792,418,134,58
792,418,134,58
792,418,134,58
792,418,134,58
792,418,134,58
792,418,134,58
792,418,134,58
792,418,134,58
792,418,134,58
797,416,127,54
797,416,127,54
797,416,127,54
797,416,127,54
797,416,127,54
797,416,127,54
797,416,127,54
797,416,127,54
797,416,127,54
797,416,127,54
797,416,127,54
797,416,127,54
797,416,127,54
797,416,127,54
797,416,127,54
792,412,134,60
