1389,109,79,257
1385,109,82,256
1381,109,85,255
1377,109,88,254
1373,109,91,253
1369,109,94,252
1365,109,97,251
1361,109,100,250
1357,109,103,249
1353,109,106,248
1349,109,109,247
1345,109,112,246
1341,109,115,245
1337,109,118,244
1333,109,121,243
1332,114,119,239
1330,113,118,239
1328,112,117,239
1326,111,116,239
1324,110,115,239
1322,109,114,239
1320,108,113,239
1318,107,112,239
1316,106,111,239
1314,105,110,239
1312,104,109,239
1310,103,108,239
1308,102,107,239
1306,101,106,239
1304,100,105,239
1302,106,101,242
1300,106,101,242
1298,106,101,242
1296,106,101,242
1294,106,101,242
1292,106,101,242
1290,106,101,242
1288,106,101,242
1286,106,101,242
1284,106,101,242
1282,106,101,242
1280,106,101,242
1278,106,101,242
1276,106,101,242
1274,106,101,242
1267,101,104,245
1264,101,105,245
1261,101,106,245
1258,101,107,245
1255,101,108,245
1252,101,109,245
1249,101,110,245
1246,101,111,245
1243,101,112,245
1240,101,113,245
1237,101,114,245
1234,101,115,245
1231,101,116,245
1228,101,117,245
1225,101,118,245
1216,101,113,242
1214,101,111,243
1212,101,109,244
1210,101,107,245
1208,101,105,246
1206,101,103,247
1204,101,101,248
1202,101,99,249
1200,101,97,250
1198,101,95,251
1196,101,93,252
1194,101,91,253
1192,101,89,254
1190,101,87,255
1188,101,85,256
1190,94,80,251
1187,94,80,251
1184,94,80,251
1181,94,80,251
1178,94,80,251
1175,94,80,251
1172,94,80,251
1169,94,80,251
1166,94,80,251
1163,94,80,251
1160,94,80,251
1157,94,80,251
1154,94,80,251
1151,94,80,251
1148,94,80,251
1152,92,82,251
1149,93,82,250
1146,94,82,249
1143,95,82,248
1140,96,82,247
1137,97,82,246
1134,98,82,245
1131,99,82,244
1128,100,82,243
1125,101,82,242
1122,102,82,241
1119,103,82,240
1116,104,82,239
1113,105,82,238
1110,106,82,237
1104,101,88,236
1100,101,89,235
1096,101,90,234
1092,101,91,233
1088,101,92,232
1084,101,93,231
1080,101,94,230
1076,101,95,229
1072,101,96,228
1068,101,97,227
1064,101,98,226
1060,101,99,225
1056,101,100,224
1052,101,101,223
1048,101,102,222
1043,104,100,226
1040,108,102,223
1037,112,104,220
1034,116,106,217
1031,120,108,214
1028,124,110,211
1025,128,112,208
1022,132,114,205
1019,136,116,202
1016,140,118,199
1013,144,120,196
1010,148,122,193
1007,152,124,190
1004,156,126,187
1001,160,128,184
992,158,134,174
990,162,134,171
988,166,134,168
986,170,134,165
984,174,134,162
982,178,134,159
980,182,134,156
978,186,134,153
976,190,134,150
974,194,134,147
972,198,134,144
970,202,134,141
968,206,134,138
966,210,134,135
964,214,134,132
961,213,140,124
958,213,142,123
955,213,144,122
952,213,146,121
949,213,148,120
946,213,150,119
943,213,152,118
940,213,154,117
937,213,156,116
934,213,158,115
931,213,160,114
928,213,162,113
925,213,164,112
922,213,166,111
919,213,168,110
918,210,174,110
916,211,178,110
914,212,182,110
912,213,186,110
910,214,190,110
908,215,194,110
906,216,198,110
904,217,202,110
902,218,206,110
900,219,210,110
898,220,214,110
896,221,218,110
894,222,222,110
892,223,226,110
890,224,230,110
885,223,229,107
885,225,229,104
885,227,229,101
885,229,229,98
885,231,229,95
885,233,229,92
885,235,229,89
885,237,229,86
885,239,229,83
885,241,229,80
885,243,229,77
885,245,229,74
885,247,229,71
885,249,229,68
885,251,229,65
878,257,225,68
880,257,224,68
882,257,223,68
884,257,222,68
886,257,221,68
888,257,220,68
890,257,219,68
892,257,218,68
894,257,217,68
896,257,216,68
898,257,215,68
900,257,214,68
902,257,213,68
904,257,212,68
906,257,211,68
901,261,212,64
900,261,212,64
899,261,212,64
898,261,212,64
897,261,212,64
896,261,212,64
895,261,212,64
894,261,212,64
893,261,212,64
892,261,212,64
891,261,212,64
890,261,212,64
889,261,212,64
888,261,212,64
887,261,212,64
893,261,216,66
893,261,216,66
893,261,216,66
893,261,216,66
893,261,216,66
893,261,216,66
893,261,216,66
893,261,216,66
893,261,216,66
893,261,216,66
893,261,216,66
893,261,216,66
893,261,216,66
893,261,216,66
893,261,216,66
895,264,214,61
895,264,214,61
895,264,214,61
895,264,214,61
895,264,214,61
895,264,214,61
895,264,214,61
895,264,214,61
895,264,214,61
895,264,214,61
895,264,214,61
895,264,214,61
895,264,214,61
895,264,214,61
895,264,214,61
895,262,214,62
895,262,215,62
895,262,216,62
895,262,217,62
895,262,218,62
895,262,219,62
895,262,220,62
895,262,221,62
895,262,222,62
895,262,223,62
895,262,224,62
895,262,225,62
895,262,226,62
895,262,227,62
895,262,228,62
891,264,223,61
891,264,223,61
891,264,223,61
891,264,223,61
891,264,223,61
891,264,223,61
891,264,223,61
891,264,223,61
891,264,223,61
891,264,223,61
891,264,223,61
891,264,223,61
891,264,223,61
891,264,223,61
891,264,223,61
895,264,216,60
895,264,215,60
895,264,214,60
895,264,213,60
895,264,212,60
895,264,211,60
895,264,210,60
895,264,209,60
895,264,208,60
895,264,207,60
895,264,206,60
895,264,205,60
895,264,204,60
895,264,203,60
895,264,202,60
902,264,207,61
902,264,207,61
902,264,207,61
902,264,207,61
902,264,207,61
902,264,207,61
902,264,207,61
902,264,207,61
902,264,207,61
902,264,207,61
902,264,207,61
902,264,207,61
902,264,207,61
902,264,207,61
902,264,207,61
899,264,210,61
898,264,211,61
897,264,212,61
896,264,213,61
895,264,214,61
894,264,215,61
893,264,216,61
892,264,217,61
891,264,218,61
890,264,219,61
889,264,220,61
888,264,221,61
887,264,222,61
886,264,223,61
885,264,224,61
889,262,218,63
890,262,218,63
891,262,218,63
892,262,218,63
893,262,218,63
894,262,218,63
895,262,218,63
896,262,218,63
897,262,218,63
898,262,218,63
899,262,218,63
900,262,218,63
901,262,218,63
902,262,218,63
903,262,218,63
899,262,215,65
899,262,214,65
899,262,213,65
899,262,212,65
899,262,211,65
899,262,210,65
899,262,209,65
899,262,208,65
899,262,207,65
899,262,206,65
899,262,205,65
899,262,204,65
899,262,203,65
899,262,202,65
899,262,201,65
902,265,205,59
902,265,206,59
902,265,207,59
902,265,208,59
902,265,209,59
902,265,210,59
902,265,211,59
902,265,212,59
902,265,213,59
902,265,214,59
902,265,215,59
902,265,216,59
902,265,217,59
902,265,218,59
902,265,219,59
897,264,214,63
897,264,214,63
897,264,214,63
897,264,214,63
897,264,214,63
897,264,214,63
897,264,214,63
897,264,214,63
897,264,214,63
897,264,214,63
897,264,214,63
897,264,214,63
897,264,214,63
897,264,214,63
897,264,214,63
901,265,213,62
901,265,213,62
901,265,213,62
901,265,213,62
901,265,213,62
901,265,213,62
901,265,213,62
901,265,213,62
901,265,213,62
901,265,213,62
901,265,213,62
901,265,213,62
901,265,213,62
901,265,213,62
901,265,213,62
897,264,214,63
897,264,214,63
897,264,214,63
897,264,214,63
897,264,214,63
897,264,214,63
897,264,214,63
897,264,214,63
897,264,214,63
897,264,214,63
897,264,214,63
897,264,214,63
897,264,214,63
897,264,214,63
897,264,214,63
895,262,212,63
895,262,211,63
895,262,210,63
895,262,209,63
895,262,208,63
895,262,207,63
895,262,206,63
895,262,205,63
895,262,204,63
895,262,203,63
895,262,202,63
895,262,201,63
895,262,200,63
895,262,199,63
895,262,198,63
902,261,201,66
902,261,201,66
902,261,201,66
902,261,201,66
902,261,201,66
902,261,201,66
902,261,201,66
902,261,201,66
902,261,201,66
902,261,201,66
902,261,201,66
902,261,201,66
902,261,201,66
902,261,201,66
902,261,201,66
902,262,207,68
