1313,217,68,174
1311,217,67,173
1309,217,66,172
1307,217,65,171
1305,217,64,170
1303,217,63,169
1301,217,62,168
1299,217,61,167
1297,217,60,166
1295,217,59,165
1293,217,58,164
1291,217,57,163
1289,217,56,162
1287,217,55,161
1285,217,54,160
1290,222,58,161
1288,221,58,161
1286,220,58,161
1284,219,58,161
1282,218,58,161
1280,217,58,161
1278,216,58,161
1276,215,58,161
1274,214,58,161
1272,213,58,161
1270,212,58,161
1268,211,58,161
1266,210,58,161
1264,209,58,161
1262,208,58,161
1253,212,65,167
1251,212,65,168
1249,212,65,169
1247,212,65,170
1245,212,65,171
1243,212,65,172
1241,212,65,173
1239,212,65,174
1237,212,65,175
1235,212,65,176
1233,212,65,177
1231,212,65,178
1229,212,65,179
1227,212,65,180
1225,212,65,181
1228,206,69,180
1226,207,69,179
1224,208,69,178
1222,209,69,177
1220,210,69,176
1218,211,69,175
1216,212,69,174
1214,213,69,173
1212,214,69,172
1210,215,69,171
1208,216,69,170
1206,217,69,169
1204,218,69,168
1202,219,69,167
1200,220,69,166
1200,222,68,162
1198,221,67,163
1196,220,66,164
1194,219,65,165
1192,218,64,166
1190,217,63,167
1188,216,62,168
1186,215,61,169
1184,214,60,170
1182,213,59,171
1180,212,58,172
1178,211,57,173
1176,210,56,174
1174,209,55,175
1172,208,54,176
1176,209,53,170
1174,210,54,169
1172,211,55,168
1170,212,56,167
1168,213,57,166
1166,214,58,165
1164,215,59,164
1162,216,60,163
1160,217,61,162
1158,218,62,161
1156,219,63,160
1154,220,64,159
1152,221,65,158
1150,222,66,157
1148,223,67,156
1150,220,70,161
1149,219,69,162
1148,218,68,163
1147,217,67,164
1146,216,66,165
1145,215,65,166
1144,214,64,167
1143,213,63,168
1142,212,62,169
1141,211,61,170
1140,210,60,171
1139,209,59,172
1138,208,58,173
1137,207,57,174
1136,206,56,175
1128,203,51,170
1126,204,51,169
1124,205,51,168
1122,206,51,167
1120,207,51,166
1118,208,51,165
1116,209,51,164
1114,210,51,163
1112,211,51,162
1110,212,51,161
1108,213,51,160
1106,214,51,159
1104,215,51,158
1102,216,51,157
1100,217,51,156
1094,217,55,158
1092,217,55,158
1090,217,55,158
1088,217,55,158
1086,217,55,158
1084,217,55,158
1082,217,55,158
1080,217,55,158
1078,217,55,158
1076,217,55,158
1074,217,55,158
1072,217,55,158
1070,217,55,158
1068,217,55,158
1066,217,55,158
1069,223,62,155
1066,223,63,154
1063,223,64,153
1060,223,65,152
1057,223,66,151
1054,223,67,150
1051,223,68,149
1048,223,69,148
1045,223,70,147
1042,223,71,146
1039,223,72,145
1036,223,73,144
1033,223,74,143
1030,223,75,142
1027,223,76,141
1021,230,76,145
1020,232,76,144
1019,234,76,143
1018,236,76,142
1017,238,76,141
1016,240,76,140
1015,242,76,139
1014,244,76,138
1013,246,76,137
1012,248,76,136
1011,250,76,135
1010,252,76,134
1009,254,76,133
1008,256,76,132
1007,258,76,131
1000,255,74,132
998,258,75,128
996,261,76,124
994,264,77,120
992,267,78,116
990,270,79,112
988,273,80,108
986,276,81,104
984,279,82,100
982,282,83,96
980,285,84,92
978,288,85,88
976,291,86,84
974,294,87,80
972,297,88,76
965,297,90,78
963,297,92,78
961,297,94,78
959,297,96,78
957,297,98,78
955,297,100,78
953,297,102,78
951,297,104,78
949,297,106,78
947,297,108,78
945,297,110,78
943,297,112,78
941,297,114,78
939,297,116,78
937,297,118,78
936,300,113,75
936,301,114,74
936,302,115,73
936,303,116,72
936,304,117,71
936,305,118,70
936,306,119,69
936,307,120,68
936,308,121,67
936,309,122,66
936,310,123,65
936,311,124,64
936,312,125,63
936,313,126,62
936,314,127,61
935,310,135,66
935,311,137,66
935,312,139,66
935,313,141,66
935,314,143,66
935,315,145,66
935,316,147,66
935,317,149,66
935,318,151,66
935,319,153,66
935,320,155,66
935,321,157,66
935,322,159,66
935,323,161,66
935,324,163,66
929,324,164,59
930,324,163,58
931,324,162,57
932,324,161,56
933,324,160,55
934,324,159,54
935,324,158,53
936,324,157,52
937,324,156,51
938,324,155,50
939,324,154,49
940,324,153,48
941,324,152,47
942,324,151,46
943,324,150,45
942,329,143,49
942,329,143,49
942,329,143,49
942,329,143,49
942,329,143,49
942,329,143,49
942,329,143,49
942,329,143,49
942,329,143,49
942,329,143,49
942,329,143,49
942,329,143,49
942,329,143,49
942,329,143,49
942,329,143,49
940,329,149,55
940,329,149,55
940,329,149,55
940,329,149,55
940,329,149,55
940,329,149,55
940,329,149,55
940,329,149,55
940,329,149,55
940,329,149,55
940,329,149,55
940,329,149,55
940,329,149,55
940,329,149,55
940,329,149,55
935,329,156,52
935,329,156,52
935,329,156,52
935,329,156,52
935,329,156,52
935,329,156,52
935,329,156,52
935,329,156,52
935,329,156,52
935,329,156,52
935,329,156,52
935,329,156,52
935,329,156,52
935,329,156,52
935,329,156,52
938,330,149,48
938,330,150,48
938,330,151,48
938,330,152,48
938,330,153,48
938,330,154,48
938,330,155,48
938,330,156,48
938,330,157,48
938,330,158,48
938,330,159,48
938,330,160,48
938,330,161,48
938,330,162,48
938,330,163,48
938,330,161,48
938,330,160,48
938,330,159,48
938,330,158,48
938,330,157,48
938,330,156,48
938,330,155,48
938,330,154,48
938,330,153,48
938,330,152,48
938,330,151,48
938,330,150,48
938,330,149,48
938,330,148,48
938,330,147,48
936,327,153,54
936,327,153,54
936,327,153,54
936,327,153,54
936,327,153,54
936,327,153,54
936,327,153,54
936,327,153,54
936,327,153,54
936,327,153,54
936,327,153,54
936,327,153,54
936,327,153,54
936,327,153,54
936,327,153,54
938,332,159,49
938,332,159,50
938,332,159,51
938,332,159,52
938,332,159,53
938,332,159,54
938,332,159,55
938,332,159,56
938,332,159,57
938,332,159,58
938,332,159,59
938,332,159,60
938,332,159,61
938,332,159,62
938,332,159,63
940,329,153,57
940,329,153,57
940,329,153,57
940,329,153,57
940,329,153,57
940,329,153,57
940,329,153,57
940,329,153,57
940,329,153,57
940,329,153,57
940,329,153,57
940,329,153,57
940,329,153,57
940,329,153,57
940,329,153,57
935,330,156,51
935,330,156,51
935,330,156,51
935,330,156,51
935,330,156,51
935,330,156,51
935,330,156,51
935,330,156,51
935,330,156,51
935,330,156,51
935,330,156,51
935,330,156,51
935,330,156,51
935,330,156,51
935,330,156,51
942,330,153,54
942,330,154,54
942,330,155,54
942,330,156,54
942,330,157,54
942,330,158,54
942,330,159,54
942,330,160,54
942,330,161,54
942,330,162,54
942,330,163,54
942,330,164,54
942,330,165,54
942,330,166,54
942,330,167,54
936,332,161,51
936,332,161,51
936,332,161,51
936,332,161,51
936,332,161,51
936,332,161,51
936,332,161,51
936,332,161,51
936,332,161,51
936,332,161,51
936,332,161,51
936,332,161,51
936,332,161,51
936,332,161,51
936,332,161,51
931,332,158,51
931,332,158,51
931,332,158,51
931,332,158,51
931,332,158,51
931,332,158,51
931,332,158,51
931,332,158,51
931,332,158,51
931,332,158,51
931,332,158,51
931,332,158,51
931,332,158,51
931,332,158,51
931,332,158,51
938,327,153,54
938,327,153,54
938,327,153,54
938,327,153,54
938,327,153,54
938,327,153,54
938,327,153,54
938,327,153,54
938,327,153,54
938,327,153,54
938,327,153,54
938,327,153,54
938,327,153,54
938,327,153,54
938,327,153,54
942,329,155,57
942,329,155,57
942,329,155,57
942,329,155,57
942,329,155,57
942,329,155,57
942,329,155,57
942,329,155,57
942,329,155,57
942,329,155,57
942,329,155,57
942,329,155,57
942,329,155,57
942,329,155,57
942,329,155,57
935,332,162,52
