1405,257,67,183
1401,258,69,183
1397,259,71,183
1393,260,73,183
1389,261,75,183
1385,262,77,183
1381,263,79,183
1377,264,81,183
1373,265,83,183
1369,266,85,183
1365,267,87,183
1361,268,89,183
1357,269,91,183
1353,270,93,183
1349,271,95,183
1339,276,99,186
1338,275,98,187
1337,274,97,188
1336,273,96,189
1335,272,95,190
1334,271,94,191
1333,270,93,192
1332,269,92,193
1331,268,91,194
1330,267,90,195
1329,266,89,196
1328,265,88,197
1327,264,87,198
1326,263,86,199
1325,262,85,200
1324,268,82,196
1322,267,82,196
1320,266,82,196
1318,265,82,196
1316,264,82,196
1314,263,82,196
1312,262,82,196
1310,261,82,196
1308,260,82,196
1306,259,82,196
1304,258,82,196
1302,257,82,196
1300,256,82,196
1298,255,82,196
1296,254,82,196
1290,258,80,193
1287,259,80,193
1284,260,80,193
1281,261,80,193
1278,262,80,193
1275,263,80,193
1272,264,80,193
1269,265,80,193
1266,266,80,193
1263,267,80,193
1260,268,80,193
1257,269,80,193
1254,270,80,193
1251,271,80,193
1248,272,80,193
1251,273,74,192
1249,274,73,190
1247,275,72,188
1245,276,71,186
1243,277,70,184
1241,278,69,182
1239,279,68,180
1237,280,67,178
1235,281,66,176
1233,282,65,174
1231,283,64,172
1229,284,63,170
1227,285,62,168
1225,286,61,166
1223,287,60,164
1219,293,59,161
1216,294,60,161
1213,295,61,161
1210,296,62,161
1207,297,63,161
1204,298,64,161
1201,299,65,161
1198,300,66,161
1195,301,67,161
1192,302,68,161
1189,303,69,161
1186,304,70,161
1183,305,71,161
1180,306,72,161
1177,307,73,161
1170,304,76,155
1168,304,76,156
1166,304,76,157
1164,304,76,158
1162,304,76,159
1160,304,76,160
1158,304,76,161
1156,304,76,162
1154,304,76,163
1152,304,76,164
1150,304,76,165
1148,304,76,166
1146,304,76,167
1144,304,76,168
1142,304,76,169
1141,298,69,167
1137,300,70,165
1133,302,71,163
1129,304,72,161
1125,306,73,159
1121,308,74,157
1117,310,75,155
1113,312,76,153
1109,314,77,151
1105,316,78,149
1101,318,79,147
1097,320,80,145
1093,322,81,143
1089,324,82,141
1085,326,83,139
1085,325,87,140
1082,328,87,137
1079,331,87,134
1076,334,87,131
1073,337,87,128
1070,340,87,125
1067,343,87,122
1064,346,87,119
1061,349,87,116
1058,352,87,113
1055,355,87,110
1052,358,87,107
1049,361,87,104
1046,364,87,101
1043,367,87,98
1043,371,80,97
1040,371,82,96
1037,371,84,95
1034,371,86,94
1031,371,88,93
1028,371,90,92
1025,371,92,91
1022,371,94,90
1019,371,96,89
1016,371,98,88
1013,371,100,87
1010,371,102,86
1007,371,104,85
1004,371,106,84
1001,371,108,83
1004,378,104,87
1004,378,104,86
1004,378,104,85
1004,378,104,84
1004,378,104,83
1004,378,104,82
1004,378,104,81
1004,378,104,80
1004,378,104,79
1004,378,104,78
1004,378,104,77
1004,378,104,76
1004,378,104,75
1004,378,104,74
1004,378,104,73
1011,380,109,78
1011,381,112,77
1011,382,115,76
1011,383,118,75
1011,384,121,74
1011,385,124,73
1011,386,127,72
1011,387,130,71
1011,388,133,70
1011,389,136,69
1011,390,139,68
1011,391,142,67
1011,392,145,66
1011,393,148,65
1011,394,151,64
1017,396,154,65
1016,396,154,65
1015,396,154,65
1014,396,154,65
1013,396,154,65
1012,396,154,65
1011,396,154,65
1010,396,154,65
1009,396,154,65
1008,396,154,65
1007,396,154,65
1006,396,154,65
1005,396,154,65
1004,396,154,65
1003,396,154,65
1009,400,156,64
1009,400,157,64
1009,400,158,64
1009,400,159,64
1009,400,160,64
1009,400,161,64
1009,400,162,64
1009,400,163,64
1009,400,164,64
1009,400,165,64
1009,400,166,64
1009,400,167,64
1009,400,168,64
1009,400,169,64
1009,400,170,64
1006,404,166,61
1006,404,166,61
1006,404,166,61
1006,404,166,61
1006,404,166,61
1006,404,166,61
1006,404,166,61
1006,404,166,61
1006,404,166,61
1006,404,166,61
1006,404,166,61
1006,404,166,61
1006,404,166,61
1006,404,166,61
1006,404,166,61
1008,406,166,62
1009,406,165,62
1010,406,164,62
1011,406,163,62
1012,406,162,62
1013,406,161,62
1014,406,160,62
1015,406,159,62
1016,406,158,62
1017,406,157,62
1018,406,156,62
1019,406,155,62
1020,406,154,62
1021,406,153,62
1022,406,152,62
1019,409,155,59
1018,409,155,59
1017,409,155,59
1016,409,155,59
1015,409,155,59
1014,409,155,59
1013,409,155,59
1012,409,155,59
1011,409,155,59
1010,409,155,59
1009,409,155,59
1008,409,155,59
1007,409,155,59
1006,409,155,59
1005,409,155,59
1011,406,160,58
1012,406,159,58
1013,406,158,58
1014,406,157,58
1015,406,156,58
1016,406,155,58
1017,406,154,58
1018,406,153,58
1019,406,152,58
1020,406,151,58
1021,406,150,58
1022,406,149,58
1023,406,148,58
1024,406,147,58
1025,406,146,58
1019,404,152,61
1019,404,152,61
1019,404,152,61
1019,404,152,61
1019,404,152,61
1019,404,152,61
1019,404,152,61
1019,404,152,61
1019,404,152,61
1019,404,152,61
1019,404,152,61
1019,404,152,61
1019,404,152,61
1019,404,152,61
1019,404,152,61
1021,401,150,67
1020,402,151,66
1019,403,152,65
1018,404,153,64
1017,405,154,63
1016,406,155,62
1015,407,156,61
1014,408,157,60
1013,409,158,59
1012,410,159,58
1011,411,160,57
1010,412,161,56
1009,413,162,55
1008,414,163,54
1007,415,164,53
1011,413,165,58
1010,412,166,58
1009,411,167,58
1008,410,168,58
1007,409,169,58
1006,408,170,58
1005,407,171,58
1004,406,172,58
1003,405,173,58
1002,404,174,58
1001,403,175,58
1000,402,176,58
999,401,177,58
998,400,178,58
997,399,179,58
1000,404,174,64
1000,404,174,64
1000,404,174,64
1000,404,174,64
1000,404,174,64
1000,404,174,64
1000,404,174,64
1000,404,174,64
1000,404,174,64
1000,404,174,64
1000,404,174,64
1000,404,174,64
1000,404,174,64
1000,404,174,64
1000,404,174,64
1004,406,172,58
1004,406,172,58
1004,406,172,58
1004,406,172,58
1004,406,172,58
1004,406,172,58
1004,406,172,58
1004,406,172,58
1004,406,172,58
1004,406,172,58
1004,406,172,58
1004,406,172,58
1004,406,172,58
1004,406,172,58
1004,406,172,58
1004,412,170,56
