1611,157,105,259
1610,156,103,259
1609,155,101,259
1608,154,99,259
1607,153,97,259
1606,152,95,259
1605,151,93,259
1604,150,91,259
1603,149,89,259
1602,148,87,259
1601,147,85,259
1600,146,83,259
1599,145,81,259
1598,144,79,259
1597,143,77,259
1593,148,80,258
1589,147,81,258
1585,146,82,258
1581,145,83,258
1577,144,84,258
1573,143,85,258
1569,142,86,258
1565,141,87,258
1561,140,88,258
1557,139,89,258
1553,138,90,258
1549,137,91,258
1545,136,92,258
1541,135,93,258
1537,134,94,258
1535,139,100,264
1531,139,101,264
1527,139,102,264
1523,139,103,264
1519,139,104,264
1515,139,105,264
1511,139,106,264
1507,139,107,264
1503,139,108,264
1499,139,109,264
1495,139,110,264
1491,139,111,264
1487,139,112,264
1483,139,113,264
1479,139,114,264
1468,139,113,258
1465,139,112,257
1462,139,111,256
1459,139,110,255
1456,139,109,254
1453,139,108,253
1450,139,107,252
1447,139,106,251
1444,139,105,250
1441,139,104,249
1438,139,103,248
1435,139,102,247
1432,139,101,246
1429,139,100,245
1426,139,99,244
1430,132,100,248
1429,131,98,248
1428,130,96,248
1427,129,94,248
1426,128,92,248
1425,127,90,248
1424,126,88,248
1423,125,86,248
1422,124,84,248
1421,123,82,248
1420,122,80,248
1419,121,78,248
1418,120,76,248
1417,119,74,248
1416,118,72,248
1412,120,70,255
1407,120,72,255
1402,120,74,255
1397,120,76,255
1392,120,78,255
1387,120,80,255
1382,120,82,255
1377,120,84,255
1372,120,86,255
1367,120,88,255
1362,120,90,255
1357,120,92,255
1352,120,94,255
1347,120,96,255
1342,120,98,255
1338,120,107,248
1335,120,106,248
1332,120,105,248
1329,120,104,248
1326,120,103,248
1323,120,102,248
1320,120,101,248
1317,120,100,248
1314,120,99,248
1311,120,98,248
1308,120,97,248
1305,120,96,248
1302,120,95,248
1299,120,94,248
1296,120,93,248
1291,113,91,245
1290,113,90,245
1289,113,89,245
1288,113,88,245
1287,113,87,245
1286,113,86,245
1285,113,85,245
1284,113,84,245
1283,113,83,245
1282,113,82,245
1281,113,81,245
1280,113,80,245
1279,113,79,245
1278,113,78,245
1277,113,77,245
1269,108,74,250
1265,108,76,249
1261,108,78,248
1257,108,80,247
1253,108,82,246
1249,108,84,245
1245,108,86,244
1241,108,88,243
1237,108,90,242
1233,108,92,241
1229,108,94,240
1225,108,96,239
1221,108,98,238
1217,108,100,237
1213,108,102,236
1206,113,102,236
1201,113,102,236
1196,113,102,236
1191,113,102,236
1186,113,102,236
1181,113,102,236
1176,113,102,236
1171,113,102,236
1166,113,102,236
1161,113,102,236
1156,113,102,236
1151,113,102,236
1146,113,102,236
1141,113,102,236
1136,113,102,236
1136,110,109,234
1135,110,106,234
1134,110,103,234
1133,110,100,234
1132,110,97,234
1131,110,94,234
1130,110,91,234
1129,110,88,234
1128,110,85,234
1127,110,82,234
1126,110,79,234
1125,110,76,234
1124,110,73,234
1123,110,70,234
1122,110,67,234
1121,103,68,236
1118,102,70,237
1115,101,72,238
1112,100,74,239
1109,99,76,240
1106,98,78,241
1103,97,80,242
1100,96,82,243
1097,95,84,244
1094,94,86,245
1091,93,88,246
1088,92,90,247
1085,91,92,248
1082,90,94,249
1079,89,96,250
1074,94,92,250
1070,94,92,249
1066,94,92,248
1062,94,92,247
1058,94,92,246
1054,94,92,245
1050,94,92,244
1046,94,92,243
1042,94,92,242
1038,94,92,241
1034,94,92,240
1030,94,92,239
1026,94,92,238
1022,94,92,237
1018,94,92,236
1018,101,97,241
1017,101,96,240
1016,101,95,239
1015,101,94,238
1014,101,93,237
1013,101,92,236
1012,101,91,235
1011,101,90,234
1010,101,89,233
1009,101,88,232
1008,101,87,231
1007,101,86,230
1006,101,85,229
1005,101,84,228
1004,101,83,227
997,105,76,227
994,108,78,224
991,111,80,221
988,114,82,218
985,117,84,215
982,120,86,212
979,123,88,209
976,126,90,206
973,129,92,203
970,132,94,200
967,135,96,197
964,138,98,194
961,141,100,191
958,144,102,188
955,147,104,185
950,155,104,175
949,159,104,171
948,163,104,167
947,167,104,163
946,171,104,159
945,175,104,155
944,179,104,151
943,183,104,147
942,187,104,143
941,191,104,139
940,195,104,135
939,199,104,131
938,203,104,127
937,207,104,123
936,211,104,119
928,217,97,113
927,217,97,113
926,217,97,113
925,217,97,113
924,217,97,113
923,217,97,113
922,217,97,113
921,217,97,113
920,217,97,113
919,217,97,113
918,217,97,113
917,217,97,113
916,217,97,113
915,217,97,113
914,217,97,113
906,219,97,106
905,220,102,106
904,221,107,106
903,222,112,106
902,223,117,106
901,224,122,106
900,225,127,106
899,226,132,106
898,227,137,106
897,228,142,106
896,229,147,106
895,230,152,106
894,231,157,106
893,232,162,106
892,233,167,106
886,229,168,99
886,231,169,97
886,233,170,95
886,235,171,93
886,237,172,91
886,239,173,89
886,241,174,87
886,243,175,85
886,245,176,83
886,247,177,81
886,249,178,79
886,251,179,77
886,253,180,75
886,255,181,73
886,257,182,71
890,265,178,72
890,265,179,72
890,265,180,72
890,265,181,72
890,265,182,72
890,265,183,72
890,265,184,72
890,265,185,72
890,265,186,72
890,265,187,72
890,265,188,72
890,265,189,72
890,265,190,72
890,265,191,72
890,265,192,72
885,269,199,65
885,269,199,65
885,269,199,65
885,269,199,65
885,269,199,65
885,269,199,65
885,269,199,65
885,269,199,65
885,269,199,65
885,269,199,65
885,269,199,65
885,269,199,65
885,269,199,65
885,269,199,65
885,269,199,65
886,269,200,68
886,269,200,68
886,269,200,68
886,269,200,68
886,269,200,68
886,269,200,68
886,269,200,68
886,269,200,68
886,269,200,68
886,269,200,68
886,269,200,68
886,269,200,68
886,269,200,68
886,269,200,68
886,269,200,68
888,270,202,62
888,270,202,62
888,270,202,62
888,270,202,62
888,270,202,62
888,270,202,62
888,270,202,62
888,270,202,62
888,270,202,62
888,270,202,62
888,270,202,62
888,270,202,62
888,270,202,62
888,270,202,62
888,270,202,62
885,270,201,65
885,270,201,65
885,270,201,65
885,270,201,65
885,270,201,65
885,270,201,65
885,270,201,65
885,270,201,65
885,270,201,65
885,270,201,65
885,270,201,65
885,270,201,65
885,270,201,65
885,270,201,65
885,270,201,65
888,272,200,60
888,272,200,60
888,272,200,60
888,272,200,60
888,272,200,60
888,272,200,60
888,272,200,60
888,272,200,60
888,272,200,60
888,272,200,60
888,272,200,60
888,272,200,60
888,272,200,60
888,272,200,60
888,272,200,60
888,270,200,65
888,270,200,65
888,270,200,65
888,270,200,65
888,270,200,65
888,270,200,65
888,270,200,65
888,270,200,65
888,270,200,65
888,270,200,65
888,270,200,65
888,270,200,65
888,270,200,65
888,270,200,65
888,270,200,65
894,270,194,64
894,270,194,64
894,270,194,64
894,270,194,64
894,270,194,64
894,270,194,64
894,270,194,64
894,270,194,64
894,270,194,64
894,270,194,64
894,270,194,64
894,270,194,64
894,270,194,64
894,270,194,64
894,270,194,64
890,269,198,66
890,269,198,66
890,269,198,66
890,269,198,66
890,269,198,66
890,269,198,66
890,269,198,66
890,269,198,66
890,269,198,66
890,269,198,66
890,269,198,66
890,269,198,66
890,269,198,66
890,269,198,66
890,269,198,66
892,274,194,61
892,274,194,61
892,274,194,61
892,274,194,61
892,274,194,61
892,274,194,61
892,274,194,61
892,274,194,61
892,274,194,61
892,274,194,61
892,274,194,61
892,274,194,61
892,274,194,61
892,274,194,61
892,274,194,61
890,270,196,64
890,270,196,64
890,270,196,64
890,270,196,64
890,270,196,64
890,270,196,64
890,270,196,64
890,270,196,64
890,270,196,64
890,270,196,64
890,270,196,64
890,270,196,64
890,270,196,64
890,270,196,64
890,270,196,64
885,270,201,64
