1428,231,70,179
1426,231,69,179
1424,231,68,179
1422,231,67,179
1420,231,66,179
1418,231,65,179
1416,231,64,179
1414,231,63,179
1412,231,62,179
1410,231,61,179
1408,231,60,179
1406,231,59,179
1404,231,58,179
1402,231,57,179
1400,231,56,179
1402,226,57,182
1400,226,57,182
1398,226,57,182
1396,226,57,182
1394,226,57,182
1392,226,57,182
1390,226,57,182
1388,226,57,182
1386,226,57,182
1384,226,57,182
1382,226,57,182
1380,226,57,182
1378,226,57,182
1376,226,57,182
1374,226,57,182
1369,222,51,182
1367,222,52,182
1365,222,53,182
1363,222,54,182
1361,222,55,182
1359,222,56,182
1357,222,57,182
1355,222,58,182
1353,222,59,182
1351,222,60,182
1349,222,61,182
1347,222,62,182
1345,222,63,182
1343,222,64,182
1341,222,65,182
1335,224,68,178
1332,224,69,178
1329,224,70,178
1326,224,71,178
1323,224,72,178
1320,224,73,178
1317,224,74,178
1314,224,75,178
1311,224,76,178
1308,224,77,178
1305,224,78,178
1302,224,79,178
1299,224,80,178
1296,224,81,178
1293,224,82,178
1285,220,77,175
1283,220,76,175
1281,220,75,175
1279,220,74,175
1277,220,73,175
1275,220,72,175
1273,220,71,175
1271,220,70,175
1269,220,69,175
1267,220,68,175
1265,220,67,175
1263,220,66,175
1261,220,65,175
1259,220,64,175
1257,220,63,175
1250,213,69,177
1249,213,67,177
1248,213,65,177
1247,213,63,177
1246,213,61,177
1245,213,59,177
1244,213,57,177
1243,213,55,177
1242,213,53,177
1241,213,51,177
1240,213,49,177
1239,213,47,177
1238,213,45,177
1237,213,43,177
1236,213,41,177
1239,213,45,171
1236,213,46,171
1233,213,47,171
1230,213,48,171
1227,213,49,171
1224,213,50,171
1221,213,51,171
1218,213,52,171
1215,213,53,171
1212,213,54,171
1209,213,55,171
1206,213,56,171
1203,213,57,171
1200,213,58,171
1197,213,59,171
1198,210,64,178
1195,210,64,177
1192,210,64,176
1189,210,64,175
1186,210,64,174
1183,210,64,173
1180,210,64,172
1177,210,64,171
1174,210,64,170
1171,210,64,169
1168,210,64,168
1165,210,64,167
1162,210,64,166
1159,210,64,165
1156,210,64,164
1153,215,66,169
1151,215,65,169
1149,215,64,169
1147,215,63,169
1145,215,62,169
1143,215,61,169
1141,215,60,169
1139,215,59,169
1137,215,58,169
1135,215,57,169
1133,215,56,169
1131,215,55,169
1129,215,54,169
1127,215,53,169
1125,215,52,169
1126,215,51,168
1124,215,50,168
1122,215,49,168
1120,215,48,168
1118,215,47,168
1116,215,46,168
1114,215,45,168
1112,215,44,168
1110,215,43,168
1108,215,42,168
1106,215,41,168
1104,215,40,168
1102,215,39,168
1100,215,38,168
1098,215,37,168
1098,211,38,166
1095,211,40,166
1092,211,42,166
1089,211,44,166
1086,211,46,166
1083,211,48,166
1080,211,50,166
1077,211,52,166
1074,211,54,166
1071,211,56,166
1068,211,58,166
1065,211,60,166
1062,211,62,166
1059,211,64,166
1056,211,66,166
1055,210,64,173
1053,210,64,173
1051,210,64,173
1049,210,64,173
1047,210,64,173
1045,210,64,173
1043,210,64,173
1041,210,64,173
1039,210,64,173
1037,210,64,173
1035,210,64,173
1033,210,64,173
1031,210,64,173
1029,210,64,173
1027,210,64,173
1024,215,62,169
1022,215,62,169
1020,215,62,169
1018,215,62,169
1016,215,62,169
1014,215,62,169
1012,215,62,169
1010,215,62,169
1008,215,62,169
1006,215,62,169
1004,215,62,169
1002,215,62,169
1000,215,62,169
998,215,62,169
996,215,62,169
994,220,62,163
992,223,62,160
990,226,62,157
988,229,62,154
986,232,62,151
984,235,62,148
982,238,62,145
980,241,62,142
978,244,62,139
976,247,62,136
974,250,62,133
972,253,62,130
970,256,62,127
968,259,62,124
966,262,62,121
970,262,66,119
969,264,66,116
968,266,66,113
967,268,66,110
966,270,66,107
965,272,66,104
964,274,66,101
963,276,66,98
962,278,66,95
961,280,66,92
960,282,66,89
959,284,66,86
958,286,66,83
957,288,66,80
956,290,66,77
949,298,72,75
949,298,71,75
949,298,70,75
949,298,69,75
949,298,68,75
949,298,67,75
949,298,66,75
949,298,65,75
949,298,64,75
949,298,63,75
949,298,62,75
949,298,61,75
949,298,60,75
949,298,59,75
949,298,58,75
949,296,63,72
949,297,65,72
949,298,67,72
949,299,69,72
949,300,71,72
949,301,73,72
949,302,75,72
949,303,77,72
949,304,79,72
949,305,81,72
949,306,83,72
949,307,85,72
949,308,87,72
949,309,89,72
949,310,91,72
953,315,88,68
952,316,90,66
951,317,92,64
950,318,94,62
949,319,96,60
948,320,98,58
947,321,100,56
946,322,102,54
945,323,104,52
944,324,106,50
943,325,108,48
942,326,110,46
941,327,112,44
940,328,114,42
939,329,116,40
940,336,125,45
940,336,125,45
940,336,125,45
940,336,125,45
940,336,125,45
940,336,125,45
940,336,125,45
940,336,125,45
940,336,125,45
940,336,125,45
940,336,125,45
940,336,125,45
940,336,125,45
940,336,125,45
940,336,125,45
938,338,129,45
938,338,129,45
938,338,129,45
938,338,129,45
938,338,129,45
938,338,129,45
938,338,129,45
938,338,129,45
938,338,129,45
938,338,129,45
938,338,129,45
938,338,129,45
938,338,129,45
938,338,129,45
938,338,129,45
940,338,129,48
940,338,129,48
940,338,129,48
940,338,129,48
940,338,129,48
940,338,129,48
940,338,129,48
940,338,129,48
940,338,129,48
940,338,129,48
940,338,129,48
940,338,129,48
940,338,129,48
940,338,129,48
940,338,129,48
947,338,124,46
946,338,125,46
945,338,126,46
944,338,127,46
943,338,128,46
942,338,129,46
941,338,130,46
940,338,131,46
939,338,132,46
938,338,133,46
937,338,134,46
936,338,135,46
935,338,136,46
934,338,137,46
933,338,138,46
929,336,138,48
930,336,137,48
931,336,136,48
932,336,135,48
933,336,134,48
934,336,133,48
935,336,132,48
936,336,131,48
937,336,130,48
938,336,129,48
939,336,128,48
940,336,127,48
941,336,126,48
942,336,125,48
943,336,124,48
947,336,120,52
946,336,121,52
945,336,122,52
944,336,123,52
943,336,124,52
942,336,125,52
941,336,126,52
940,336,127,52
939,336,128,52
938,336,129,52
937,336,130,52
936,336,131,52
935,336,132,52
934,336,133,52
933,336,134,52
934,336,135,50
934,336,135,50
934,336,135,50
934,336,135,50
934,336,135,50
934,336,135,50
934,336,135,50
934,336,135,50
934,336,135,50
934,336,135,50
934,336,135,50
934,336,135,50
934,336,135,50
934,336,135,50
934,336,135,50
933,336,134,48
933,336,134,48
933,336,134,48
933,336,134,48
933,336,134,48
933,336,134,48
933,336,134,48
933,336,134,48
933,336,134,48
933,336,134,48
933,336,134,48
933,336,134,48
933,336,134,48
933,336,134,48
933,336,134,48
938,338,131,46
938,338,130,46
938,338,129,46
938,338,128,46
938,338,127,46
938,338,126,46
938,338,125,46
938,338,124,46
938,338,123,46
938,338,122,46
938,338,121,46
938,338,120,46
938,338,119,46
938,338,118,46
938,338,117,46
942,338,123,46
941,338,124,46
940,338,125,46
939,338,126,46
938,338,127,46
937,338,128,46
936,338,129,46
935,338,130,46
934,338,131,46
933,338,132,46
932,338,133,46
931,338,134,46
930,338,135,46
929,338,136,46
928,338,137,46
933,336,136,48
