1435,182,54,211
1432,182,57,212
1429,182,60,213
1426,182,63,214
1423,182,66,215
1420,182,69,216
1417,182,72,217
1414,182,75,218
1411,182,78,219
1408,182,81,220
1405,182,84,221
1402,182,87,222
1399,182,90,223
1396,182,93,224
1393,182,96,225
1386,179,92,221
1383,179,92,220
1380,179,92,219
1377,179,92,218
1374,179,92,217
1371,179,92,216
1368,179,92,215
1365,179,92,214
1362,179,92,213
1359,179,92,212
1356,179,92,211
1353,179,92,210
1350,179,92,209
1347,179,92,208
1344,179,92,207
1339,182,87,208
1338,182,85,208
1337,182,83,208
1336,182,81,208
1335,182,79,208
1334,182,77,208
1333,182,75,208
1332,182,73,208
1331,182,71,208
1330,182,69,208
1329,182,67,208
1328,182,65,208
1327,182,63,208
1326,182,61,208
1325,182,59,208
1323,180,55,208
1320,180,57,208
1317,180,59,208
1314,180,61,208
1311,180,63,208
1308,180,65,208
1305,180,67,208
1302,180,69,208
1299,180,71,208
1296,180,73,208
1293,180,75,208
1290,180,77,208
1287,180,79,208
1284,180,81,208
1281,180,83,208
1278,180,86,208
1275,181,86,207
1272,182,86,206
1269,183,86,205
1266,184,86,204
1263,185,86,203
1260,186,86,202
1257,187,86,201
1254,188,86,200
1251,189,86,199
1248,190,86,198
1245,191,86,197
1242,192,86,196
1239,193,86,195
1236,194,86,194
1231,190,91,196
1230,190,89,196
1229,190,87,196
1228,190,85,196
1227,190,83,196
1226,190,81,196
1225,190,79,196
1224,190,77,196
1223,190,75,196
1222,190,73,196
1221,190,71,196
1220,190,69,196
1219,190,67,196
1218,190,65,196
1217,190,63,196
1211,187,55,201
1208,188,56,201
1205,189,57,201
1202,190,58,201
1199,191,59,201
1196,192,60,201
1193,193,61,201
1190,194,62,201
1187,195,63,201
1184,196,64,201
1181,197,65,201
1178,198,66,201
1175,199,67,201
1172,200,68,201
1169,201,69,201
1173,195,75,195
1170,195,75,195
1167,195,75,195
1164,195,75,195
1161,195,75,195
1158,195,75,195
1155,195,75,195
1152,195,75,195
1149,195,75,195
1146,195,75,195
1143,195,75,195
1140,195,75,195
1137,195,75,195
1134,195,75,195
1131,195,75,195
1129,200,79,188
1126,200,79,188
1123,200,79,188
1120,200,79,188
1117,200,79,188
1114,200,79,188
1111,200,79,188
1108,200,79,188
1105,200,79,188
1102,200,79,188
1099,200,79,188
1096,200,79,188
1093,200,79,188
1090,200,79,188
1087,200,79,188
1080,201,75,190
1078,201,75,190
1076,201,75,190
1074,201,75,190
1072,201,75,190
1070,201,75,190
1068,201,75,190
1066,201,75,190
1064,201,75,190
1062,201,75,190
1060,201,75,190
1058,201,75,190
1056,201,75,190
1054,201,75,190
1052,201,75,190
1055,200,70,196
1053,200,71,196
1051,200,72,196
1049,200,73,196
1047,200,74,196
1045,200,75,196
1043,200,76,196
1041,200,77,196
1039,200,78,196
1037,200,79,196
1035,200,80,196
1033,200,81,196
1031,200,82,196
1029,200,83,196
1027,200,84,196
1022,205,84,193
1019,206,84,192
1016,207,84,191
1013,208,84,190
1010,209,84,189
1007,210,84,188
1004,211,84,187
1001,212,84,186
998,213,84,185
995,214,84,184
992,215,84,183
989,216,84,182
986,217,84,181
983,218,84,180
980,219,84,179
982,218,81,182
981,222,82,178
980,226,83,174
979,230,84,170
978,234,85,166
977,238,86,162
976,242,87,158
975,246,88,154
974,250,89,150
973,254,90,146
972,258,91,142
971,262,92,138
970,266,93,134
969,270,94,130
968,274,95,126
962,275,92,121
961,277,92,118
960,279,92,115
959,281,92,112
958,283,92,109
957,285,92,106
956,287,92,103
955,289,92,100
954,291,92,97
953,293,92,94
952,295,92,91
951,297,92,88
950,299,92,85
949,301,92,82
948,303,92,79
948,311,88,82
946,310,89,84
944,309,90,86
942,308,91,88
940,307,92,90
938,306,93,92
936,305,94,94
934,304,95,96
932,303,96,98
930,302,97,100
928,301,98,102
926,300,99,104
924,299,100,106
922,298,101,108
920,297,102,110
924,293,106,105
924,295,108,103
924,297,110,101
924,299,112,99
924,301,114,97
924,303,116,95
924,305,118,93
924,307,120,91
924,309,122,89
924,311,124,87
924,313,126,85
924,315,128,83
924,317,130,81
924,319,132,79
924,321,134,77
928,322,139,74
928,324,140,72
928,326,141,70
928,328,142,68
928,330,143,66
928,332,144,64
928,334,145,62
928,336,146,60
928,338,147,58
928,340,148,56
928,342,149,54
928,344,150,52
928,346,151,50
928,348,152,48
928,350,153,46
924,351,159,50
924,351,159,50
924,351,159,50
924,351,159,50
924,351,159,50
924,351,159,50
924,351,159,50
924,351,159,50
924,351,159,50
924,351,159,50
924,351,159,50
924,351,159,50
924,351,159,50
924,351,159,50
924,351,159,50
931,351,157,50
931,351,157,50
931,351,157,50
931,351,157,50
931,351,157,50
931,351,157,50
931,351,157,50
931,351,157,50
931,351,157,50
931,351,157,50
931,351,157,50
931,351,157,50
931,351,157,50
931,351,157,50
931,351,157,50
926,351,161,50
926,351,161,50
926,351,161,50
926,351,161,50
926,351,161,50
926,351,161,50
926,351,161,50
926,351,161,50
926,351,161,50
926,351,161,50
926,351,161,50
926,351,161,50
926,351,161,50
926,351,161,50
926,351,161,50
928,351,159,52
928,351,159,52
928,351,159,52
928,351,159,52
928,351,159,52
928,351,159,52
928,351,159,52
928,351,159,52
928,351,159,52
928,351,159,52
928,351,159,52
928,351,159,52
928,351,159,52
928,351,159,52
928,351,159,52
926,348,162,55
926,348,162,55
926,348,162,55
926,348,162,55
926,348,162,55
926,348,162,55
926,348,162,55
926,348,162,55
926,348,162,55
926,348,162,55
926,348,162,55
926,348,162,55
926,348,162,55
926,348,162,55
926,348,162,55
926,350,159,51
926,350,159,51
926,350,159,51
926,350,159,51
926,350,159,51
926,350,159,51
926,350,159,51
926,350,159,51
926,350,159,51
926,350,159,51
926,350,159,51
926,350,159,51
926,350,159,51
926,350,159,51
926,350,159,51
930,353,158,48
930,353,158,48
930,353,158,48
930,353,158,48
930,353,158,48
930,353,158,48
930,353,158,48
930,353,158,48
930,353,158,48
930,353,158,48
930,353,158,48
930,353,158,48
930,353,158,48
930,353,158,48
930,353,158,48
926,348,159,55
926,348,159,55
926,348,159,55
926,348,159,55
926,348,159,55
926,348,159,55
926,348,159,55
926,348,159,55
926,348,159,55
926,348,159,55
926,348,159,55
926,348,159,55
926,348,159,55
926,348,159,55
926,348,159,55
924,350,164,51
924,350,164,51
924,350,164,51
924,350,164,51
924,350,164,51
924,350,164,51
924,350,164,51
924,350,164,51
924,350,164,51
924,350,164,51
924,350,164,51
924,350,164,51
924,350,164,51
924,350,164,51
924,350,164,51
931,350,157,51
931,350,157,51
931,350,157,51
931,350,157,51
931,350,157,51
931,350,157,51
931,350,157,51
931,350,157,51
931,350,157,51
931,350,157,51
931,350,157,51
931,350,157,51
931,350,157,51
931,350,157,51
931,350,157,51
928,351,162,49
928,351,162,49
928,351,162,49
928,351,162,49
928,351,162,49
928,351,162,49
928,351,162,49
928,351,162,49
928,351,162,49
928,351,162,49
928,351,162,49
928,351,162,49
928,351,162,49
928,351,162,49
928,351,162,49
930,350,157,53
930,350,157,53
930,350,157,53
930,350,157,53
930,350,157,53
930,350,157,53
930,350,157,53
930,350,157,53
930,350,157,53
930,350,157,53
930,350,157,53
930,350,157,53
930,350,157,53
930,350,157,53
930,350,157,53
926,353,161,48
926,353,161,48
926,353,161,48
926,353,161,48
926,353,161,48
926,353,161,48
926,353,161,48
926,353,161,48
926,353,161,48
926,353,161,48
926,353,161,48
926,353,161,48
926,353,161,48
926,353,161,48
926,353,161,48
928,353,160,47
