1389,233,85,157
1386,232,84,158
1383,231,83,159
1380,230,82,160
1377,229,81,161
1374,228,80,162
1371,227,79,163
1368,226,78,164
1365,225,77,165
1362,224,76,166
1359,223,75,167
1356,222,74,168
1353,221,73,169
1350,220,72,170
1347,219,71,171
1347,216,75,177
1345,217,75,176
1343,218,75,175
1341,219,75,174
1339,220,75,173
1337,221,75,172
1335,222,75,171
1333,223,75,170
1331,224,75,169
1329,225,75,168
1327,226,75,167
1325,227,75,166
1323,228,75,165
1321,229,75,164
1319,230,75,163
1319,227,69,165
1316,226,69,166
1313,225,69,167
1310,224,69,168
1307,223,69,169
1304,222,69,170
1301,221,69,171
1298,220,69,172
1295,219,69,173
1292,218,69,174
1289,217,69,175
1286,216,69,176
1283,215,69,177
1280,214,69,178
1277,213,69,179
1277,211,76,176
1275,211,76,175
1273,211,76,174
1271,211,76,173
1269,211,76,172
1267,211,76,171
1265,211,76,170
1263,211,76,169
1261,211,76,168
1259,211,76,167
1257,211,76,166
1255,211,76,165
1253,211,76,164
1251,211,76,163
1249,211,76,162
1243,214,70,159
1240,214,71,160
1237,214,72,161
1234,214,73,162
1231,214,74,163
1228,214,75,164
1225,214,76,165
1222,214,77,166
1219,214,78,167
1216,214,79,168
1213,214,80,169
1210,214,81,170
1207,214,82,171
1204,214,83,172
1201,214,84,173
1198,213,78,171
1196,213,77,171
1194,213,76,171
1192,213,75,171
1190,213,74,171
1188,213,73,171
1186,213,72,171
1184,213,71,171
1182,213,70,171
1180,213,69,171
1178,213,68,171
1176,213,67,171
1174,213,66,171
1172,213,65,171
1170,213,64,171
1166,207,66,165
1163,207,66,164
1160,207,66,163
1157,207,66,162
1154,207,66,161
1151,207,66,160
1148,207,66,159
1145,207,66,158
1142,207,66,157
1139,207,66,156
1136,207,66,155
1133,207,66,154
1130,207,66,153
1127,207,66,152
1124,207,66,151
1127,213,73,156
1125,214,72,155
1123,215,71,154
1121,216,70,153
1119,217,69,152
1117,218,68,151
1115,219,67,150
1113,220,66,149
1111,221,65,148
1109,222,64,147
1107,223,63,146
1105,224,62,145
1103,225,61,144
1101,226,60,143
1099,227,59,142
1096,222,62,148
1093,221,62,150
1090,220,62,152
1087,219,62,154
1084,218,62,156
1081,217,62,158
1078,216,62,160
1075,215,62,162
1072,214,62,164
1069,213,62,166
1066,212,62,168
1063,211,62,170
1060,210,62,172
1057,209,62,174
1054,208,62,176
1055,204,66,172
1053,205,66,170
1051,206,66,168
1049,207,66,166
1047,208,66,164
1045,209,66,162
1043,210,66,160
1041,211,66,158
1039,212,66,156
1037,213,66,154
1035,214,66,152
1033,215,66,150
1031,216,66,148
1029,217,66,146
1027,218,66,144
1022,213,59,145
1020,212,59,146
1018,211,59,147
1016,210,59,148
1014,209,59,149
1012,208,59,150
1010,207,59,151
1008,206,59,152
1006,205,59,153
1004,204,59,154
1002,203,59,155
1000,202,59,156
998,201,59,157
996,200,59,158
994,199,59,159
994,205,59,155
990,207,61,152
986,209,63,149
982,211,65,146
978,213,67,143
974,215,69,140
970,217,71,137
966,219,73,134
962,221,75,131
958,223,77,128
954,225,79,125
950,227,81,122
946,229,83,119
942,231,85,116
938,233,87,113
938,230,95,110
936,233,94,108
934,236,93,106
932,239,92,104
930,242,91,102
928,245,90,100
926,248,89,98
924,251,88,96
922,254,87,94
920,257,86,92
918,260,85,90
916,263,84,88
914,266,83,86
912,269,82,84
910,272,81,82
904,273,85,73
902,275,86,73
900,277,87,73
898,279,88,73
896,281,89,73
894,283,90,73
892,285,91,73
890,287,92,73
888,289,93,73
886,291,94,73
884,293,95,73
882,295,96,73
880,297,97,73
878,299,98,73
876,301,99,73
874,300,107,67
873,301,109,67
872,302,111,67
871,303,113,67
870,304,115,67
869,305,117,67
868,306,119,67
867,307,121,67
866,308,123,67
865,309,125,67
864,310,127,67
863,311,129,67
862,312,131,67
861,313,133,67
860,314,135,67
866,311,136,65
866,312,136,65
866,313,136,65
866,314,136,65
866,315,136,65
866,316,136,65
866,317,136,65
866,318,136,65
866,319,136,65
866,320,136,65
866,321,136,65
866,322,136,65
866,323,136,65
866,324,136,65
866,325,136,65
864,319,138,59
864,319,138,59
864,319,138,59
864,319,138,59
864,319,138,59
864,319,138,59
864,319,138,59
864,319,138,59
864,319,138,59
864,319,138,59
864,319,138,59
864,319,138,59
864,319,138,59
864,319,138,59
864,319,138,59
858,314,133,64
858,315,133,64
858,316,133,64
858,317,133,64
858,318,133,64
858,319,133,64
858,320,133,64
858,321,133,64
858,322,133,64
858,323,133,64
858,324,133,64
858,325,133,64
858,326,133,64
858,327,133,64
858,328,133,64
862,322,140,58
863,322,140,58
864,322,140,58
865,322,140,58
866,322,140,58
867,322,140,58
868,322,140,58
869,322,140,58
870,322,140,58
871,322,140,58
872,322,140,58
873,322,140,58
874,322,140,58
875,322,140,58
876,322,140,58
871,325,133,59
870,325,133,59
869,325,133,59
868,325,133,59
867,325,133,59
866,325,133,59
865,325,133,59
864,325,133,59
863,325,133,59
862,325,133,59
861,325,133,59
860,325,133,59
859,325,133,59
858,325,133,59
857,325,133,59
862,323,136,61
862,323,137,61
862,323,138,61
862,323,139,61
862,323,140,61
862,323,141,61
862,323,142,61
862,323,143,61
862,323,144,61
862,323,145,61
862,323,146,61
862,323,147,61
862,323,148,61
862,323,149,61
862,323,150,61
860,323,144,63
860,323,145,63
860,323,146,63
860,323,147,63
860,323,148,63
860,323,149,63
860,323,150,63
860,323,151,63
860,323,152,63
860,323,153,63
860,323,154,63
860,323,155,63
860,323,156,63
860,323,157,63
860,323,158,63
862,329,159,63
862,329,158,62
862,329,157,61
862,329,156,60
862,329,155,59
862,329,154,58
862,329,153,57
862,329,152,56
862,329,151,55
862,329,150,54
862,329,149,53
862,329,148,52
862,329,147,51
862,329,146,50
862,329,145,49
867,334,144,53
867,334,144,54
867,334,144,55
867,334,144,56
867,334,144,57
867,334,144,58
867,334,144,59
867,334,144,60
867,334,144,61
867,334,144,62
867,334,144,63
867,334,144,64
867,334,144,65
867,334,144,66
867,334,144,67
862,336,147,62
862,335,147,62
862,334,147,62
862,333,147,62
862,332,147,62
862,331,147,62
862,330,147,62
862,329,147,62
862,328,147,62
862,327,147,62
862,326,147,62
862,325,147,62
862,324,147,62
862,323,147,62
862,322,147,62
862,325,149,65
862,325,149,65
862,325,149,65
862,325,149,65
862,325,149,65
862,325,149,65
862,325,149,65
862,325,149,65
862,325,149,65
862,325,149,65
862,325,149,65
862,325,149,65
862,325,149,65
862,325,149,65
862,325,149,65
864,328,145,64
864,328,145,64
864,328,145,64
864,328,145,64
864,328,145,64
864,328,145,64
864,328,145,64
864,328,145,64
864,328,145,64
864,328,145,64
864,328,145,64
864,328,145,64
864,328,145,64
864,328,145,64
864,328,145,64
864,325,148,68
864,325,148,68
864,325,148,68
864,325,148,68
864,325,148,68
864,325,148,68
864,325,148,68
864,325,148,68
864,325,148,68
864,325,148,68
864,325,148,68
864,325,148,68
864,325,148,68
864,325,148,68
864,325,148,68
866,325,153,67
866,325,153,67
866,325,153,67
866,325,153,67
866,325,153,67
866,325,153,67
866,325,153,67
866,325,153,67
866,325,153,67
866,325,153,67
866,325,153,67
866,325,153,67
866,325,153,67
866,325,153,67
866,325,153,67
869,328,150,65
869,328,150,65
869,328,150,65
869,328,150,65
869,328,150,65
869,328,150,65
869,328,150,65
869,328,150,65
869,328,150,65
869,328,150,65
869,328,150,65
869,328,150,65
869,328,150,65
869,328,150,65
869,328,150,65
869,331,154,62
