1434,186,75,209
1430,186,76,209
1426,186,77,209
1422,186,78,209
1418,186,79,209
1414,186,80,209
1410,186,81,209
1406,186,82,209
1402,186,83,209
1398,186,84,209
1394,186,85,209
1390,186,86,209
1386,186,87,209
1382,186,88,209
1378,186,89,209
1369,189,94,204
1367,189,92,205
1365,189,90,206
1363,189,88,207
1361,189,86,208
1359,189,84,209
1357,189,82,210
1355,189,80,211
1353,189,78,212
1351,189,76,213
1349,189,74,214
1347,189,72,215
1345,189,70,216
1343,189,68,217
1341,189,66,218
1339,183,60,212
1336,183,61,212
1333,183,62,212
1330,183,63,212
1327,183,64,212
1324,183,65,212
1321,183,66,212
1318,183,67,212
1315,183,68,212
1312,183,69,212
1309,183,70,212
1306,183,71,212
1303,183,72,212
1300,183,73,212
1297,183,74,212
1300,186,79,212
1297,186,79,212
1294,186,79,212
1291,186,79,212
1288,186,79,212
1285,186,79,212
1282,186,79,212
1279,186,79,212
1276,186,79,212
1273,186,79,212
1270,186,79,212
1267,186,79,212
1264,186,79,212
1261,186,79,212
1258,186,79,212
1251,188,86,208
1248,188,86,207
1245,188,86,206
1242,188,86,205
1239,188,86,204
1236,188,86,203
1233,188,86,202
1230,188,86,201
1227,188,86,200
1224,188,86,199
1221,188,86,198
1218,188,86,197
1215,188,86,196
1212,188,86,195
1209,188,86,194
1201,193,85,200
1199,193,83,200
1197,193,81,200
1195,193,79,200
1193,193,77,200
1191,193,75,200
1189,193,73,200
1187,193,71,200
1185,193,69,200
1183,193,67,200
1181,193,65,200
1179,193,63,200
1177,193,61,200
1175,193,59,200
1173,193,57,200
1170,193,54,206
1167,193,56,205
1164,193,58,204
1161,193,60,203
1158,193,62,202
1155,193,64,201
1152,193,66,200
1149,193,68,199
1146,193,70,198
1143,193,72,197
1140,193,74,196
1137,193,76,195
1134,193,78,194
1131,193,80,193
1128,193,82,192
1127,199,78,196
1124,199,79,196
1121,199,80,196
1118,199,81,196
1115,199,82,196
1112,199,83,196
1109,199,84,196
1106,199,85,196
1103,199,86,196
1100,199,87,196
1097,199,88,196
1094,199,89,196
1091,199,90,196
1088,199,91,196
1085,199,92,196
1078,204,88,192
1076,204,86,192
1074,204,84,192
1072,204,82,192
1070,204,80,192
1068,204,78,192
1066,204,76,192
1064,204,74,192
1062,204,72,192
1060,204,70,192
1058,204,68,192
1056,204,66,192
1054,204,64,192
1052,204,62,192
1050,204,60,192
1044,201,65,194
1042,201,65,194
1040,201,65,194
1038,201,65,194
1036,201,65,194
1034,201,65,194
1032,201,65,194
1030,201,65,194
1028,201,65,194
1026,201,65,194
1024,201,65,194
1022,201,65,194
1020,201,65,194
1018,201,65,194
1016,201,65,194
1008,204,66,191
1004,205,68,190
1000,206,70,189
996,207,72,188
992,208,74,187
988,209,76,186
984,210,78,185
980,211,80,184
976,212,82,183
972,213,84,182
968,214,86,181
964,215,88,180
960,216,90,179
956,217,92,178
952,218,94,177
951,218,99,177
948,221,100,174
945,224,101,171
942,227,102,168
939,230,103,165
936,233,104,162
933,236,105,159
930,239,106,156
927,242,107,153
924,245,108,150
921,248,109,147
918,251,110,144
915,254,111,141
912,257,112,138
909,260,113,135
907,269,114,130
905,272,113,127
903,275,112,124
901,278,111,121
899,281,110,118
897,284,109,115
895,287,108,112
893,290,107,109
891,293,106,106
889,296,105,103
887,299,104,100
885,302,103,97
883,305,102,94
881,308,101,91
879,311,100,88
884,319,100,84
881,320,103,83
878,321,106,82
875,322,109,81
872,323,112,80
869,324,115,79
866,325,118,78
863,326,121,77
860,327,124,76
857,328,127,75
854,329,130,74
851,330,133,73
848,331,136,72
845,332,139,71
842,333,142,70
841,329,148,69
841,329,148,69
841,329,148,69
841,329,148,69
841,329,148,69
841,329,148,69
841,329,148,69
841,329,148,69
841,329,148,69
841,329,148,69
841,329,148,69
841,329,148,69
841,329,148,69
841,329,148,69
841,329,148,69
836,327,143,68
836,327,143,68
836,327,143,68
836,327,143,68
836,327,143,68
836,327,143,68
836,327,143,68
836,327,143,68
836,327,143,68
836,327,143,68
836,327,143,68
836,327,143,68
836,327,143,68
836,327,143,68
836,327,143,68
841,329,145,67
841,329,145,67
841,329,145,67
841,329,145,67
841,329,145,67
841,329,145,67
841,329,145,67
841,329,145,67
841,329,145,67
841,329,145,67
841,329,145,67
841,329,145,67
841,329,145,67
841,329,145,67
841,329,145,67
838,330,149,69
838,330,149,69
838,330,149,69
838,330,149,69
838,330,149,69
838,330,149,69
838,330,149,69
838,330,149,69
838,330,149,69
838,330,149,69
838,330,149,69
838,330,149,69
838,330,149,69
838,330,149,69
838,330,149,69
838,329,149,69
838,329,149,69
838,329,149,69
838,329,149,69
838,329,149,69
838,329,149,69
838,329,149,69
838,329,149,69
838,329,149,69
838,329,149,69
838,329,149,69
838,329,149,69
838,329,149,69
838,329,149,69
838,329,149,69
840,327,149,72
840,327,149,72
840,327,149,72
840,327,149,72
840,327,149,72
840,327,149,72
840,327,149,72
840,327,149,72
840,327,149,72
840,327,149,72
840,327,149,72
840,327,149,72
840,327,149,72
840,327,149,72
840,327,149,72
841,329,146,70
841,329,146,70
841,329,146,70
841,329,146,70
841,329,146,70
841,329,146,70
841,329,146,70
841,329,146,70
841,329,146,70
841,329,146,70
841,329,146,70
841,329,146,70
841,329,146,70
841,329,146,70
841,329,146,70
841,330,145,69
841,330,145,69
841,330,145,69
841,330,145,69
841,330,145,69
841,330,145,69
841,330,145,69
841,330,145,69
841,330,145,69
841,330,145,69
841,330,145,69
841,330,145,69
841,330,145,69
841,330,145,69
841,330,145,69
843,327,146,71
843,327,146,71
843,327,146,71
843,327,146,71
843,327,146,71
843,327,146,71
843,327,146,71
843,327,146,71
843,327,146,71
843,327,146,71
843,327,146,71
843,327,146,71
843,327,146,71
843,327,146,71
843,327,146,71
843,329,143,69
843,329,143,69
843,329,143,69
843,329,143,69
843,329,143,69
843,329,143,69
843,329,143,69
843,329,143,69
843,329,143,69
843,329,143,69
843,329,143,69
843,329,143,69
843,329,143,69
843,329,143,69
843,329,143,69
845,330,141,68
845,330,141,68
845,330,141,68
845,330,141,68
845,330,141,68
845,330,141,68
845,330,141,68
845,330,141,68
845,330,141,68
845,330,141,68
845,330,141,68
845,330,141,68
845,330,141,68
845,330,141,68
845,330,141,68
841,327,146,74
841,327,146,74
841,327,146,74
841,327,146,74
841,327,146,74
841,327,146,74
841,327,146,74
841,327,146,74
841,327,146,74
841,327,146,74
841,327,146,74
841,327,146,74
841,327,146,74
841,327,146,74
841,327,146,74
841,326,146,73
841,326,146,73
841,326,146,73
841,326,146,73
841,326,146,73
841,326,146,73
841,326,146,73
841,326,146,73
841,326,146,73
841,326,146,73
841,326,146,73
841,326,146,73
841,326,146,73
841,326,146,73
841,326,146,73
843,327,146,71
843,327,146,71
843,327,146,71
843,327,146,71
843,327,146,71
843,327,146,71
843,327,146,71
843,327,146,71
843,327,146,71
843,327,146,71
843,327,146,71
843,327,146,71
843,327,146,71
843,327,146,71
843,327,146,71
841,329,150,69
841,329,150,69
841,329,150,69
841,329,150,69
841,329,150,69
841,329,150,69
841,329,150,69
841,329,150,69
841,329,150,69
841,329,150,69
841,329,150,69
841,329,150,69
841,329,150,69
841,329,150,69
841,329,150,69
843,326,146,73
843,326,146,73
843,326,146,73
843,326,146,73
843,326,146,73
843,326,146,73
843,326,146,73
843,326,146,73
843,326,146,73
843,326,146,73
843,326,146,73
843,326,146,73
843,326,146,73
843,326,146,73
843,326,146,73
840,324,147,75
