1527,146,104,260
1524,146,103,260
1521,146,102,260
1518,146,101,260
1515,146,100,260
1512,146,99,260
1509,146,98,260
1506,146,97,260
1503,146,96,260
1500,146,95,260
1497,146,94,260
1494,146,93,260
1491,146,92,260
1488,146,91,260
1485,146,90,260
1485,139,91,253
1482,138,90,254
1479,137,89,255
1476,136,88,256
1473,135,87,257
1470,134,86,258
1467,133,85,259
1464,132,84,260
1461,131,83,261
1458,130,82,262
1455,129,81,263
1452,128,80,264
1449,127,79,265
1446,126,78,266
1443,125,77,267
1447,123,70,265
1442,123,72,265
1437,123,74,265
1432,123,76,265
1427,123,78,265
1422,123,80,265
1417,123,82,265
1412,123,84,265
1407,123,86,265
1402,123,88,265
1397,123,90,265
1392,123,92,265
1387,123,94,265
1382,123,96,265
1377,123,98,265
1373,127,104,261
1368,127,104,261
1363,127,104,261
1358,127,104,261
1353,127,104,261
1348,127,104,261
1343,127,104,261
1338,127,104,261
1333,127,104,261
1328,127,104,261
1323,127,104,261
1318,127,104,261
1313,127,104,261
1308,127,104,261
1303,127,104,261
1304,121,104,254
1303,120,102,255
1302,119,100,256
1301,118,98,257
1300,117,96,258
1299,116,94,259
1298,115,92,260
1297,114,90,261
1296,113,88,262
1295,112,86,263
1294,111,84,264
1293,110,82,265
1292,109,80,266
1291,108,78,267
1290,107,76,268
1283,113,72,262
1279,113,73,262
1275,113,74,262
1271,113,75,262
1267,113,76,262
1263,113,77,262
1259,113,78,262
1255,113,79,262
1251,113,80,262
1247,113,81,262
1243,113,82,262
1239,113,83,262
1235,113,84,262
1231,113,85,262
1227,113,86,262
1228,107,83,258
1223,107,85,258
1218,107,87,258
1213,107,89,258
1208,107,91,258
1203,107,93,258
1198,107,95,258
1193,107,97,258
1188,107,99,258
1183,107,101,258
1178,107,103,258
1173,107,105,258
1168,107,107,258
1163,107,109,258
1158,107,111,258
1151,103,108,254
1148,103,107,254
1145,103,106,254
1142,103,105,254
1139,103,104,254
1136,103,103,254
1133,103,102,254
1130,103,101,254
1127,103,100,254
1124,103,99,254
1121,103,98,254
1118,103,97,254
1115,103,96,254
1112,103,95,254
1109,103,94,254
1107,103,89,250
1105,103,88,250
1103,103,87,250
1101,103,86,250
1099,103,85,250
1097,103,84,250
1095,103,83,250
1093,103,82,250
1091,103,81,250
1089,103,80,250
1087,103,79,250
1085,103,78,250
1083,103,77,250
1081,103,76,250
1079,103,75,250
1073,97,72,250
1069,97,74,250
1065,97,76,250
1061,97,78,250
1057,97,80,250
1053,97,82,250
1049,97,84,250
1045,97,86,250
1041,97,88,250
1037,97,90,250
1033,97,92,250
1029,97,94,250
1025,97,96,250
1021,97,98,250
1017,97,100,250
1018,94,98,247
1015,94,97,246
1012,94,96,245
1009,94,95,244
1006,94,94,243
1003,94,93,242
1000,94,92,241
997,94,91,240
994,94,90,239
991,94,89,238
988,94,88,237
985,94,87,236
982,94,86,235
979,94,85,234
976,94,84,233
972,97,87,237
968,99,88,235
964,101,89,233
960,103,90,231
956,105,91,229
952,107,92,227
948,109,93,225
944,111,94,223
940,113,95,221
936,115,96,219
932,117,97,217
928,119,98,215
924,121,99,213
920,123,100,211
916,125,101,209
905,129,104,201
901,134,106,196
897,139,108,191
893,144,110,186
889,149,112,181
885,154,114,176
881,159,116,171
877,164,118,166
873,169,120,161
869,174,122,156
865,179,124,151
861,184,126,146
857,189,128,141
853,194,130,136
849,199,132,131
848,209,131,119
845,210,133,118
842,211,135,117
839,212,137,116
836,213,139,115
833,214,141,114
830,215,143,113
827,216,145,112
824,217,147,111
821,218,149,110
818,219,151,109
815,220,153,108
812,221,155,107
809,222,157,106
806,223,159,105
806,225,163,97
804,225,164,97
802,225,165,97
800,225,166,97
798,225,167,97
796,225,168,97
794,225,169,97
792,225,170,97
790,225,171,97
788,225,172,97
786,225,173,97
784,225,174,97
782,225,175,97
780,225,176,97
778,225,177,97
775,229,171,95
775,229,171,95
775,229,171,95
775,229,171,95
775,229,171,95
775,229,171,95
775,229,171,95
775,229,171,95
775,229,171,95
775,229,171,95
775,229,171,95
775,229,171,95
775,229,171,95
775,229,171,95
775,229,171,95
775,231,171,97
775,231,173,97
775,231,175,97
775,231,177,97
775,231,179,97
775,231,181,97
775,231,183,97
775,231,185,97
775,231,187,97
775,231,189,97
775,231,191,97
775,231,193,97
775,231,195,97
775,231,197,97
775,231,199,97
773,235,194,95
773,235,194,95
773,235,194,95
773,235,194,95
773,235,194,95
773,235,194,95
773,235,194,95
773,235,194,95
773,235,194,95
773,235,194,95
773,235,194,95
773,235,194,95
773,235,194,95
773,235,194,95
773,235,194,95
775,233,190,99
775,233,190,99
775,233,190,99
775,233,190,99
775,233,190,99
775,233,190,99
775,233,190,99
775,233,190,99
775,233,190,99
775,233,190,99
775,233,190,99
775,233,190,99
775,233,190,99
775,233,190,99
775,233,190,99
773,233,194,99
773,233,193,99
773,233,192,99
773,233,191,99
773,233,190,99
773,233,189,99
773,233,188,99
773,233,187,99
773,233,186,99
773,233,185,99
773,233,184,99
773,233,183,99
773,233,182,99
773,233,181,99
773,233,180,99
777,237,186,97
777,237,186,97
777,237,186,97
777,237,186,97
777,237,186,97
777,237,186,97
777,237,186,97
777,237,186,97
777,237,186,97
777,237,186,97
777,237,186,97
777,237,186,97
777,237,186,97
777,237,186,97
777,237,186,97
779,233,184,99
779,233,185,99
779,233,186,99
779,233,187,99
779,233,188,99
779,233,189,99
779,233,190,99
779,233,191,99
779,233,192,99
779,233,193,99
779,233,194,99
779,233,195,99
779,233,196,99
779,233,197,99
779,233,198,99
773,235,194,95
773,235,194,96
773,235,194,97
773,235,194,98
773,235,194,99
773,235,194,100
773,235,194,101
773,235,194,102
773,235,194,103
773,235,194,104
773,235,194,105
773,235,194,106
773,235,194,107
773,235,194,108
773,235,194,109
775,231,190,103
775,231,190,103
775,231,190,103
775,231,190,103
775,231,190,103
775,231,190,103
775,231,190,103
775,231,190,103
775,231,190,103
775,231,190,103
775,231,190,103
775,231,190,103
775,231,190,103
775,231,190,103
775,231,190,103
777,233,190,101
777,233,190,101
777,233,190,101
777,233,190,101
777,233,190,101
777,233,190,101
777,233,190,101
777,233,190,101
777,233,190,101
777,233,190,101
777,233,190,101
777,233,190,101
777,233,190,101
777,233,190,101
777,233,190,101
775,237,192,95
775,237,192,95
775,237,192,95
775,237,192,95
775,237,192,95
775,237,192,95
775,237,192,95
775,237,192,95
775,237,192,95
775,237,192,95
775,237,192,95
775,237,192,95
775,237,192,95
775,237,192,95
775,237,192,95
779,237,188,97
779,237,188,97
779,237,188,97
779,237,188,97
779,237,188,97
779,237,188,97
779,237,188,97
779,237,188,97
779,237,188,97
779,237,188,97
779,237,188,97
779,237,188,97
779,237,188,97
779,237,188,97
779,237,188,97
777,235,192,99
777,235,192,99
777,235,192,99
777,235,192,99
777,235,192,99
777,235,192,99
777,235,192,99
777,235,192,99
777,235,192,99
777,235,192,99
777,235,192,99
777,235,192,99
777,235,192,99
777,235,192,99
777,235,192,99
773,233,194,97
773,233,194,97
773,233,194,97
773,233,194,97
773,233,194,97
773,233,194,97
773,233,194,97
773,233,194,97
773,233,194,97
773,233,194,97
773,233,194,97
773,233,194,97
773,233,194,97
773,233,194,97
773,233,194,97
777,239,190,93
777,239,190,93
777,239,190,93
777,239,190,93
777,239,190,93
777,239,190,93
777,239,190,93
777,239,190,93
777,239,190,93
777,239,190,93
777,239,190,93
777,239,190,93
777,239,190,93
777,239,190,93
777,239,190,93
773,233,188,95
