1481,299,50,144
1476,298,53,146
1471,297,56,148
1466,296,59,150
1461,295,62,152
1456,294,65,154
1451,293,68,156
1446,292,71,158
1441,291,74,160
1436,290,77,162
1431,289,80,164
1426,288,83,166
1421,287,86,168
1416,286,89,170
1411,285,92,172
1404,288,88,171
1402,288,86,171
1400,288,84,171
1398,288,82,171
1396,288,80,171
1394,288,78,171
1392,288,76,171
1390,288,74,171
1388,288,72,171
1386,288,70,171
1384,288,68,171
1382,288,66,171
1380,288,64,171
1378,288,62,171
1376,288,60,171
1367,285,63,177
1363,285,63,177
1359,285,63,177
1355,285,63,177
1351,285,63,177
1347,285,63,177
1343,285,63,177
1339,285,63,177
1335,285,63,177
1331,285,63,177
1327,285,63,177
1323,285,63,177
1319,285,63,177
1315,285,63,177
1311,285,63,177
1313,282,61,175
1310,282,60,176
1307,282,59,177
1304,282,58,178
1301,282,57,179
1298,282,56,180
1295,282,55,181
1292,282,54,182
1289,282,53,183
1286,282,52,184
1283,282,51,185
1280,282,50,186
1277,282,49,187
1274,282,48,188
1271,282,47,189
1270,280,49,187
1267,280,49,186
1264,280,49,185
1261,280,49,184
1258,280,49,183
1255,280,49,182
1252,280,49,181
1249,280,49,180
1246,280,49,179
1243,280,49,178
1240,280,49,177
1237,280,49,176
1234,280,49,175
1231,280,49,174
1228,280,49,173
1220,286,50,176
1217,287,50,175
1214,288,50,174
1211,289,50,173
1208,290,50,172
1205,291,50,171
1202,292,50,170
1199,293,50,169
1196,294,50,168
1193,295,50,167
1190,296,50,166
1187,297,50,165
1184,298,50,164
1181,299,50,163
1178,300,50,162
1172,297,50,156
1169,296,50,157
1166,295,50,158
1163,294,50,159
1160,293,50,160
1157,292,50,161
1154,291,50,162
1151,290,50,163
1148,289,50,164
1145,288,50,165
1142,287,50,166
1139,286,50,167
1136,285,50,168
1133,284,50,169
1130,283,50,170
1123,286,52,173
1120,286,52,173
1117,286,52,173
1114,286,52,173
1111,286,52,173
1108,286,52,173
1105,286,52,173
1102,286,52,173
1099,286,52,173
1096,286,52,173
1093,286,52,173
1090,286,52,173
1087,286,52,173
1084,286,52,173
1081,286,52,173
1081,286,45,170
1076,288,48,168
1071,290,51,166
1066,292,54,164
1061,294,57,162
1056,296,60,160
1051,298,63,158
1046,300,66,156
1041,302,69,154
1036,304,72,152
1031,306,75,150
1026,308,78,148
1021,310,81,146
1016,312,84,144
1011,314,87,142
1007,315,84,135
1004,320,83,131
1001,325,82,127
998,330,81,123
995,335,80,119
992,340,79,115
989,345,78,111
986,350,77,107
983,355,76,103
980,360,75,99
977,365,74,95
974,370,73,91
971,375,72,87
968,380,71,83
965,385,70,79
966,388,66,76
963,389,68,75
960,390,70,74
957,391,72,73
954,392,74,72
951,393,76,71
948,394,78,70
945,395,80,69
942,396,82,68
939,397,84,67
936,398,86,66
933,399,88,65
930,400,90,64
927,401,92,63
924,402,94,62
925,402,99,65
925,402,100,65
925,402,101,65
925,402,102,65
925,402,103,65
925,402,104,65
925,402,105,65
925,402,106,65
925,402,107,65
925,402,108,65
925,402,109,65
925,402,110,65
925,402,111,65
925,402,112,65
925,402,113,65
932,402,117,62
933,403,117,61
934,404,117,60
935,405,117,59
936,406,117,58
937,407,117,57
938,408,117,56
939,409,117,55
940,410,117,54
941,411,117,53
942,412,117,52
943,413,117,51
944,414,117,50
945,415,117,49
946,416,117,48
940,410,110,49
940,410,110,49
940,410,110,49
940,410,110,49
940,410,110,49
940,410,110,49
940,410,110,49
940,410,110,49
940,410,110,49
940,410,110,49
940,410,110,49
940,410,110,49
940,410,110,49
940,410,110,49
940,410,110,49
940,413,110,48
940,413,110,48
940,413,110,48
940,413,110,48
940,413,110,48
940,413,110,48
940,413,110,48
940,413,110,48
940,413,110,48
940,413,110,48
940,413,110,48
940,413,110,48
940,413,110,48
940,413,110,48
940,413,110,48
935,419,114,45
935,419,114,45
935,419,114,45
935,419,114,45
935,419,114,45
935,419,114,45
935,419,114,45
935,419,114,45
935,419,114,45
935,419,114,45
935,419,114,45
935,419,114,45
935,419,114,45
935,419,114,45
935,419,114,45
937,416,115,49
937,416,115,49
937,416,115,49
937,416,115,49
937,416,115,49
937,416,115,49
937,416,115,49
937,416,115,49
937,416,115,49
937,416,115,49
937,416,115,49
937,416,115,49
937,416,115,49
937,416,115,49
937,416,115,49
935,410,117,54
935,410,117,54
935,410,117,54
935,410,117,54
935,410,117,54
935,410,117,54
935,410,117,54
935,410,117,54
935,410,117,54
935,410,117,54
935,410,117,54
935,410,117,54
935,410,117,54
935,410,117,54
935,410,117,54
933,416,119,55
933,416,118,55
933,416,117,55
933,416,116,55
933,416,115,55
933,416,114,55
933,416,113,55
933,416,112,55
933,416,111,55
933,416,110,55
933,416,109,55
933,416,108,55
933,416,107,55
933,416,106,55
933,416,105,55
935,419,106,51
935,419,107,51
935,419,108,51
935,419,109,51
935,419,110,51
935,419,111,51
935,419,112,51
935,419,113,51
935,419,114,51
935,419,115,51
935,419,116,51
935,419,117,51
935,419,118,51
935,419,119,51
935,419,120,51
932,417,115,54
932,417,115,54
932,417,115,54
932,417,115,54
932,417,115,54
932,417,115,54
932,417,115,54
932,417,115,54
932,417,115,54
932,417,115,54
932,417,115,54
932,417,115,54
932,417,115,54
932,417,115,54
932,417,115,54
932,419,118,54
932,419,117,54
932,419,116,54
932,419,115,54
932,419,114,54
932,419,113,54
932,419,112,54
932,419,111,54
932,419,110,54
932,419,109,54
932,419,108,54
932,419,107,54
932,419,106,54
932,419,105,54
932,419,104,54
933,422,109,49
933,422,110,49
933,422,111,49
933,422,112,49
933,422,113,49
933,422,114,49
933,422,115,49
933,422,116,49
933,422,117,49
933,422,118,49
933,422,119,49
933,422,120,49
933,422,121,49
933,422,122,49
933,422,123,49
933,422,121,53
