1398,334,80,181
1394,334,80,181
1390,334,80,181
1386,334,80,181
1382,334,80,181
1378,334,80,181
1374,334,80,181
1370,334,80,181
1366,334,80,181
1362,334,80,181
1358,334,80,181
1354,334,80,181
1350,334,80,181
1346,334,80,181
1342,334,80,181
1345,332,87,181
1343,331,85,181
1341,330,83,181
1339,329,81,181
1337,328,79,181
1335,327,77,181
1333,326,75,181
1331,325,73,181
1329,324,71,181
1327,323,69,181
1325,322,67,181
1323,321,65,181
1321,320,63,181
1319,319,61,181
1317,318,59,181
1320,324,62,186
1318,324,62,186
1316,324,62,186
1314,324,62,186
1312,324,62,186
1310,324,62,186
1308,324,62,186
1306,324,62,186
1304,324,62,186
1302,324,62,186
1300,324,62,186
1298,324,62,186
1296,324,62,186
1294,324,62,186
1292,324,62,186
1283,318,62,192
1280,319,64,191
1277,320,66,190
1274,321,68,189
1271,322,70,188
1268,323,72,187
1265,324,74,186
1262,325,76,185
1259,326,78,184
1256,327,80,183
1253,328,82,182
1250,329,84,181
1247,330,86,180
1244,331,88,179
1241,332,90,178
1232,332,89,183
1230,332,89,182
1228,332,89,181
1226,332,89,180
1224,332,89,179
1222,332,89,178
1220,332,89,177
1218,332,89,176
1216,332,89,175
1214,332,89,174
1212,332,89,173
1210,332,89,172
1208,332,89,171
1206,332,89,170
1204,332,89,169
1195,332,82,171
1193,331,80,172
1191,330,78,173
1189,329,76,174
1187,328,74,175
1185,327,72,176
1183,326,70,177
1181,325,68,178
1179,324,66,179
1177,323,64,180
1175,322,62,181
1173,321,60,182
1171,320,58,183
1169,319,56,184
1167,318,54,185
1170,324,55,185
1168,324,56,185
1166,324,57,185
1164,324,58,185
1162,324,59,185
1160,324,60,185
1158,324,61,185
1156,324,62,185
1154,324,63,185
1152,324,64,185
1150,324,65,185
1148,324,66,185
1146,324,67,185
1144,324,68,185
1142,324,69,185
1138,329,67,181
1135,329,68,181
1132,329,69,181
1129,329,70,181
1126,329,71,181
1123,329,72,181
1120,329,73,181
1117,329,74,181
1114,329,75,181
1111,329,76,181
1108,329,77,181
1105,329,78,181
1102,329,79,181
1099,329,80,181
1096,329,81,181
1092,327,85,182
1089,328,85,180
1086,329,85,178
1083,330,85,176
1080,331,85,174
1077,332,85,172
1074,333,85,170
1071,334,85,168
1068,335,85,166
1065,336,85,164
1062,337,85,162
1059,338,85,160
1056,339,85,158
1053,340,85,156
1050,341,85,154
1048,343,89,158
1046,346,89,155
1044,349,89,152
1042,352,89,149
1040,355,89,146
1038,358,89,143
1036,361,89,140
1034,364,89,137
1032,367,89,134
1030,370,89,131
1028,373,89,128
1026,376,89,125
1024,379,89,122
1022,382,89,119
1020,385,89,116
1025,388,88,108
1024,390,88,106
1023,392,88,104
1022,394,88,102
1021,396,88,100
1020,398,88,98
1019,400,88,96
1018,402,88,94
1017,404,88,92
1016,406,88,90
1015,408,88,88
1014,410,88,86
1013,412,88,84
1012,414,88,82
1011,416,88,80
1006,422,94,79
1005,421,96,79
1004,420,98,79
1003,419,100,79
1002,418,102,79
1001,417,104,79
1000,416,106,79
999,415,108,79
998,414,110,79
997,413,112,79
996,412,114,79
995,411,116,79
994,410,118,79
993,409,120,79
992,408,122,79
991,407,117,86
991,408,118,85
991,409,119,84
991,410,120,83
991,411,121,82
991,412,122,81
991,413,123,80
991,414,124,79
991,415,125,78
991,416,126,77
991,417,127,76
991,418,128,75
991,419,129,74
991,420,130,73
991,421,131,72
997,427,135,69
997,428,137,68
997,429,139,67
997,430,141,66
997,431,143,65
997,432,145,64
997,433,147,63
997,434,149,62
997,435,151,61
997,436,153,60
997,437,155,59
997,438,157,58
997,439,159,57
997,440,161,56
997,441,163,55
994,444,163,55
994,444,162,55
994,444,161,55
994,444,160,55
994,444,159,55
994,444,158,55
994,444,157,55
994,444,156,55
994,444,155,55
994,444,154,55
994,444,153,55
994,444,152,55
994,444,151,55
994,444,150,55
994,444,149,55
999,444,148,57
999,444,148,57
999,444,148,57
999,444,148,57
999,444,148,57
999,444,148,57
999,444,148,57
999,444,148,57
999,444,148,57
999,444,148,57
999,444,148,57
999,444,148,57
999,444,148,57
999,444,148,57
999,444,148,57
996,444,151,54
997,444,151,54
998,444,151,54
999,444,151,54
1000,444,151,54
1001,444,151,54
1002,444,151,54
1003,444,151,54
1004,444,151,54
1005,444,151,54
1006,444,151,54
1007,444,151,54
1008,444,151,54
1009,444,151,54
1010,444,151,54
1006,444,144,55
1006,444,144,55
1006,444,144,55
1006,444,144,55
1006,444,144,55
1006,444,144,55
1006,444,144,55
1006,444,144,55
1006,444,144,55
1006,444,144,55
1006,444,144,55
1006,444,144,55
1006,444,144,55
1006,444,144,55
1006,444,144,55
999,444,146,59
999,444,146,59
999,444,146,59
999,444,146,59
999,444,146,59
999,444,146,59
999,444,146,59
999,444,146,59
999,444,146,59
999,444,146,59
999,444,146,59
999,444,146,59
999,444,146,59
999,444,146,59
999,444,146,59
999,446,153,55
999,446,153,55
999,446,153,55
999,446,153,55
999,446,153,55
999,446,153,55
999,446,153,55
999,446,153,55
999,446,153,55
999,446,153,55
999,446,153,55
999,446,153,55
999,446,153,55
999,446,153,55
999,446,153,55
996,444,153,55
996,444,153,55
996,444,153,55
996,444,153,55
996,444,153,55
996,444,153,55
996,444,153,55
996,444,153,55
996,444,153,55
996,444,153,55
996,444,153,55
996,444,153,55
996,444,153,55
996,444,153,55
996,444,153,55
999,449,148,55
999,449,148,55
999,449,148,55
999,449,148,55
999,449,148,55
999,449,148,55
999,449,148,55
999,449,148,55
999,449,148,55
999,449,148,55
999,449,148,55
999,449,148,55
999,449,148,55
999,449,148,55
999,449,148,55
999,444,153,55
999,444,153,55
999,444,153,55
999,444,153,55
999,444,153,55
999,444,153,55
999,444,153,55
999,444,153,55
999,444,153,55
999,444,153,55
999,444,153,55
999,444,153,55
999,444,153,55
999,444,153,55
999,444,153,55
997,446,153,60
997,446,153,59
997,446,153,58
997,446,153,57
997,446,153,56
997,446,153,55
997,446,153,54
997,446,153,53
997,446,153,52
997,446,153,51
997,446,153,50
997,446,153,49
997,446,153,48
997,446,153,47
997,446,153,46
1004,447,146,52
1003,447,147,52
1002,447,148,52
1001,447,149,52
1000,447,150,52
999,447,151,52
998,447,152,52
997,447,153,52
996,447,154,52
995,447,155,52
994,447,156,52
993,447,157,52
992,447,158,52
991,447,159,52
990,447,160,52
996,449,154,49
996,449,154,49
996,449,154,49
996,449,154,49
996,449,154,49
996,449,154,49
996,449,154,49
996,449,154,49
996,449,154,49
996,449,154,49
996,449,154,49
996,449,154,49
996,449,154,49
996,449,154,49
996,449,154,49
997,447,148,52
997,447,148,52
997,447,148,52
997,447,148,52
997,447,148,52
997,447,148,52
997,447,148,52
997,447,148,52
997,447,148,52
997,447,148,52
997,447,148,52
997,447,148,52
997,447,148,52
997,447,148,52
997,447,148,52
999,444,148,59
999,444,148,59
999,444,148,59
999,444,148,59
999,444,148,59
999,444,148,59
999,444,148,59
999,444,148,59
999,444,148,59
999,444,148,59
999,444,148,59
999,444,148,59
999,444,148,59
999,444,148,59
999,444,148,59
996,446,153,57
996,446,153,57
996,446,153,57
996,446,153,57
996,446,153,57
996,446,153,57
996,446,153,57
996,446,153,57
996,446,153,57
996,446,153,57
996,446,153,57
996,446,153,57
996,446,153,57
996,446,153,57
996,446,153,57
996,444,149,57
996,444,150,57
996,444,151,57
996,444,152,57
996,444,153,57
996,444,154,57
996,444,155,57
996,444,156,57
996,444,157,57
996,444,158,57
996,444,159,57
996,444,160,57
996,444,161,57
996,444,162,57
996,444,163,57
999,443,157,58
