1412,52,75,202
1408,51,74,201
1404,50,73,200
1400,49,72,199
1396,48,71,198
1392,47,70,197
1388,46,69,196
1384,45,68,195
1380,44,67,194
1376,43,66,193
1372,42,65,192
1368,41,64,191
1364,40,63,190
1360,39,62,189
1356,38,61,188
1359,43,65,181
1356,43,66,181
1353,43,67,181
1350,43,68,181
1347,43,69,181
1344,43,70,181
1341,43,71,181
1338,43,72,181
1335,43,73,181
1332,43,74,181
1329,43,75,181
1326,43,76,181
1323,43,77,181
1320,43,78,181
1317,43,79,181
1308,43,77,175
1305,43,76,176
1302,43,75,177
1299,43,74,178
1296,43,73,179
1293,43,72,180
1290,43,71,181
1287,43,70,182
1284,43,69,183
1281,43,68,184
1278,43,67,185
1275,43,66,186
1272,43,65,187
1269,43,64,188
1266,43,63,189
1265,39,69,190
1261,39,69,191
1257,39,69,192
1253,39,69,193
1249,39,69,194
1245,39,69,195
1241,39,69,196
1237,39,69,197
1233,39,69,198
1229,39,69,199
1225,39,69,200
1221,39,69,201
1217,39,69,202
1213,39,69,203
1209,39,69,204
1210,35,73,200
1208,34,73,200
1206,33,73,200
1204,32,73,200
1202,31,73,200
1200,30,73,200
1198,29,73,200
1196,28,73,200
1194,27,73,200
1192,26,73,200
1190,25,73,200
1188,24,73,200
1186,23,73,200
1184,22,73,200
1182,21,73,200
1173,27,72,205
1170,27,73,204
1167,27,74,203
1164,27,75,202
1161,27,76,201
1158,27,77,200
1155,27,78,199
1152,27,79,198
1149,27,80,197
1146,27,81,196
1143,27,82,195
1140,27,83,194
1137,27,84,193
1134,27,85,192
1131,27,86,191
1125,23,84,196
1122,24,83,197
1119,25,82,198
1116,26,81,199
1113,27,80,200
1110,28,79,201
1107,29,78,202
1104,30,77,203
1101,31,76,204
1098,32,75,205
1095,33,74,206
1092,34,73,207
1089,35,72,208
1086,36,71,209
1083,37,70,210
1086,33,76,212
1083,32,76,211
1080,31,76,210
1077,30,76,209
1074,29,76,208
1071,28,76,207
1068,27,76,206
1065,26,76,205
1062,25,76,204
1059,24,76,203
1056,23,76,202
1053,22,76,201
1050,21,76,200
1047,20,76,199
1044,19,76,198
1046,19,79,200
1043,22,80,197
1040,25,81,194
1037,28,82,191
1034,31,83,188
1031,34,84,185
1028,37,85,182
1025,40,86,179
1022,43,87,176
1019,46,88,173
1016,49,89,170
1013,52,90,167
1010,55,91,164
1007,58,92,161
1004,61,93,158
997,59,97,155
994,62,98,153
991,65,99,151
988,68,100,149
985,71,101,147
982,74,102,145
979,77,103,143
976,80,104,141
973,83,105,139
970,86,106,137
967,89,107,135
964,92,108,133
961,95,109,131
958,98,110,129
955,101,111,127
956,105,108,130
954,106,109,128
952,107,110,126
950,108,111,124
948,109,112,122
946,110,113,120
944,111,114,118
942,112,115,116
940,113,116,114
938,114,117,112
936,115,118,110
934,116,119,108
932,117,120,106
930,118,121,104
928,119,122,102
931,114,122,104
931,114,122,104
931,114,122,104
931,114,122,104
931,114,122,104
931,114,122,104
931,114,122,104
931,114,122,104
931,114,122,104
931,114,122,104
931,114,122,104
931,114,122,104
931,114,122,104
931,114,122,104
931,114,122,104
927,108,122,110
928,110,125,109
929,112,128,108
930,114,131,107
931,116,134,106
932,118,137,105
933,120,140,104
934,122,143,103
935,124,146,102
936,126,149,101
937,128,152,100
938,130,155,99
939,132,158,98
940,134,161,97
941,136,164,96
935,140,167,95
935,140,165,94
935,140,163,93
935,140,161,92
935,140,159,91
935,140,157,90
935,140,155,89
935,140,153,88
935,140,151,87
935,140,149,86
935,140,147,85
935,140,145,84
935,140,143,83
935,140,141,82
935,140,139,81
939,140,144,87
939,140,144,87
939,140,144,87
939,140,144,87
939,140,144,87
939,140,144,87
939,140,144,87
939,140,144,87
939,140,144,87
939,140,144,87
939,140,144,87
939,140,144,87
939,140,144,87
939,140,144,87
939,140,144,87
943,140,151,89
943,140,150,89
943,140,149,89
943,140,148,89
943,140,147,89
943,140,146,89
943,140,145,89
943,140,144,89
943,140,143,89
943,140,142,89
943,140,141,89
943,140,140,89
943,140,139,89
943,140,138,89
943,140,137,89
948,142,131,95
948,142,132,95
948,142,133,95
948,142,134,95
948,142,135,95
948,142,136,95
948,142,137,95
948,142,138,95
948,142,139,95
948,142,140,95
948,142,141,95
948,142,142,95
948,142,143,95
948,142,144,95
948,142,145,95
944,142,147,92
944,142,146,91
944,142,145,90
944,142,144,89
944,142,143,88
944,142,142,87
944,142,141,86
944,142,140,85
944,142,139,84
944,142,138,83
944,142,137,82
944,142,136,81
944,142,135,80
944,142,134,79
944,142,133,78
948,148,139,79
948,148,140,79
948,148,141,79
948,148,142,79
948,148,143,79
948,148,144,79
948,148,145,79
948,148,146,79
948,148,147,79
948,148,148,79
948,148,149,79
948,148,150,79
948,148,151,79
948,148,152,79
948,148,153,79
952,154,154,80
952,154,153,80
952,154,152,80
952,154,151,80
952,154,150,80
952,154,149,80
952,154,148,80
952,154,147,80
952,154,146,80
952,154,145,80
952,154,144,80
952,154,143,80
952,154,142,80
952,154,141,80
952,154,140,80
946,150,133,77
946,149,134,78
946,148,135,79
946,147,136,80
946,146,137,81
946,145,138,82
946,144,139,83
946,143,140,84
946,142,141,85
946,141,142,86
946,140,143,87
946,139,144,88
946,138,145,89
946,137,146,90
946,136,147,91
944,134,152,93
944,134,151,93
944,134,150,93
944,134,149,93
944,134,148,93
944,134,147,93
944,134,146,93
944,134,145,93
944,134,144,93
944,134,143,93
944,134,142,93
944,134,141,93
944,134,140,93
944,134,139,93
944,134,138,93
948,138,139,89
949,138,139,90
950,138,139,91
951,138,139,92
952,138,139,93
953,138,139,94
954,138,139,95
955,138,139,96
956,138,139,97
957,138,139,98
958,138,139,99
959,138,139,100
960,138,139,101
961,138,139,102
962,138,139,103
956,132,137,97
955,133,138,96
954,134,139,95
953,135,140,94
952,136,141,93
951,137,142,92
950,138,143,91
949,139,144,90
948,140,145,89
947,141,146,88
946,142,147,87
945,143,148,86
944,144,149,85
943,145,150,84
942,146,151,83
948,146,148,83
948,146,148,83
948,146,148,83
948,146,148,83
948,146,148,83
948,146,148,83
948,146,148,83
948,146,148,83
948,146,148,83
948,146,148,83
948,146,148,83
948,146,148,83
948,146,148,83
948,146,148,83
948,146,148,83
952,145,144,82
953,145,143,82
954,145,142,82
955,145,141,82
956,145,140,82
957,145,139,82
958,145,138,82
959,145,137,82
960,145,136,82
961,145,135,82
962,145,134,82
963,145,133,82
964,145,132,82
965,145,131,82
966,145,130,82
960,150,136,79
960,150,136,79
960,150,136,79
960,150,136,79
960,150,136,79
960,150,136,79
960,150,136,79
960,150,136,79
960,150,136,79
960,150,136,79
960,150,136,79
960,150,136,79
960,150,136,79
960,150,136,79
960,150,136,79
956,148,131,82
956,148,132,82
956,148,133,82
956,148,134,82
956,148,135,82
956,148,136,82
956,148,137,82
956,148,138,82
956,148,139,82
956,148,140,82
956,148,141,82
956,148,142,82
956,148,143,82
956,148,144,82
956,148,145,82
956,146,144,80
956,146,144,80
956,146,144,80
956,146,144,80
956,146,144,80
956,146,144,80
956,146,144,80
956,146,144,80
956,146,144,80
956,146,144,80
956,146,144,80
956,146,144,80
956,146,144,80
956,146,144,80
956,146,144,80
952,146,144,80
952,146,144,81
952,146,144,82
952,146,144,83
952,146,144,84
952,146,144,85
952,146,144,86
952,146,144,87
952,146,144,88
952,146,144,89
952,146,144,90
952,146,144,91
952,146,144,92
952,146,144,93
952,146,144,94
958,143,138,89
