1583,174,90,272
1577,173,93,272
1571,172,96,272
1565,171,99,272
1559,170,102,272
1553,169,105,272
1547,168,108,272
1541,167,111,272
1535,166,114,272
1529,165,117,272
1523,164,120,272
1517,163,123,272
1511,162,126,272
1505,161,129,272
1499,160,132,272
1487,166,140,278
1483,166,139,278
1479,166,138,278
1475,166,137,278
1471,166,136,278
1467,166,135,278
1463,166,134,278
1459,166,133,278
1455,166,132,278
1451,166,131,278
1447,166,130,278
1443,166,129,278
1439,166,128,278
1435,166,127,278
1431,166,126,278
1420,160,126,272
1417,160,124,271
1414,160,122,270
1411,160,120,269
1408,160,118,268
1405,160,116,267
1402,160,114,266
1399,160,112,265
1396,160,110,264
1393,160,108,263
1390,160,106,262
1387,160,104,261
1384,160,102,260
1381,160,100,259
1378,160,98,258
1382,158,95,264
1379,157,95,264
1376,156,95,264
1373,155,95,264
1370,154,95,264
1367,153,95,264
1364,152,95,264
1361,151,95,264
1358,150,95,264
1355,149,95,264
1352,148,95,264
1349,147,95,264
1346,146,95,264
1343,145,95,264
1340,144,95,264
1330,145,91,271
1325,145,93,270
1320,145,95,269
1315,145,97,268
1310,145,99,267
1305,145,101,266
1300,145,103,265
1295,145,105,264
1290,145,107,263
1285,145,109,262
1280,145,111,261
1275,145,113,260
1270,145,115,259
1265,145,117,258
1260,145,119,257
1259,145,128,263
1255,145,127,263
1251,145,126,263
1247,145,125,263
1243,145,124,263
1239,145,123,263
1235,145,122,263
1231,145,121,263
1227,145,120,263
1223,145,119,263
1219,145,118,263
1215,145,117,263
1211,145,116,263
1207,145,115,263
1203,145,114,263
1201,145,119,263
1198,145,117,263
1195,145,115,263
1192,145,113,263
1189,145,111,263
1186,145,109,263
1183,145,107,263
1180,145,105,263
1177,145,103,263
1174,145,101,263
1171,145,99,263
1168,145,97,263
1165,145,95,263
1162,145,93,263
1159,145,91,263
1163,144,93,256
1158,145,93,255
1153,146,93,254
1148,147,93,253
1143,148,93,252
1138,149,93,251
1133,150,93,250
1128,151,93,249
1123,152,93,248
1118,153,93,247
1113,154,93,246
1108,155,93,245
1103,156,93,244
1098,157,93,243
1093,158,93,242
1093,158,98,240
1089,163,101,235
1085,168,104,230
1081,173,107,225
1077,178,110,220
1073,183,113,215
1069,188,116,210
1065,193,119,205
1061,198,122,200
1057,203,125,195
1053,208,128,190
1049,213,131,185
1045,218,134,180
1041,223,137,175
1037,228,140,170
1031,228,144,159
1029,231,144,156
1027,234,144,153
1025,237,144,150
1023,240,144,147
1021,243,144,144
1019,246,144,141
1017,249,144,138
1015,252,144,135
1013,255,144,132
1011,258,144,129
1009,261,144,126
1007,264,144,123
1005,267,144,120
1003,270,144,117
995,267,149,112
993,264,151,115
991,261,153,118
989,258,155,121
987,255,157,124
985,252,159,127
983,249,161,130
981,246,163,133
979,243,165,136
977,240,167,139
975,237,169,142
973,234,171,145
971,231,173,148
969,228,175,151
967,225,177,154
968,229,185,154
968,233,188,151
968,237,191,148
968,241,194,145
968,245,197,142
968,249,200,139
968,253,203,136
968,257,206,133
968,261,209,130
968,265,212,127
968,269,215,124
968,273,218,121
968,277,221,118
968,281,224,115
968,285,227,112
973,288,231,106
973,289,232,104
973,290,233,102
973,291,234,100
973,292,235,98
973,293,236,96
973,294,237,94
973,295,238,92
973,296,239,90
973,297,240,88
973,298,241,86
973,299,242,84
973,300,243,82
973,301,244,80
973,302,245,78
971,307,242,82
971,307,242,82
971,307,242,82
971,307,242,82
971,307,242,82
971,307,242,82
971,307,242,82
971,307,242,82
971,307,242,82
971,307,242,82
971,307,242,82
971,307,242,82
971,307,242,82
971,307,242,82
971,307,242,82
969,312,246,75
969,312,246,75
969,312,246,75
969,312,246,75
969,312,246,75
969,312,246,75
969,312,246,75
969,312,246,75
969,312,246,75
969,312,246,75
969,312,246,75
969,312,246,75
969,312,246,75
969,312,246,75
969,312,246,75
975,310,249,82
975,310,249,82
975,310,249,82
975,310,249,82
975,310,249,82
975,310,249,82
975,310,249,82
975,310,249,82
975,310,249,82
975,310,249,82
975,310,249,82
975,310,249,82
975,310,249,82
975,310,249,82
975,310,249,82
969,307,248,84
969,307,249,84
969,307,250,84
969,307,251,84
969,307,252,84
969,307,253,84
969,307,254,84
969,307,255,84
969,307,256,84
969,307,257,84
969,307,258,84
969,307,259,84
969,307,260,84
969,307,261,84
969,307,262,84
964,310,256,81
964,310,256,81
964,310,256,81
964,310,256,81
964,310,256,81
964,310,256,81
964,310,256,81
964,310,256,81
964,310,256,81
964,310,256,81
964,310,256,81
964,310,256,81
964,310,256,81
964,310,256,81
964,310,256,81
971,309,253,82
971,309,253,82
971,309,253,82
971,309,253,82
971,309,253,82
971,309,253,82
971,309,253,82
971,309,253,82
971,309,253,82
971,309,253,82
971,309,253,82
971,309,253,82
971,309,253,82
971,309,253,82
971,309,253,82
975,309,247,80
975,309,247,80
975,309,247,80
975,309,247,80
975,309,247,80
975,309,247,80
975,309,247,80
975,309,247,80
975,309,247,80
975,309,247,80
975,309,247,80
975,309,247,80
975,309,247,80
975,309,247,80
975,309,247,80
971,309,247,80
971,309,247,80
971,309,247,80
971,309,247,80
971,309,247,80
971,309,247,80
971,309,247,80
971,309,247,80
971,309,247,80
971,309,247,80
971,309,247,80
971,309,247,80
971,309,247,80
971,309,247,80
971,309,247,80
971,315,251,77
971,315,251,77
971,315,251,77
971,315,251,77
971,315,251,77
971,315,251,77
971,315,251,77
971,315,251,77
971,315,251,77
971,315,251,77
971,315,251,77
971,315,251,77
971,315,251,77
971,315,251,77
971,315,251,77
971,313,247,82
971,313,247,82
971,313,247,82
971,313,247,82
971,313,247,82
971,313,247,82
971,313,247,82
971,313,247,82
971,313,247,82
971,313,247,82
971,313,247,82
971,313,247,82
971,313,247,82
971,313,247,82
971,313,247,82
971,313,249,78
971,313,249,78
971,313,249,78
971,313,249,78
971,313,249,78
971,313,249,78
971,313,249,78
971,313,249,78
971,313,249,78
971,313,249,78
971,313,249,78
971,313,249,78
971,313,249,78
971,313,249,78
971,313,249,78
973,309,247,85
973,309,247,85
973,309,247,85
973,309,247,85
973,309,247,85
973,309,247,85
973,309,247,85
973,309,247,85
973,309,247,85
973,309,247,85
973,309,247,85
973,309,247,85
973,309,247,85
973,309,247,85
973,309,247,85
973,312,249,80
973,312,249,80
973,312,249,80
973,312,249,80
973,312,249,80
973,312,249,80
973,312,249,80
973,312,249,80
973,312,249,80
973,312,249,80
973,312,249,80
973,312,249,80
973,312,249,80
973,312,249,80
973,312,249,80
973,309,244,80
973,309,244,80
973,309,244,80
973,309,244,80
973,309,244,80
973,309,244,80
973,309,244,80
973,309,244,80
973,309,244,80
973,309,244,80
973,309,244,80
973,309,244,80
973,309,244,80
973,309,244,80
973,309,244,80
977,312,247,79
977,312,247,79
977,312,247,79
977,312,247,79
977,312,247,79
977,312,247,79
977,312,247,79
977,312,247,79
977,312,247,79
977,312,247,79
977,312,247,79
977,312,247,79
977,312,247,79
977,312,247,79
977,312,247,79
977,307,241,82
977,307,241,82
977,307,241,82
977,307,241,82
977,307,241,82
977,307,241,82
977,307,241,82
977,307,241,82
977,307,241,82
977,307,241,82
977,307,241,82
977,307,241,82
977,307,241,82
977,307,241,82
977,307,241,82
973,309,247,85
973,309,247,85
973,309,247,85
973,309,247,85
973,309,247,85
973,309,247,85
973,309,247,85
973,309,247,85
973,309,247,85
973,309,247,85
973,309,247,85
973,309,247,85
973,309,247,85
973,309,247,85
973,309,247,85
971,304,244,91
