1493,341,103,227
1493,341,105,227
1493,341,107,227
1493,341,109,227
1493,341,111,227
1493,341,113,227
1493,341,115,227
1493,341,117,227
1493,341,119,227
1493,341,121,227
1493,341,123,227
1493,341,125,227
1493,341,127,227
1493,341,129,227
1493,341,131,227
1493,339,129,229
1493,339,129,229
1493,339,129,229
1493,339,129,229
1493,339,129,229
1493,339,129,229
1493,339,129,229
1493,339,129,229
1493,339,129,229
1493,339,129,229
1493,339,129,229
1493,339,129,229
1493,339,129,229
1493,339,129,229
1493,339,129,229
1490,343,122,229
1490,343,122,229
1490,343,122,229
1490,343,122,229
1490,343,122,229
1490,343,122,229
1490,343,122,229
1490,343,122,229
1490,343,122,229
1490,343,122,229
1490,343,122,229
1490,343,122,229
1490,343,122,229
1490,343,122,229
1490,343,122,229
1492,343,129,227
1492,343,129,227
1492,343,129,227
1492,343,129,227
1492,343,129,227
1492,343,129,227
1492,343,129,227
1492,343,129,227
1492,343,129,227
1492,343,129,227
1492,343,129,227
1492,343,129,227
1492,343,129,227
1492,343,129,227
1492,343,129,227
1493,343,124,227
1493,343,123,227
1493,343,122,227
1493,343,121,227
1493,343,120,227
1493,343,119,227
1493,343,118,227
1493,343,117,227
1493,343,116,227
1493,343,115,227
1493,343,114,227
1493,343,113,227
1493,343,112,227
1493,343,111,227
1493,343,110,227
1492,341,113,231
1492,341,115,230
1492,341,117,229
1492,341,119,228
1492,341,121,227
1492,341,123,226
1492,341,125,225
1492,341,127,224
1492,341,129,223
1492,341,131,222
1492,341,133,221
1492,341,135,220
1492,341,137,219
1492,341,139,218
1492,341,141,217
1492,341,141,220
1492,341,139,221
1492,341,137,222
1492,341,135,223
1492,341,133,224
1492,341,131,225
1492,341,129,226
1492,341,127,227
1492,341,125,228
1492,341,123,229
1492,341,121,230
1492,341,119,231
1492,341,117,232
1492,341,115,233
1492,341,113,234
1490,337,117,237
1490,337,118,235
1490,337,119,233
1490,337,120,231
1490,337,121,229
1490,337,122,227
1490,337,123,225
1490,337,124,223
1490,337,125,221
1490,337,126,219
1490,337,127,217
1490,337,128,215
1490,337,129,213
1490,337,130,211
1490,337,131,209
1493,343,138,213
1493,343,137,215
1493,343,136,217
1493,343,135,219
1493,343,134,221
1493,343,133,223
1493,343,132,225
1493,343,131,227
1493,343,130,229
1493,343,129,231
1493,343,128,233
1493,343,127,235
1493,343,126,237
1493,343,125,239
1493,343,124,241
1493,341,117,236
1493,341,117,235
1493,341,117,234
1493,341,117,233
1493,341,117,232
1493,341,117,231
1493,341,117,230
1493,341,117,229
1493,341,117,228
1493,341,117,227
1493,341,117,226
1493,341,117,225
1493,341,117,224
1493,341,117,223
1493,341,117,222
1493,339,114,228
1493,339,115,227
1493,339,116,226
1493,339,117,225
1493,339,118,224
1493,339,119,223
1493,339,120,222
1493,339,121,221
1493,339,122,220
1493,339,123,219
1493,339,124,218
1493,339,125,217
1493,339,126,216
1493,339,127,215
1493,339,128,214
1490,341,136,215
1490,341,134,216
1490,341,132,217
1490,341,130,218
1490,341,128,219
1490,341,126,220
1490,341,124,221
1490,341,122,222
1490,341,120,223
1490,341,118,224
1490,341,116,225
1490,341,114,226
1490,341,112,227
1490,341,110,228
1490,341,108,229
1492,343,109,227
1492,343,111,227
1492,343,113,227
1492,343,115,227
1492,343,117,227
1492,343,119,227
1492,343,121,227
1492,343,123,227
1492,343,125,227
1492,343,127,227
1492,343,129,227
1492,343,131,227
1492,343,133,227
1492,343,135,227
1492,343,137,227
1490,339,138,233
1490,339,136,233
1490,339,134,233
1490,339,132,233
1490,339,130,233
1490,339,128,233
1490,339,126,233
1490,339,124,233
1490,339,122,233
1490,339,120,233
1490,339,118,233
1490,339,116,233
1490,339,114,233
1490,339,112,233
1490,339,110,233
1493,339,110,237
1493,339,110,237
1493,339,110,237
1493,339,110,237
1493,339,110,237
1493,339,110,237
1493,339,110,237
1493,339,110,237
1493,339,110,237
1493,339,110,237
1493,339,110,237
1493,339,110,237
1493,339,110,237
1493,339,110,237
1493,339,110,237
1493,337,114,237
1493,338,114,236
1493,339,114,235
1493,340,114,234
1493,341,114,233
1493,342,114,232
1493,343,114,231
1493,344,114,230
1493,345,114,229
1493,346,114,228
1493,347,114,227
1493,348,114,226
1493,349,114,225
1493,350,114,224
1493,351,114,223
1490,346,111,226
1490,347,110,225
1490,348,109,224
1490,349,108,223
1490,350,107,222
1490,351,106,221
1490,352,105,220
1490,353,104,219
1490,354,103,218
1490,355,102,217
1490,356,101,216
1490,357,100,215
1490,358,99,214
1490,359,98,213
1490,360,97,212
1495,364,103,210
1497,364,103,211
1499,364,103,212
1501,364,103,213
1503,364,103,214
1505,364,103,215
1507,364,103,216
1509,364,103,217
1511,364,103,218
1513,364,103,219
1515,364,103,220
1517,364,103,221
1519,364,103,222
1521,364,103,223
1523,364,103,224
1525,357,101,228
1526,358,100,230
1527,359,99,232
1528,360,98,234
1529,361,97,236
1530,362,96,238
1531,363,95,240
1532,364,94,242
1533,365,93,244
1534,366,92,246
1535,367,91,248
1536,368,90,250
1537,369,89,252
1538,370,88,254
1539,371,87,256
1539,366,87,260
1537,366,88,261
1535,366,89,262
1533,366,90,263
1531,366,91,264
1529,366,92,265
1527,366,93,266
1525,366,94,267
1523,366,95,268
1521,366,96,269
1519,366,97,270
1517,366,98,271
1515,366,99,272
1513,366,100,273
1511,366,101,274
1511,364,103,271
1510,365,102,273
1509,366,101,275
1508,367,100,277
1507,368,99,279
1506,369,98,281
1505,370,97,283
1504,371,96,285
1503,372,95,287
1502,373,94,289
1501,374,93,291
1500,375,92,293
1499,376,91,295
1498,377,90,297
1497,378,89,299
1492,375,88,298
1485,375,92,298
1478,375,96,298
1471,375,100,298
1464,375,104,298
1457,375,108,298
1450,375,112,298
1443,375,116,298
1436,375,120,298
1429,375,124,298
1422,375,128,298
1415,375,132,298
1408,375,136,298
1401,375,140,298
1394,375,144,298
1385,371,153,305
1383,372,150,307
1381,373,147,309
1379,374,144,311
1377,375,141,313
1375,376,138,315
1373,377,135,317
1371,378,132,319
1369,379,129,321
1367,380,126,323
1365,381,123,325
1363,382,120,327
1361,383,117,329
1359,384,114,331
1357,385,111,333
1355,386,108,332
1349,386,109,332
1343,386,110,332
1337,386,111,332
1331,386,112,332
1325,386,113,332
1319,386,114,332
1313,386,115,332
1307,386,116,332
1301,386,117,332
1295,386,118,332
1289,386,119,332
1283,386,120,332
1277,386,121,332
1271,386,122,332
1267,393,117,337
1261,393,117,338
1255,393,117,339
1249,393,117,340
1243,393,117,341
1237,393,117,342
1231,393,117,343
1225,393,117,344
1219,393,117,345
1213,393,117,346
1207,393,117,347
1201,393,117,348
1195,393,117,349
1189,393,117,350
1183,393,117,351
1176,400,124,352
1165,403,129,353
1154,406,134,354
1143,409,139,355
1132,412,144,356
1121,415,149,357
1110,418,154,358
1099,421,159,359
1088,424,164,360
1077,427,169,361
1066,430,174,362
1055,433,179,363
1044,436,184,364
1033,439,189,365
1022,442,194,366
1011,452,205,372
992,453,208,373
973,454,211,374
954,455,214,375
935,456,217,376
916,457,220,377
897,458,223,378
878,459,226,379
859,460,229,380
840,461,232,381
821,462,235,382
802,463,238,383
783,464,241,384
764,465,244,385
745,466,247,386
724,467,248,385
712,469,248,386
700,471,248,387
688,473,248,388
676,475,248,389
664,477,248,390
652,479,248,391
640,481,248,392
628,483,248,393
616,485,248,394
604,487,248,395
592,489,248,396
580,491,248,397
568,493,248,398
556,495,248,399
538,504,246,400
543,502,247,403
548,500,248,406
553,498,249,409
558,496,250,412
563,494,251,415
568,492,252,418
573,490,253,421
578,488,254,424
583,486,255,427
588,484,256,430
593,482,257,433
598,480,258,436
603,478,259,439
608,476,260,442
620,481,257,440
627,481,250,439
634,481,243,438
641,481,236,437
648,481,229,436
655,481,222,435
662,481,215,434
669,481,208,433
676,481,201,432
683,481,194,431
690,481,187,430
697,481,180,429
704,481,173,428
711,481,166,427
718,481,159,426
732,479,150,420
