1787,334,113,276
1787,334,114,276
1787,334,115,276
1787,334,116,276
1787,334,117,276
1787,334,118,276
1787,334,119,276
1787,334,120,276
1787,334,121,276
1787,334,122,276
1787,334,123,276
1787,334,124,276
1787,334,125,276
1787,334,126,276
1787,334,127,276
1785,334,135,274
1785,334,135,274
1785,334,135,274
1785,334,135,274
1785,334,135,274
1785,334,135,274
1785,334,135,274
1785,334,135,274
1785,334,135,274
1785,334,135,274
1785,334,135,274
1785,334,135,274
1785,334,135,274
1785,334,135,274
1785,334,135,274
1785,334,135,276
1785,334,135,276
1785,334,135,276
1785,334,135,276
1785,334,135,276
1785,334,135,276
1785,334,135,276
1785,334,135,276
1785,334,135,276
1785,334,135,276
1785,334,135,276
1785,334,135,276
1785,334,135,276
1785,334,135,276
1785,334,135,276
1783,328,137,280
1783,328,137,280
1783,328,137,280
1783,328,137,280
1783,328,137,280
1783,328,137,280
1783,328,137,280
1783,328,137,280
1783,328,137,280
1783,328,137,280
1783,328,137,280
1783,328,137,280
1783,328,137,280
1783,328,137,280
1783,328,137,280
1783,332,137,282
1783,332,136,282
1783,332,135,282
1783,332,134,282
1783,332,133,282
1783,332,132,282
1783,332,131,282
1783,332,130,282
1783,332,129,282
1783,332,128,282
1783,332,127,282
1783,332,126,282
1783,332,125,282
1783,332,124,282
1783,332,123,282
1783,330,126,278
1783,330,127,278
1783,330,128,278
1783,330,129,278
1783,330,130,278
1783,330,131,278
1783,330,132,278
1783,330,133,278
1783,330,134,278
1783,330,135,278
1783,330,136,278
1783,330,137,278
1783,330,138,278
1783,330,139,278
1783,330,140,278
1785,328,135,276
1785,328,134,277
1785,328,133,278
1785,328,132,279
1785,328,131,280
1785,328,130,281
1785,328,129,282
1785,328,128,283
1785,328,127,284
1785,328,126,285
1785,328,125,286
1785,328,124,287
1785,328,123,288
1785,328,122,289
1785,328,121,290
1789,330,124,284
1789,330,124,283
1789,330,124,282
1789,330,124,281
1789,330,124,280
1789,330,124,279
1789,330,124,278
1789,330,124,277
1789,330,124,276
1789,330,124,275
1789,330,124,274
1789,330,124,273
1789,330,124,272
1789,330,124,271
1789,330,124,270
1791,332,129,264
1791,332,129,265
1791,332,129,266
1791,332,129,267
1791,332,129,268
1791,332,129,269
1791,332,129,270
1791,332,129,271
1791,332,129,272
1791,332,129,273
1791,332,129,274
1791,332,129,275
1791,332,129,276
1791,332,129,277
1791,332,129,278
1787,330,128,286
1787,330,128,285
1787,330,128,284
1787,330,128,283
1787,330,128,282
1787,330,128,281
1787,330,128,280
1787,330,128,279
1787,330,128,278
1787,330,128,277
1787,330,128,276
1787,330,128,275
1787,330,128,274
1787,330,128,273
1787,330,128,272
1785,332,126,276
1785,332,126,276
1785,332,126,276
1785,332,126,276
1785,332,126,276
1785,332,126,276
1785,332,126,276
1785,332,126,276
1785,332,126,276
1785,332,126,276
1785,332,126,276
1785,332,126,276
1785,332,126,276
1785,332,126,276
1785,332,126,276
1787,328,133,272
1787,328,132,273
1787,328,131,274
1787,328,130,275
1787,328,129,276
1787,328,128,277
1787,328,127,278
1787,328,126,279
1787,328,125,280
1787,328,124,281
1787,328,123,282
1787,328,122,283
1787,328,121,284
1787,328,120,285
1787,328,119,286
1789,330,111,284
1789,330,112,284
1789,330,113,284
1789,330,114,284
1789,330,115,284
1789,330,116,284
1789,330,117,284
1789,330,118,284
1789,330,119,284
1789,330,120,284
1789,330,121,284
1789,330,122,284
1789,330,123,284
1789,330,124,284
1789,330,125,284
1789,330,131,280
1789,330,130,280
1789,330,129,280
1789,330,128,280
1789,330,127,280
1789,330,126,280
1789,330,125,280
1789,330,124,280
1789,330,123,280
1789,330,122,280
1789,330,121,280
1789,330,120,280
1789,330,119,280
1789,330,118,280
1789,330,117,280
1791,332,122,286
1791,332,123,286
1791,332,124,286
1791,332,125,286
1791,332,126,286
1791,332,127,286
1791,332,128,286
1791,332,129,286
1791,332,130,286
1791,332,131,286
1791,332,132,286
1791,332,133,286
1791,332,134,286
1791,332,135,286
1791,332,136,286
1785,330,130,282
1785,331,129,281
1785,332,128,280
1785,333,127,279
1785,334,126,278
1785,335,125,277
1785,336,124,276
1785,337,123,275
1785,338,122,274
1785,339,121,273
1785,340,120,272
1785,341,119,271
1785,342,118,270
1785,343,117,269
1785,344,116,268
1785,338,119,272
1785,340,119,270
1785,342,119,268
1785,344,119,266
1785,346,119,264
1785,348,119,262
1785,350,119,260
1785,352,119,258
1785,354,119,256
1785,356,119,254
1785,358,119,252
1785,360,119,250
1785,362,119,248
1785,364,119,246
1785,366,119,244
1792,364,119,246
1794,363,117,247
1796,362,115,248
1798,361,113,249
1800,360,111,250
1802,359,109,251
1804,358,107,252
1806,357,105,253
1808,356,103,254
1810,355,101,255
1812,354,99,256
1814,353,97,257
1816,352,95,258
1818,351,93,259
1820,350,91,260
1828,356,92,266
1829,357,91,268
1830,358,90,270
1831,359,89,272
1832,360,88,274
1833,361,87,276
1834,362,86,278
1835,363,85,280
1836,364,84,282
1837,365,83,284
1838,366,82,286
1839,367,81,288
1840,368,80,290
1841,369,79,292
1842,370,78,294
1845,374,75,301
1842,373,78,302
1839,372,81,303
1836,371,84,304
1833,370,87,305
1830,369,90,306
1827,368,93,307
1824,367,96,308
1821,366,99,309
1818,365,102,310
1815,364,105,311
1812,363,108,312
1809,362,111,313
1806,361,114,314
1803,360,117,315
1798,362,122,321
1797,363,122,323
1796,364,122,325
1795,365,122,327
1794,366,122,329
1793,367,122,331
1792,368,122,333
1791,369,122,335
1790,370,122,337
1789,371,122,339
1788,372,122,341
1787,373,122,343
1786,374,122,345
1785,375,122,347
1784,376,122,349
1785,370,119,358
1777,370,124,358
1769,370,129,358
1761,370,134,358
1753,370,139,358
1745,370,144,358
1737,370,149,358
1729,370,154,358
1721,370,159,358
1713,370,164,358
1705,370,169,358
1697,370,174,358
1689,370,179,358
1681,370,184,358
1673,370,189,358
1669,370,188,360
1668,371,184,363
1667,372,180,366
1666,373,176,369
1665,374,172,372
1664,375,168,375
1663,376,164,378
1662,377,160,381
1661,378,156,384
1660,379,152,387
1659,380,148,390
1658,381,144,393
1657,382,140,396
1656,383,136,399
1655,384,132,402
1647,379,130,398
1641,379,131,399
1635,379,132,400
1629,379,133,401
1623,379,134,402
1617,379,135,403
1611,379,136,404
1605,379,137,405
1599,379,138,406
1593,379,139,407
1587,379,140,408
1581,379,141,409
1575,379,142,410
1569,379,143,411
1563,379,144,412
1550,381,139,408
1541,381,141,409
1532,381,143,410
1523,381,145,411
1514,381,147,412
1505,381,149,413
1496,381,151,414
1487,381,153,415
1478,381,155,416
1469,381,157,417
1460,381,159,418
1451,381,161,419
1442,381,163,420
1433,381,165,421
1424,381,167,422
1415,387,164,422
1403,390,169,424
1391,393,174,426
1379,396,179,428
1367,399,184,430
1355,402,189,432
1343,405,194,434
1331,408,199,436
1319,411,204,438
1307,414,209,440
1295,417,214,442
1283,420,219,444
1271,423,224,446
1259,426,229,448
1247,429,234,450
1238,438,245,459
1216,438,248,461
1194,438,251,463
1172,438,254,465
1150,438,257,467
1128,438,260,469
1106,438,263,471
1084,438,266,473
1062,438,269,475
1040,438,272,477
1018,438,275,479
996,438,278,481
974,438,281,483
952,438,284,485
930,438,287,487
915,440,285,486
898,443,286,487
881,446,287,488
864,449,288,489
847,452,289,490
830,455,290,491
813,458,291,492
796,461,292,493
779,464,293,494
762,467,294,495
745,470,295,496
728,473,296,497
711,476,297,498
694,479,298,499
677,482,299,500
653,484,306,503
661,482,307,506
669,480,308,509
677,478,309,512
685,476,310,515
693,474,311,518
701,472,312,521
709,470,313,524
717,468,314,527
725,466,315,530
733,464,316,533
741,462,317,536
749,460,318,539
757,458,319,542
765,456,320,545
776,456,321,541
783,456,315,540
790,456,309,539
797,456,303,538
804,456,297,537
811,456,291,536
818,456,285,535
825,456,279,534
832,456,273,533
839,456,267,532
846,456,261,531
853,456,255,530
860,456,249,529
867,456,243,528
874,456,237,527
877,458,231,525
