1606,383,119,199
1606,383,118,199
1606,383,117,199
1606,383,116,199
1606,383,115,199
1606,383,114,199
1606,383,113,199
1606,383,112,199
1606,383,111,199
1606,383,110,199
1606,383,109,199
1606,383,108,199
1606,383,107,199
1606,383,106,199
1606,383,105,199
1602,384,101,198
1602,384,102,199
1602,384,103,200
1602,384,104,201
1602,384,105,202
1602,384,106,203
1602,384,107,204
1602,384,108,205
1602,384,109,206
1602,384,110,207
1602,384,111,208
1602,384,112,209
1602,384,113,210
1602,384,114,211
1602,384,115,212
1602,383,111,206
1602,383,111,206
1602,383,111,206
1602,383,111,206
1602,383,111,206
1602,383,111,206
1602,383,111,206
1602,383,111,206
1602,383,111,206
1602,383,111,206
1602,383,111,206
1602,383,111,206
1602,383,111,206
1602,383,111,206
1602,383,111,206
1606,383,111,200
1606,383,111,200
1606,383,111,200
1606,383,111,200
1606,383,111,200
1606,383,111,200
1606,383,111,200
1606,383,111,200
1606,383,111,200
1606,383,111,200
1606,383,111,200
1606,383,111,200
1606,383,111,200
1606,383,111,200
1606,383,111,200
1608,379,109,206
1608,379,109,206
1608,379,109,206
1608,379,109,206
1608,379,109,206
1608,379,109,206
1608,379,109,206
1608,379,109,206
1608,379,109,206
1608,379,109,206
1608,379,109,206
1608,379,109,206
1608,379,109,206
1608,379,109,206
1608,379,109,206
1608,381,116,206
1608,381,115,206
1608,381,114,206
1608,381,113,206
1608,381,112,206
1608,381,111,206
1608,381,110,206
1608,381,109,206
1608,381,108,206
1608,381,107,206
1608,381,106,206
1608,381,105,206
1608,381,104,206
1608,381,103,206
1608,381,102,206
1608,383,105,204
1608,383,106,203
1608,383,107,202
1608,383,108,201
1608,383,109,200
1608,383,110,199
1608,383,111,198
1608,383,112,197
1608,383,113,196
1608,383,114,195
1608,383,115,194
1608,383,116,193
1608,383,117,192
1608,383,118,191
1608,383,119,190
1606,384,125,188
1606,384,123,189
1606,384,121,190
1606,384,119,191
1606,384,117,192
1606,384,115,193
1606,384,113,194
1606,384,111,195
1606,384,109,196
1606,384,107,197
1606,384,105,198
1606,384,103,199
1606,384,101,200
1606,384,99,201
1606,384,97,202
1606,383,93,206
1606,383,95,205
1606,383,97,204
1606,383,99,203
1606,383,101,202
1606,383,103,201
1606,383,105,200
1606,383,107,199
1606,383,109,198
1606,383,111,197
1606,383,113,196
1606,383,115,195
1606,383,117,194
1606,383,119,193
1606,383,121,192
1608,383,123,191
1608,383,121,192
1608,383,119,193
1608,383,117,194
1608,383,115,195
1608,383,113,196
1608,383,111,197
1608,383,109,198
1608,383,107,199
1608,383,105,200
1608,383,103,201
1608,383,101,202
1608,383,99,203
1608,383,97,204
1608,383,95,205
1609,379,95,206
1609,379,95,206
1609,379,95,206
1609,379,95,206
1609,379,95,206
1609,379,95,206
1609,379,95,206
1609,379,95,206
1609,379,95,206
1609,379,95,206
1609,379,95,206
1609,379,95,206
1609,379,95,206
1609,379,95,206
1609,379,95,206
1608,379,102,204
1608,379,102,204
1608,379,102,204
1608,379,102,204
1608,379,102,204
1608,379,102,204
1608,379,102,204
1608,379,102,204
1608,379,102,204
1608,379,102,204
1608,379,102,204
1608,379,102,204
1608,379,102,204
1608,379,102,204
1608,379,102,204
1608,379,103,206
1608,379,102,206
1608,379,101,206
1608,379,100,206
1608,379,99,206
1608,379,98,206
1608,379,97,206
1608,379,96,206
1608,379,95,206
1608,379,94,206
1608,379,93,206
1608,379,92,206
1608,379,91,206
1608,379,90,206
1608,379,89,206
1608,386,95,201
1609,387,95,200
1610,388,95,199
1611,389,95,198
1612,390,95,197
1613,391,95,196
1614,392,95,195
1615,393,95,194
1616,394,95,193
1617,395,95,192
1618,396,95,191
1619,397,95,190
1620,398,95,189
1621,399,95,188
1622,400,95,187
1616,401,97,181
1618,401,96,184
1620,401,95,187
1622,401,94,190
1624,401,93,193
1626,401,92,196
1628,401,91,199
1630,401,90,202
1632,401,89,205
1634,401,88,208
1636,401,87,211
1638,401,86,214
1640,401,85,217
1642,401,84,220
1644,401,83,223
1641,399,81,231
1640,399,81,232
1639,399,81,233
1638,399,81,234
1637,399,81,235
1636,399,81,236
1635,399,81,237
1634,399,81,238
1633,399,81,239
1632,399,81,240
1631,399,81,241
1630,399,81,242
1629,399,81,243
1628,399,81,244
1627,399,81,245
1632,397,76,250
1629,398,77,252
1626,399,78,254
1623,400,79,256
1620,401,80,258
1617,402,81,260
1614,403,82,262
1611,404,83,264
1608,405,84,266
1605,406,85,268
1602,407,86,270
1599,408,87,272
1596,409,88,274
1593,410,89,276
1590,411,90,278
1588,409,94,275
1584,409,93,276
1580,409,92,277
1576,409,91,278
1572,409,90,279
1568,409,89,280
1564,409,88,281
1560,409,87,282
1556,409,86,283
1552,409,85,284
1548,409,84,285
1544,409,83,286
1540,409,82,287
1536,409,81,288
1532,409,80,289
1529,416,76,295
1521,417,78,296
1513,418,80,297
1505,419,82,298
1497,420,84,299
1489,421,86,300
1481,422,88,301
1473,423,90,302
1465,424,92,303
1457,425,94,304
1449,426,96,305
1441,427,98,306
1433,428,100,307
1425,429,102,308
1417,430,104,309
1409,433,106,309
1400,435,107,311
1391,437,108,313
1382,439,109,315
1373,441,110,317
1364,443,111,319
1355,445,112,321
1346,447,113,323
1337,449,114,325
1328,451,115,327
1319,453,116,329
1310,455,117,331
1301,457,118,333
1292,459,119,335
1283,461,120,337
1271,468,125,342
1251,471,133,343
1231,474,141,344
1211,477,149,345
1191,480,157,346
1171,483,165,347
1151,486,173,348
1131,489,181,349
1111,492,189,350
1091,495,197,351
1071,498,205,352
1051,501,213,353
1031,504,221,354
1011,507,229,355
991,510,237,356
966,515,251,360
954,518,248,360
942,521,245,360
930,524,242,360
918,527,239,360
906,530,236,360
894,533,233,360
882,536,230,360
870,539,227,360
858,542,224,360
846,545,221,360
834,548,218,360
822,551,215,360
810,554,212,360
798,557,209,360
789,558,201,364
796,556,200,365
803,554,199,366
810,552,198,367
817,550,197,368
824,548,196,369
831,546,195,370
838,544,194,371
845,542,193,372
852,540,192,373
859,538,191,374
866,536,190,375
873,534,189,376
880,532,188,377
887,530,187,378
899,528,192,384
