1533,435,110,193
1533,435,109,193
1533,435,108,193
1533,435,107,193
1533,435,106,193
1533,435,105,193
1533,435,104,193
1533,435,103,193
1533,435,102,193
1533,435,101,193
1533,435,100,193
1533,435,99,193
1533,435,98,193
1533,435,97,193
1533,435,96,193
1529,436,90,196
1529,436,92,196
1529,436,94,196
1529,436,96,196
1529,436,98,196
1529,436,100,196
1529,436,102,196
1529,436,104,196
1529,436,106,196
1529,436,108,196
1529,436,110,196
1529,436,112,196
1529,436,114,196
1529,436,116,196
1529,436,118,196
1529,438,119,192
1529,438,117,192
1529,438,115,192
1529,438,113,192
1529,438,111,192
1529,438,109,192
1529,438,107,192
1529,438,105,192
1529,438,103,192
1529,438,101,192
1529,438,99,192
1529,438,97,192
1529,438,95,192
1529,438,93,192
1529,438,91,192
1531,436,95,196
1531,436,96,196
1531,436,97,196
1531,436,98,196
1531,436,99,196
1531,436,100,196
1531,436,101,196
1531,436,102,196
1531,436,103,196
1531,436,104,196
1531,436,105,196
1531,436,106,196
1531,436,107,196
1531,436,108,196
1531,436,109,196
1533,438,106,190
1533,438,106,190
1533,438,106,190
1533,438,106,190
1533,438,106,190
1533,438,106,190
1533,438,106,190
1533,438,106,190
1533,438,106,190
1533,438,106,190
1533,438,106,190
1533,438,106,190
1533,438,106,190
1533,438,106,190
1533,438,106,190
1534,436,102,196
1534,436,102,196
1534,436,102,196
1534,436,102,196
1534,436,102,196
1534,436,102,196
1534,436,102,196
1534,436,102,196
1534,436,102,196
1534,436,102,196
1534,436,102,196
1534,436,102,196
1534,436,102,196
1534,436,102,196
1534,436,102,196
1531,436,95,200
1531,436,96,199
1531,436,97,198
1531,436,98,197
1531,436,99,196
1531,436,100,195
1531,436,101,194
1531,436,102,193
1531,436,103,192
1531,436,104,191
1531,436,105,190
1531,436,106,189
1531,436,107,188
1531,436,108,187
1531,436,109,186
1533,436,113,187
1533,436,112,188
1533,436,111,189
1533,436,110,190
1533,436,109,191
1533,436,108,192
1533,436,107,193
1533,436,106,194
1533,436,105,195
1533,436,104,196
1533,436,103,197
1533,436,102,198
1533,436,101,199
1533,436,100,200
1533,436,99,201
1529,435,98,197
1529,435,99,196
1529,435,100,195
1529,435,101,194
1529,435,102,193
1529,435,103,192
1529,435,104,191
1529,435,105,190
1529,435,106,189
1529,435,107,188
1529,435,108,187
1529,435,109,186
1529,435,110,185
1529,435,111,184
1529,435,112,183
1533,435,115,182
1533,435,113,183
1533,435,111,184
1533,435,109,185
1533,435,107,186
1533,435,105,187
1533,435,103,188
1533,435,101,189
1533,435,99,190
1533,435,97,191
1533,435,95,192
1533,435,93,193
1533,435,91,194
1533,435,89,195
1533,435,87,196
1529,435,92,201
1529,435,93,200
1529,435,94,199
1529,435,95,198
1529,435,96,197
1529,435,97,196
1529,435,98,195
1529,435,99,194
1529,435,100,193
1529,435,101,192
1529,435,102,191
1529,435,103,190
1529,435,104,189
1529,435,105,188
1529,435,106,187
1534,435,100,193
1534,435,100,193
1534,435,100,193
1534,435,100,193
1534,435,100,193
1534,435,100,193
1534,435,100,193
1534,435,100,193
1534,435,100,193
1534,435,100,193
1534,435,100,193
1534,435,100,193
1534,435,100,193
1534,435,100,193
1534,435,100,193
1531,435,102,190
1531,435,102,190
1531,435,102,190
1531,435,102,190
1531,435,102,190
1531,435,102,190
1531,435,102,190
1531,435,102,190
1531,435,102,190
1531,435,102,190
1531,435,102,190
1531,435,102,190
1531,435,102,190
1531,435,102,190
1531,435,102,190
1534,438,95,194
1534,438,95,194
1534,438,95,194
1534,438,95,194
1534,438,95,194
1534,438,95,194
1534,438,95,194
1534,438,95,194
1534,438,95,194
1534,438,95,194
1534,438,95,194
1534,438,95,194
1534,438,95,194
1534,438,95,194
1534,438,95,194
1534,433,99,197
1534,433,99,197
1534,433,99,197
1534,433,99,197
1534,433,99,197
1534,433,99,197
1534,433,99,197
1534,433,99,197
1534,433,99,197
1534,433,99,197
1534,433,99,197
1534,433,99,197
1534,433,99,197
1534,433,99,197
1534,433,99,197
1531,435,98,197
1531,435,98,197
1531,435,98,197
1531,435,98,197
1531,435,98,197
1531,435,98,197
1531,435,98,197
1531,435,98,197
1531,435,98,197
1531,435,98,197
1531,435,98,197
1531,435,98,197
1531,435,98,197
1531,435,98,197
1531,435,98,197
1529,431,92,196
1529,432,92,195
1529,433,92,194
1529,434,92,193
1529,435,92,192
1529,436,92,191
1529,437,92,190
1529,438,92,189
1529,439,92,188
1529,440,92,187
1529,441,92,186
1529,442,92,185
1529,443,92,184
1529,444,92,183
1529,445,92,182
1534,446,87,186
1535,447,87,185
1536,448,87,184
1537,449,87,183
1538,450,87,182
1539,451,87,181
1540,452,87,180
1541,453,87,179
1542,454,87,178
1543,455,87,177
1544,456,87,176
1545,457,87,175
1546,458,87,174
1547,459,87,173
1548,460,87,172
1546,455,90,173
1547,455,90,176
1548,455,90,179
1549,455,90,182
1550,455,90,185
1551,455,90,188
1552,455,90,191
1553,455,90,194
1554,455,90,197
1555,455,90,200
1556,455,90,203
1557,455,90,206
1558,455,90,209
1559,455,90,212
1560,455,90,215
1565,457,83,221
1564,457,85,222
1563,457,87,223
1562,457,89,224
1561,457,91,225
1560,457,93,226
1559,457,95,227
1558,457,97,228
1557,457,99,229
1556,457,101,230
1555,457,103,231
1554,457,105,232
1553,457,107,233
1552,457,109,234
1551,457,111,235
1553,455,114,236
1552,456,112,237
1551,457,110,238
1550,458,108,239
1549,459,106,240
1548,460,104,241
1547,461,102,242
1546,462,100,243
1545,463,98,244
1544,464,96,245
1543,465,94,246
1542,466,92,247
1541,467,90,248
1540,468,88,249
1539,469,86,250
1541,463,78,251
1537,463,81,252
1533,463,84,253
1529,463,87,254
1525,463,90,255
1521,463,93,256
1517,463,96,257
1513,463,99,258
1509,463,102,259
1505,463,105,260
1501,463,108,261
1497,463,111,262
1493,463,114,263
1489,463,117,264
1485,463,120,265
1480,459,120,262
1479,460,117,263
1478,461,114,264
1477,462,111,265
1476,463,108,266
1475,464,105,267
1474,465,102,268
1473,466,99,269
1472,467,96,270
1471,468,93,271
1470,469,90,272
1469,470,87,273
1468,471,84,274
1467,472,81,275
1466,473,78,276
1460,474,74,281
1454,474,76,281
1448,474,78,281
1442,474,80,281
1436,474,82,281
1430,474,84,281
1424,474,86,281
1418,474,88,281
1412,474,90,281
1406,474,92,281
1400,474,94,281
1394,474,96,281
1388,474,98,281
1382,474,100,281
1376,474,102,281
1376,478,102,287
1371,479,102,288
1366,480,102,289
1361,481,102,290
1356,482,102,291
1351,483,102,292
1346,484,102,293
1341,485,102,294
1336,486,102,295
1331,487,102,296
1326,488,102,297
1321,489,102,298
1316,490,102,299
1311,491,102,300
1306,492,102,301
1304,487,99,308
1295,490,103,309
1286,493,107,310
1277,496,111,311
1268,499,115,312
1259,502,119,313
1250,505,123,314
1241,508,127,315
1232,511,131,316
1223,514,135,317
1214,517,139,318
1205,520,143,319
1196,523,147,320
1187,526,151,321
1178,529,155,322
1168,537,153,328
1151,537,156,329
1134,537,159,330
1117,537,162,331
1100,537,165,332
1083,537,168,333
1066,537,171,334
1049,537,174,335
1032,537,177,336
1015,537,180,337
998,537,183,338
981,537,186,339
964,537,189,340
947,537,192,341
930,537,195,342
918,540,195,349
911,542,193,350
904,544,191,351
897,546,189,352
890,548,187,353
883,550,185,354
876,552,183,355
869,554,181,356
862,556,179,357
855,558,177,358
848,560,175,359
841,562,173,360
834,564,171,361
827,566,169,362
820,568,167,363
814,574,158,357
