1516,191,61,169
1516,191,61,169
1516,191,61,169
1516,191,61,169
1516,191,61,169
1516,191,61,169
1516,191,61,169
1516,191,61,169
1516,191,61,169
1516,191,61,169
1516,191,61,169
1516,191,61,169
1516,191,61,169
1516,191,61,169
1516,191,61,169
1512,195,65,163
1512,195,65,163
1512,195,65,163
1512,195,65,163
1512,195,65,163
1512,195,65,163
1512,195,65,163
1512,195,65,163
1512,195,65,163
1512,195,65,163
1512,195,65,163
1512,195,65,163
1512,195,65,163
1512,195,65,163
1512,195,65,163
1516,197,66,163
1516,197,66,163
1516,197,66,163
1516,197,66,163
1516,197,66,163
1516,197,66,163
1516,197,66,163
1516,197,66,163
1516,197,66,163
1516,197,66,163
1516,197,66,163
1516,197,66,163
1516,197,66,163
1516,197,66,163
1516,197,66,163
1512,193,72,169
1512,193,71,169
1512,193,70,169
1512,193,69,169
1512,193,68,169
1512,193,67,169
1512,193,66,169
1512,193,65,169
1512,193,64,169
1512,193,63,169
1512,193,62,169
1512,193,61,169
1512,193,60,169
1512,193,59,169
1512,193,58,169
1514,195,63,163
1514,195,63,163
1514,195,63,163
1514,195,63,163
1514,195,63,163
1514,195,63,163
1514,195,63,163
1514,195,63,163
1514,195,63,163
1514,195,63,163
1514,195,63,163
1514,195,63,163
1514,195,63,163
1514,195,63,163
1514,195,63,163
1516,191,63,169
1516,191,63,169
1516,191,63,169
1516,191,63,169
1516,191,63,169
1516,191,63,169
1516,191,63,169
1516,191,63,169
1516,191,63,169
1516,191,63,169
1516,191,63,169
1516,191,63,169
1516,191,63,169
1516,191,63,169
1516,191,63,169
1516,195,61,163
1516,195,61,163
1516,195,61,163
1516,195,61,163
1516,195,61,163
1516,195,61,163
1516,195,61,163
1516,195,61,163
1516,195,61,163
1516,195,61,163
1516,195,61,163
1516,195,61,163
1516,195,61,163
1516,195,61,163
1516,195,61,163
1518,195,61,165
1518,195,62,165
1518,195,63,165
1518,195,64,165
1518,195,65,165
1518,195,66,165
1518,195,67,165
1518,195,68,165
1518,195,69,165
1518,195,70,165
1518,195,71,165
1518,195,72,165
1518,195,73,165
1518,195,74,165
1518,195,75,165
1516,193,70,165
1516,193,70,165
1516,193,70,165
1516,193,70,165
1516,193,70,165
1516,193,70,165
1516,193,70,165
1516,193,70,165
1516,193,70,165
1516,193,70,165
1516,193,70,165
1516,193,70,165
1516,193,70,165
1516,193,70,165
1516,193,70,165
1514,197,72,159
1514,197,72,160
1514,197,72,161
1514,197,72,162
1514,197,72,163
1514,197,72,164
1514,197,72,165
1514,197,72,166
1514,197,72,167
1514,197,72,168
1514,197,72,169
1514,197,72,170
1514,197,72,171
1514,197,72,172
1514,197,72,173
1514,195,68,167
1514,195,68,167
1514,195,68,167
1514,195,68,167
1514,195,68,167
1514,195,68,167
1514,195,68,167
1514,195,68,167
1514,195,68,167
1514,195,68,167
1514,195,68,167
1514,195,68,167
1514,195,68,167
1514,195,68,167
1514,195,68,167
1516,193,72,167
1516,193,72,167
1516,193,72,167
1516,193,72,167
1516,193,72,167
1516,193,72,167
1516,193,72,167
1516,193,72,167
1516,193,72,167
1516,193,72,167
1516,193,72,167
1516,193,72,167
1516,193,72,167
1516,193,72,167
1516,193,72,167
1512,191,65,169
1512,191,65,169
1512,191,65,169
1512,191,65,169
1512,191,65,169
1512,191,65,169
1512,191,65,169
1512,191,65,169
1512,191,65,169
1512,191,65,169
1512,191,65,169
1512,191,65,169
1512,191,65,169
1512,191,65,169
1512,191,65,169
1514,191,63,171
1514,191,63,171
1514,191,63,171
1514,191,63,171
1514,191,63,171
1514,191,63,171
1514,191,63,171
1514,191,63,171
1514,191,63,171
1514,191,63,171
1514,191,63,171
1514,191,63,171
1514,191,63,171
1514,191,63,171
1514,191,63,171
1514,189,63,171
1514,189,63,171
1514,189,63,171
1514,189,63,171
1514,189,63,171
1514,189,63,171
1514,189,63,171
1514,189,63,171
1514,189,63,171
1514,189,63,171
1514,189,63,171
1514,189,63,171
1514,189,63,171
1514,189,63,171
1514,189,63,171
1516,189,57,171
1516,189,57,171
1516,189,57,171
1516,189,57,171
1516,189,57,171
1516,189,57,171
1516,189,57,171
1516,189,57,171
1516,189,57,171
1516,189,57,171
1516,189,57,171
1516,189,57,171
1516,189,57,171
1516,189,57,171
1516,189,57,171
1518,189,53,165
1518,189,53,165
1518,189,53,165
1518,189,53,165
1518,189,53,165
1518,189,53,165
1518,189,53,165
1518,189,53,165
1518,189,53,165
1518,189,53,165
1518,189,53,165
1518,189,53,165
1518,189,53,165
1518,189,53,165
1518,189,53,165
1520,183,51,163
1520,183,52,164
1520,183,53,165
1520,183,54,166
1520,183,55,167
1520,183,56,168
1520,183,57,169
1520,183,58,170
1520,183,59,171
1520,183,60,172
1520,183,61,173
1520,183,62,174
1520,183,63,175
1520,183,64,176
1520,183,65,177
1520,183,59,173
1520,183,60,173
1520,183,61,173
1520,183,62,173
1520,183,63,173
1520,183,64,173
1520,183,65,173
1520,183,66,173
1520,183,67,173
1520,183,68,173
1520,183,69,173
1520,183,70,173
1520,183,71,173
1520,183,72,173
1520,183,73,173
1525,185,67,179
1525,185,69,179
1525,185,71,179
1525,185,73,179
1525,185,75,179
1525,185,77,179
1525,185,79,179
1525,185,81,179
1525,185,83,179
1525,185,85,179
1525,185,87,179
1525,185,89,179
1525,185,91,179
1525,185,93,179
1525,185,95,179
1531,187,93,181
1535,188,93,181
1539,189,93,181
1543,190,93,181
1547,191,93,181
1551,192,93,181
1555,193,93,181
1559,194,93,181
1563,195,93,181
1567,196,93,181
1571,197,93,181
1575,198,93,181
1579,199,93,181
1583,200,93,181
1587,201,93,181
1589,197,89,185
1592,198,88,185
1595,199,87,185
1598,200,86,185
1601,201,85,185
1604,202,84,185
1607,203,83,185
1610,204,82,185
1613,205,81,185
1616,206,80,185
1619,207,79,185
1622,208,78,185
1625,209,77,185
1628,210,76,185
1631,211,75,185
1636,211,74,191
1639,211,75,193
1642,211,76,195
1645,211,77,197
1648,211,78,199
1651,211,79,201
1654,211,80,203
1657,211,81,205
1660,211,82,207
1663,211,83,209
1666,211,84,211
1669,211,85,213
1672,211,86,215
1675,211,87,217
1678,211,88,219
1675,211,82,219
1675,211,83,221
1675,211,84,223
1675,211,85,225
1675,211,86,227
1675,211,87,229
1675,211,88,231
1675,211,89,233
1675,211,90,235
1675,211,91,237
1675,211,92,239
1675,211,93,241
1675,211,94,243
1675,211,95,245
1675,211,96,247
1681,215,96,243
1678,216,96,244
1675,217,96,245
1672,218,96,246
1669,219,96,247
1666,220,96,248
1663,221,96,249
1660,222,96,250
1657,223,96,251
1654,224,96,252
1651,225,96,253
1648,226,96,254
1645,227,96,255
1642,228,96,256
1639,229,96,257
1636,227,100,251
1626,227,100,252
1616,227,100,253
1606,227,100,254
1596,227,100,255
1586,227,100,256
1576,227,100,257
1566,227,100,258
1556,227,100,259
1546,227,100,260
1536,227,100,261
1526,227,100,262
1516,227,100,263
1506,227,100,264
1496,227,100,265
1488,223,104,266
1472,222,108,265
1456,221,112,264
1440,220,116,263
1424,219,120,262
1408,218,124,261
1392,217,128,260
1376,216,132,259
1360,215,136,258
1344,214,140,257
1328,213,144,256
1312,212,148,255
1296,211,152,254
1280,210,156,253
1264,209,160,252
1250,213,166,255
1242,212,165,255
1234,211,164,255
1226,210,163,255
1218,209,162,255
1210,208,161,255
1202,207,160,255
1194,206,159,255
1186,205,158,255
1178,204,157,255
1170,203,156,255
1162,202,155,255
1154,201,154,255
1146,200,153,255
1138,199,152,255
1126,193,157,249
1112,192,157,247
1098,191,157,245
1084,190,157,243
1070,189,157,241
1056,188,157,239
1042,187,157,237
1028,186,157,235
1014,185,157,233
1000,184,157,231
986,183,157,229
972,182,157,227
958,181,157,225
944,180,157,223
930,179,157,221
911,183,156,213
893,181,154,214
875,179,152,215
857,177,150,216
839,175,148,217
821,173,146,218
803,171,144,219
785,169,142,220
767,167,140,221
749,165,138,222
731,163,136,223
713,161,134,224
695,159,132,225
677,157,130,226
659,155,128,227
645,149,132,223
