1360,335,43,112
1360,335,43,112
1360,335,43,112
1360,335,43,112
1360,335,43,112
1360,335,43,112
1360,335,43,112
1360,335,43,112
1360,335,43,112
1360,335,43,112
1360,335,43,112
1360,335,43,112
1360,335,43,112
1360,335,43,112
1360,335,43,112
1362,337,41,115
1362,337,41,115
1362,337,41,115
1362,337,41,115
1362,337,41,115
1362,337,41,115
1362,337,41,115
1362,337,41,115
1362,337,41,115
1362,337,41,115
1362,337,41,115
1362,337,41,115
1362,337,41,115
1362,337,41,115
1362,337,41,115
1358,334,45,121
1358,334,45,120
1358,334,45,119
1358,334,45,118
1358,334,45,117
1358,334,45,116
1358,334,45,115
1358,334,45,114
1358,334,45,113
1358,334,45,112
1358,334,45,111
1358,334,45,110
1358,334,45,109
1358,334,45,108
1358,334,45,107
1363,337,42,113
1363,337,42,114
1363,337,42,115
1363,337,42,116
1363,337,42,117
1363,337,42,118
1363,337,42,119
1363,337,42,120
1363,337,42,121
1363,337,42,122
1363,337,42,123
1363,337,42,124
1363,337,42,125
1363,337,42,126
1363,337,42,127
1362,332,41,124
1362,332,41,124
1362,332,41,124
1362,332,41,124
1362,332,41,124
1362,332,41,124
1362,332,41,124
1362,332,41,124
1362,332,41,124
1362,332,41,124
1362,332,41,124
1362,332,41,124
1362,332,41,124
1362,332,41,124
1362,332,41,124
1363,334,42,121
1363,334,42,121
1363,334,42,121
1363,334,42,121
1363,334,42,121
1363,334,42,121
1363,334,42,121
1363,334,42,121
1363,334,42,121
1363,334,42,121
1363,334,42,121
1363,334,42,121
1363,334,42,121
1363,334,42,121
1363,334,42,121
1360,334,43,118
1360,334,43,118
1360,334,43,118
1360,334,43,118
1360,334,43,118
1360,334,43,118
1360,334,43,118
1360,334,43,118
1360,334,43,118
1360,334,43,118
1360,334,43,118
1360,334,43,118
1360,334,43,118
1360,334,43,118
1360,334,43,118
1360,334,42,118
1360,334,42,118
1360,334,42,118
1360,334,42,118
1360,334,42,118
1360,334,42,118
1360,334,42,118
1360,334,42,118
1360,334,42,118
1360,334,42,118
1360,334,42,118
1360,334,42,118
1360,334,42,118
1360,334,42,118
1360,334,42,118
1362,332,40,124
1362,332,40,124
1362,332,40,124
1362,332,40,124
1362,332,40,124
1362,332,40,124
1362,332,40,124
1362,332,40,124
1362,332,40,124
1362,332,40,124
1362,332,40,124
1362,332,40,124
1362,332,40,124
1362,332,40,124
1362,332,40,124
1363,335,40,120
1363,335,40,120
1363,335,40,120
1363,335,40,120
1363,335,40,120
1363,335,40,120
1363,335,40,120
1363,335,40,120
1363,335,40,120
1363,335,40,120
1363,335,40,120
1363,335,40,120
1363,335,40,120
1363,335,40,120
1363,335,40,120
1360,332,45,123
1360,332,45,123
1360,332,45,123
1360,332,45,123
1360,332,45,123
1360,332,45,123
1360,332,45,123
1360,332,45,123
1360,332,45,123
1360,332,45,123
1360,332,45,123
1360,332,45,123
1360,332,45,123
1360,332,45,123
1360,332,45,123
1360,335,45,120
1360,335,45,120
1360,335,45,120
1360,335,45,120
1360,335,45,120
1360,335,45,120
1360,335,45,120
1360,335,45,120
1360,335,45,120
1360,335,45,120
1360,335,45,120
1360,335,45,120
1360,335,45,120
1360,335,45,120
1360,335,45,120
1363,335,39,120
1363,335,39,120
1363,335,39,120
1363,335,39,120
1363,335,39,120
1363,335,39,120
1363,335,39,120
1363,335,39,120
1363,335,39,120
1363,335,39,120
1363,335,39,120
1363,335,39,120
1363,335,39,120
1363,335,39,120
1363,335,39,120
1360,329,43,126
1360,329,43,126
1360,329,43,126
1360,329,43,126
1360,329,43,126
1360,329,43,126
1360,329,43,126
1360,329,43,126
1360,329,43,126
1360,329,43,126
1360,329,43,126
1360,329,43,126
1360,329,43,126
1360,329,43,126
1360,329,43,126
1360,332,42,123
1360,332,42,123
1360,332,42,123
1360,332,42,123
1360,332,42,123
1360,332,42,123
1360,332,42,123
1360,332,42,123
1360,332,42,123
1360,332,42,123
1360,332,42,123
1360,332,42,123
1360,332,42,123
1360,332,42,123
1360,332,42,123
1363,332,40,120
1363,332,40,120
1363,332,40,120
1363,332,40,120
1363,332,40,120
1363,332,40,120
1363,332,40,120
1363,332,40,120
1363,332,40,120
1363,332,40,120
1363,332,40,120
1363,332,40,120
1363,332,40,120
1363,332,40,120
1363,332,40,120
1362,331,41,116
1362,331,42,116
1362,331,43,116
1362,331,44,116
1362,331,45,116
1362,331,46,116
1362,331,47,116
1362,331,48,116
1362,331,49,116
1362,331,50,116
1362,331,51,116
1362,331,52,116
1362,331,53,116
1362,331,54,116
1362,331,55,116
1360,331,50,122
1360,330,50,122
1360,329,50,122
1360,328,50,122
1360,327,50,122
1360,326,50,122
1360,325,50,122
1360,324,50,122
1360,323,50,122
1360,322,50,122
1360,321,50,122
1360,320,50,122
1360,319,50,122
1360,318,50,122
1360,317,50,122
1353,322,45,125
1354,322,45,125
1355,322,45,125
1356,322,45,125
1357,322,45,125
1358,322,45,125
1359,322,45,125
1360,322,45,125
1361,322,45,125
1362,322,45,125
1363,322,45,125
1364,322,45,125
1365,322,45,125
1366,322,45,125
1367,322,45,125
1370,319,44,128
1371,319,44,128
1372,319,44,128
1373,319,44,128
1374,319,44,128
1375,319,44,128
1376,319,44,128
1377,319,44,128
1378,319,44,128
1379,319,44,128
1380,319,44,128
1381,319,44,128
1382,319,44,128
1383,319,44,128
1384,319,44,128
1385,325,50,131
1388,325,49,132
1391,325,48,133
1394,325,47,134
1397,325,46,135
1400,325,45,136
1403,325,44,137
1406,325,43,138
1409,325,42,139
1412,325,41,140
1415,325,40,141
1418,325,39,142
1421,325,38,143
1424,325,37,144
1427,325,36,145
1425,328,39,145
1427,328,41,145
1429,328,43,145
1431,328,45,145
1433,328,47,145
1435,328,49,145
1437,328,51,145
1439,328,53,145
1441,328,55,145
1443,328,57,145
1445,328,59,145
1447,328,61,145
1449,328,63,145
1451,328,65,145
1453,328,67,145
1448,331,63,138
1450,331,63,139
1452,331,63,140
1454,331,63,141
1456,331,63,142
1458,331,63,143
1460,331,63,144
1462,331,63,145
1464,331,63,146
1466,331,63,147
1468,331,63,148
1470,331,63,149
1472,331,63,150
1474,331,63,151
1476,331,63,152
1482,334,59,148
1482,334,60,149
1482,334,61,150
1482,334,62,151
1482,334,63,152
1482,334,64,153
1482,334,65,154
1482,334,66,155
1482,334,67,156
1482,334,68,157
1482,334,69,158
1482,334,70,159
1482,334,71,160
1482,334,72,161
1482,334,73,162
1482,337,68,168
1479,338,68,168
1476,339,68,168
1473,340,68,168
1470,341,68,168
1467,342,68,168
1464,343,68,168
1461,344,68,168
1458,345,68,168
1455,346,68,168
1452,347,68,168
1449,348,68,168
1446,349,68,168
1443,350,68,168
1440,351,68,168
1432,345,70,172
1422,345,72,173
1412,345,74,174
1402,345,76,175
1392,345,78,176
1382,345,80,177
1372,345,82,178
1362,345,84,179
1352,345,86,180
1342,345,88,181
1332,345,90,182
1322,345,92,183
1312,345,94,184
1302,345,96,185
1292,345,98,186
1285,351,94,181
1276,351,93,181
1267,351,92,181
1258,351,91,181
1249,351,90,181
1240,351,89,181
1231,351,88,181
1222,351,87,181
1213,351,86,181
1204,351,85,181
1195,351,84,181
1186,351,83,181
1177,351,82,181
1168,351,81,181
1159,351,80,181
1156,348,83,175
