1388,47,54,136
1388,47,54,136
1388,47,54,136
1388,47,54,136
1388,47,54,136
1388,47,54,136
1388,47,54,136
1388,47,54,136
1388,47,54,136
1388,47,54,136
1388,47,54,136
1388,47,54,136
1388,47,54,136
1388,47,54,136
1388,47,54,136
1390,44,52,137
1390,44,52,137
1390,44,52,137
1390,44,52,137
1390,44,52,137
1390,44,52,137
1390,44,52,137
1390,44,52,137
1390,44,52,137
1390,44,52,137
1390,44,52,137
1390,44,52,137
1390,44,52,137
1390,44,52,137
1390,44,52,137
1388,44,54,134
1388,44,54,134
1388,44,54,134
1388,44,54,134
1388,44,54,134
1388,44,54,134
1388,44,54,134
1388,44,54,134
1388,44,54,134
1388,44,54,134
1388,44,54,134
1388,44,54,134
1388,44,54,134
1388,44,54,134
1388,44,54,134
1390,44,54,137
1390,44,54,137
1390,44,54,137
1390,44,54,137
1390,44,54,137
1390,44,54,137
1390,44,54,137
1390,44,54,137
1390,44,54,137
1390,44,54,137
1390,44,54,137
1390,44,54,137
1390,44,54,137
1390,44,54,137
1390,44,54,137
1388,44,54,139
1388,44,54,139
1388,44,54,139
1388,44,54,139
1388,44,54,139
1388,44,54,139
1388,44,54,139
1388,44,54,139
1388,44,54,139
1388,44,54,139
1388,44,54,139
1388,44,54,139
1388,44,54,139
1388,44,54,139
1388,44,54,139
1388,47,56,134
1388,47,56,134
1388,47,56,134
1388,47,56,134
1388,47,56,134
1388,47,56,134
1388,47,56,134
1388,47,56,134
1388,47,56,134
1388,47,56,134
1388,47,56,134
1388,47,56,134
1388,47,56,134
1388,47,56,134
1388,47,56,134
1390,46,52,137
1390,46,52,137
1390,46,52,137
1390,46,52,137
1390,46,52,137
1390,46,52,137
1390,46,52,137
1390,46,52,137
1390,46,52,137
1390,46,52,137
1390,46,52,137
1390,46,52,137
1390,46,52,137
1390,46,52,137
1390,46,52,137
1386,46,54,137
1386,46,54,137
1386,46,54,137
1386,46,54,137
1386,46,54,137
1386,46,54,137
1386,46,54,137
1386,46,54,137
1386,46,54,137
1386,46,54,137
1386,46,54,137
1386,46,54,137
1386,46,54,137
1386,46,54,137
1386,46,54,137
1390,44,52,136
1390,44,52,136
1390,44,52,136
1390,44,52,136
1390,44,52,136
1390,44,52,136
1390,44,52,136
1390,44,52,136
1390,44,52,136
1390,44,52,136
1390,44,52,136
1390,44,52,136
1390,44,52,136
1390,44,52,136
1390,44,52,136
1386,47,58,134
1386,47,58,134
1386,47,58,134
1386,47,58,134
1386,47,58,134
1386,47,58,134
1386,47,58,134
1386,47,58,134
1386,47,58,134
1386,47,58,134
1386,47,58,134
1386,47,58,134
1386,47,58,134
1386,47,58,134
1386,47,58,134
1386,47,58,134
1386,47,58,134
1386,47,58,134
1386,47,58,134
1386,47,58,134
1386,47,58,134
1386,47,58,134
1386,47,58,134
1386,47,58,134
1386,47,58,134
1386,47,58,134
1386,47,58,134
1386,47,58,134
1386,47,58,134
1386,47,58,134
1388,46,54,137
1388,46,54,137
1388,46,54,137
1388,46,54,137
1388,46,54,137
1388,46,54,137
1388,46,54,137
1388,46,54,137
1388,46,54,137
1388,46,54,137
1388,46,54,137
1388,46,54,137
1388,46,54,137
1388,46,54,137
1388,46,54,137
1388,47,56,134
1388,47,56,134
1388,47,56,134
1388,47,56,134
1388,47,56,134
1388,47,56,134
1388,47,56,134
1388,47,56,134
1388,47,56,134
1388,47,56,134
1388,47,56,134
1388,47,56,134
1388,47,56,134
1388,47,56,134
1388,47,56,134
1386,44,56,136
1386,44,56,136
1386,44,56,136
1386,44,56,136
1386,44,56,136
1386,44,56,136
1386,44,56,136
1386,44,56,136
1386,44,56,136
1386,44,56,136
1386,44,56,136
1386,44,56,136
1386,44,56,136
1386,44,56,136
1386,44,56,136
1386,43,58,140
1386,43,57,140
1386,43,56,140
1386,43,55,140
1386,43,54,140
1386,43,53,140
1386,43,52,140
1386,43,51,140
1386,43,50,140
1386,43,49,140
1386,43,48,140
1386,43,47,140
1386,43,46,140
1386,43,45,140
1386,43,44,140
1390,43,48,138
1390,43,48,138
1390,43,48,138
1390,43,48,138
1390,43,48,138
1390,43,48,138
1390,43,48,138
1390,43,48,138
1390,43,48,138
1390,43,48,138
1390,43,48,138
1390,43,48,138
1390,43,48,138
1390,43,48,138
1390,43,48,138
1386,41,51,140
1386,41,51,140
1386,41,51,140
1386,41,51,140
1386,41,51,140
1386,41,51,140
1386,41,51,140
1386,41,51,140
1386,41,51,140
1386,41,51,140
1386,41,51,140
1386,41,51,140
1386,41,51,140
1386,41,51,140
1386,41,51,140
1388,41,50,140
1388,41,50,140
1388,41,50,140
1388,41,50,140
1388,41,50,140
1388,41,50,140
1388,41,50,140
1388,41,50,140
1388,41,50,140
1388,41,50,140
1388,41,50,140
1388,41,50,140
1388,41,50,140
1388,41,50,140
1388,41,50,140
1392,37,46,143
1392,37,46,143
1392,37,46,143
1392,37,46,143
1392,37,46,143
1392,37,46,143
1392,37,46,143
1392,37,46,143
1392,37,46,143
1392,37,46,143
1392,37,46,143
1392,37,46,143
1392,37,46,143
1392,37,46,143
1392,37,46,143
1395,37,52,144
1395,37,53,144
1395,37,54,144
1395,37,55,144
1395,37,56,144
1395,37,57,144
1395,37,58,144
1395,37,59,144
1395,37,60,144
1395,37,61,144
1395,37,62,144
1395,37,63,144
1395,37,64,144
1395,37,65,144
1395,37,66,144
1397,40,71,149
1400,40,70,149
1403,40,69,149
1406,40,68,149
1409,40,67,149
1412,40,66,149
1415,40,65,149
1418,40,64,149
1421,40,63,149
1424,40,62,149
1427,40,61,149
1430,40,60,149
1433,40,59,149
1436,40,58,149
1439,40,57,149
1439,40,56,152
1441,40,56,153
1443,40,56,154
1445,40,56,155
1447,40,56,156
1449,40,56,157
1451,40,56,158
1453,40,56,159
1455,40,56,160
1457,40,56,161
1459,40,56,162
1461,40,56,163
1463,40,56,164
1465,40,56,165
1467,40,56,166
1474,44,51,162
1475,45,53,162
1476,46,55,162
1477,47,57,162
1478,48,59,162
1479,49,61,162
1480,50,63,162
1481,51,65,162
1482,52,67,162
1483,53,69,162
1484,54,71,162
1485,55,73,162
1486,56,75,162
1487,57,77,162
1488,58,79,162
1495,61,74,162
1497,61,73,163
1499,61,72,164
1501,61,71,165
1503,61,70,166
1505,61,69,167
1507,61,68,168
1509,61,67,169
1511,61,66,170
1513,61,65,171
1515,61,64,172
1517,61,63,173
1519,61,62,174
1521,61,61,175
1523,61,60,176
1531,64,66,173
1529,64,67,175
1527,64,68,177
1525,64,69,179
1523,64,70,181
1521,64,71,183
1519,64,72,185
1517,64,73,187
1515,64,74,189
1513,64,75,191
1511,64,76,193
1509,64,77,195
1507,64,78,197
1505,64,79,199
1503,64,80,201
1501,61,75,198
1495,61,78,199
1489,61,81,200
1483,61,84,201
1477,61,87,202
1471,61,90,203
1465,61,93,204
1459,61,96,205
1453,61,99,206
1447,61,102,207
1441,61,105,208
1435,61,108,209
1429,61,111,210
1423,61,114,211
1417,61,117,212
1407,61,114,215
1395,61,116,215
1383,61,118,215
1371,61,120,215
1359,61,122,215
1347,61,124,215
1335,61,126,215
1323,61,128,215
1311,61,130,215
1299,61,132,215
1287,61,134,215
1275,61,136,215
1263,61,138,215
1251,61,140,215
1239,61,142,215
1228,63,145,214
1220,63,144,214
1212,63,143,214
1204,63,142,214
1196,63,141,214
1188,63,140,214
1180,63,139,214
1172,63,138,214
1164,63,137,214
1156,63,136,214
1148,63,135,214
1140,63,134,214
1132,63,133,214
1124,63,132,214
1116,63,131,214
1105,57,134,214
1096,57,133,211
1087,57,132,208
1078,57,131,205
1069,57,130,202
1060,57,129,199
1051,57,128,196
1042,57,127,193
1033,57,126,190
1024,57,125,187
1015,57,124,184
1006,57,123,181
997,57,122,178
988,57,121,175
979,57,120,172
974,63,119,176
960,63,121,175
946,63,123,174
932,63,125,173
918,63,127,172
904,63,129,171
890,63,131,170
876,63,133,169
862,63,135,168
848,63,137,167
834,63,139,166
820,63,141,165
806,63,143,164
792,63,145,163
778,63,147,162
762,57,145,168
