1450,250,71,266
1449,250,72,266
1448,250,73,266
1447,250,74,266
1446,250,75,266
1445,250,76,266
1444,250,77,266
1443,250,78,266
1442,250,79,266
1441,250,80,266
1440,250,81,266
1439,250,82,266
1438,250,83,266
1437,250,84,266
1436,250,85,266
1442,246,87,269
1442,246,87,270
1442,246,87,271
1442,246,87,272
1442,246,87,273
1442,246,87,274
1442,246,87,275
1442,246,87,276
1442,246,87,277
1442,246,87,278
1442,246,87,279
1442,246,87,280
1442,246,87,281
1442,246,87,282
1442,246,87,283
1444,246,94,281
1444,246,93,280
1444,246,92,279
1444,246,91,278
1444,246,90,277
1444,246,89,276
1444,246,88,275
1444,246,87,274
1444,246,86,273
1444,246,85,272
1444,246,84,271
1444,246,83,270
1444,246,82,269
1444,246,81,268
1444,246,80,267
1442,253,81,272
1441,253,82,272
1440,253,83,272
1439,253,84,272
1438,253,85,272
1437,253,86,272
1436,253,87,272
1435,253,88,272
1434,253,89,272
1433,253,90,272
1432,253,91,272
1431,253,92,272
1430,253,93,272
1429,253,94,272
1428,253,95,272
1423,257,98,265
1422,257,99,265
1421,257,100,265
1420,257,101,265
1419,257,102,265
1418,257,103,265
1417,257,104,265
1416,257,105,265
1415,257,106,265
1414,257,107,265
1413,257,108,265
1412,257,109,265
1411,257,110,265
1410,257,111,265
1409,257,112,265
1409,250,108,272
1409,250,106,272
1409,250,104,272
1409,250,102,272
1409,250,100,272
1409,250,98,272
1409,250,96,272
1409,250,94,272
1409,250,92,272
1409,250,90,272
1409,250,88,272
1409,250,86,272
1409,250,84,272
1409,250,82,272
1409,250,80,272
1415,246,82,277
1414,246,82,277
1413,246,82,277
1412,246,82,277
1411,246,82,277
1410,246,82,277
1409,246,82,277
1408,246,82,277
1407,246,82,277
1406,246,82,277
1405,246,82,277
1404,246,82,277
1403,246,82,277
1402,246,82,277
1401,246,82,277
1407,244,84,283
1407,244,84,283
1407,244,84,283
1407,244,84,283
1407,244,84,283
1407,244,84,283
1407,244,84,283
1407,244,84,283
1407,244,84,283
1407,244,84,283
1407,244,84,283
1407,244,84,283
1407,244,84,283
1407,244,84,283
1407,244,84,283
1409,248,82,281
1409,248,82,281
1409,248,82,281
1409,248,82,281
1409,248,82,281
1409,248,82,281
1409,248,82,281
1409,248,82,281
1409,248,82,281
1409,248,82,281
1409,248,82,281
1409,248,82,281
1409,248,82,281
1409,248,82,281
1409,248,82,281
1409,250,86,279
1409,250,87,279
1409,250,88,279
1409,250,89,279
1409,250,90,279
1409,250,91,279
1409,250,92,279
1409,250,93,279
1409,250,94,279
1409,250,95,279
1409,250,96,279
1409,250,97,279
1409,250,98,279
1409,250,99,279
1409,250,100,279
1409,251,94,276
1407,251,97,276
1405,251,100,276
1403,251,103,276
1401,251,106,276
1399,251,109,276
1397,251,112,276
1395,251,115,276
1393,251,118,276
1391,251,121,276
1389,251,124,276
1387,251,127,276
1385,251,130,276
1383,251,133,276
1381,251,136,276
1377,255,132,272
1378,255,130,272
1379,255,128,272
1380,255,126,272
1381,255,124,272
1382,255,122,272
1383,255,120,272
1384,255,118,272
1385,255,116,272
1386,255,114,272
1387,255,112,272
1388,255,110,272
1389,255,108,272
1390,255,106,272
1391,255,104,272
1393,257,106,275
1392,257,106,275
1391,257,106,275
1390,257,106,275
1389,257,106,275
1388,257,106,275
1387,257,106,275
1386,257,106,275
1385,257,106,275
1384,257,106,275
1383,257,106,275
1382,257,106,275
1381,257,106,275
1380,257,106,275
1379,257,106,275
1381,260,102,274
1381,261,102,274
1381,262,102,274
1381,263,102,274
1381,264,102,274
1381,265,102,274
1381,266,102,274
1381,267,102,274
1381,268,102,274
1381,269,102,274
1381,270,102,274
1381,271,102,274
1381,272,102,274
1381,273,102,274
1381,274,102,274
1375,271,102,275
1376,272,102,275
1377,273,102,275
1378,274,102,275
1379,275,102,275
1380,276,102,275
1381,277,102,275
1382,278,102,275
1383,279,102,275
1384,280,102,275
1385,281,102,275
1386,282,102,275
1387,283,102,275
1388,284,102,275
1389,285,102,275
1397,279,108,280
1398,279,109,281
1399,279,110,282
1400,279,111,283
1401,279,112,284
1402,279,113,285
1403,279,114,286
1404,279,115,287
1405,279,116,288
1406,279,117,289
1407,279,118,290
1408,279,119,291
1409,279,120,292
1410,279,121,293
1411,279,122,294
1411,276,118,291
1411,276,118,292
1411,276,118,293
1411,276,118,294
1411,276,118,295
1411,276,118,296
1411,276,118,297
1411,276,118,298
1411,276,118,299
1411,276,118,300
1411,276,118,301
1411,276,118,302
1411,276,118,303
1411,276,118,304
1411,276,118,305
1405,281,112,311
1404,282,112,312
1403,283,112,313
1402,284,112,314
1401,285,112,315
1400,286,112,316
1399,287,112,317
1398,288,112,318
1397,289,112,319
1396,290,112,320
1395,291,112,321
1394,292,112,322
1393,293,112,323
1392,294,112,324
1391,295,112,325
1385,290,114,320
1382,290,115,321
1379,290,116,322
1376,290,117,323
1373,290,118,324
1370,290,119,325
1367,290,120,326
1364,290,121,327
1361,290,122,328
1358,290,123,329
1355,290,124,330
1352,290,125,331
1349,290,126,332
1346,290,127,333
1343,290,128,334
1347,295,128,329
1340,295,131,328
1333,295,134,327
1326,295,137,326
1319,295,140,325
1312,295,143,324
1305,295,146,323
1298,295,149,322
1291,295,152,321
1284,295,155,320
1277,295,158,319
1270,295,161,318
1263,295,164,317
1256,295,167,316
1249,295,170,315
1235,302,167,318
1233,301,163,319
1231,300,159,320
1229,299,155,321
1227,298,151,322
1225,297,147,323
1223,296,143,324
1221,295,139,325
1219,294,135,326
1217,293,131,327
1215,292,127,328
1213,291,123,329
1211,290,119,330
1209,289,115,331
1207,288,111,332
1199,288,100,334
1194,288,102,334
1189,288,104,334
1184,288,106,334
1179,288,108,334
1174,288,110,334
1169,288,112,334
1164,288,114,334
1159,288,116,334
1154,288,118,334
1149,288,120,334
1144,288,122,334
1139,288,124,334
1134,288,126,334
1129,288,128,334
1124,290,131,327
1118,290,132,327
1112,290,133,327
1106,290,134,327
1100,290,135,327
1094,290,136,327
1088,290,137,327
1082,290,138,327
1076,290,139,327
1070,290,140,327
1064,290,141,327
1058,290,142,327
1052,290,143,327
1046,290,144,327
1040,290,145,327
1029,288,149,329
1025,287,147,329
1021,286,145,329
1017,285,143,329
1013,284,141,329
1009,283,139,329
1005,282,137,329
1001,281,135,329
997,280,133,329
993,279,131,329
989,278,129,329
985,277,127,329
981,276,125,329
977,275,123,329
973,274,121,329
975,279,112,322
970,279,111,322
965,279,110,322
960,279,109,322
955,279,108,322
950,279,107,322
945,279,106,322
940,279,105,322
935,279,104,322
930,279,103,322
925,279,102,322
920,279,101,322
915,279,100,322
910,279,99,322
905,279,98,322
906,281,92,316
896,283,94,315
886,285,96,314
876,287,98,313
866,289,100,312
856,291,102,311
846,293,104,310
836,295,106,309
826,297,108,308
816,299,110,307
806,301,112,306
796,303,114,305
786,305,116,304
776,307,118,303
766,309,120,302
762,308,125,300
741,310,134,302
720,312,143,304
699,314,152,306
678,316,161,308
657,318,170,310
636,320,179,312
615,322,188,314
594,324,197,316
573,326,206,318
552,328,215,320
531,330,224,322
510,332,233,324
489,334,242,326
468,336,251,328
453,338,264,328
448,340,260,326
443,342,256,324
438,344,252,322
433,346,248,320
428,348,244,318
423,350,240,316
418,352,236,314
413,354,232,312
408,356,228,310
403,358,224,308
398,360,220,306
393,362,216,304
388,364,212,302
383,366,208,300
378,366,208,300
387,364,207,299
396,362,206,298
405,360,205,297
414,358,204,296
423,356,203,295
432,354,202,294
441,352,201,293
450,350,200,292
459,348,199,291
468,346,198,290
477,344,197,289
486,342,196,288
495,340,195,287
504,338,194,286
508,339,189,288
524,338,187,289
540,337,185,290
556,336,183,291
572,335,181,292
588,334,179,293
604,333,177,294
620,332,175,295
636,331,173,296
652,330,171,297
668,329,169,298
684,328,167,299
700,327,165,300
716,326,163,301
732,325,161,302
750,325,163,304
