1702,248,123,325
1703,248,122,325
1704,248,121,325
1705,248,120,325
1706,248,119,325
1707,248,118,325
1708,248,117,325
1709,248,116,325
1710,248,115,325
1711,248,114,325
1712,248,113,325
1713,248,112,325
1714,248,111,325
1715,248,110,325
1716,248,109,325
1718,244,107,325
1718,244,108,325
1718,244,109,325
1718,244,110,325
1718,244,111,325
1718,244,112,325
1718,244,113,325
1718,244,114,325
1718,244,115,325
1718,244,116,325
1718,244,117,325
1718,244,118,325
1718,244,119,325
1718,244,120,325
1718,244,121,325
1722,242,121,327
1722,242,121,327
1722,242,121,327
1722,242,121,327
1722,242,121,327
1722,242,121,327
1722,242,121,327
1722,242,121,327
1722,242,121,327
1722,242,121,327
1722,242,121,327
1722,242,121,327
1722,242,121,327
1722,242,121,327
1722,242,121,327
1726,242,115,327
1726,243,115,326
1726,244,115,325
1726,245,115,324
1726,246,115,323
1726,247,115,322
1726,248,115,321
1726,249,115,320
1726,250,115,319
1726,251,115,318
1726,252,115,317
1726,253,115,316
1726,254,115,315
1726,255,115,314
1726,256,115,313
1726,254,108,319
1723,254,110,319
1720,254,112,319
1717,254,114,319
1714,254,116,319
1711,254,118,319
1708,254,120,319
1705,254,122,319
1702,254,124,319
1699,254,126,319
1696,254,128,319
1693,254,130,319
1690,254,132,319
1687,254,134,319
1684,254,136,319
1687,252,141,317
1687,252,141,318
1687,252,141,319
1687,252,141,320
1687,252,141,321
1687,252,141,322
1687,252,141,323
1687,252,141,324
1687,252,141,325
1687,252,141,326
1687,252,141,327
1687,252,141,328
1687,252,141,329
1687,252,141,330
1687,252,141,331
1682,248,143,325
1682,247,141,325
1682,246,139,325
1682,245,137,325
1682,244,135,325
1682,243,133,325
1682,242,131,325
1682,241,129,325
1682,240,127,325
1682,239,125,325
1682,238,123,325
1682,237,121,325
1682,236,119,325
1682,235,117,325
1682,234,115,325
1685,239,114,332
1685,239,114,332
1685,239,114,332
1685,239,114,332
1685,239,114,332
1685,239,114,332
1685,239,114,332
1685,239,114,332
1685,239,114,332
1685,239,114,332
1685,239,114,332
1685,239,114,332
1685,239,114,332
1685,239,114,332
1685,239,114,332
1683,240,110,334
1683,240,110,334
1683,240,110,334
1683,240,110,334
1683,240,110,334
1683,240,110,334
1683,240,110,334
1683,240,110,334
1683,240,110,334
1683,240,110,334
1683,240,110,334
1683,240,110,334
1683,240,110,334
1683,240,110,334
1683,240,110,334
1682,239,115,341
1682,239,115,341
1682,239,115,341
1682,239,115,341
1682,239,115,341
1682,239,115,341
1682,239,115,341
1682,239,115,341
1682,239,115,341
1682,239,115,341
1682,239,115,341
1682,239,115,341
1682,239,115,341
1682,239,115,341
1682,239,115,341
1682,240,117,336
1682,240,117,336
1682,240,117,336
1682,240,117,336
1682,240,117,336
1682,240,117,336
1682,240,117,336
1682,240,117,336
1682,240,117,336
1682,240,117,336
1682,240,117,336
1682,240,117,336
1682,240,117,336
1682,240,117,336
1682,240,117,336
1682,244,124,329
1680,245,127,328
1678,246,130,327
1676,247,133,326
1674,248,136,325
1672,249,139,324
1670,250,142,323
1668,251,145,322
1666,252,148,321
1664,253,151,320
1662,254,154,319
1660,255,157,318
1658,256,160,317
1656,257,163,316
1654,258,166,315
1645,252,169,321
1646,252,167,322
1647,252,165,323
1648,252,163,324
1649,252,161,325
1650,252,159,326
1651,252,157,327
1652,252,155,328
1653,252,153,329
1654,252,151,330
1655,252,149,331
1656,252,147,332
1657,252,145,333
1658,252,143,334
1659,252,141,335
1656,254,145,330
1656,254,144,330
1656,254,143,330
1656,254,142,330
1656,254,141,330
1656,254,140,330
1656,254,139,330
1656,254,138,330
1656,254,137,330
1656,254,136,330
1656,254,135,330
1656,254,134,330
1656,254,133,330
1656,254,132,330
1656,254,131,330
1650,259,130,329
1650,260,130,329
1650,261,130,329
1650,262,130,329
1650,263,130,329
1650,264,130,329
1650,265,130,329
1650,266,130,329
1650,267,130,329
1650,268,130,329
1650,269,130,329
1650,270,130,329
1650,271,130,329
1650,272,130,329
1650,273,130,329
1650,272,128,334
1651,273,130,334
1652,274,132,334
1653,275,134,334
1654,276,136,334
1655,277,138,334
1656,278,140,334
1657,279,142,334
1658,280,144,334
1659,281,146,334
1660,282,148,334
1661,283,150,334
1662,284,152,334
1663,285,154,334
1664,286,156,334
1661,282,154,341
1663,282,154,341
1665,282,154,341
1667,282,154,341
1669,282,154,341
1671,282,154,341
1673,282,154,341
1675,282,154,341
1677,282,154,341
1679,282,154,341
1681,282,154,341
1683,282,154,341
1685,282,154,341
1687,282,154,341
1689,282,154,341
1687,284,151,345
1688,284,150,346
1689,284,149,347
1690,284,148,348
1691,284,147,349
1692,284,146,350
1693,284,145,351
1694,284,144,352
1695,284,143,353
1696,284,142,354
1697,284,141,355
1698,284,140,356
1699,284,139,357
1700,284,138,358
1701,284,137,359
1696,287,132,365
1695,288,132,366
1694,289,132,367
1693,290,132,368
1692,291,132,369
1691,292,132,370
1690,293,132,371
1689,294,132,372
1688,295,132,373
1687,296,132,374
1686,297,132,375
1685,298,132,376
1684,299,132,377
1683,300,132,378
1682,301,132,379
1674,297,132,383
1671,297,134,383
1668,297,136,383
1665,297,138,383
1662,297,140,383
1659,297,142,383
1656,297,144,383
1653,297,146,383
1650,297,148,383
1647,297,150,383
1644,297,152,383
1641,297,154,383
1638,297,156,383
1635,297,158,383
1632,297,160,383
1623,301,155,388
1613,301,158,388
1603,301,161,388
1593,301,164,388
1583,301,167,388
1573,301,170,388
1563,301,173,388
1553,301,176,388
1543,301,179,388
1533,301,182,388
1523,301,185,388
1513,301,188,388
1503,301,191,388
1493,301,194,388
1483,301,197,388
1477,302,204,395
1473,301,201,396
1469,300,198,397
1465,299,195,398
1461,298,192,399
1457,297,189,400
1453,296,186,401
1449,295,183,402
1445,294,180,403
1441,293,177,404
1437,292,174,405
1433,291,171,406
1429,290,168,407
1425,289,165,408
1421,288,162,409
1418,282,161,404
1413,282,161,403
1408,282,161,402
1403,282,161,401
1398,282,161,400
1393,282,161,399
1388,282,161,398
1383,282,161,397
1378,282,161,396
1373,282,161,395
1368,282,161,394
1363,282,161,393
1358,282,161,392
1353,282,161,391
1348,282,161,390
1337,278,159,392
1330,277,161,393
1323,276,163,394
1316,275,165,395
1309,274,167,396
1302,273,169,397
1295,272,171,398
1288,271,173,399
1281,270,175,400
1274,269,177,401
1267,268,179,402
1260,267,181,403
1253,266,183,404
1246,265,185,405
1239,264,187,406
1235,270,182,406
1229,269,181,405
1223,268,180,404
1217,267,179,403
1211,266,178,402
1205,265,177,401
1199,264,176,400
1193,263,175,399
1187,262,174,398
1181,261,173,397
1175,260,172,396
1169,259,171,395
1163,258,170,394
1157,257,169,393
1151,256,168,392
1150,250,160,398
1146,250,156,397
1142,250,152,396
1138,250,148,395
1134,250,144,394
1130,250,140,393
1126,250,136,392
1122,250,132,391
1118,250,128,390
1114,250,124,389
1110,250,120,388
1106,250,116,387
1102,250,112,386
1098,250,108,385
1094,250,104,384
1090,250,102,381
1079,251,103,381
1068,252,104,381
1057,253,105,381
1046,254,106,381
1035,255,107,381
1024,256,108,381
1013,257,109,381
1002,258,110,381
991,259,111,381
980,260,112,381
969,261,113,381
958,262,114,381
947,263,115,381
936,264,116,381
927,272,121,374
902,274,132,377
877,276,143,380
852,278,154,383
827,280,165,386
802,282,176,389
777,284,187,392
752,286,198,395
727,288,209,398
702,290,220,401
677,292,231,404
652,294,242,407
627,296,253,410
602,298,264,413
577,300,275,416
555,299,288,413
548,301,285,411
541,303,282,409
534,305,279,407
527,307,276,405
520,309,273,403
513,311,270,401
506,313,267,399
499,315,264,397
492,317,261,395
485,319,258,393
478,321,255,391
471,323,252,389
464,325,249,387
457,327,246,385
451,333,249,381
461,331,249,379
471,329,249,377
481,327,249,375
491,325,249,373
501,323,249,371
511,321,249,369
521,319,249,367
531,317,249,365
541,315,249,363
551,313,249,361
561,311,249,359
571,309,249,357
581,307,249,355
591,305,249,353
595,310,247,344
