1527,293,110,243
1530,293,107,243
1533,293,104,243
1536,293,101,243
1539,293,98,243
1542,293,95,243
1545,293,92,243
1548,293,89,243
1551,293,86,243
1554,293,83,243
1557,293,80,243
1560,293,77,243
1563,293,74,243
1566,293,71,243
1569,293,68,243
1579,289,60,247
1578,289,62,247
1577,289,64,247
1576,289,66,247
1575,289,68,247
1574,289,70,247
1573,289,72,247
1572,289,74,247
1571,289,76,247
1570,289,78,247
1569,289,80,247
1568,289,82,247
1567,289,84,247
1566,289,86,247
1565,289,88,247
1568,286,84,250
1569,286,83,250
1570,286,82,250
1571,286,81,250
1572,286,80,250
1573,286,79,250
1574,286,78,250
1575,286,77,250
1576,286,76,250
1577,286,75,250
1578,286,74,250
1579,286,73,250
1580,286,72,250
1581,286,71,250
1582,286,70,250
1577,287,71,252
1577,287,71,252
1577,287,71,252
1577,287,71,252
1577,287,71,252
1577,287,71,252
1577,287,71,252
1577,287,71,252
1577,287,71,252
1577,287,71,252
1577,287,71,252
1577,287,71,252
1577,287,71,252
1577,287,71,252
1577,287,71,252
1573,294,64,247
1571,294,66,246
1569,294,68,245
1567,294,70,244
1565,294,72,243
1563,294,74,242
1561,294,76,241
1559,294,78,240
1557,294,80,239
1555,294,82,238
1553,294,84,237
1551,294,86,236
1549,294,88,235
1547,294,90,234
1545,294,92,233
1544,298,91,239
1544,297,90,240
1544,296,89,241
1544,295,88,242
1544,294,87,243
1544,293,86,244
1544,292,85,245
1544,291,84,246
1544,290,83,247
1544,289,82,248
1544,288,81,249
1544,287,80,250
1544,286,79,251
1544,285,78,252
1544,284,77,253
1538,287,75,254
1538,287,75,254
1538,287,75,254
1538,287,75,254
1538,287,75,254
1538,287,75,254
1538,287,75,254
1538,287,75,254
1538,287,75,254
1538,287,75,254
1538,287,75,254
1538,287,75,254
1538,287,75,254
1538,287,75,254
1538,287,75,254
1540,289,71,257
1540,289,71,257
1540,289,71,257
1540,289,71,257
1540,289,71,257
1540,289,71,257
1540,289,71,257
1540,289,71,257
1540,289,71,257
1540,289,71,257
1540,289,71,257
1540,289,71,257
1540,289,71,257
1540,289,71,257
1540,289,71,257
1542,291,69,255
1541,291,71,255
1540,291,73,255
1539,291,75,255
1538,291,77,255
1537,291,79,255
1536,291,81,255
1535,291,83,255
1534,291,85,255
1533,291,87,255
1532,291,89,255
1531,291,91,255
1530,291,93,255
1529,291,95,255
1528,291,97,255
1522,294,104,248
1523,294,103,248
1524,294,102,248
1525,294,101,248
1526,294,100,248
1527,294,99,248
1528,294,98,248
1529,294,97,248
1530,294,96,248
1531,294,95,248
1532,294,94,248
1533,294,93,248
1534,294,92,248
1535,294,91,248
1536,294,90,248
1531,298,93,255
1530,298,93,255
1529,298,93,255
1528,298,93,255
1527,298,93,255
1526,298,93,255
1525,298,93,255
1524,298,93,255
1523,298,93,255
1522,298,93,255
1521,298,93,255
1520,298,93,255
1519,298,93,255
1518,298,93,255
1517,298,93,255
1509,305,93,248
1509,306,93,248
1509,307,93,248
1509,308,93,248
1509,309,93,248
1509,310,93,248
1509,311,93,248
1509,312,93,248
1509,313,93,248
1509,314,93,248
1509,315,93,248
1509,316,93,248
1509,317,93,248
1509,318,93,248
1509,319,93,248
1516,316,90,254
1517,316,92,254
1518,316,94,254
1519,316,96,254
1520,316,98,254
1521,316,100,254
1522,316,102,254
1523,316,104,254
1524,316,106,254
1525,316,108,254
1526,316,110,254
1527,316,112,254
1528,316,114,254
1529,316,116,254
1530,316,118,254
1529,316,114,255
1530,316,113,256
1531,316,112,257
1532,316,111,258
1533,316,110,259
1534,316,109,260
1535,316,108,261
1536,316,107,262
1537,316,106,263
1538,316,105,264
1539,316,104,265
1540,316,103,266
1541,316,102,267
1542,316,101,268
1543,316,100,269
1538,320,103,277
1537,321,103,278
1536,322,103,279
1535,323,103,280
1534,324,103,281
1533,325,103,282
1532,326,103,283
1531,327,103,284
1530,328,103,285
1529,329,103,286
1528,330,103,287
1527,331,103,288
1526,332,103,289
1525,333,103,290
1524,334,103,291
1518,328,108,293
1514,328,108,293
1510,328,108,293
1506,328,108,293
1502,328,108,293
1498,328,108,293
1494,328,108,293
1490,328,108,293
1486,328,108,293
1482,328,108,293
1478,328,108,293
1474,328,108,293
1470,328,108,293
1466,328,108,293
1462,328,108,293
1459,335,106,294
1454,335,104,295
1449,335,102,296
1444,335,100,297
1439,335,98,298
1434,335,96,299
1429,335,94,300
1424,335,92,301
1419,335,90,302
1414,335,88,303
1409,335,86,304
1404,335,84,305
1399,335,82,306
1394,335,80,307
1389,335,78,308
1385,334,82,306
1379,334,84,306
1373,334,86,306
1367,334,88,306
1361,334,90,306
1355,334,92,306
1349,334,94,306
1343,334,96,306
1337,334,98,306
1331,334,100,306
1325,334,102,306
1319,334,104,306
1313,334,106,306
1307,334,108,306
1301,334,110,306
1289,337,112,303
1283,337,113,303
1277,337,114,303
1271,337,115,303
1265,337,116,303
1259,337,117,303
1253,337,118,303
1247,337,119,303
1241,337,120,303
1235,337,121,303
1229,337,122,303
1223,337,123,303
1217,337,124,303
1211,337,125,303
1205,337,126,303
1206,335,130,301
1200,335,130,300
1194,335,130,299
1188,335,130,298
1182,335,130,297
1176,335,130,296
1170,335,130,295
1164,335,130,294
1158,335,130,293
1152,335,130,292
1146,335,130,291
1140,335,130,290
1134,335,130,289
1128,335,130,288
1122,335,130,287
1110,339,123,292
1099,341,122,292
1088,343,121,292
1077,345,120,292
1066,347,119,292
1055,349,118,292
1044,351,117,292
1033,353,116,292
1022,355,115,292
1011,357,114,292
1000,359,113,292
989,361,112,292
978,363,111,292
967,365,110,292
956,367,109,292
946,368,111,285
927,370,116,285
908,372,121,285
889,374,126,285
870,376,131,285
851,378,136,285
832,380,141,285
813,382,146,285
794,384,151,285
775,386,156,285
756,388,161,285
737,390,166,285
718,392,171,285
699,394,176,285
680,396,181,285
661,405,180,291
665,406,177,288
669,407,174,285
673,408,171,282
677,409,168,279
681,410,165,276
685,411,162,273
689,412,159,270
693,413,156,267
697,414,153,264
701,415,150,261
705,416,147,258
709,417,144,255
713,418,141,252
717,419,138,249
722,424,132,243
