1457,345,108,225
1460,345,105,225
1463,345,102,225
1466,345,99,225
1469,345,96,225
1472,345,93,225
1475,345,90,225
1478,345,87,225
1481,345,84,225
1484,345,81,225
1487,345,78,225
1490,345,75,225
1493,345,72,225
1496,345,69,225
1499,345,66,225
1502,341,59,229
1502,341,60,229
1502,341,61,229
1502,341,62,229
1502,341,63,229
1502,341,64,229
1502,341,65,229
1502,341,66,229
1502,341,67,229
1502,341,68,229
1502,341,69,229
1502,341,70,229
1502,341,71,229
1502,341,72,229
1502,341,73,229
1502,341,74,224
1502,341,74,225
1502,341,74,226
1502,341,74,227
1502,341,74,228
1502,341,74,229
1502,341,74,230
1502,341,74,231
1502,341,74,232
1502,341,74,233
1502,341,74,234
1502,341,74,235
1502,341,74,236
1502,341,74,237
1502,341,74,238
1507,341,69,232
1507,341,68,232
1507,341,67,232
1507,341,66,232
1507,341,65,232
1507,341,64,232
1507,341,63,232
1507,341,62,232
1507,341,61,232
1507,341,60,232
1507,341,59,232
1507,341,58,232
1507,341,57,232
1507,341,56,232
1507,341,55,232
1509,345,59,231
1507,345,61,231
1505,345,63,231
1503,345,65,231
1501,345,67,231
1499,345,69,231
1497,345,71,231
1495,345,73,231
1493,345,75,231
1491,345,77,231
1489,345,79,231
1487,345,81,231
1485,345,83,231
1483,345,85,231
1481,345,87,231
1483,344,87,232
1482,344,87,232
1481,344,87,232
1480,344,87,232
1479,344,87,232
1478,344,87,232
1477,344,87,232
1476,344,87,232
1475,344,87,232
1474,344,87,232
1473,344,87,232
1472,344,87,232
1471,344,87,232
1470,344,87,232
1469,344,87,232
1474,345,89,227
1474,345,89,228
1474,345,89,229
1474,345,89,230
1474,345,89,231
1474,345,89,232
1474,345,89,233
1474,345,89,234
1474,345,89,235
1474,345,89,236
1474,345,89,237
1474,345,89,238
1474,345,89,239
1474,345,89,240
1474,345,89,241
1468,339,82,240
1468,339,82,240
1468,339,82,240
1468,339,82,240
1468,339,82,240
1468,339,82,240
1468,339,82,240
1468,339,82,240
1468,339,82,240
1468,339,82,240
1468,339,82,240
1468,339,82,240
1468,339,82,240
1468,339,82,240
1468,339,82,240
1466,339,76,244
1467,339,76,244
1468,339,76,244
1469,339,76,244
1470,339,76,244
1471,339,76,244
1472,339,76,244
1473,339,76,244
1474,339,76,244
1475,339,76,244
1476,339,76,244
1477,339,76,244
1478,339,76,244
1479,339,76,244
1480,339,76,244
1476,342,70,237
1475,342,71,237
1474,342,72,237
1473,342,73,237
1472,342,74,237
1471,342,75,237
1470,342,76,237
1469,342,77,237
1468,342,78,237
1467,342,79,237
1466,342,80,237
1465,342,81,237
1464,342,82,237
1463,342,83,237
1462,342,84,237
1462,345,86,238
1462,345,87,238
1462,345,88,238
1462,345,89,238
1462,345,90,238
1462,345,91,238
1462,345,92,238
1462,345,93,238
1462,345,94,238
1462,345,95,238
1462,345,96,238
1462,345,97,238
1462,345,98,238
1462,345,99,238
1462,345,100,238
1461,347,94,231
1461,347,95,232
1461,347,96,233
1461,347,97,234
1461,347,98,235
1461,347,99,236
1461,347,100,237
1461,347,101,238
1461,347,102,239
1461,347,103,240
1461,347,104,241
1461,347,105,242
1461,347,106,243
1461,347,107,244
1461,347,108,245
1457,348,102,239
1456,348,101,238
1455,348,100,237
1454,348,99,236
1453,348,98,235
1452,348,97,234
1451,348,96,233
1450,348,95,232
1449,348,94,231
1448,348,93,230
1447,348,92,229
1446,348,91,228
1445,348,90,227
1444,348,89,226
1443,348,88,225
1449,353,91,230
1449,353,91,231
1449,353,91,232
1449,353,91,233
1449,353,91,234
1449,353,91,235
1449,353,91,236
1449,353,91,237
1449,353,91,238
1449,353,91,239
1449,353,91,240
1449,353,91,241
1449,353,91,242
1449,353,91,243
1449,353,91,244
1444,355,91,243
1445,356,91,243
1446,357,91,243
1447,358,91,243
1448,359,91,243
1449,360,91,243
1450,361,91,243
1451,362,91,243
1452,363,91,243
1453,364,91,243
1454,365,91,243
1455,366,91,243
1456,367,91,243
1457,368,91,243
1458,369,91,243
1459,366,91,242
1460,366,92,242
1461,366,93,242
1462,366,94,242
1463,366,95,242
1464,366,96,242
1465,366,97,242
1466,366,98,242
1467,366,99,242
1468,366,100,242
1469,366,101,242
1470,366,102,242
1471,366,103,242
1472,366,104,242
1473,366,105,242
1472,366,104,240
1472,366,104,241
1472,366,104,242
1472,366,104,243
1472,366,104,244
1472,366,104,245
1472,366,104,246
1472,366,104,247
1472,366,104,248
1472,366,104,249
1472,366,104,250
1472,366,104,251
1472,366,104,252
1472,366,104,253
1472,366,104,254
1477,373,97,256
1476,373,97,257
1475,373,97,258
1474,373,97,259
1473,373,97,260
1472,373,97,261
1471,373,97,262
1470,373,97,263
1469,373,97,264
1468,373,97,265
1467,373,97,266
1466,373,97,267
1465,373,97,268
1464,373,97,269
1463,373,97,270
1464,373,101,271
1462,373,102,272
1460,373,103,273
1458,373,104,274
1456,373,105,275
1454,373,106,276
1452,373,107,277
1450,373,108,278
1448,373,109,279
1446,373,110,280
1444,373,111,281
1442,373,112,282
1440,373,113,283
1438,373,114,284
1436,373,115,285
1438,380,112,279
1432,380,114,278
1426,380,116,277
1420,380,118,276
1414,380,120,275
1408,380,122,274
1402,380,124,273
1396,380,126,272
1390,380,128,271
1384,380,130,270
1378,380,132,269
1372,380,134,268
1366,380,136,267
1360,380,138,266
1354,380,140,265
1348,386,140,269
1344,385,139,270
1340,384,138,271
1336,383,137,272
1332,382,136,273
1328,381,135,274
1324,380,134,275
1320,379,133,276
1316,378,132,277
1312,377,131,278
1308,376,130,279
1304,375,129,280
1300,374,128,281
1296,373,127,282
1292,372,126,283
1288,377,119,284
1285,377,117,284
1282,377,115,284
1279,377,113,284
1276,377,111,284
1273,377,109,284
1270,377,107,284
1267,377,105,284
1264,377,103,284
1261,377,101,284
1258,377,99,284
1255,377,97,284
1252,377,95,284
1249,377,93,284
1246,377,91,284
1247,380,93,281
1242,380,95,281
1237,380,97,281
1232,380,99,281
1227,380,101,281
1222,380,103,281
1217,380,105,281
1212,380,107,281
1207,380,109,281
1202,380,111,281
1197,380,113,281
1192,380,115,281
1187,380,117,281
1182,380,119,281
1177,380,121,281
1170,377,127,281
1164,377,128,280
1158,377,129,279
1152,377,130,278
1146,377,131,277
1140,377,132,276
1134,377,133,275
1128,377,134,274
1122,377,135,273
1116,377,136,272
1110,377,137,271
1104,377,138,270
1098,377,139,269
1092,377,140,268
1086,377,141,267
1077,373,143,272
1072,374,142,272
1067,375,141,272
1062,376,140,272
1057,377,139,272
1052,378,138,272
1047,379,137,272
1042,380,136,272
1037,381,135,272
1032,382,134,272
1027,383,133,272
1022,384,132,272
1017,385,131,272
1012,386,130,272
1007,387,129,272
996,383,125,267
984,384,130,269
972,385,135,271
960,386,140,273
948,387,145,275
936,388,150,277
924,389,155,279
912,390,160,281
900,391,165,283
888,392,170,285
876,393,175,287
864,394,180,289
852,395,185,291
840,396,190,293
828,397,195,295
816,402,196,298
805,404,195,297
794,406,194,296
783,408,193,295
772,410,192,294
761,412,191,293
750,414,190,292
739,416,189,291
728,418,188,290
717,420,187,289
706,422,186,288
695,424,185,287
684,426,184,286
673,428,183,285
662,430,182,284
651,425,174,283
654,427,170,280
657,429,166,277
660,431,162,274
663,433,158,271
666,435,154,268
669,437,150,265
672,439,146,262
675,441,142,259
678,443,138,256
681,445,134,253
684,447,130,250
687,449,126,247
690,451,122,244
693,453,118,241
694,449,114,240
