1541,289,99,252
1541,289,99,252
1541,289,99,252
1541,289,99,252
1541,289,99,252
1541,289,99,252
1541,289,99,252
1541,289,99,252
1541,289,99,252
1541,289,99,252
1541,289,99,252
1541,289,99,252
1541,289,99,252
1541,289,99,252
1541,289,99,252
1539,290,103,251
1539,290,103,251
1539,290,103,251
1539,290,103,251
1539,290,103,251
1539,290,103,251
1539,290,103,251
1539,290,103,251
1539,290,103,251
1539,290,103,251
1539,290,103,251
1539,290,103,251
1539,290,103,251
1539,290,103,251
1539,290,103,251
1543,290,97,252
1543,290,97,252
1543,290,97,252
1543,290,97,252
1543,290,97,252
1543,290,97,252
1543,290,97,252
1543,290,97,252
1543,290,97,252
1543,290,97,252
1543,290,97,252
1543,290,97,252
1543,290,97,252
1543,290,97,252
1543,290,97,252
1538,290,102,246
1538,290,102,246
1538,290,102,246
1538,290,102,246
1538,290,102,246
1538,290,102,246
1538,290,102,246
1538,290,102,246
1538,290,102,246
1538,290,102,246
1538,290,102,246
1538,290,102,246
1538,290,102,246
1538,290,102,246
1538,290,102,246
1538,289,106,253
1538,289,106,253
1538,289,106,253
1538,289,106,253
1538,289,106,253
1538,289,106,253
1538,289,106,253
1538,289,106,253
1538,289,106,253
1538,289,106,253
1538,289,106,253
1538,289,106,253
1538,289,106,253
1538,289,106,253
1538,289,106,253
1539,289,99,249
1539,289,100,249
1539,289,101,249
1539,289,102,249
1539,289,103,249
1539,289,104,249
1539,289,105,249
1539,289,106,249
1539,289,107,249
1539,289,108,249
1539,289,109,249
1539,289,110,249
1539,289,111,249
1539,289,112,249
1539,289,113,249
1536,289,108,253
1536,289,108,253
1536,289,108,253
1536,289,108,253
1536,289,108,253
1536,289,108,253
1536,289,108,253
1536,289,108,253
1536,289,108,253
1536,289,108,253
1536,289,108,253
1536,289,108,253
1536,289,108,253
1536,289,108,253
1536,289,108,253
1534,289,108,252
1534,289,108,252
1534,289,108,252
1534,289,108,252
1534,289,108,252
1534,289,108,252
1534,289,108,252
1534,289,108,252
1534,289,108,252
1534,289,108,252
1534,289,108,252
1534,289,108,252
1534,289,108,252
1534,289,108,252
1534,289,108,252
1539,289,103,252
1539,289,103,252
1539,289,103,252
1539,289,103,252
1539,289,103,252
1539,289,103,252
1539,289,103,252
1539,289,103,252
1539,289,103,252
1539,289,103,252
1539,289,103,252
1539,289,103,252
1539,289,103,252
1539,289,103,252
1539,289,103,252
1539,290,105,252
1539,290,105,252
1539,290,105,252
1539,290,105,252
1539,290,105,252
1539,290,105,252
1539,290,105,252
1539,290,105,252
1539,290,105,252
1539,290,105,252
1539,290,105,252
1539,290,105,252
1539,290,105,252
1539,290,105,252
1539,290,105,252
1538,290,107,252
1538,290,107,252
1538,290,107,252
1538,290,107,252
1538,290,107,252
1538,290,107,252
1538,290,107,252
1538,290,107,252
1538,290,107,252
1538,290,107,252
1538,290,107,252
1538,290,107,252
1538,290,107,252
1538,290,107,252
1538,290,107,252
1539,289,101,252
1539,289,102,252
1539,289,103,252
1539,289,104,252
1539,289,105,252
1539,289,106,252
1539,289,107,252
1539,289,108,252
1539,289,109,252
1539,289,110,252
1539,289,111,252
1539,289,112,252
1539,289,113,252
1539,289,114,252
1539,289,115,252
1538,294,109,248
1538,294,109,248
1538,294,109,248
1538,294,109,248
1538,294,109,248
1538,294,109,248
1538,294,109,248
1538,294,109,248
1538,294,109,248
1538,294,109,248
1538,294,109,248
1538,294,109,248
1538,294,109,248
1538,294,109,248
1538,294,109,248
1541,290,103,249
1541,290,102,249
1541,290,101,249
1541,290,100,249
1541,290,99,249
1541,290,98,249
1541,290,97,249
1541,290,96,249
1541,290,95,249
1541,290,94,249
1541,290,93,249
1541,290,92,249
1541,290,91,249
1541,290,90,249
1541,290,89,249
1543,292,95,246
1543,292,96,246
1543,292,97,246
1543,292,98,246
1543,292,99,246
1543,292,100,246
1543,292,101,246
1543,292,102,246
1543,292,103,246
1543,292,104,246
1543,292,105,246
1543,292,106,246
1543,292,107,246
1543,292,108,246
1543,292,109,246
1536,290,108,251
1536,290,108,251
1536,290,108,251
1536,290,108,251
1536,290,108,251
1536,290,108,251
1536,290,108,251
1536,290,108,251
1536,290,108,251
1536,290,108,251
1536,290,108,251
1536,290,108,251
1536,290,108,251
1536,290,108,251
1536,290,108,251
1539,289,103,253
1539,289,103,253
1539,289,103,253
1539,289,103,253
1539,289,103,253
1539,289,103,253
1539,289,103,253
1539,289,103,253
1539,289,103,253
1539,289,103,253
1539,289,103,253
1539,289,103,253
1539,289,103,253
1539,289,103,253
1539,289,103,253
1545,290,99,252
1545,290,99,252
1545,290,99,252
1545,290,99,252
1545,290,99,252
1545,290,99,252
1545,290,99,252
1545,290,99,252
1545,290,99,252
1545,290,99,252
1545,290,99,252
1545,290,99,252
1545,290,99,252
1545,290,99,252
1545,290,99,252
1538,290,102,252
1538,290,102,252
1538,290,102,252
1538,290,102,252
1538,290,102,252
1538,290,102,252
1538,290,102,252
1538,290,102,252
1538,290,102,252
1538,290,102,252
1538,290,102,252
1538,290,102,252
1538,290,102,252
1538,290,102,252
1538,290,102,252
1541,289,99,250
1541,289,99,250
1541,289,99,250
1541,289,99,250
1541,289,99,250
1541,289,99,250
1541,289,99,250
1541,289,99,250
1541,289,99,250
1541,289,99,250
1541,289,99,250
1541,289,99,250
1541,289,99,250
1541,289,99,250
1541,289,99,250
1538,290,106,248
1538,290,106,248
1538,290,106,248
1538,290,106,248
1538,290,106,248
1538,290,106,248
1538,290,106,248
1538,290,106,248
1538,290,106,248
1538,290,106,248
1538,290,106,248
1538,290,106,248
1538,290,106,248
1538,290,106,248
1538,290,106,248
1539,290,106,251
1539,290,106,251
1539,290,106,251
1539,290,106,251
1539,290,106,251
1539,290,106,251
1539,290,106,251
1539,290,106,251
1539,290,106,251
1539,290,106,251
1539,290,106,251
1539,290,106,251
1539,290,106,251
1539,290,106,251
1539,290,106,251
1539,290,106,249
1539,290,105,249
1539,290,104,249
1539,290,103,249
1539,290,102,249
1539,290,101,249
1539,290,100,249
1539,290,99,249
1539,290,98,249
1539,290,97,249
1539,290,96,249
1539,290,95,249
1539,290,94,249
1539,290,93,249
1539,290,92,249
1543,289,95,252
1543,289,96,252
1543,289,97,252
1543,289,98,252
1543,289,99,252
1543,289,100,252
1543,289,101,252
1543,289,102,252
1543,289,103,252
1543,289,104,252
1543,289,105,252
1543,289,106,252
1543,289,107,252
1543,289,108,252
1543,289,109,252
1539,289,110,249
1539,289,110,249
1539,289,110,249
1539,289,110,249
1539,289,110,249
1539,289,110,249
1539,289,110,249
1539,289,110,249
1539,289,110,249
1539,289,110,249
1539,289,110,249
1539,289,110,249
1539,289,110,249
1539,289,110,249
1539,289,110,249
1545,290,104,249
1545,293,104,251
1545,296,104,253
1545,299,104,255
1545,302,104,257
1545,305,104,259
1545,308,104,261
1545,311,104,263
1545,314,104,265
1545,317,104,267
1545,320,104,269
1545,323,104,271
1545,326,104,273
1545,329,104,275
1545,332,104,277
1543,330,111,284
1544,332,110,285
1545,334,109,286
1546,336,108,287
1547,338,107,288
1548,340,106,289
1549,342,105,290
1550,344,104,291
1551,346,103,292
1552,348,102,293
1553,350,101,294
1554,352,100,295
1555,354,99,296
1556,356,98,297
1557,358,97,298
1557,361,101,300
1546,363,106,304
1535,365,111,308
1524,367,116,312
1513,369,121,316
1502,371,126,320
1491,373,131,324
1480,375,136,328
1469,377,141,332
1458,379,146,336
1447,381,151,340
1436,383,156,344
1425,385,161,348
1414,387,166,352
1403,389,171,356
1387,385,181,364
1369,391,190,362
1351,397,199,360
1333,403,208,358
1315,409,217,356
1297,415,226,354
1279,421,235,352
1261,427,244,350
1243,433,253,348
1225,439,262,346
1207,445,271,344
1189,451,280,342
1171,457,289,340
1153,463,298,338
1135,469,307,336
1110,481,316,332
1099,479,312,335
1088,477,308,338
1077,475,304,341
1066,473,300,344
1055,471,296,347
1044,469,292,350
1033,467,288,353
1022,465,284,356
1011,463,280,359
1000,461,276,362
989,459,272,365
978,457,268,368
967,455,264,371
956,453,260,374
952,444,250,383
