1377,270,97,224
1377,270,97,224
1377,270,97,224
1377,270,97,224
1377,270,97,224
1377,270,97,224
1377,270,97,224
1377,270,97,224
1377,270,97,224
1377,270,97,224
1377,270,97,224
1377,270,97,224
1377,270,97,224
1377,270,97,224
1377,270,97,224
1377,272,97,225
1377,272,97,225
1377,272,97,225
1377,272,97,225
1377,272,97,225
1377,272,97,225
1377,272,97,225
1377,272,97,225
1377,272,97,225
1377,272,97,225
1377,272,97,225
1377,272,97,225
1377,272,97,225
1377,272,97,225
1377,272,97,225
1372,268,104,229
1372,268,104,229
1372,268,104,229
1372,268,104,229
1372,268,104,229
1372,268,104,229
1372,268,104,229
1372,268,104,229
1372,268,104,229
1372,268,104,229
1372,268,104,229
1372,268,104,229
1372,268,104,229
1372,268,104,229
1372,268,104,229
1374,268,98,228
1374,268,98,228
1374,268,98,228
1374,268,98,228
1374,268,98,228
1374,268,98,228
1374,268,98,228
1374,268,98,228
1374,268,98,228
1374,268,98,228
1374,268,98,228
1374,268,98,228
1374,268,98,228
1374,268,98,228
1374,268,98,228
1376,270,98,222
1376,270,98,222
1376,270,98,222
1376,270,98,222
1376,270,98,222
1376,270,98,222
1376,270,98,222
1376,270,98,222
1376,270,98,222
1376,270,98,222
1376,270,98,222
1376,270,98,222
1376,270,98,222
1376,270,98,222
1376,270,98,222
1376,270,100,220
1376,270,100,220
1376,270,100,220
1376,270,100,220
1376,270,100,220
1376,270,100,220
1376,270,100,220
1376,270,100,220
1376,270,100,220
1376,270,100,220
1376,270,100,220
1376,270,100,220
1376,270,100,220
1376,270,100,220
1376,270,100,220
1376,272,98,222
1376,272,98,222
1376,272,98,222
1376,272,98,222
1376,272,98,222
1376,272,98,222
1376,272,98,222
1376,272,98,222
1376,272,98,222
1376,272,98,222
1376,272,98,222
1376,272,98,222
1376,272,98,222
1376,272,98,222
1376,272,98,222
1374,274,98,218
1374,274,98,218
1374,274,98,218
1374,274,98,218
1374,274,98,218
1374,274,98,218
1374,274,98,218
1374,274,98,218
1374,274,98,218
1374,274,98,218
1374,274,98,218
1374,274,98,218
1374,274,98,218
1374,274,98,218
1374,274,98,218
1377,270,95,224
1377,270,95,224
1377,270,95,224
1377,270,95,224
1377,270,95,224
1377,270,95,224
1377,270,95,224
1377,270,95,224
1377,270,95,224
1377,270,95,224
1377,270,95,224
1377,270,95,224
1377,270,95,224
1377,270,95,224
1377,270,95,224
1377,272,99,224
1377,272,99,224
1377,272,99,224
1377,272,99,224
1377,272,99,224
1377,272,99,224
1377,272,99,224
1377,272,99,224
1377,272,99,224
1377,272,99,224
1377,272,99,224
1377,272,99,224
1377,272,99,224
1377,272,99,224
1377,272,99,224
1374,274,94,220
1374,274,94,220
1374,274,94,220
1374,274,94,220
1374,274,94,220
1374,274,94,220
1374,274,94,220
1374,274,94,220
1374,274,94,220
1374,274,94,220
1374,274,94,220
1374,274,94,220
1374,274,94,220
1374,274,94,220
1374,274,94,220
1376,272,94,222
1376,272,94,222
1376,272,94,222
1376,272,94,222
1376,272,94,222
1376,272,94,222
1376,272,94,222
1376,272,94,222
1376,272,94,222
1376,272,94,222
1376,272,94,222
1376,272,94,222
1376,272,94,222
1376,272,94,222
1376,272,94,222
1379,274,93,222
1379,274,93,222
1379,274,93,222
1379,274,93,222
1379,274,93,222
1379,274,93,222
1379,274,93,222
1379,274,93,222
1379,274,93,222
1379,274,93,222
1379,274,93,222
1379,274,93,222
1379,274,93,222
1379,274,93,222
1379,274,93,222
1374,274,98,222
1374,274,98,222
1374,274,98,222
1374,274,98,222
1374,274,98,222
1374,274,98,222
1374,274,98,222
1374,274,98,222
1374,274,98,222
1374,274,98,222
1374,274,98,222
1374,274,98,222
1374,274,98,222
1374,274,98,222
1374,274,98,222
1377,270,97,222
1377,270,97,222
1377,270,97,222
1377,270,97,222
1377,270,97,222
1377,270,97,222
1377,270,97,222
1377,270,97,222
1377,270,97,222
1377,270,97,222
1377,270,97,222
1377,270,97,222
1377,270,97,222
1377,270,97,222
1377,270,97,222
1379,270,93,226
1379,270,93,226
1379,270,93,226
1379,270,93,226
1379,270,93,226
1379,270,93,226
1379,270,93,226
1379,270,93,226
1379,270,93,226
1379,270,93,226
1379,270,93,226
1379,270,93,226
1379,270,93,226
1379,270,93,226
1379,270,93,226
1379,268,95,224
1379,268,95,224
1379,268,95,224
1379,268,95,224
1379,268,95,224
1379,268,95,224
1379,268,95,224
1379,268,95,224
1379,268,95,224
1379,268,95,224
1379,268,95,224
1379,268,95,224
1379,268,95,224
1379,268,95,224
1379,268,95,224
1376,272,96,224
1376,272,96,224
1376,272,96,224
1376,272,96,224
1376,272,96,224
1376,272,96,224
1376,272,96,224
1376,272,96,224
1376,272,96,224
1376,272,96,224
1376,272,96,224
1376,272,96,224
1376,272,96,224
1376,272,96,224
1376,272,96,224
1379,272,93,222
1379,273,92,221
1379,274,91,220
1379,275,90,219
1379,276,89,218
1379,277,88,217
1379,278,87,216
1379,279,86,215
1379,280,85,214
1379,281,84,213
1379,282,83,212
1379,283,82,211
1379,284,81,210
1379,285,80,209
1379,286,79,208
1377,280,84,210
1377,280,85,213
1377,280,86,216
1377,280,87,219
1377,280,88,222
1377,280,89,225
1377,280,90,228
1377,280,91,231
1377,280,92,234
1377,280,93,237
1377,280,94,240
1377,280,95,243
1377,280,96,246
1377,280,97,249
1377,280,98,252
1381,282,98,255
1382,285,98,257
1383,288,98,259
1384,291,98,261
1385,294,98,263
1386,297,98,265
1387,300,98,267
1388,303,98,269
1389,306,98,271
1390,309,98,273
1391,312,98,275
1392,315,98,277
1393,318,98,279
1394,321,98,281
1395,324,98,283
1390,328,100,279
1375,332,106,282
1360,336,112,285
1345,340,118,288
1330,344,124,291
1315,348,130,294
1300,352,136,297
1285,356,142,300
1270,360,148,303
1255,364,154,306
1240,368,160,309
1225,372,166,312
1210,376,172,315
1195,380,178,318
1180,384,184,321
1158,387,186,319
1143,391,190,319
1128,395,194,319
1113,399,198,319
1098,403,202,319
1083,407,206,319
1068,411,210,319
1053,415,214,319
1038,419,218,319
1023,423,222,319
1008,427,226,319
993,431,230,319
978,435,234,319
963,439,238,319
948,443,242,319
927,448,246,318
