1356,416,88,201
1356,416,88,202
1356,416,88,203
1356,416,88,204
1356,416,88,205
1356,416,88,206
1356,416,88,207
1356,416,88,208
1356,416,88,209
1356,416,88,210
1356,416,88,211
1356,416,88,212
1356,416,88,213
1356,416,88,214
1356,416,88,215
1353,418,93,210
1354,418,92,210
1355,418,91,210
1356,418,90,210
1357,418,89,210
1358,418,88,210
1359,418,87,210
1360,418,86,210
1361,418,85,210
1362,418,84,210
1363,418,83,210
1364,418,82,210
1365,418,81,210
1366,418,80,210
1367,418,79,210
1361,419,83,207
1360,419,84,207
1359,419,85,207
1358,419,86,207
1357,419,87,207
1356,419,88,207
1355,419,89,207
1354,419,90,207
1353,419,91,207
1352,419,92,207
1351,419,93,207
1350,419,94,207
1349,419,95,207
1348,419,96,207
1347,419,97,207
1351,418,95,209
1351,418,94,208
1351,418,93,207
1351,418,92,206
1351,418,91,205
1351,418,90,204
1351,418,89,203
1351,418,88,202
1351,418,87,201
1351,418,86,200
1351,418,85,199
1351,418,84,198
1351,418,83,197
1351,418,82,196
1351,418,81,195
1356,421,86,200
1356,421,86,201
1356,421,86,202
1356,421,86,203
1356,421,86,204
1356,421,86,205
1356,421,86,206
1356,421,86,207
1356,421,86,208
1356,421,86,209
1356,421,86,210
1356,421,86,211
1356,421,86,212
1356,421,86,213
1356,421,86,214
1354,418,88,209
1354,418,88,209
1354,418,88,209
1354,418,88,209
1354,418,88,209
1354,418,88,209
1354,418,88,209
1354,418,88,209
1354,418,88,209
1354,418,88,209
1354,418,88,209
1354,418,88,209
1354,418,88,209
1354,418,88,209
1354,418,88,209
1354,419,88,204
1354,419,88,204
1354,419,88,204
1354,419,88,204
1354,419,88,204
1354,419,88,204
1354,419,88,204
1354,419,88,204
1354,419,88,204
1354,419,88,204
1354,419,88,204
1354,419,88,204
1354,419,88,204
1354,419,88,204
1354,419,88,204
1356,421,86,206
1356,421,86,206
1356,421,86,206
1356,421,86,206
1356,421,86,206
1356,421,86,206
1356,421,86,206
1356,421,86,206
1356,421,86,206
1356,421,86,206
1356,421,86,206
1356,421,86,206
1356,421,86,206
1356,421,86,206
1356,421,86,206
1358,418,89,212
1358,418,89,212
1358,418,89,212
1358,418,89,212
1358,418,89,212
1358,418,89,212
1358,418,89,212
1358,418,89,212
1358,418,89,212
1358,418,89,212
1358,418,89,212
1358,418,89,212
1358,418,89,212
1358,418,89,212
1358,418,89,212
1353,418,89,206
1353,418,89,206
1353,418,89,206
1353,418,89,206
1353,418,89,206
1353,418,89,206
1353,418,89,206
1353,418,89,206
1353,418,89,206
1353,418,89,206
1353,418,89,206
1353,418,89,206
1353,418,89,206
1353,418,89,206
1353,418,89,206
1351,419,91,209
1351,419,91,209
1351,419,91,209
1351,419,91,209
1351,419,91,209
1351,419,91,209
1351,419,91,209
1351,419,91,209
1351,419,91,209
1351,419,91,209
1351,419,91,209
1351,419,91,209
1351,419,91,209
1351,419,91,209
1351,419,91,209
1358,421,84,203
1358,421,84,203
1358,421,84,203
1358,421,84,203
1358,421,84,203
1358,421,84,203
1358,421,84,203
1358,421,84,203
1358,421,84,203
1358,421,84,203
1358,421,84,203
1358,421,84,203
1358,421,84,203
1358,421,84,203
1358,421,84,203
1354,418,90,203
1354,418,90,204
1354,418,90,205
1354,418,90,206
1354,418,90,207
1354,418,90,208
1354,418,90,209
1354,418,90,210
1354,418,90,211
1354,418,90,212
1354,418,90,213
1354,418,90,214
1354,418,90,215
1354,418,90,216
1354,418,90,217
1356,416,88,212
1356,416,88,212
1356,416,88,212
1356,416,88,212
1356,416,88,212
1356,416,88,212
1356,416,88,212
1356,416,88,212
1356,416,88,212
1356,416,88,212
1356,416,88,212
1356,416,88,212
1356,416,88,212
1356,416,88,212
1356,416,88,212
1354,419,88,209
1354,419,88,209
1354,419,88,209
1354,419,88,209
1354,419,88,209
1354,419,88,209
1354,419,88,209
1354,419,88,209
1354,419,88,209
1354,419,88,209
1354,419,88,209
1354,419,88,209
1354,419,88,209
1354,419,88,209
1354,419,88,209
1353,421,93,207
1353,421,93,207
1353,421,93,207
1353,421,93,207
1353,421,93,207
1353,421,93,207
1353,421,93,207
1353,421,93,207
1353,421,93,207
1353,421,93,207
1353,421,93,207
1353,421,93,207
1353,421,93,207
1353,421,93,207
1353,421,93,207
1358,419,88,211
1358,419,88,211
1358,419,88,211
1358,419,88,211
1358,419,88,211
1358,419,88,211
1358,419,88,211
1358,419,88,211
1358,419,88,211
1358,419,88,211
1358,419,88,211
1358,419,88,211
1358,419,88,211
1358,419,88,211
1358,419,88,211
1358,419,89,212
1358,419,89,212
1358,419,89,212
1358,419,89,212
1358,419,89,212
1358,419,89,212
1358,419,89,212
1358,419,89,212
1358,419,89,212
1358,419,89,212
1358,419,89,212
1358,419,89,212
1358,419,89,212
1358,419,89,212
1358,419,89,212
1354,418,90,205
1354,418,90,205
1354,418,90,205
1354,418,90,205
1354,418,90,205
1354,418,90,205
1354,418,90,205
1354,418,90,205
1354,418,90,205
1354,418,90,205
1354,418,90,205
1354,418,90,205
1354,418,90,205
1354,418,90,205
1354,418,90,205
1353,419,89,204
1353,419,89,204
1353,419,89,204
1353,419,89,204
1353,419,89,204
1353,419,89,204
1353,419,89,204
1353,419,89,204
1353,419,89,204
1353,419,89,204
1353,419,89,204
1353,419,89,204
1353,419,89,204
1353,419,89,204
1353,419,89,204
1351,422,93,206
1351,422,93,206
1351,422,93,206
1351,422,93,206
1351,422,93,206
1351,422,93,206
1351,422,93,206
1351,422,93,206
1351,422,93,206
1351,422,93,206
1351,422,93,206
1351,422,93,206
1351,422,93,206
1351,422,93,206
1351,422,93,206
1353,419,93,209
1353,419,92,209
1353,419,91,209
1353,419,90,209
1353,419,89,209
1353,419,88,209
1353,419,87,209
1353,419,86,209
1353,419,85,209
1353,419,84,209
1353,419,83,209
1353,419,82,209
1353,419,81,209
1353,419,80,209
1353,419,79,209
1356,416,85,208
1357,417,84,207
1358,418,83,206
1359,419,82,205
1360,420,81,204
1361,421,80,203
1362,422,79,202
1363,423,78,201
1364,424,77,200
1365,425,76,199
1366,426,75,198
1367,427,74,197
1368,428,73,196
1369,429,72,195
1370,430,71,194
1365,425,76,198
1365,426,77,200
1365,427,78,202
1365,428,79,204
1365,429,80,206
1365,430,81,208
1365,431,82,210
1365,432,83,212
1365,433,84,214
1365,434,85,216
1365,435,86,218
1365,436,87,220
1365,437,88,222
1365,438,89,224
1365,439,90,226
1360,434,98,234
1361,437,99,234
1362,440,100,234
1363,443,101,234
1364,446,102,234
1365,449,103,234
1366,452,104,234
1367,455,105,234
1368,458,106,234
1369,461,107,234
1370,464,108,234
1371,467,109,234
1372,470,110,234
1373,473,111,234
1374,476,112,234
1368,480,117,239
1360,481,120,244
1352,482,123,249
1344,483,126,254
1336,484,129,259
1328,485,132,264
1320,486,135,269
1312,487,138,274
1304,488,141,279
1296,489,144,284
1288,490,147,289
1280,491,150,294
1272,492,153,299
1264,493,156,304
1256,494,159,309
1242,502,159,319
1230,508,163,316
1218,514,167,313
1206,520,171,310
1194,526,175,307
1182,532,179,304
1170,538,183,301
1158,544,187,298
1146,550,191,295
1134,556,195,292
1122,562,199,289
1110,568,203,286
1098,574,207,283
1086,580,211,280
1074,586,215,277
1055,585,212,281
