1455,262,132,308
1455,262,132,308
1455,262,132,308
1455,262,132,308
1455,262,132,308
1455,262,132,308
1455,262,132,308
1455,262,132,308
1455,262,132,308
1455,262,132,308
1455,262,132,308
1455,262,132,308
1455,262,132,308
1455,262,132,308
1455,262,132,308
1457,264,134,308
1457,264,134,308
1457,264,134,308
1457,264,134,308
1457,264,134,308
1457,264,134,308
1457,264,134,308
1457,264,134,308
1457,264,134,308
1457,264,134,308
1457,264,134,308
1457,264,134,308
1457,264,134,308
1457,264,134,308
1457,264,134,308
1457,264,132,308
1458,264,131,308
1459,264,130,308
1460,264,129,308
1461,264,128,308
1462,264,127,308
1463,264,126,308
1464,264,125,308
1465,264,124,308
1466,264,123,308
1467,264,122,308
1468,264,121,308
1469,264,120,308
1470,264,119,308
1471,264,118,308
1465,264,122,310
1465,264,122,310
1465,264,122,310
1465,264,122,310
1465,264,122,310
1465,264,122,310
1465,264,122,310
1465,264,122,310
1465,264,122,310
1465,264,122,310
1465,264,122,310
1465,264,122,310
1465,264,122,310
1465,264,122,310
1465,264,122,310
1469,264,120,306
1469,264,120,306
1469,264,120,306
1469,264,120,306
1469,264,120,306
1469,264,120,306
1469,264,120,306
1469,264,120,306
1469,264,120,306
1469,264,120,306
1469,264,120,306
1469,264,120,306
1469,264,120,306
1469,264,120,306
1469,264,120,306
1465,266,126,300
1465,266,126,301
1465,266,126,302
1465,266,126,303
1465,266,126,304
1465,266,126,305
1465,266,126,306
1465,266,126,307
1465,266,126,308
1465,266,126,309
1465,266,126,310
1465,266,126,311
1465,266,126,312
1465,266,126,313
1465,266,126,314
1463,264,126,310
1463,264,126,309
1463,264,126,308
1463,264,126,307
1463,264,126,306
1463,264,126,305
1463,264,126,304
1463,264,126,303
1463,264,126,302
1463,264,126,301
1463,264,126,300
1463,264,126,299
1463,264,126,298
1463,264,126,297
1463,264,126,296
1469,270,124,300
1468,270,124,300
1467,270,124,300
1466,270,124,300
1465,270,124,300
1464,270,124,300
1463,270,124,300
1462,270,124,300
1461,270,124,300
1460,270,124,300
1459,270,124,300
1458,270,124,300
1457,270,124,300
1456,270,124,300
1455,270,124,300
1457,270,128,302
1457,270,129,302
1457,270,130,302
1457,270,131,302
1457,270,132,302
1457,270,133,302
1457,270,134,302
1457,270,135,302
1457,270,136,302
1457,270,137,302
1457,270,138,302
1457,270,139,302
1457,270,140,302
1457,270,141,302
1457,270,142,302
1455,266,138,306
1455,266,137,305
1455,266,136,304
1455,266,135,303
1455,266,134,302
1455,266,133,301
1455,266,132,300
1455,266,131,299
1455,266,130,298
1455,266,129,297
1455,266,128,296
1455,266,127,295
1455,266,126,294
1455,266,125,293
1455,266,124,292
1461,270,130,298
1461,270,130,298
1461,270,130,298
1461,270,130,298
1461,270,130,298
1461,270,130,298
1461,270,130,298
1461,270,130,298
1461,270,130,298
1461,270,130,298
1461,270,130,298
1461,270,130,298
1461,270,130,298
1461,270,130,298
1461,270,130,298
1461,272,130,298
1461,272,130,298
1461,272,130,298
1461,272,130,298
1461,272,130,298
1461,272,130,298
1461,272,130,298
1461,272,130,298
1461,272,130,298
1461,272,130,298
1461,272,130,298
1461,272,130,298
1461,272,130,298
1461,272,130,298
1461,272,130,298
1463,266,126,302
1463,266,126,302
1463,266,126,302
1463,266,126,302
1463,266,126,302
1463,266,126,302
1463,266,126,302
1463,266,126,302
1463,266,126,302
1463,266,126,302
1463,266,126,302
1463,266,126,302
1463,266,126,302
1463,266,126,302
1463,266,126,302
1459,268,130,300
1459,268,130,300
1459,268,130,300
1459,268,130,300
1459,268,130,300
1459,268,130,300
1459,268,130,300
1459,268,130,300
1459,268,130,300
1459,268,130,300
1459,268,130,300
1459,268,130,300
1459,268,130,300
1459,268,130,300
1459,268,130,300
1459,266,128,304
1459,266,129,304
1459,266,130,304
1459,266,131,304
1459,266,132,304
1459,266,133,304
1459,266,134,304
1459,266,135,304
1459,266,136,304
1459,266,137,304
1459,266,138,304
1459,266,139,304
1459,266,140,304
1459,266,141,304
1459,266,142,304
1455,268,136,300
1455,268,136,301
1455,268,136,302
1455,268,136,303
1455,268,136,304
1455,268,136,305
1455,268,136,306
1455,268,136,307
1455,268,136,308
1455,268,136,309
1455,268,136,310
1455,268,136,311
1455,268,136,312
1455,268,136,313
1455,268,136,314
1457,264,136,310
1457,264,136,310
1457,264,136,310
1457,264,136,310
1457,264,136,310
1457,264,136,310
1457,264,136,310
1457,264,136,310
1457,264,136,310
1457,264,136,310
1457,264,136,310
1457,264,136,310
1457,264,136,310
1457,264,136,310
1457,264,136,310
1455,266,132,304
1455,266,132,304
1455,266,132,304
1455,266,132,304
1455,266,132,304
1455,266,132,304
1455,266,132,304
1455,266,132,304
1455,266,132,304
1455,266,132,304
1455,266,132,304
1455,266,132,304
1455,266,132,304
1455,266,132,304
1455,266,132,304
1459,262,126,306
1460,262,126,306
1461,262,126,306
1462,262,126,306
1463,262,126,306
1464,262,126,306
1465,262,126,306
1466,262,126,306
1467,262,126,306
1468,262,126,306
1469,262,126,306
1470,262,126,306
1471,262,126,306
1472,262,126,306
1473,262,126,306
1467,266,120,304
1467,266,120,304
1467,266,120,304
1467,266,120,304
1467,266,120,304
1467,266,120,304
1467,266,120,304
1467,266,120,304
1467,266,120,304
1467,266,120,304
1467,266,120,304
1467,266,120,304
1467,266,120,304
1467,266,120,304
1467,266,120,304
1467,266,122,304
1467,266,122,304
1467,266,122,304
1467,266,122,304
1467,266,122,304
1467,266,122,304
1467,266,122,304
1467,266,122,304
1467,266,122,304
1467,266,122,304
1467,266,122,304
1467,266,122,304
1467,266,122,304
1467,266,122,304
1467,266,122,304
1461,266,126,304
1461,266,125,304
1461,266,124,304
1461,266,123,304
1461,266,122,304
1461,266,121,304
1461,266,120,304
1461,266,119,304
1461,266,118,304
1461,266,117,304
1461,266,116,304
1461,266,115,304
1461,266,114,304
1461,266,113,304
1461,266,112,304
1467,266,118,300
1467,266,119,299
1467,266,120,298
1467,266,121,297
1467,266,122,296
1467,266,123,295
1467,266,124,294
1467,266,125,293
1467,266,126,292
1467,266,127,291
1467,266,128,290
1467,266,129,289
1467,266,130,288
1467,266,131,287
1467,266,132,286
1467,272,128,292
1467,272,128,294
1467,272,128,296
1467,272,128,298
1467,272,128,300
1467,272,128,302
1467,272,128,304
1467,272,128,306
1467,272,128,308
1467,272,128,310
1467,272,128,312
1467,272,128,314
1467,272,128,316
1467,272,128,318
1467,272,128,320
1465,275,132,315
1466,279,132,318
1467,283,132,321
1468,287,132,324
1469,291,132,327
1470,295,132,330
1471,299,132,333
1472,303,132,336
1473,307,132,339
1474,311,132,342
1475,315,132,345
1476,319,132,348
1477,323,132,351
1478,327,132,354
1479,331,132,357
1485,331,138,353
1484,332,138,356
1483,333,138,359
1482,334,138,362
1481,335,138,365
1480,336,138,368
1479,337,138,371
1478,338,138,374
1477,339,138,377
1476,340,138,380
1475,341,138,383
1474,342,138,386
1473,343,138,389
1472,344,138,392
1471,345,138,395
1467,352,142,396
1449,356,149,399
1431,360,156,402
1413,364,163,405
1395,368,170,408
1377,372,177,411
1359,376,184,414
1341,380,191,417
1323,384,198,420
1305,388,205,423
1287,392,212,426
1269,396,219,429
1251,400,226,432
1233,404,233,435
1215,408,240,438
1201,406,243,438
1182,411,248,436
1163,416,253,434
1144,421,258,432
1125,426,263,430
1106,431,268,428
1087,436,273,426
1068,441,278,424
1049,446,283,422
1030,451,288,420
1011,456,293,418
992,461,298,416
973,466,303,414
954,471,308,412
935,476,313,410
917,486,322,413
907,479,318,419
897,472,314,425
887,465,310,431
877,458,306,437
867,451,302,443
857,444,298,449
847,437,294,455
837,430,290,461
827,423,286,467
817,416,282,473
807,409,278,479
797,402,274,485
787,395,270,491
777,388,266,497
774,384,255,507
754,379,253,500
734,374,251,493
714,369,249,486
694,364,247,479
674,359,245,472
654,354,243,465
634,349,241,458
614,344,239,451
594,339,237,444
574,334,235,437
554,329,233,430
534,324,231,423
514,319,229,416
494,314,227,409
470,311,221,407
