950,302,116,300
948,302,116,300
946,302,116,300
944,302,116,300
942,302,116,300
940,302,116,300
938,302,116,300
936,302,116,300
934,302,116,300
932,302,116,300
930,302,116,300
928,302,116,300
926,302,116,300
924,302,116,300
922,302,116,300
927,302,113,307
924,302,113,306
921,302,113,305
918,302,113,304
915,302,113,303
912,302,113,302
909,302,113,301
906,302,113,300
903,302,113,299
900,302,113,298
897,302,113,297
894,302,113,296
891,302,113,295
888,302,113,294
885,302,113,293
887,304,113,295
885,304,113,295
883,304,113,295
881,304,113,295
879,304,113,295
877,304,113,295
875,304,113,295
873,304,113,295
871,304,113,295
869,304,113,295
867,304,113,295
865,304,113,295
863,304,113,295
861,304,113,295
859,304,113,295
864,300,115,293
865,300,115,293
866,300,115,293
867,300,115,293
868,300,115,293
869,300,115,293
870,300,115,293
871,300,115,293
872,300,115,293
873,300,115,293
874,300,115,293
875,300,115,293
876,300,115,293
877,300,115,293
878,300,115,293
875,299,116,297
875,300,116,296
875,301,116,295
875,302,116,294
875,303,116,293
875,304,116,292
875,305,116,291
875,306,116,290
875,307,116,289
875,308,116,288
875,309,116,287
875,310,116,286
875,311,116,285
875,312,116,284
875,313,116,283
882,307,116,279
882,307,116,279
882,307,116,279
882,307,116,279
882,307,116,279
882,307,116,279
882,307,116,279
882,307,116,279
882,307,116,279
882,307,116,279
882,307,116,279
882,307,116,279
882,307,116,279
882,307,116,279
882,307,116,279
875,302,116,278
874,302,115,279
873,302,114,280
872,302,113,281
871,302,112,282
870,302,111,283
869,302,110,284
868,302,109,285
867,302,108,286
866,302,107,287
865,302,106,288
864,302,105,289
863,302,104,290
862,302,103,291
861,302,102,292
864,297,108,286
864,297,108,286
864,297,108,286
864,297,108,286
864,297,108,286
864,297,108,286
864,297,108,286
864,297,108,286
864,297,108,286
864,297,108,286
864,297,108,286
864,297,108,286
864,297,108,286
864,297,108,286
864,297,108,286
859,294,115,292
860,294,115,292
861,294,115,292
862,294,115,292
863,294,115,292
864,294,115,292
865,294,115,292
866,294,115,292
867,294,115,292
868,294,115,292
869,294,115,292
870,294,115,292
871,294,115,292
872,294,115,292
873,294,115,292
871,297,115,288
871,297,115,288
871,297,115,288
871,297,115,288
871,297,115,288
871,297,115,288
871,297,115,288
871,297,115,288
871,297,115,288
871,297,115,288
871,297,115,288
871,297,115,288
871,297,115,288
871,297,115,288
871,297,115,288
868,299,118,292
868,299,118,292
868,299,118,292
868,299,118,292
868,299,118,292
868,299,118,292
868,299,118,292
868,299,118,292
868,299,118,292
868,299,118,292
868,299,118,292
868,299,118,292
868,299,118,292
868,299,118,292
868,299,118,292
866,297,113,288
866,297,113,288
866,297,113,288
866,297,113,288
866,297,113,288
866,297,113,288
866,297,113,288
866,297,113,288
866,297,113,288
866,297,113,288
866,297,113,288
866,297,113,288
866,297,113,288
866,297,113,288
866,297,113,288
868,296,111,290
868,296,111,290
868,296,111,290
868,296,111,290
868,296,111,290
868,296,111,290
868,296,111,290
868,296,111,290
868,296,111,290
868,296,111,290
868,296,111,290
868,296,111,290
868,296,111,290
868,296,111,290
868,296,111,290
870,299,109,286
869,299,109,287
868,299,109,288
867,299,109,289
866,299,109,290
865,299,109,291
864,299,109,292
863,299,109,293
862,299,109,294
861,299,109,295
860,299,109,296
859,299,109,297
858,299,109,298
857,299,109,299
856,299,109,300
854,292,111,298
853,292,111,298
852,292,111,298
851,292,111,298
850,292,111,298
849,292,111,298
848,292,111,298
847,292,111,298
846,292,111,298
845,292,111,298
844,292,111,298
843,292,111,298
842,292,111,298
841,292,111,298
840,292,111,298
840,299,111,292
839,299,110,292
838,299,109,292
837,299,108,292
836,299,107,292
835,299,106,292
834,299,105,292
833,299,104,292
832,299,103,292
831,299,102,292
830,299,101,292
829,299,100,292
828,299,99,292
827,299,98,292
826,299,97,292
824,300,94,298
823,300,95,297
822,300,96,296
821,300,97,295
820,300,98,294
819,300,99,293
818,300,100,292
817,300,101,291
816,300,102,290
815,300,103,289
814,300,104,288
813,300,105,287
812,300,106,286
811,300,107,285
810,300,108,284
803,307,115,287
801,307,115,288
799,307,115,289
797,307,115,290
795,307,115,291
793,307,115,292
791,307,115,293
789,307,115,294
787,307,115,295
785,307,115,296
783,307,115,297
781,307,115,298
779,307,115,299
777,307,115,300
775,307,115,301
767,302,111,296
766,302,112,296
765,302,113,296
764,302,114,296
763,302,115,296
762,302,116,296
761,302,117,296
760,302,118,296
759,302,119,296
758,302,120,296
757,302,121,296
756,302,122,296
755,302,123,296
754,302,124,296
753,302,125,296
756,300,125,296
754,301,123,295
752,302,121,294
750,303,119,293
748,304,117,292
746,305,115,291
744,306,113,290
742,307,111,289
740,308,109,288
738,309,107,287
736,310,105,286
734,311,103,285
732,312,101,284
730,313,99,283
728,314,97,282
725,309,97,284
724,309,96,284
723,309,95,284
722,309,94,284
721,309,93,284
720,309,92,284
719,309,91,284
718,309,90,284
717,309,89,284
716,309,88,284
715,309,87,284
714,309,86,284
713,309,85,284
712,309,84,284
711,309,83,284
704,312,83,281
701,312,86,282
698,312,89,283
695,312,92,284
692,312,95,285
689,312,98,286
686,312,101,287
683,312,104,288
680,312,107,289
677,312,110,290
674,312,113,291
671,312,116,292
668,312,119,293
665,312,122,294
662,312,125,295
660,312,123,300
658,312,120,301
656,312,117,302
654,312,114,303
652,312,111,304
650,312,108,305
648,312,105,306
646,312,102,307
644,312,99,308
642,312,96,309
640,312,93,310
638,312,90,311
636,312,87,312
634,312,84,313
632,312,81,314
624,318,81,310
621,319,83,310
618,320,85,310
615,321,87,310
612,322,89,310
609,323,91,310
606,324,93,310
603,325,95,310
600,326,97,310
597,327,99,310
594,328,101,310
591,329,103,310
588,330,105,310
585,331,107,310
582,332,109,310
575,329,116,306
575,329,116,309
575,329,116,312
575,329,116,315
575,329,116,318
575,329,116,321
575,329,116,324
575,329,116,327
575,329,116,330
575,329,116,333
575,329,116,336
575,329,116,339
575,329,116,342
575,329,116,345
575,329,116,348
580,331,116,345
582,332,116,345
584,333,116,345
586,334,116,345
588,335,116,345
590,336,116,345
592,337,116,345
594,338,116,345
596,339,116,345
598,340,116,345
600,341,116,345
602,342,116,345
604,343,116,345
606,344,116,345
608,345,116,345
617,344,118,344
620,345,120,345
623,346,122,346
626,347,124,347
629,348,126,348
632,349,128,349
635,350,130,350
638,351,132,351
641,352,134,352
644,353,136,353
647,354,138,354
650,355,140,355
653,356,142,356
656,357,144,357
659,358,146,358
666,365,142,357
672,368,150,357
678,371,158,357
684,374,166,357
690,377,174,357
696,380,182,357
702,383,190,357
708,386,198,357
714,389,206,357
720,392,214,357
726,395,222,357
732,398,230,357
738,401,238,357
744,404,246,357
750,407,254,357
760,407,261,352
767,410,269,350
774,413,277,348
781,416,285,346
788,419,293,344
795,422,301,342
802,425,309,340
809,428,317,338
816,431,325,336
823,434,333,334
830,437,341,332
837,440,349,330
844,443,357,328
851,446,365,326
858,449,373,324
868,449,378,322
873,449,365,326
878,449,352,330
883,449,339,334
888,449,326,338
893,449,313,342
898,449,300,346
903,449,287,350
908,449,274,354
913,449,261,358
918,449,248,362
923,449,235,366
928,449,222,370
933,449,209,374
938,449,196,378
943,450,186,379
