705,233,165,378
703,233,163,378
701,233,161,378
699,233,159,378
697,233,157,378
695,233,155,378
693,233,153,378
691,233,151,378
689,233,149,378
687,233,147,378
685,233,145,378
683,233,143,378
681,233,141,378
679,233,139,378
677,233,137,378
678,229,136,381
675,229,136,381
672,229,136,381
669,229,136,381
666,229,136,381
663,229,136,381
660,229,136,381
657,229,136,381
654,229,136,381
651,229,136,381
648,229,136,381
645,229,136,381
642,229,136,381
639,229,136,381
636,229,136,381
638,227,138,377
636,227,138,377
634,227,138,377
632,227,138,377
630,227,138,377
628,227,138,377
626,227,138,377
624,227,138,377
622,227,138,377
620,227,138,377
618,227,138,377
616,227,138,377
614,227,138,377
612,227,138,377
610,227,138,377
615,222,144,377
616,222,144,376
617,222,144,375
618,222,144,374
619,222,144,373
620,222,144,372
621,222,144,371
622,222,144,370
623,222,144,369
624,222,144,368
625,222,144,367
626,222,144,366
627,222,144,365
628,222,144,364
629,222,144,363
631,222,139,368
631,223,139,367
631,224,139,366
631,225,139,365
631,226,139,364
631,227,139,363
631,228,139,362
631,229,139,361
631,230,139,360
631,231,139,359
631,232,139,358
631,233,139,357
631,234,139,356
631,235,139,355
631,236,139,354
633,234,146,359
632,233,146,360
631,232,146,361
630,231,146,362
629,230,146,363
628,229,146,364
627,228,146,365
626,227,146,366
625,226,146,367
624,225,146,368
623,224,146,369
622,223,146,370
621,222,146,371
620,221,146,372
619,220,146,373
619,224,151,373
618,224,150,373
617,224,149,373
616,224,148,373
615,224,147,373
614,224,146,373
613,224,145,373
612,224,144,373
611,224,143,373
610,224,142,373
609,224,141,373
608,224,140,373
607,224,139,373
606,224,138,373
605,224,137,373
608,218,143,379
608,218,143,378
608,218,143,377
608,218,143,376
608,218,143,375
608,218,143,374
608,218,143,373
608,218,143,372
608,218,143,371
608,218,143,370
608,218,143,369
608,218,143,368
608,218,143,367
608,218,143,366
608,218,143,365
612,220,139,368
612,220,139,369
612,220,139,370
612,220,139,371
612,220,139,372
612,220,139,373
612,220,139,374
612,220,139,375
612,220,139,376
612,220,139,377
612,220,139,378
612,220,139,379
612,220,139,380
612,220,139,381
612,220,139,382
619,218,145,381
618,218,145,381
617,218,145,381
616,218,145,381
615,218,145,381
614,218,145,381
613,218,145,381
612,218,145,381
611,218,145,381
610,218,145,381
609,218,145,381
608,218,145,381
607,218,145,381
606,218,145,381
605,218,145,381
610,218,152,381
610,218,151,381
610,218,150,381
610,218,149,381
610,218,148,381
610,218,147,381
610,218,146,381
610,218,145,381
610,218,144,381
610,218,143,381
610,218,142,381
610,218,141,381
610,218,140,381
610,218,139,381
610,218,138,381
617,218,138,375
617,218,138,375
617,218,138,375
617,218,138,375
617,218,138,375
617,218,138,375
617,218,138,375
617,218,138,375
617,218,138,375
617,218,138,375
617,218,138,375
617,218,138,375
617,218,138,375
617,218,138,375
617,218,138,375
619,220,138,373
619,220,138,373
619,220,138,373
619,220,138,373
619,220,138,373
619,220,138,373
619,220,138,373
619,220,138,373
619,220,138,373
619,220,138,373
619,220,138,373
619,220,138,373
619,220,138,373
619,220,138,373
619,220,138,373
615,222,142,369
615,222,142,369
615,222,142,369
615,222,142,369
615,222,142,369
615,222,142,369
615,222,142,369
615,222,142,369
615,222,142,369
615,222,142,369
615,222,142,369
615,222,142,369
615,222,142,369
615,222,142,369
615,222,142,369
608,220,137,375
607,220,136,375
606,220,135,375
605,220,134,375
604,220,133,375
603,220,132,375
602,220,131,375
601,220,130,375
600,220,129,375
599,220,128,375
598,220,127,375
597,220,126,375
596,220,125,375
595,220,124,375
594,220,123,375
589,222,120,371
587,222,120,371
585,222,120,371
583,222,120,371
581,222,120,371
579,222,120,371
577,222,120,371
575,222,120,371
573,222,120,371
571,222,120,371
569,222,120,371
567,222,120,371
565,222,120,371
563,222,120,371
561,222,120,371
562,227,115,368
559,227,118,368
556,227,121,368
553,227,124,368
550,227,127,368
547,227,130,368
544,227,133,368
541,227,136,368
538,227,139,368
535,227,142,368
532,227,145,368
529,227,148,368
526,227,151,368
523,227,154,368
520,227,157,368
517,224,156,369
516,224,153,369
515,224,150,369
514,224,147,369
513,224,144,369
512,224,141,369
511,224,138,369
510,224,135,369
509,224,132,369
508,224,129,369
507,224,126,369
506,224,123,369
505,224,120,369
504,224,117,369
503,224,114,369
502,224,114,375
501,224,116,376
500,224,118,377
499,224,120,378
498,224,122,379
497,224,124,380
496,224,126,381
495,224,128,382
494,224,130,383
493,224,132,384
492,224,134,385
491,224,136,386
490,224,138,387
489,224,140,388
488,224,142,389
487,225,145,383
485,225,144,383
483,225,143,383
481,225,142,383
479,225,141,383
477,225,140,383
475,225,139,383
473,225,138,383
471,225,137,383
469,225,136,383
467,225,135,383
465,225,134,383
463,225,133,383
461,225,132,383
459,225,131,383
454,224,125,380
451,224,123,379
448,224,121,378
445,224,119,377
442,224,117,376
439,224,115,375
436,224,113,374
433,224,111,373
430,224,109,372
427,224,107,371
424,224,105,370
421,224,103,369
418,224,101,368
415,224,99,367
412,224,97,366
416,229,94,370
411,229,98,370
406,229,102,370
401,229,106,370
396,229,110,370
391,229,114,370
386,229,118,370
381,229,122,370
376,229,126,370
371,229,130,370
366,229,134,370
361,229,138,370
356,229,142,370
351,229,146,370
346,229,150,370
348,231,155,375
346,231,151,377
344,231,147,379
342,231,143,381
340,231,139,383
338,231,135,385
336,231,131,387
334,231,127,389
332,231,123,391
330,231,119,393
328,231,115,395
326,231,111,397
324,231,107,399
322,231,103,401
320,231,99,403
312,234,98,403
309,235,100,403
306,236,102,403
303,237,104,403
300,238,106,403
297,239,108,403
294,240,110,403
291,241,112,403
288,242,114,403
285,243,116,403
282,244,118,403
279,245,120,403
276,246,122,403
273,247,124,403
270,248,126,403
263,249,134,404
263,250,135,407
263,251,136,410
263,252,137,413
263,253,138,416
263,254,139,419
263,255,140,422
263,256,141,425
263,257,142,428
263,258,143,431
263,259,144,434
263,260,145,437
263,261,146,440
263,262,147,443
263,263,148,446
269,258,143,444
273,260,143,443
277,262,143,442
281,264,143,441
285,266,143,440
289,268,143,439
293,270,143,438
297,272,143,437
301,274,143,436
305,276,143,435
309,278,143,434
313,280,143,433
317,282,143,432
321,284,143,431
325,286,143,430
331,285,143,433
334,286,145,434
337,287,147,435
340,288,149,436
343,289,151,437
346,290,153,438
349,291,155,439
352,292,157,440
355,293,159,441
358,294,161,442
361,295,163,443
364,296,165,444
367,297,167,445
370,298,169,446
373,299,171,447
382,305,168,449
390,309,178,450
398,313,188,451
406,317,198,452
414,321,208,453
422,325,218,454
430,329,228,455
438,333,238,456
446,337,248,457
454,341,258,458
462,345,268,459
470,349,278,460
478,353,288,461
486,357,298,462
494,361,308,463
502,370,323,464
510,374,334,460
518,378,345,456
526,382,356,452
534,386,367,448
542,390,378,444
550,394,389,440
558,398,400,436
566,402,411,432
574,406,422,428
582,410,433,424
590,414,444,420
598,418,455,416
606,422,466,412
614,426,477,408
629,428,495,406
637,429,477,410
645,430,459,414
653,431,441,418
661,432,423,422
669,433,405,426
677,434,387,430
685,435,369,434
693,436,351,438
701,437,333,442
709,438,315,446
717,439,297,450
725,440,279,454
733,441,261,458
741,442,243,462
744,449,231,468
