873,428,85,259
871,428,87,259
869,428,89,259
867,428,91,259
865,428,93,259
863,428,95,259
861,428,97,259
859,428,99,259
857,428,101,259
855,428,103,259
853,428,105,259
851,428,107,259
849,428,109,259
847,428,111,259
845,428,113,259
845,435,109,256
843,434,110,256
841,433,111,256
839,432,112,256
837,431,113,256
835,430,114,256
833,429,115,256
831,428,116,256
829,427,117,256
827,426,118,256
825,425,119,256
823,424,120,256
821,423,121,256
819,422,122,256
817,421,123,256
820,426,120,261
818,426,118,261
816,426,116,261
814,426,114,261
812,426,112,261
810,426,110,261
808,426,108,261
806,426,106,261
804,426,104,261
802,426,102,261
800,426,100,261
798,426,98,261
796,426,96,261
794,426,94,261
792,426,92,261
792,430,94,257
790,430,95,257
788,430,96,257
786,430,97,257
784,430,98,257
782,430,99,257
780,430,100,257
778,430,101,257
776,430,102,257
774,430,103,257
772,430,104,257
770,430,105,257
768,430,106,257
766,430,107,257
764,430,108,257
762,428,106,254
763,428,106,254
764,428,106,254
765,428,106,254
766,428,106,254
767,428,106,254
768,428,106,254
769,428,106,254
770,428,106,254
771,428,106,254
772,428,106,254
773,428,106,254
774,428,106,254
775,428,106,254
776,428,106,254
770,426,106,259
771,426,106,258
772,426,106,257
773,426,106,256
774,426,106,255
775,426,106,254
776,426,106,253
777,426,106,252
778,426,106,251
779,426,106,250
780,426,106,249
781,426,106,248
782,426,106,247
783,426,106,246
784,426,106,245
786,431,100,247
785,431,100,247
784,431,100,247
783,431,100,247
782,431,100,247
781,431,100,247
780,431,100,247
779,431,100,247
778,431,100,247
777,431,100,247
776,431,100,247
775,431,100,247
774,431,100,247
773,431,100,247
772,431,100,247
776,426,104,252
776,426,103,253
776,426,102,254
776,426,101,255
776,426,100,256
776,426,99,257
776,426,98,258
776,426,97,259
776,426,96,260
776,426,95,261
776,426,94,262
776,426,93,263
776,426,92,264
776,426,91,265
776,426,90,266
772,422,92,260
772,422,92,260
772,422,92,260
772,422,92,260
772,422,92,260
772,422,92,260
772,422,92,260
772,422,92,260
772,422,92,260
772,422,92,260
772,422,92,260
772,422,92,260
772,422,92,260
772,422,92,260
772,422,92,260
770,424,94,261
770,424,94,261
770,424,94,261
770,424,94,261
770,424,94,261
770,424,94,261
770,424,94,261
770,424,94,261
770,424,94,261
770,424,94,261
770,424,94,261
770,424,94,261
770,424,94,261
770,424,94,261
770,424,94,261
770,424,100,263
770,424,100,263
770,424,100,263
770,424,100,263
770,424,100,263
770,424,100,263
770,424,100,263
770,424,100,263
770,424,100,263
770,424,100,263
770,424,100,263
770,424,100,263
770,424,100,263
770,424,100,263
770,424,100,263
768,424,100,258
768,424,100,258
768,424,100,258
768,424,100,258
768,424,100,258
768,424,100,258
768,424,100,258
768,424,100,258
768,424,100,258
768,424,100,258
768,424,100,258
768,424,100,258
768,424,100,258
768,424,100,258
768,424,100,258
770,422,102,253
770,422,102,253
770,422,102,253
770,422,102,253
770,422,102,253
770,422,102,253
770,422,102,253
770,422,102,253
770,422,102,253
770,422,102,253
770,422,102,253
770,422,102,253
770,422,102,253
770,422,102,253
770,422,102,253
772,426,98,252
772,426,98,253
772,426,98,254
772,426,98,255
772,426,98,256
772,426,98,257
772,426,98,258
772,426,98,259
772,426,98,260
772,426,98,261
772,426,98,262
772,426,98,263
772,426,98,264
772,426,98,265
772,426,98,266
770,424,94,260
769,424,94,260
768,424,94,260
767,424,94,260
766,424,94,260
765,424,94,260
764,424,94,260
763,424,94,260
762,424,94,260
761,424,94,260
760,424,94,260
759,424,94,260
758,424,94,260
757,424,94,260
756,424,94,260
762,424,94,261
761,424,93,260
760,424,92,259
759,424,91,258
758,424,90,257
757,424,89,256
756,424,88,255
755,424,87,254
754,424,86,253
753,424,85,252
752,424,84,251
751,424,83,250
750,424,82,249
749,424,81,248
748,424,80,247
754,428,86,252
753,428,86,252
752,428,86,252
751,428,86,252
750,428,86,252
749,428,86,252
748,428,86,252
747,428,86,252
746,428,86,252
745,428,86,252
744,428,86,252
743,428,86,252
742,428,86,252
741,428,86,252
740,428,86,252
736,428,79,256
734,428,81,256
732,428,83,256
730,428,85,256
728,428,87,256
726,428,89,256
724,428,91,256
722,428,93,256
720,428,95,256
718,428,97,256
716,428,99,256
714,428,101,256
712,428,103,256
710,428,105,256
708,428,107,256
708,428,105,256
707,428,104,256
706,428,103,256
705,428,102,256
704,428,101,256
703,428,100,256
702,428,99,256
701,428,98,256
700,428,97,256
699,428,96,256
698,428,95,256
697,428,94,256
696,428,93,256
695,428,92,256
694,428,91,256
694,430,83,255
693,430,84,255
692,430,85,255
691,430,86,255
690,430,87,255
689,430,88,255
688,430,89,255
687,430,90,255
686,430,91,255
685,430,92,255
684,430,93,255
683,430,94,255
682,430,95,255
681,430,96,255
680,430,97,255
673,426,104,258
671,426,104,258
669,426,104,258
667,426,104,258
665,426,104,258
663,426,104,258
661,426,104,258
659,426,104,258
657,426,104,258
655,426,104,258
653,426,104,258
651,426,104,258
649,426,104,258
647,426,104,258
645,426,104,258
643,428,102,259
641,428,101,259
639,428,100,259
637,428,99,259
635,428,98,259
633,428,97,259
631,428,96,259
629,428,95,259
627,428,94,259
625,428,93,259
623,428,92,259
621,428,91,259
619,428,90,259
617,428,89,259
615,428,88,259
619,435,84,256
617,435,86,257
615,435,88,258
613,435,90,259
611,435,92,260
609,435,94,261
607,435,96,262
605,435,98,263
603,435,100,264
601,435,102,265
599,435,104,266
597,435,106,267
595,435,108,268
593,435,110,269
591,435,112,270
585,433,110,265
582,433,108,266
579,433,106,267
576,433,104,268
573,433,102,269
570,433,100,270
567,433,98,271
564,433,96,272
561,433,94,273
558,433,92,274
555,433,90,275
552,433,88,276
549,433,86,277
546,433,84,278
543,433,82,279
546,437,84,283
544,438,86,283
542,439,88,283
540,440,90,283
538,441,92,283
536,442,94,283
534,443,96,283
532,444,98,283
530,445,100,283
528,446,102,283
526,447,104,283
524,448,106,283
522,449,108,283
520,450,110,283
518,451,112,283
516,446,112,277
518,447,110,279
520,448,108,281
522,449,106,283
524,450,104,285
526,451,102,287
528,452,100,289
530,453,98,291
532,454,96,293
534,455,94,295
536,456,92,297
538,457,90,299
540,458,88,301
542,459,86,303
544,460,84,305
549,459,85,301
551,460,88,301
553,461,91,301
555,462,94,301
557,463,97,301
559,464,100,301
561,465,103,301
563,466,106,301
565,467,109,301
567,468,112,301
569,469,115,301
571,470,118,301
573,471,121,301
575,472,124,301
577,473,127,301
583,473,130,294
588,473,129,296
593,473,128,298
598,473,127,300
603,473,126,302
608,473,125,304
613,473,124,306
618,473,123,308
623,473,122,310
628,473,121,312
633,473,120,314
638,473,119,316
643,473,118,318
648,473,117,320
653,473,116,322
653,480,116,328
662,484,122,326
671,488,128,324
680,492,134,322
689,496,140,320
698,500,146,318
707,504,152,316
716,508,158,314
725,512,164,312
734,516,170,310
743,520,176,308
752,524,182,306
761,528,188,304
770,532,194,302
779,536,200,300
782,538,209,301
785,539,220,300
788,540,231,299
791,541,242,298
794,542,253,297
797,543,264,296
800,544,275,295
803,545,286,294
806,546,297,293
809,547,308,292
812,548,319,291
815,549,330,290
818,550,341,289
821,551,352,288
824,552,363,287
823,554,367,281
