1311,203,98,205
1312,203,97,205
1313,203,96,205
1314,203,95,205
1315,203,94,205
1316,203,93,205
1317,203,92,205
1318,203,91,205
1319,203,90,205
1320,203,89,205
1321,203,88,205
1322,203,87,205
1323,203,86,205
1324,203,85,205
1325,203,84,205
1320,203,89,205
1319,203,90,205
1318,203,91,205
1317,203,92,205
1316,203,93,205
1315,203,94,205
1314,203,95,205
1313,203,96,205
1312,203,97,205
1311,203,98,205
1310,203,99,205
1309,203,100,205
1308,203,101,205
1307,203,102,205
1306,203,103,205
1309,202,103,212
1310,202,102,213
1311,202,101,214
1312,202,100,215
1313,202,99,216
1314,202,98,217
1315,202,97,218
1316,202,96,219
1317,202,95,220
1318,202,94,221
1319,202,93,222
1320,202,92,223
1321,202,91,224
1322,202,90,225
1323,202,89,226
1330,198,91,221
1330,199,91,219
1330,200,91,217
1330,201,91,215
1330,202,91,213
1330,203,91,211
1330,204,91,209
1330,205,91,207
1330,206,91,205
1330,207,91,203
1330,208,91,201
1330,209,91,199
1330,210,91,197
1330,211,91,195
1330,212,91,193
1328,214,86,194
1328,214,86,194
1328,214,86,194
1328,214,86,194
1328,214,86,194
1328,214,86,194
1328,214,86,194
1328,214,86,194
1328,214,86,194
1328,214,86,194
1328,214,86,194
1328,214,86,194
1328,214,86,194
1328,214,86,194
1328,214,86,194
1323,211,88,199
1323,211,88,199
1323,211,88,199
1323,211,88,199
1323,211,88,199
1323,211,88,199
1323,211,88,199
1323,211,88,199
1323,211,88,199
1323,211,88,199
1323,211,88,199
1323,211,88,199
1323,211,88,199
1323,211,88,199
1323,211,88,199
1321,207,91,200
1321,207,91,200
1321,207,91,200
1321,207,91,200
1321,207,91,200
1321,207,91,200
1321,207,91,200
1321,207,91,200
1321,207,91,200
1321,207,91,200
1321,207,91,200
1321,207,91,200
1321,207,91,200
1321,207,91,200
1321,207,91,200
1323,211,95,199
1323,210,95,200
1323,209,95,201
1323,208,95,202
1323,207,95,203
1323,206,95,204
1323,205,95,205
1323,204,95,206
1323,203,95,207
1323,202,95,208
1323,201,95,209
1323,200,95,210
1323,199,95,211
1323,198,95,212
1323,197,95,213
1321,203,91,213
1321,203,91,213
1321,203,91,213
1321,203,91,213
1321,203,91,213
1321,203,91,213
1321,203,91,213
1321,203,91,213
1321,203,91,213
1321,203,91,213
1321,203,91,213
1321,203,91,213
1321,203,91,213
1321,203,91,213
1321,203,91,213
1321,202,97,208
1321,202,97,208
1321,202,97,208
1321,202,97,208
1321,202,97,208
1321,202,97,208
1321,202,97,208
1321,202,97,208
1321,202,97,208
1321,202,97,208
1321,202,97,208
1321,202,97,208
1321,202,97,208
1321,202,97,208
1321,202,97,208
1314,202,102,212
1314,202,102,212
1314,202,102,212
1314,202,102,212
1314,202,102,212
1314,202,102,212
1314,202,102,212
1314,202,102,212
1314,202,102,212
1314,202,102,212
1314,202,102,212
1314,202,102,212
1314,202,102,212
1314,202,102,212
1314,202,102,212
1314,205,100,207
1314,205,100,207
1314,205,100,207
1314,205,100,207
1314,205,100,207
1314,205,100,207
1314,205,100,207
1314,205,100,207
1314,205,100,207
1314,205,100,207
1314,205,100,207
1314,205,100,207
1314,205,100,207
1314,205,100,207
1314,205,100,207
1312,203,106,211
1312,203,105,210
1312,203,104,209
1312,203,103,208
1312,203,102,207
1312,203,101,206
1312,203,100,205
1312,203,99,204
1312,203,98,203
1312,203,97,202
1312,203,96,201
1312,203,95,200
1312,203,94,199
1312,203,93,198
1312,203,92,197
1318,207,96,200
1318,207,97,200
1318,207,98,200
1318,207,99,200
1318,207,100,200
1318,207,101,200
1318,207,102,200
1318,207,103,200
1318,207,104,200
1318,207,105,200
1318,207,106,200
1318,207,107,200
1318,207,108,200
1318,207,109,200
1318,207,110,200
1311,211,105,197
1311,211,105,198
1311,211,105,199
1311,211,105,200
1311,211,105,201
1311,211,105,202
1311,211,105,203
1311,211,105,204
1311,211,105,205
1311,211,105,206
1311,211,105,207
1311,211,105,208
1311,211,105,209
1311,211,105,210
1311,211,105,211
1318,205,100,214
1318,205,100,214
1318,205,100,214
1318,205,100,214
1318,205,100,214
1318,205,100,214
1318,205,100,214
1318,205,100,214
1318,205,100,214
1318,205,100,214
1318,205,100,214
1318,205,100,214
1318,205,100,214
1318,205,100,214
1318,205,100,214
1323,207,93,207
1323,207,93,207
1323,207,93,207
1323,207,93,207
1323,207,93,207
1323,207,93,207
1323,207,93,207
1323,207,93,207
1323,207,93,207
1323,207,93,207
1323,207,93,207
1323,207,93,207
1323,207,93,207
1323,207,93,207
1323,207,93,207
1328,214,97,203
1328,214,97,204
1328,214,97,205
1328,214,97,206
1328,214,97,207
1328,214,97,208
1328,214,97,209
1328,214,97,210
1328,214,97,211
1328,214,97,212
1328,214,97,213
1328,214,97,214
1328,214,97,215
1328,214,97,216
1328,214,97,217
1328,212,100,219
1328,212,99,218
1328,212,98,217
1328,212,97,216
1328,212,96,215
1328,212,95,214
1328,212,94,213
1328,212,93,212
1328,212,92,211
1328,212,91,210
1328,212,90,209
1328,212,89,208
1328,212,88,207
1328,212,87,206
1328,212,86,205
1332,216,86,200
1332,216,86,202
1332,216,86,204
1332,216,86,206
1332,216,86,208
1332,216,86,210
1332,216,86,212
1332,216,86,214
1332,216,86,216
1332,216,86,218
1332,216,86,220
1332,216,86,222
1332,216,86,224
1332,216,86,226
1332,216,86,228
1335,219,90,223
1336,221,91,226
1337,223,92,229
1338,225,93,232
1339,227,94,235
1340,229,95,238
1341,231,96,241
1342,233,97,244
1343,235,98,247
1344,237,99,250
1345,239,100,253
1346,241,101,256
1347,243,102,259
1348,245,103,262
1349,247,104,265
1344,253,100,264
1344,254,101,265
1344,255,102,266
1344,256,103,267
1344,257,104,268
1344,258,105,269
1344,259,106,270
1344,260,107,271
1344,261,108,272
1344,262,109,273
1344,263,110,274
1344,264,111,275
1344,265,112,276
1344,266,113,277
1344,267,114,278
1341,269,108,283
1341,270,107,286
1341,271,106,289
1341,272,105,292
1341,273,104,295
1341,274,103,298
1341,275,102,301
1341,276,101,304
1341,277,100,307
1341,278,99,310
1341,279,98,313
1341,280,97,316
1341,281,96,319
1341,282,95,322
1341,283,94,325
1342,287,100,333
1339,288,102,334
1336,289,104,335
1333,290,106,336
1330,291,108,337
1327,292,110,338
1324,293,112,339
1321,294,114,340
1318,295,116,341
1315,296,118,342
1312,297,120,343
1309,298,122,344
1306,299,124,345
1303,300,126,346
1300,301,128,347
1293,299,125,352
1286,301,127,352
1279,303,129,352
1272,305,131,352
1265,307,133,352
1258,309,135,352
1251,311,137,352
1244,313,139,352
1237,315,141,352
1230,317,143,352
1223,319,145,352
1216,321,147,352
1209,323,149,352
1202,325,151,352
1195,327,153,352
1185,328,160,355
1177,328,162,355
1169,328,164,355
1161,328,166,355
1153,328,168,355
1145,328,170,355
1137,328,172,355
1129,328,174,355
1121,328,176,355
1113,328,178,355
1105,328,180,355
1097,328,182,355
1089,328,184,355
1081,328,186,355
1073,328,188,355
1072,329,183,361
1062,329,184,361
1052,329,185,361
1042,329,186,361
1032,329,187,361
1022,329,188,361
1012,329,189,361
1002,329,190,361
992,329,191,361
982,329,192,361
972,329,193,361
962,329,194,361
952,329,195,361
942,329,196,361
932,329,197,361
928,333,200,365
914,335,206,364
900,337,212,363
886,339,218,362
872,341,224,361
858,343,230,360
844,345,236,359
830,347,242,358
816,349,248,357
802,351,254,356
788,353,260,355
774,355,266,354
760,357,272,353
746,359,278,352
732,361,284,351
721,356,296,343
718,358,297,341
715,360,298,339
712,362,299,337
709,364,300,335
706,366,301,333
703,368,302,331
700,370,303,329
697,372,304,327
694,374,305,325
691,376,306,323
688,378,307,321
685,380,308,319
682,382,309,317
679,384,310,315
672,383,308,318
681,384,299,318
690,385,290,318
699,386,281,318
708,387,272,318
717,388,263,318
726,389,254,318
735,390,245,318
744,391,236,318
753,392,227,318
762,393,218,318
771,394,209,318
780,395,200,318
789,396,191,318
798,397,182,318
808,402,170,317
