1383,306,80,190
1383,306,80,190
1383,306,80,190
1383,306,80,190
1383,306,80,190
1383,306,80,190
1383,306,80,190
1383,306,80,190
1383,306,80,190
1383,306,80,190
1383,306,80,190
1383,306,80,190
1383,306,80,190
1383,306,80,190
1383,306,80,190
1378,306,81,195
1378,306,81,195
1378,306,81,195
1378,306,81,195
1378,306,81,195
1378,306,81,195
1378,306,81,195
1378,306,81,195
1378,306,81,195
1378,306,81,195
1378,306,81,195
1378,306,81,195
1378,306,81,195
1378,306,81,195
1378,306,81,195
1382,309,77,197
1382,309,77,197
1382,309,77,197
1382,309,77,197
1382,309,77,197
1382,309,77,197
1382,309,77,197
1382,309,77,197
1382,309,77,197
1382,309,77,197
1382,309,77,197
1382,309,77,197
1382,309,77,197
1382,309,77,197
1382,309,77,197
1378,305,83,201
1378,305,83,201
1378,305,83,201
1378,305,83,201
1378,305,83,201
1378,305,83,201
1378,305,83,201
1378,305,83,201
1378,305,83,201
1378,305,83,201
1378,305,83,201
1378,305,83,201
1378,305,83,201
1378,305,83,201
1378,305,83,201
1383,306,78,202
1383,307,78,201
1383,308,78,200
1383,309,78,199
1383,310,78,198
1383,311,78,197
1383,312,78,196
1383,313,78,195
1383,314,78,194
1383,315,78,193
1383,316,78,192
1383,317,78,191
1383,318,78,190
1383,319,78,189
1383,320,78,188
1383,314,74,191
1383,314,74,191
1383,314,74,191
1383,314,74,191
1383,314,74,191
1383,314,74,191
1383,314,74,191
1383,314,74,191
1383,314,74,191
1383,314,74,191
1383,314,74,191
1383,314,74,191
1383,314,74,191
1383,314,74,191
1383,314,74,191
1389,309,67,197
1389,309,67,197
1389,309,67,197
1389,309,67,197
1389,309,67,197
1389,309,67,197
1389,309,67,197
1389,309,67,197
1389,309,67,197
1389,309,67,197
1389,309,67,197
1389,309,67,197
1389,309,67,197
1389,309,67,197
1389,309,67,197
1387,309,67,196
1387,309,67,195
1387,309,67,194
1387,309,67,193
1387,309,67,192
1387,309,67,191
1387,309,67,190
1387,309,67,189
1387,309,67,188
1387,309,67,187
1387,309,67,186
1387,309,67,185
1387,309,67,184
1387,309,67,183
1387,309,67,182
1389,309,68,186
1389,309,68,186
1389,309,68,186
1389,309,68,186
1389,309,68,186
1389,309,68,186
1389,309,68,186
1389,309,68,186
1389,309,68,186
1389,309,68,186
1389,309,68,186
1389,309,68,186
1389,309,68,186
1389,309,68,186
1389,309,68,186
1385,308,74,193
1385,308,74,193
1385,308,74,193
1385,308,74,193
1385,308,74,193
1385,308,74,193
1385,308,74,193
1385,308,74,193
1385,308,74,193
1385,308,74,193
1385,308,74,193
1385,308,74,193
1385,308,74,193
1385,308,74,193
1385,308,74,193
1385,308,76,188
1384,308,77,188
1383,308,78,188
1382,308,79,188
1381,308,80,188
1380,308,81,188
1379,308,82,188
1378,308,83,188
1377,308,84,188
1376,308,85,188
1375,308,86,188
1374,308,87,188
1373,308,88,188
1372,308,89,188
1371,308,90,188
1376,309,85,191
1376,309,85,190
1376,309,85,189
1376,309,85,188
1376,309,85,187
1376,309,85,186
1376,309,85,185
1376,309,85,184
1376,309,85,183
1376,309,85,182
1376,309,85,181
1376,309,85,180
1376,309,85,179
1376,309,85,178
1376,309,85,177
1380,308,81,182
1380,308,81,183
1380,308,81,184
1380,308,81,185
1380,308,81,186
1380,308,81,187
1380,308,81,188
1380,308,81,189
1380,308,81,190
1380,308,81,191
1380,308,81,192
1380,308,81,193
1380,308,81,194
1380,308,81,195
1380,308,81,196
1376,309,85,192
1377,309,84,192
1378,309,83,192
1379,309,82,192
1380,309,81,192
1381,309,80,192
1382,309,79,192
1383,309,78,192
1384,309,77,192
1385,309,76,192
1386,309,75,192
1387,309,74,192
1388,309,73,192
1389,309,72,192
1390,309,71,192
1385,308,74,195
1385,308,74,195
1385,308,74,195
1385,308,74,195
1385,308,74,195
1385,308,74,195
1385,308,74,195
1385,308,74,195
1385,308,74,195
1385,308,74,195
1385,308,74,195
1385,308,74,195
1385,308,74,195
1385,308,74,195
1385,308,74,195
1383,306,78,192
1383,306,78,192
1383,306,78,192
1383,306,78,192
1383,306,78,192
1383,306,78,192
1383,306,78,192
1383,306,78,192
1383,306,78,192
1383,306,78,192
1383,306,78,192
1383,306,78,192
1383,306,78,192
1383,306,78,192
1383,306,78,192
1383,311,73,187
1383,311,73,187
1383,311,73,187
1383,311,73,187
1383,311,73,187
1383,311,73,187
1383,311,73,187
1383,311,73,187
1383,311,73,187
1383,311,73,187
1383,311,73,187
1383,311,73,187
1383,311,73,187
1383,311,73,187
1383,311,73,187
1382,311,79,187
1382,311,79,186
1382,311,79,185
1382,311,79,184
1382,311,79,183
1382,311,79,182
1382,311,79,181
1382,311,79,180
1382,311,79,179
1382,311,79,178
1382,311,79,177
1382,311,79,176
1382,311,79,175
1382,311,79,174
1382,311,79,173
1389,318,79,172
1389,318,79,172
1389,318,79,172
1389,318,79,172
1389,318,79,172
1389,318,79,172
1389,318,79,172
1389,318,79,172
1389,318,79,172
1389,318,79,172
1389,318,79,172
1389,318,79,172
1389,318,79,172
1389,318,79,172
1389,318,79,172
1394,314,74,178
1394,314,74,178
1394,314,74,178
1394,314,74,178
1394,314,74,178
1394,314,74,178
1394,314,74,178
1394,314,74,178
1394,314,74,178
1394,314,74,178
1394,314,74,178
1394,314,74,178
1394,314,74,178
1394,314,74,178
1394,314,74,178
1396,321,72,174
1396,321,72,174
1396,321,72,174
1396,321,72,174
1396,321,72,174
1396,321,72,174
1396,321,72,174
1396,321,72,174
1396,321,72,174
1396,321,72,174
1396,321,72,174
1396,321,72,174
1396,321,72,174
1396,321,72,174
1396,321,72,174
1396,326,76,179
1396,327,76,182
1396,328,76,185
1396,329,76,188
1396,330,76,191
1396,331,76,194
1396,332,76,197
1396,333,76,200
1396,334,76,203
1396,335,76,206
1396,336,76,209
1396,337,76,212
1396,338,76,215
1396,339,76,218
1396,340,76,221
1401,344,80,227
1402,345,80,228
1403,346,80,229
1404,347,80,230
1405,348,80,231
1406,349,80,232
1407,350,80,233
1408,351,80,234
1409,352,80,235
1410,353,80,236
1411,354,80,237
1412,355,80,238
1413,356,80,239
1414,357,80,240
1415,358,80,241
1410,358,81,246
1410,359,82,248
1410,360,83,250
1410,361,84,252
1410,362,85,254
1410,363,86,256
1410,364,87,258
1410,365,88,260
1410,366,89,262
1410,367,90,264
1410,368,91,266
1410,369,92,268
1410,370,93,270
1410,371,94,272
1410,372,95,274
1405,375,101,273
1405,376,101,274
1405,377,101,275
1405,378,101,276
1405,379,101,277
1405,380,101,278
1405,381,101,279
1405,382,101,280
1405,383,101,281
1405,384,101,282
1405,385,101,283
1405,386,101,284
1405,387,101,285
1405,388,101,286
1405,389,101,287
1401,388,97,285
1396,389,99,286
1391,390,101,287
1386,391,103,288
1381,392,105,289
1376,393,107,290
1371,394,109,291
1366,395,111,292
1361,396,113,293
1356,397,115,294
1351,398,117,295
1346,399,119,296
1341,400,121,297
1336,401,123,298
1331,402,125,299
1326,402,126,302
1319,403,127,302
1312,404,128,302
1305,405,129,302
1298,406,130,302
1291,407,131,302
1284,408,132,302
1277,409,133,302
1270,410,134,302
1263,411,135,302
1256,412,136,302
1249,413,137,302
1242,414,138,302
1235,415,139,302
1228,416,140,302
1227,411,140,302
1221,411,140,302
1215,411,140,302
1209,411,140,302
1203,411,140,302
1197,411,140,302
1191,411,140,302
1185,411,140,302
1179,411,140,302
1173,411,140,302
1167,411,140,302
1161,411,140,302
1155,411,140,302
1149,411,140,302
1143,411,140,302
1130,414,137,299
1118,416,143,298
1106,418,149,297
1094,420,155,296
1082,422,161,295
1070,424,167,294
1058,426,173,293
1046,428,179,292
1034,430,185,291
1022,432,191,290
1010,434,197,289
998,436,203,288
986,438,209,287
974,440,215,286
962,442,221,285
954,438,224,282
948,439,228,281
942,440,232,280
936,441,236,279
930,442,240,278
924,443,244,277
918,444,248,276
912,445,252,275
906,446,256,274
900,447,260,273
894,448,264,272
888,449,268,271
882,450,272,270
876,451,276,269
870,452,280,268
862,458,287,264
