1597,171,127,294
1597,171,126,293
1597,171,125,292
1597,171,124,291
1597,171,123,290
1597,171,122,289
1597,171,121,288
1597,171,120,287
1597,171,119,286
1597,171,118,285
1597,171,117,284
1597,171,116,283
1597,171,115,282
1597,171,114,281
1597,171,113,280
1603,175,114,274
1603,174,114,275
1603,173,114,276
1603,172,114,277
1603,171,114,278
1603,170,114,279
1603,169,114,280
1603,168,114,281
1603,167,114,282
1603,166,114,283
1603,165,114,284
1603,164,114,285
1603,163,114,286
1603,162,114,287
1603,161,114,288
1599,166,120,294
1599,166,120,294
1599,166,120,294
1599,166,120,294
1599,166,120,294
1599,166,120,294
1599,166,120,294
1599,166,120,294
1599,166,120,294
1599,166,120,294
1599,166,120,294
1599,166,120,294
1599,166,120,294
1599,166,120,294
1599,166,120,294
1605,173,116,293
1605,173,115,292
1605,173,114,291
1605,173,113,290
1605,173,112,289
1605,173,111,288
1605,173,110,287
1605,173,109,286
1605,173,108,285
1605,173,107,284
1605,173,106,283
1605,173,105,282
1605,173,104,281
1605,173,103,280
1605,173,102,279
1608,180,107,274
1608,180,107,275
1608,180,107,276
1608,180,107,277
1608,180,107,278
1608,180,107,279
1608,180,107,280
1608,180,107,281
1608,180,107,282
1608,180,107,283
1608,180,107,284
1608,180,107,285
1608,180,107,286
1608,180,107,287
1608,180,107,288
1614,177,103,289
1613,176,103,289
1612,175,103,289
1611,174,103,289
1610,173,103,289
1609,172,103,289
1608,171,103,289
1607,170,103,289
1606,169,103,289
1605,168,103,289
1604,167,103,289
1603,166,103,289
1602,165,103,289
1601,164,103,289
1600,163,103,289
1605,168,110,293
1605,168,110,293
1605,168,110,293
1605,168,110,293
1605,168,110,293
1605,168,110,293
1605,168,110,293
1605,168,110,293
1605,168,110,293
1605,168,110,293
1605,168,110,293
1605,168,110,293
1605,168,110,293
1605,168,110,293
1605,168,110,293
1605,171,116,295
1606,171,115,295
1607,171,114,295
1608,171,113,295
1609,171,112,295
1610,171,111,295
1611,171,110,295
1612,171,109,295
1613,171,108,295
1614,171,107,295
1615,171,106,295
1616,171,105,295
1617,171,104,295
1618,171,103,295
1619,171,102,295
1615,171,102,292
1614,171,103,292
1613,171,104,292
1612,171,105,292
1611,171,106,292
1610,171,107,292
1609,171,108,292
1608,171,109,292
1607,171,110,292
1606,171,111,292
1605,171,112,292
1604,171,113,292
1603,171,114,292
1602,171,115,292
1601,171,116,292
1601,177,114,288
1601,177,114,288
1601,177,114,288
1601,177,114,288
1601,177,114,288
1601,177,114,288
1601,177,114,288
1601,177,114,288
1601,177,114,288
1601,177,114,288
1601,177,114,288
1601,177,114,288
1601,177,114,288
1601,177,114,288
1601,177,114,288
1597,170,120,295
1597,170,120,294
1597,170,120,293
1597,170,120,292
1597,170,120,291
1597,170,120,290
1597,170,120,289
1597,170,120,288
1597,170,120,287
1597,170,120,286
1597,170,120,285
1597,170,120,284
1597,170,120,283
1597,170,120,282
1597,170,120,281
1601,170,116,284
1601,170,116,284
1601,170,116,284
1601,170,116,284
1601,170,116,284
1601,170,116,284
1601,170,116,284
1601,170,116,284
1601,170,116,284
1601,170,116,284
1601,170,116,284
1601,170,116,284
1601,170,116,284
1601,170,116,284
1601,170,116,284
1599,171,118,290
1599,171,118,289
1599,171,118,288
1599,171,118,287
1599,171,118,286
1599,171,118,285
1599,171,118,284
1599,171,118,283
1599,171,118,282
1599,171,118,281
1599,171,118,280
1599,171,118,279
1599,171,118,278
1599,171,118,277
1599,171,118,276
1605,175,116,274
1605,175,116,276
1605,175,116,278
1605,175,116,280
1605,175,116,282
1605,175,116,284
1605,175,116,286
1605,175,116,288
1605,175,116,290
1605,175,116,292
1605,175,116,294
1605,175,116,296
1605,175,116,298
1605,175,116,300
1605,175,116,302
1605,168,114,297
1605,169,114,296
1605,170,114,295
1605,171,114,294
1605,172,114,293
1605,173,114,292
1605,174,114,291
1605,175,114,290
1605,176,114,289
1605,177,114,288
1605,178,114,287
1605,179,114,286
1605,180,114,285
1605,181,114,284
1605,182,114,283
1612,180,118,288
1612,180,117,288
1612,180,116,288
1612,180,115,288
1612,180,114,288
1612,180,113,288
1612,180,112,288
1612,180,111,288
1612,180,110,288
1612,180,109,288
1612,180,108,288
1612,180,107,288
1612,180,106,288
1612,180,105,288
1612,180,104,288
1615,183,106,282
1616,184,106,281
1617,185,106,280
1618,186,106,279
1619,187,106,278
1620,188,106,277
1621,189,106,276
1622,190,106,275
1623,191,106,274
1624,192,106,273
1625,193,106,272
1626,194,106,271
1627,195,106,270
1628,196,106,269
1629,197,106,268
1623,192,110,262
1623,191,110,263
1623,190,110,264
1623,189,110,265
1623,188,110,266
1623,187,110,267
1623,186,110,268
1623,185,110,269
1623,184,110,270
1623,183,110,271
1623,182,110,272
1623,181,110,273
1623,180,110,274
1623,179,110,275
1623,178,110,276
1617,182,115,283
1617,183,115,282
1617,184,115,281
1617,185,115,280
1617,186,115,279
1617,187,115,278
1617,188,115,277
1617,189,115,276
1617,190,115,275
1617,191,115,274
1617,192,115,273
1617,193,115,272
1617,194,115,271
1617,195,115,270
1617,196,115,269
1623,194,109,272
1623,194,109,273
1623,194,109,274
1623,194,109,275
1623,194,109,276
1623,194,109,277
1623,194,109,278
1623,194,109,279
1623,194,109,280
1623,194,109,281
1623,194,109,282
1623,194,109,283
1623,194,109,284
1623,194,109,285
1623,194,109,286
1626,192,107,281
1626,195,108,285
1626,198,109,289
1626,201,110,293
1626,204,111,297
1626,207,112,301
1626,210,113,305
1626,213,114,309
1626,216,115,313
1626,219,116,317
1626,222,117,321
1626,225,118,325
1626,228,119,329
1626,231,120,333
1626,234,121,337
1628,235,120,340
1629,236,120,341
1630,237,120,342
1631,238,120,343
1632,239,120,344
1633,240,120,345
1634,241,120,346
1635,242,120,347
1636,243,120,348
1637,244,120,349
1638,245,120,350
1639,246,120,351
1640,247,120,352
1641,248,120,353
1642,249,120,354
1642,252,124,357
1643,254,125,361
1644,256,126,365
1645,258,127,369
1646,260,128,373
1647,262,129,377
1648,264,130,381
1649,266,131,385
1650,268,132,389
1651,270,133,393
1652,272,134,397
1653,274,135,401
1654,276,136,405
1655,278,137,409
1656,280,138,413
1650,283,136,419
1645,285,138,419
1640,287,140,419
1635,289,142,419
1630,291,144,419
1625,293,146,419
1620,295,148,419
1615,297,150,419
1610,299,152,419
1605,301,154,419
1600,303,156,419
1595,305,158,419
1590,307,160,419
1585,309,162,419
1580,311,164,419
1572,307,172,423
1565,308,174,424
1558,309,176,425
1551,310,178,426
1544,311,180,427
1537,312,182,428
1530,313,184,429
1523,314,186,430
1516,315,188,431
1509,316,190,432
1502,317,192,433
1495,318,194,434
1488,319,196,435
1481,320,198,436
1474,321,200,437
1464,323,197,444
1454,323,198,445
1444,323,199,446
1434,323,200,447
1424,323,201,448
1414,323,202,449
1404,323,203,450
1394,323,204,451
1384,323,205,452
1374,323,206,453
1364,323,207,454
1354,323,208,455
1344,323,209,456
1334,323,210,457
1324,323,211,458
1313,324,215,457
1301,323,217,456
1289,322,219,455
1277,321,221,454
1265,320,223,453
1253,319,225,452
1241,318,227,451
1229,317,229,450
1217,316,231,449
1205,315,233,448
1193,314,235,447
1181,313,237,446
1169,312,239,445
1157,311,241,444
1145,310,243,443
1139,314,240,448
1123,316,247,447
1107,318,254,446
1091,320,261,445
1075,322,268,444
1059,324,275,443
1043,326,282,442
1027,328,289,441
1011,330,296,440
995,332,303,439
979,334,310,438
963,336,317,437
947,338,324,436
931,340,331,435
915,342,338,434
903,342,346,431
896,343,350,429
889,344,354,427
882,345,358,425
875,346,362,423
868,347,366,421
861,348,370,419
854,349,374,417
847,350,378,415
840,351,382,413
833,352,386,411
826,353,390,409
819,354,394,407
812,355,398,405
805,356,402,403
793,361,401,406
804,364,390,404
815,367,379,402
826,370,368,400
837,373,357,398
848,376,346,396
859,379,335,394
870,382,324,392
881,385,313,390
892,388,302,388
903,391,291,386
914,394,280,384
925,397,269,382
936,400,258,380
947,403,247,378
959,410,229,380
