1463,253,82,193
1463,253,81,193
1463,253,80,193
1463,253,79,193
1463,253,78,193
1463,253,77,193
1463,253,76,193
1463,253,75,193
1463,253,74,193
1463,253,73,193
1463,253,72,193
1463,253,71,193
1463,253,70,193
1463,253,69,193
1463,253,68,193
1468,253,74,193
1467,253,75,194
1466,253,76,195
1465,253,77,196
1464,253,78,197
1463,253,79,198
1462,253,80,199
1461,253,81,200
1460,253,82,201
1459,253,83,202
1458,253,84,203
1457,253,85,204
1456,253,86,205
1455,253,87,206
1454,253,88,207
1459,249,88,205
1459,249,87,205
1459,249,86,205
1459,249,85,205
1459,249,84,205
1459,249,83,205
1459,249,82,205
1459,249,81,205
1459,249,80,205
1459,249,79,205
1459,249,78,205
1459,249,77,205
1459,249,76,205
1459,249,75,205
1459,249,74,205
1466,255,76,207
1466,256,76,206
1466,257,76,205
1466,258,76,204
1466,259,76,203
1466,260,76,202
1466,261,76,201
1466,262,76,200
1466,263,76,199
1466,264,76,198
1466,265,76,197
1466,266,76,196
1466,267,76,195
1466,268,76,194
1466,269,76,193
1470,264,75,192
1470,264,75,192
1470,264,75,192
1470,264,75,192
1470,264,75,192
1470,264,75,192
1470,264,75,192
1470,264,75,192
1470,264,75,192
1470,264,75,192
1470,264,75,192
1470,264,75,192
1470,264,75,192
1470,264,75,192
1470,264,75,192
1477,262,68,188
1477,262,69,189
1477,262,70,190
1477,262,71,191
1477,262,72,192
1477,262,73,193
1477,262,74,194
1477,262,75,195
1477,262,76,196
1477,262,77,197
1477,262,78,198
1477,262,79,199
1477,262,80,200
1477,262,81,201
1477,262,82,202
1472,257,79,205
1472,257,78,204
1472,257,77,203
1472,257,76,202
1472,257,75,201
1472,257,74,200
1472,257,73,199
1472,257,72,198
1472,257,71,197
1472,257,70,196
1472,257,69,195
1472,257,68,194
1472,257,67,193
1472,257,66,192
1472,257,65,191
1475,255,70,193
1474,255,71,194
1473,255,72,195
1472,255,73,196
1471,255,74,197
1470,255,75,198
1469,255,76,199
1468,255,77,200
1467,255,78,201
1466,255,79,202
1465,255,80,203
1464,255,81,204
1463,255,82,205
1462,255,83,206
1461,255,84,207
1463,251,88,201
1463,251,88,201
1463,251,88,201
1463,251,88,201
1463,251,88,201
1463,251,88,201
1463,251,88,201
1463,251,88,201
1463,251,88,201
1463,251,88,201
1463,251,88,201
1463,251,88,201
1463,251,88,201
1463,251,88,201
1463,251,88,201
1463,251,86,201
1463,251,86,202
1463,251,86,203
1463,251,86,204
1463,251,86,205
1463,251,86,206
1463,251,86,207
1463,251,86,208
1463,251,86,209
1463,251,86,210
1463,251,86,211
1463,251,86,212
1463,251,86,213
1463,251,86,214
1463,251,86,215
1457,253,88,209
1457,253,88,208
1457,253,88,207
1457,253,88,206
1457,253,88,205
1457,253,88,204
1457,253,88,203
1457,253,88,202
1457,253,88,201
1457,253,88,200
1457,253,88,199
1457,253,88,198
1457,253,88,197
1457,253,88,196
1457,253,88,195
1461,249,88,195
1461,250,88,195
1461,251,88,195
1461,252,88,195
1461,253,88,195
1461,254,88,195
1461,255,88,195
1461,256,88,195
1461,257,88,195
1461,258,88,195
1461,259,88,195
1461,260,88,195
1461,261,88,195
1461,262,88,195
1461,263,88,195
1466,257,83,195
1467,257,82,195
1468,257,81,195
1469,257,80,195
1470,257,79,195
1471,257,78,195
1472,257,77,195
1473,257,76,195
1474,257,75,195
1475,257,74,195
1476,257,73,195
1477,257,72,195
1478,257,71,195
1479,257,70,195
1480,257,69,195
1475,257,74,197
1475,257,74,196
1475,257,74,195
1475,257,74,194
1475,257,74,193
1475,257,74,192
1475,257,74,191
1475,257,74,190
1475,257,74,189
1475,257,74,188
1475,257,74,187
1475,257,74,186
1475,257,74,185
1475,257,74,184
1475,257,74,183
1481,262,75,180
1481,262,75,182
1481,262,75,184
1481,262,75,186
1481,262,75,188
1481,262,75,190
1481,262,75,192
1481,262,75,194
1481,262,75,196
1481,262,75,198
1481,262,75,200
1481,262,75,202
1481,262,75,204
1481,262,75,206
1481,262,75,208
1477,262,81,206
1477,263,81,204
1477,264,81,202
1477,265,81,200
1477,266,81,198
1477,267,81,196
1477,268,81,194
1477,269,81,192
1477,270,81,190
1477,271,81,188
1477,272,81,186
1477,273,81,184
1477,274,81,182
1477,275,81,180
1477,276,81,178
1483,274,77,182
1483,276,78,186
1483,278,79,190
1483,280,80,194
1483,282,81,198
1483,284,82,202
1483,286,83,206
1483,288,84,210
1483,290,85,214
1483,292,86,218
1483,294,87,222
1483,296,88,226
1483,298,89,230
1483,300,90,234
1483,302,91,238
1488,297,94,249
1488,298,94,250
1488,299,94,251
1488,300,94,252
1488,301,94,253
1488,302,94,254
1488,303,94,255
1488,304,94,256
1488,305,94,257
1488,306,94,258
1488,307,94,259
1488,308,94,260
1488,309,94,261
1488,310,94,262
1488,311,94,263
1492,309,99,266
1491,311,100,268
1490,313,101,270
1489,315,102,272
1488,317,103,274
1487,319,104,276
1486,321,105,278
1485,323,106,280
1484,325,107,282
1483,327,108,284
1482,329,109,286
1481,331,110,288
1480,333,111,290
1479,335,112,292
1478,337,113,294
1479,342,108,299
1473,343,109,302
1467,344,110,305
1461,345,111,308
1455,346,112,311
1449,347,113,314
1443,348,114,317
1437,349,115,320
1431,350,116,323
1425,351,117,326
1419,352,118,329
1413,353,119,332
1407,354,120,335
1401,355,121,338
1395,356,122,341
1388,352,130,338
1379,354,132,337
1370,356,134,336
1361,358,136,335
1352,360,138,334
1343,362,140,333
1334,364,142,332
1325,366,144,331
1316,368,146,330
1307,370,148,329
1298,372,150,328
1289,374,152,327
1280,376,154,326
1271,378,156,325
1262,380,158,324
1254,375,159,324
1238,376,163,324
1222,377,167,324
1206,378,171,324
1190,379,175,324
1174,380,179,324
1158,381,183,324
1142,382,187,324
1126,383,191,324
1110,384,195,324
1094,385,199,324
1078,386,203,324
1062,387,207,324
1046,388,211,324
1030,389,215,324
1014,397,212,320
1002,398,221,318
990,399,230,316
978,400,239,314
966,401,248,312
954,402,257,310
942,403,266,308
930,404,275,306
918,405,284,304
906,406,293,302
894,407,302,300
882,408,311,298
870,409,320,296
858,410,329,294
846,411,338,292
832,418,345,287
