1334,309,89,273
1334,309,89,272
1334,309,89,271
1334,309,89,270
1334,309,89,269
1334,309,89,268
1334,309,89,267
1334,309,89,266
1334,309,89,265
1334,309,89,264
1334,309,89,263
1334,309,89,262
1334,309,89,261
1334,309,89,260
1334,309,89,259
1331,313,88,264
1330,312,89,265
1329,311,90,266
1328,310,91,267
1327,309,92,268
1326,308,93,269
1325,307,94,270
1324,306,95,271
1323,305,96,272
1322,304,97,273
1321,303,98,274
1320,302,99,275
1319,301,100,276
1318,300,101,277
1317,299,102,278
1320,304,101,284
1320,304,101,285
1320,304,101,286
1320,304,101,287
1320,304,101,288
1320,304,101,289
1320,304,101,290
1320,304,101,291
1320,304,101,292
1320,304,101,293
1320,304,101,294
1320,304,101,295
1320,304,101,296
1320,304,101,297
1320,304,101,298
1323,298,98,294
1323,298,97,294
1323,298,96,294
1323,298,95,294
1323,298,94,294
1323,298,93,294
1323,298,92,294
1323,298,91,294
1323,298,90,294
1323,298,89,294
1323,298,88,294
1323,298,87,294
1323,298,86,294
1323,298,85,294
1323,298,84,294
1327,301,88,287
1327,301,88,287
1327,301,88,287
1327,301,88,287
1327,301,88,287
1327,301,88,287
1327,301,88,287
1327,301,88,287
1327,301,88,287
1327,301,88,287
1327,301,88,287
1327,301,88,287
1327,301,88,287
1327,301,88,287
1327,301,88,287
1323,304,94,281
1323,304,94,281
1323,304,94,281
1323,304,94,281
1323,304,94,281
1323,304,94,281
1323,304,94,281
1323,304,94,281
1323,304,94,281
1323,304,94,281
1323,304,94,281
1323,304,94,281
1323,304,94,281
1323,304,94,281
1323,304,94,281
1323,303,100,284
1323,303,100,284
1323,303,100,284
1323,303,100,284
1323,303,100,284
1323,303,100,284
1323,303,100,284
1323,303,100,284
1323,303,100,284
1323,303,100,284
1323,303,100,284
1323,303,100,284
1323,303,100,284
1323,303,100,284
1323,303,100,284
1325,301,94,286
1325,300,94,286
1325,299,94,286
1325,298,94,286
1325,297,94,286
1325,296,94,286
1325,295,94,286
1325,294,94,286
1325,293,94,286
1325,292,94,286
1325,291,94,286
1325,290,94,286
1325,289,94,286
1325,288,94,286
1325,287,94,286
1327,293,96,290
1327,293,96,290
1327,293,96,290
1327,293,96,290
1327,293,96,290
1327,293,96,290
1327,293,96,290
1327,293,96,290
1327,293,96,290
1327,293,96,290
1327,293,96,290
1327,293,96,290
1327,293,96,290
1327,293,96,290
1327,293,96,290
1323,291,98,286
1323,291,98,286
1323,291,98,286
1323,291,98,286
1323,291,98,286
1323,291,98,286
1323,291,98,286
1323,291,98,286
1323,291,98,286
1323,291,98,286
1323,291,98,286
1323,291,98,286
1323,291,98,286
1323,291,98,286
1323,291,98,286
1323,293,103,280
1323,293,104,281
1323,293,105,282
1323,293,106,283
1323,293,107,284
1323,293,108,285
1323,293,109,286
1323,293,110,287
1323,293,111,288
1323,293,112,289
1323,293,113,290
1323,293,114,291
1323,293,115,292
1323,293,116,293
1323,293,117,294
1323,289,111,289
1324,290,110,289
1325,291,109,289
1326,292,108,289
1327,293,107,289
1328,294,106,289
1329,295,105,289
1330,296,104,289
1331,297,103,289
1332,298,102,289
1333,299,101,289
1334,300,100,289
1335,301,99,289
1336,302,98,289
1337,303,97,289
1334,301,89,284
1334,300,90,284
1334,299,91,284
1334,298,92,284
1334,297,93,284
1334,296,94,284
1334,295,95,284
1334,294,96,284
1334,293,97,284
1334,292,98,284
1334,291,99,284
1334,290,100,284
1334,289,101,284
1334,288,102,284
1334,287,103,284
1331,293,99,290
1331,293,99,290
1331,293,99,290
1331,293,99,290
1331,293,99,290
1331,293,99,290
1331,293,99,290
1331,293,99,290
1331,293,99,290
1331,293,99,290
1331,293,99,290
1331,293,99,290
1331,293,99,290
1331,293,99,290
1331,293,99,290
1329,289,99,293
1329,288,99,294
1329,287,99,295
1329,286,99,296
1329,285,99,297
1329,284,99,298
1329,283,99,299
1329,282,99,300
1329,281,99,301
1329,280,99,302
1329,279,99,303
1329,278,99,304
1329,277,99,305
1329,276,99,306
1329,275,99,307
1329,279,106,306
1329,280,106,305
1329,281,106,304
1329,282,106,303
1329,283,106,302
1329,284,106,301
1329,285,106,300
1329,286,106,299
1329,287,106,298
1329,288,106,297
1329,289,106,296
1329,290,106,295
1329,291,106,294
1329,292,106,293
1329,293,106,292
1331,293,101,289
1331,293,101,289
1331,293,101,289
1331,293,101,289
1331,293,101,289
1331,293,101,289
1331,293,101,289
1331,293,101,289
1331,293,101,289
1331,293,101,289
1331,293,101,289
1331,293,101,289
1331,293,101,289
1331,293,101,289
1331,293,101,289
1331,296,104,282
1331,296,104,282
1331,296,104,282
1331,296,104,282
1331,296,104,282
1331,296,104,282
1331,296,104,282
1331,296,104,282
1331,296,104,282
1331,296,104,282
1331,296,104,282
1331,296,104,282
1331,296,104,282
1331,296,104,282
1331,296,104,282
1331,294,103,288
1331,294,104,289
1331,294,105,290
1331,294,106,291
1331,294,107,292
1331,294,108,293
1331,294,109,294
1331,294,110,295
1331,294,111,296
1331,294,112,297
1331,294,113,298
1331,294,114,299
1331,294,115,300
1331,294,116,301
1331,294,117,302
1329,289,116,296
1329,289,116,297
1329,289,116,298
1329,289,116,299
1329,289,116,300
1329,289,116,301
1329,289,116,302
1329,289,116,303
1329,289,116,304
1329,289,116,305
1329,289,116,306
1329,289,116,307
1329,289,116,308
1329,289,116,309
1329,289,116,310
1327,288,114,314
1326,290,113,313
1325,292,112,312
1324,294,111,311
1323,296,110,310
1322,298,109,309
1321,300,108,308
1320,302,107,307
1319,304,106,306
1318,306,105,305
1317,308,104,304
1316,310,103,303
1315,312,102,302
1314,314,101,301
1313,316,100,300
1305,313,105,297
1301,313,107,298
1297,313,109,299
1293,313,111,300
1289,313,113,301
1285,313,115,302
1281,313,117,303
1277,313,119,304
1273,313,121,305
1269,313,123,306
1265,313,125,307
1261,313,127,308
1257,313,129,309
1253,313,131,310
1249,313,133,311
1238,308,130,305
1231,308,131,305
1224,308,132,305
1217,308,133,305
1210,308,134,305
1203,308,135,305
1196,308,136,305
1189,308,137,305
1182,308,138,305
1175,308,139,305
1168,308,140,305
1161,308,141,305
1154,308,142,305
1147,308,143,305
1140,308,144,305
1135,313,140,304
1130,313,138,306
1125,313,136,308
1120,313,134,310
1115,313,132,312
1110,313,130,314
1105,313,128,316
1100,313,126,318
1095,313,124,320
1090,313,122,322
1085,313,120,324
1080,313,118,326
1075,313,116,328
1070,313,114,330
1065,313,112,332
1053,316,109,341
1047,317,109,341
1041,318,109,341
1035,319,109,341
1029,320,109,341
1023,321,109,341
1017,322,109,341
1011,323,109,341
1005,324,109,341
999,325,109,341
993,326,109,341
987,327,109,341
981,328,109,341
975,329,109,341
969,330,109,341
968,329,106,343
961,330,107,344
954,331,108,345
947,332,109,346
940,333,110,347
933,334,111,348
926,335,112,349
919,336,113,350
912,337,114,351
905,338,115,352
898,339,116,353
891,340,117,354
884,341,118,355
877,342,119,356
870,343,120,357
860,346,118,352
854,348,119,354
848,350,120,356
842,352,121,358
836,354,122,360
830,356,123,362
824,358,124,364
818,360,125,366
812,362,126,368
806,364,127,370
800,366,128,372
794,368,129,374
788,370,130,376
782,372,131,378
776,374,132,380
771,371,138,386
770,377,143,387
769,383,148,388
768,389,153,389
767,395,158,390
766,401,163,391
765,407,168,392
764,413,173,393
763,419,178,394
762,425,183,395
761,431,188,396
760,437,193,397
759,443,198,398
758,449,203,399
757,455,208,400
762,458,216,394
761,461,221,395
760,464,226,396
759,467,231,397
758,470,236,398
757,473,241,399
756,476,246,400
755,479,251,401
754,482,256,402
753,485,261,403
752,488,266,404
751,491,271,405
750,494,276,406
749,497,281,407
748,500,286,408
754,507,289,415
747,506,290,414
740,505,291,413
733,504,292,412
726,503,293,411
719,502,294,410
712,501,295,409
705,500,296,408
698,499,297,407
691,498,298,406
684,497,299,405
677,496,300,404
670,495,301,403
663,494,302,402
656,493,303,401
647,486,307,404
