1199,244,132,385
1198,244,132,385
1197,244,132,385
1196,244,132,385
1195,244,132,385
1194,244,132,385
1193,244,132,385
1192,244,132,385
1191,244,132,385
1190,244,132,385
1189,244,132,385
1188,244,132,385
1187,244,132,385
1186,244,132,385
1185,244,132,385
1191,242,133,389
1191,242,133,389
1191,242,133,389
1191,242,133,389
1191,242,133,389
1191,242,133,389
1191,242,133,389
1191,242,133,389
1191,242,133,389
1191,242,133,389
1191,242,133,389
1191,242,133,389
1191,242,133,389
1191,242,133,389
1191,242,133,389
1191,236,127,393
1191,236,127,393
1191,236,127,393
1191,236,127,393
1191,236,127,393
1191,236,127,393
1191,236,127,393
1191,236,127,393
1191,236,127,393
1191,236,127,393
1191,236,127,393
1191,236,127,393
1191,236,127,393
1191,236,127,393
1191,236,127,393
1193,242,131,389
1193,242,130,389
1193,242,129,389
1193,242,128,389
1193,242,127,389
1193,242,126,389
1193,242,125,389
1193,242,124,389
1193,242,123,389
1193,242,122,389
1193,242,121,389
1193,242,120,389
1193,242,119,389
1193,242,118,389
1193,242,117,389
1197,238,121,390
1197,238,121,390
1197,238,121,390
1197,238,121,390
1197,238,121,390
1197,238,121,390
1197,238,121,390
1197,238,121,390
1197,238,121,390
1197,238,121,390
1197,238,121,390
1197,238,121,390
1197,238,121,390
1197,238,121,390
1197,238,121,390
1197,238,123,388
1198,238,122,388
1199,238,121,388
1200,238,120,388
1201,238,119,388
1202,238,118,388
1203,238,117,388
1204,238,116,388
1205,238,115,388
1206,238,114,388
1207,238,113,388
1208,238,112,388
1209,238,111,388
1210,238,110,388
1211,238,109,388
1205,240,115,384
1205,240,115,384
1205,240,115,384
1205,240,115,384
1205,240,115,384
1205,240,115,384
1205,240,115,384
1205,240,115,384
1205,240,115,384
1205,240,115,384
1205,240,115,384
1205,240,115,384
1205,240,115,384
1205,240,115,384
1205,240,115,384
1201,240,117,386
1201,240,117,386
1201,240,117,386
1201,240,117,386
1201,240,117,386
1201,240,117,386
1201,240,117,386
1201,240,117,386
1201,240,117,386
1201,240,117,386
1201,240,117,386
1201,240,117,386
1201,240,117,386
1201,240,117,386
1201,240,117,386
1199,246,121,380
1199,246,121,380
1199,246,121,380
1199,246,121,380
1199,246,121,380
1199,246,121,380
1199,246,121,380
1199,246,121,380
1199,246,121,380
1199,246,121,380
1199,246,121,380
1199,246,121,380
1199,246,121,380
1199,246,121,380
1199,246,121,380
1203,244,117,378
1203,244,117,378
1203,244,117,378
1203,244,117,378
1203,244,117,378
1203,244,117,378
1203,244,117,378
1203,244,117,378
1203,244,117,378
1203,244,117,378
1203,244,117,378
1203,244,117,378
1203,244,117,378
1203,244,117,378
1203,244,117,378
1205,244,119,378
1205,244,119,379
1205,244,119,380
1205,244,119,381
1205,244,119,382
1205,244,119,383
1205,244,119,384
1205,244,119,385
1205,244,119,386
1205,244,119,387
1205,244,119,388
1205,244,119,389
1205,244,119,390
1205,244,119,391
1205,244,119,392
1201,244,125,387
1201,244,126,387
1201,244,127,387
1201,244,128,387
1201,244,129,387
1201,244,130,387
1201,244,131,387
1201,244,132,387
1201,244,133,387
1201,244,134,387
1201,244,135,387
1201,244,136,387
1201,244,137,387
1201,244,138,387
1201,244,139,387
1199,240,138,391
1199,240,138,391
1199,240,138,391
1199,240,138,391
1199,240,138,391
1199,240,138,391
1199,240,138,391
1199,240,138,391
1199,240,138,391
1199,240,138,391
1199,240,138,391
1199,240,138,391
1199,240,138,391
1199,240,138,391
1199,240,138,391
1203,244,134,384
1202,244,134,384
1201,244,134,384
1200,244,134,384
1199,244,134,384
1198,244,134,384
1197,244,134,384
1196,244,134,384
1195,244,134,384
1194,244,134,384
1193,244,134,384
1192,244,134,384
1191,244,134,384
1190,244,134,384
1189,244,134,384
1193,246,138,387
1192,246,139,387
1191,246,140,387
1190,246,141,387
1189,246,142,387
1188,246,143,387
1187,246,144,387
1186,246,145,387
1185,246,146,387
1184,246,147,387
1183,246,148,387
1182,246,149,387
1181,246,150,387
1180,246,151,387
1179,246,152,387
1185,240,146,388
1186,240,146,388
1187,240,146,388
1188,240,146,388
1189,240,146,388
1190,240,146,388
1191,240,146,388
1192,240,146,388
1193,240,146,388
1194,240,146,388
1195,240,146,388
1196,240,146,388
1197,240,146,388
1198,240,146,388
1199,240,146,388
1193,242,142,391
1192,242,142,391
1191,242,142,391
1190,242,142,391
1189,242,142,391
1188,242,142,391
1187,242,142,391
1186,242,142,391
1185,242,142,391
1184,242,142,391
1183,242,142,391
1182,242,142,391
1181,242,142,391
1180,242,142,391
1179,242,142,391
1185,242,146,389
1186,243,146,388
1187,244,146,387
1188,245,146,386
1189,246,146,385
1190,247,146,384
1191,248,146,383
1192,249,146,382
1193,250,146,381
1194,251,146,380
1195,252,146,379
1196,253,146,378
1197,254,146,377
1198,255,146,376
1199,256,146,375
1193,250,142,379
1192,251,144,379
1191,252,146,379
1190,253,148,379
1189,254,150,379
1188,255,152,379
1187,256,154,379
1186,257,156,379
1185,258,158,379
1184,259,160,379
1183,260,162,379
1182,261,164,379
1181,262,166,379
1180,263,168,379
1179,264,170,379
1185,259,173,374
1185,259,171,375
1185,259,169,376
1185,259,167,377
1185,259,165,378
1185,259,163,379
1185,259,161,380
1185,259,159,381
1185,259,157,382
1185,259,155,383
1185,259,153,384
1185,259,151,385
1185,259,149,386
1185,259,147,387
1185,259,145,388
1187,255,139,382
1181,255,140,383
1175,255,141,384
1169,255,142,385
1163,255,143,386
1157,255,144,387
1151,255,145,388
1145,255,146,389
1139,255,147,390
1133,255,148,391
1127,255,149,392
1121,255,150,393
1115,255,151,394
1109,255,152,395
1103,255,153,396
1101,251,155,392
1097,251,152,393
1093,251,149,394
1089,251,146,395
1085,251,143,396
1081,251,140,397
1077,251,137,398
1073,251,134,399
1069,251,131,400
1065,251,128,401
1061,251,125,402
1057,251,122,403
1053,251,119,404
1049,251,116,405
1045,251,113,406
1035,251,103,400
1026,251,107,401
1017,251,111,402
1008,251,115,403
999,251,119,404
990,251,123,405
981,251,127,406
972,251,131,407
963,251,135,408
954,251,139,409
945,251,143,410
936,251,147,411
927,251,151,412
918,251,155,413
909,251,159,414
898,255,167,415
889,255,168,415
880,255,169,415
871,255,170,415
862,255,171,415
853,255,172,415
844,255,173,415
835,255,174,415
826,255,175,415
817,255,176,415
808,255,177,415
799,255,178,415
790,255,179,415
781,255,180,415
772,255,181,415
759,261,184,420
749,262,188,420
739,263,192,420
729,264,196,420
719,265,200,420
709,266,204,420
699,267,208,420
689,268,212,420
679,269,216,420
669,270,220,420
659,271,224,420
649,272,228,420
639,273,232,420
629,274,236,420
619,275,240,420
608,280,239,425
603,282,238,428
598,284,237,431
593,286,236,434
588,288,235,437
583,290,234,440
578,292,233,443
573,294,232,446
568,296,231,449
563,298,230,452
558,300,229,455
553,302,228,458
548,304,227,461
543,306,226,464
538,308,225,467
529,317,219,474
527,322,219,476
525,327,219,478
523,332,219,480
521,337,219,482
519,342,219,484
517,347,219,486
515,352,219,488
513,357,219,490
511,362,219,492
509,367,219,494
507,372,219,496
505,377,219,498
503,382,219,500
501,387,219,502
494,388,223,511
495,396,239,506
496,404,255,501
497,412,271,496
498,420,287,491
499,428,303,486
500,436,319,481
501,444,335,476
502,452,351,471
503,460,367,466
504,468,383,461
505,476,399,456
506,484,415,451
507,492,431,446
508,500,447,441
502,515,459,441
498,515,451,441
494,515,443,441
490,515,435,441
486,515,427,441
482,515,419,441
478,515,411,441
474,515,403,441
470,515,395,441
466,515,387,441
462,515,379,441
458,515,371,441
454,515,363,441
450,515,355,441
446,515,347,441
438,513,343,443
422,515,344,441
406,517,345,439
390,519,346,437
374,521,347,435
358,523,348,433
342,525,349,431
326,527,350,429
310,529,351,427
294,531,352,425
278,533,353,423
262,535,354,421
246,537,355,419
230,539,356,417
214,541,357,415
197,546,360,410
