1185,284,88,258
1185,284,88,258
1185,284,88,258
1185,284,88,258
1185,284,88,258
1185,284,88,258
1185,284,88,258
1185,284,88,258
1185,284,88,258
1185,284,88,258
1185,284,88,258
1185,284,88,258
1185,284,88,258
1185,284,88,258
1185,284,88,258
1191,285,84,257
1191,285,84,257
1191,285,84,257
1191,285,84,257
1191,285,84,257
1191,285,84,257
1191,285,84,257
1191,285,84,257
1191,285,84,257
1191,285,84,257
1191,285,84,257
1191,285,84,257
1191,285,84,257
1191,285,84,257
1191,285,84,257
1185,289,81,250
1185,289,81,250
1185,289,81,250
1185,289,81,250
1185,289,81,250
1185,289,81,250
1185,289,81,250
1185,289,81,250
1185,289,81,250
1185,289,81,250
1185,289,81,250
1185,289,81,250
1185,289,81,250
1185,289,81,250
1185,289,81,250
1187,294,81,246
1188,293,80,247
1189,292,79,248
1190,291,78,249
1191,290,77,250
1192,289,76,251
1193,288,75,252
1194,287,74,253
1195,286,73,254
1196,285,72,255
1197,284,71,256
1198,283,70,257
1199,282,69,258
1200,281,68,259
1201,280,67,260
1195,285,66,255
1194,285,67,255
1193,285,68,255
1192,285,69,255
1191,285,70,255
1190,285,71,255
1189,285,72,255
1188,285,73,255
1187,285,74,255
1186,285,75,255
1185,285,76,255
1184,285,77,255
1183,285,78,255
1182,285,79,255
1181,285,80,255
1187,287,79,252
1187,287,80,253
1187,287,81,254
1187,287,82,255
1187,287,83,256
1187,287,84,257
1187,287,85,258
1187,287,86,259
1187,287,87,260
1187,287,88,261
1187,287,89,262
1187,287,90,263
1187,287,91,264
1187,287,92,265
1187,287,93,266
1182,281,89,263
1182,281,88,263
1182,281,87,263
1182,281,86,263
1182,281,85,263
1182,281,84,263
1182,281,83,263
1182,281,82,263
1182,281,81,263
1182,281,80,263
1182,281,79,263
1182,281,78,263
1182,281,77,263
1182,281,76,263
1182,281,75,263
1189,281,77,256
1189,281,77,256
1189,281,77,256
1189,281,77,256
1189,281,77,256
1189,281,77,256
1189,281,77,256
1189,281,77,256
1189,281,77,256
1189,281,77,256
1189,281,77,256
1189,281,77,256
1189,281,77,256
1189,281,77,256
1189,281,77,256
1193,282,80,257
1193,282,81,257
1193,282,82,257
1193,282,83,257
1193,282,84,257
1193,282,85,257
1193,282,86,257
1193,282,87,257
1193,282,88,257
1193,282,89,257
1193,282,90,257
1193,282,91,257
1193,282,92,257
1193,282,93,257
1193,282,94,257
1187,281,90,255
1187,281,90,256
1187,281,90,257
1187,281,90,258
1187,281,90,259
1187,281,90,260
1187,281,90,261
1187,281,90,262
1187,281,90,263
1187,281,90,264
1187,281,90,265
1187,281,90,266
1187,281,90,267
1187,281,90,268
1187,281,90,269
1187,281,94,264
1187,281,94,264
1187,281,94,264
1187,281,94,264
1187,281,94,264
1187,281,94,264
1187,281,94,264
1187,281,94,264
1187,281,94,264
1187,281,94,264
1187,281,94,264
1187,281,94,264
1187,281,94,264
1187,281,94,264
1187,281,94,264
1191,282,91,262
1191,282,91,262
1191,282,91,262
1191,282,91,262
1191,282,91,262
1191,282,91,262
1191,282,91,262
1191,282,91,262
1191,282,91,262
1191,282,91,262
1191,282,91,262
1191,282,91,262
1191,282,91,262
1191,282,91,262
1191,282,91,262
1187,284,97,258
1187,284,96,258
1187,284,95,258
1187,284,94,258
1187,284,93,258
1187,284,92,258
1187,284,91,258
1187,284,90,258
1187,284,89,258
1187,284,88,258
1187,284,87,258
1187,284,86,258
1187,284,85,258
1187,284,84,258
1187,284,83,258
1193,284,86,258
1193,284,86,258
1193,284,86,258
1193,284,86,258
1193,284,86,258
1193,284,86,258
1193,284,86,258
1193,284,86,258
1193,284,86,258
1193,284,86,258
1193,284,86,258
1193,284,86,258
1193,284,86,258
1193,284,86,258
1193,284,86,258
1193,285,89,260
1193,285,89,260
1193,285,89,260
1193,285,89,260
1193,285,89,260
1193,285,89,260
1193,285,89,260
1193,285,89,260
1193,285,89,260
1193,285,89,260
1193,285,89,260
1193,285,89,260
1193,285,89,260
1193,285,89,260
1193,285,89,260
1193,289,95,255
1193,290,95,255
1193,291,95,255
1193,292,95,255
1193,293,95,255
1193,294,95,255
1193,295,95,255
1193,296,95,255
1193,297,95,255
1193,298,95,255
1193,299,95,255
1193,300,95,255
1193,301,95,255
1193,302,95,255
1193,303,95,255
1189,297,99,258
1186,297,99,259
1183,297,99,260
1180,297,99,261
1177,297,99,262
1174,297,99,263
1171,297,99,264
1168,297,99,265
1165,297,99,266
1162,297,99,267
1159,297,99,268
1156,297,99,269
1153,297,99,270
1150,297,99,271
1147,297,99,272
1146,290,106,276
1139,290,105,277
1132,290,104,278
1125,290,103,279
1118,290,102,280
1111,290,101,281
1104,290,100,282
1097,290,99,283
1090,290,98,284
1083,290,97,285
1076,290,96,286
1069,290,95,287
1062,290,94,288
1055,290,93,289
1048,290,92,290
1041,289,98,298
1034,290,97,298
1027,291,96,298
1020,292,95,298
1013,293,94,298
1006,294,93,298
999,295,92,298
992,296,91,298
985,297,90,298
978,298,89,298
971,299,88,298
964,300,87,298
957,301,86,298
950,302,85,298
943,303,84,298
929,305,89,303
922,306,90,301
915,307,91,299
908,308,92,297
901,309,93,295
894,310,94,293
887,311,95,291
880,312,96,289
873,313,97,287
866,314,98,285
859,315,99,283
852,316,100,281
845,317,101,279
838,318,102,277
831,319,103,275
818,321,105,276
809,323,110,280
800,325,115,284
791,327,120,288
782,329,125,292
773,331,130,296
764,333,135,300
755,335,140,304
746,337,145,308
737,339,150,312
728,341,155,316
719,343,160,320
710,345,165,324
701,347,170,328
692,349,175,332
683,355,180,343
682,361,184,343
681,367,188,343
680,373,192,343
679,379,196,343
678,385,200,343
677,391,204,343
676,397,208,343
675,403,212,343
674,409,216,343
673,415,220,343
672,421,224,343
671,427,228,343
670,433,232,343
669,439,236,343
670,449,245,339
670,450,251,340
670,451,257,341
670,452,263,342
670,453,269,343
670,454,275,344
670,455,281,345
670,456,287,346
670,457,293,347
670,458,299,348
670,459,305,349
670,460,311,350
670,461,317,351
670,462,323,352
670,463,329,353
670,469,330,359
