1160,422,98,243
1159,422,99,244
1158,422,100,245
1157,422,101,246
1156,422,102,247
1155,422,103,248
1154,422,104,249
1153,422,105,250
1152,422,106,251
1151,422,107,252
1150,422,108,253
1149,422,109,254
1148,422,110,255
1147,422,111,256
1146,422,112,257
1150,419,113,252
1151,420,111,251
1152,421,109,250
1153,422,107,249
1154,423,105,248
1155,424,103,247
1156,425,101,246
1157,426,99,245
1158,427,97,244
1159,428,95,243
1160,429,93,242
1161,430,91,241
1162,431,89,240
1163,432,87,239
1164,433,85,238
1167,428,82,239
1167,428,82,239
1167,428,82,239
1167,428,82,239
1167,428,82,239
1167,428,82,239
1167,428,82,239
1167,428,82,239
1167,428,82,239
1167,428,82,239
1167,428,82,239
1167,428,82,239
1167,428,82,239
1167,428,82,239
1167,428,82,239
1164,428,78,234
1164,428,78,235
1164,428,78,236
1164,428,78,237
1164,428,78,238
1164,428,78,239
1164,428,78,240
1164,428,78,241
1164,428,78,242
1164,428,78,243
1164,428,78,244
1164,428,78,245
1164,428,78,246
1164,428,78,247
1164,428,78,248
1164,428,74,243
1164,428,74,243
1164,428,74,243
1164,428,74,243
1164,428,74,243
1164,428,74,243
1164,428,74,243
1164,428,74,243
1164,428,74,243
1164,428,74,243
1164,428,74,243
1164,428,74,243
1164,428,74,243
1164,428,74,243
1164,428,74,243
1169,422,69,240
1169,422,69,240
1169,422,69,240
1169,422,69,240
1169,422,69,240
1169,422,69,240
1169,422,69,240
1169,422,69,240
1169,422,69,240
1169,422,69,240
1169,422,69,240
1169,422,69,240
1169,422,69,240
1169,422,69,240
1169,422,69,240
1171,424,67,240
1171,424,68,240
1171,424,69,240
1171,424,70,240
1171,424,71,240
1171,424,72,240
1171,424,73,240
1171,424,74,240
1171,424,75,240
1171,424,76,240
1171,424,77,240
1171,424,78,240
1171,424,79,240
1171,424,80,240
1171,424,81,240
1167,424,75,240
1167,424,75,240
1167,424,75,240
1167,424,75,240
1167,424,75,240
1167,424,75,240
1167,424,75,240
1167,424,75,240
1167,424,75,240
1167,424,75,240
1167,424,75,240
1167,424,75,240
1167,424,75,240
1167,424,75,240
1167,424,75,240
1167,422,73,240
1167,422,73,240
1167,422,73,240
1167,422,73,240
1167,422,73,240
1167,422,73,240
1167,422,73,240
1167,422,73,240
1167,422,73,240
1167,422,73,240
1167,422,73,240
1167,422,73,240
1167,422,73,240
1167,422,73,240
1167,422,73,240
1167,424,77,245
1167,424,77,245
1167,424,77,245
1167,424,77,245
1167,424,77,245
1167,424,77,245
1167,424,77,245
1167,424,77,245
1167,424,77,245
1167,424,77,245
1167,424,77,245
1167,424,77,245
1167,424,77,245
1167,424,77,245
1167,424,77,245
1164,420,78,245
1164,420,78,245
1164,420,78,245
1164,420,78,245
1164,420,78,245
1164,420,78,245
1164,420,78,245
1164,420,78,245
1164,420,78,245
1164,420,78,245
1164,420,78,245
1164,420,78,245
1164,420,78,245
1164,420,78,245
1164,420,78,245
1167,420,73,242
1167,420,73,242
1167,420,73,242
1167,420,73,242
1167,420,73,242
1167,420,73,242
1167,420,73,242
1167,420,73,242
1167,420,73,242
1167,420,73,242
1167,420,73,242
1167,420,73,242
1167,420,73,242
1167,420,73,242
1167,420,73,242
1171,426,71,241
1171,426,71,242
1171,426,71,243
1171,426,71,244
1171,426,71,245
1171,426,71,246
1171,426,71,247
1171,426,71,248
1171,426,71,249
1171,426,71,250
1171,426,71,251
1171,426,71,252
1171,426,71,253
1171,426,71,254
1171,426,71,255
1166,419,74,250
1167,419,74,250
1168,419,74,250
1169,419,74,250
1170,419,74,250
1171,419,74,250
1172,419,74,250
1173,419,74,250
1174,419,74,250
1175,419,74,250
1176,419,74,250
1177,419,74,250
1178,419,74,250
1179,419,74,250
1180,419,74,250
1174,419,75,248
1174,419,76,248
1174,419,77,248
1174,419,78,248
1174,419,79,248
1174,419,80,248
1174,419,81,248
1174,419,82,248
1174,419,83,248
1174,419,84,248
1174,419,85,248
1174,419,86,248
1174,419,87,248
1174,419,88,248
1174,419,89,248
1169,419,87,250
1170,419,86,249
1171,419,85,248
1172,419,84,247
1173,419,83,246
1174,419,82,245
1175,419,81,244
1176,419,80,243
1177,419,79,242
1178,419,78,241
1179,419,77,240
1180,419,76,239
1181,419,75,238
1182,419,74,237
1183,419,73,236
1178,422,71,242
1178,422,71,242
1178,422,71,242
1178,422,71,242
1178,422,71,242
1178,422,71,242
1178,422,71,242
1178,422,71,242
1178,422,71,242
1178,422,71,242
1178,422,71,242
1178,422,71,242
1178,422,71,242
1178,422,71,242
1178,422,71,242
1178,419,73,243
1178,419,73,243
1178,419,73,243
1178,419,73,243
1178,419,73,243
1178,419,73,243
1178,419,73,243
1178,419,73,243
1178,419,73,243
1178,419,73,243
1178,419,73,243
1178,419,73,243
1178,419,73,243
1178,419,73,243
1178,419,73,243
1174,424,75,240
1174,424,75,240
1174,424,75,240
1174,424,75,240
1174,424,75,240
1174,424,75,240
1174,424,75,240
1174,424,75,240
1174,424,75,240
1174,424,75,240
1174,424,75,240
1174,424,75,240
1174,424,75,240
1174,424,75,240
1174,424,75,240
1173,420,78,244
1173,420,79,245
1173,420,80,246
1173,420,81,247
1173,420,82,248
1173,420,83,249
1173,420,84,250
1173,420,85,251
1173,420,86,252
1173,420,87,253
1173,420,88,254
1173,420,89,255
1173,420,90,256
1173,420,91,257
1173,420,92,258
1169,419,87,253
1169,420,88,252
1169,421,89,251
1169,422,90,250
1169,423,91,249
1169,424,92,248
1169,425,93,247
1169,426,94,246
1169,427,95,245
1169,428,96,244
1169,429,97,243
1169,430,98,242
1169,431,99,241
1169,432,100,240
1169,433,101,239
1164,433,97,241
1163,433,97,242
1162,433,97,243
1161,433,97,244
1160,433,97,245
1159,433,97,246
1158,433,97,247
1157,433,97,248
1156,433,97,249
1155,433,97,250
1154,433,97,251
1153,433,97,252
1152,433,97,253
1151,433,97,254
1150,433,97,255
1148,426,94,259
1144,427,96,259
1140,428,98,259
1136,429,100,259
1132,430,102,259
1128,431,104,259
1124,432,106,259
1120,433,108,259
1116,434,110,259
1112,435,112,259
1108,436,114,259
1104,437,116,259
1100,438,118,259
1096,439,120,259
1092,440,122,259
1081,438,121,255
1074,438,122,255
1067,438,123,255
1060,438,124,255
1053,438,125,255
1046,438,126,255
1039,438,127,255
1032,438,128,255
1025,438,129,255
1018,438,130,255
1011,438,131,255
1004,438,132,255
997,438,133,255
990,438,134,255
983,438,135,255
978,443,136,259
974,443,134,260
970,443,132,261
966,443,130,262
962,443,128,263
958,443,126,264
954,443,124,265
950,443,122,266
946,443,120,267
942,443,118,268
938,443,116,269
934,443,114,270
930,443,112,271
926,443,110,272
922,443,108,273
920,442,103,274
915,443,102,276
910,444,101,278
905,445,100,280
900,446,99,282
895,447,98,284
890,448,97,286
885,449,96,288
880,450,95,290
875,451,94,292
870,452,93,294
865,453,92,296
860,454,91,298
855,455,90,300
850,456,89,302
848,450,94,298
844,451,94,298
840,452,94,298
836,453,94,298
832,454,94,298
828,455,94,298
824,456,94,298
820,457,94,298
816,458,94,298
812,459,94,298
808,460,94,298
804,461,94,298
800,462,94,298
796,463,94,298
792,464,94,298
790,468,91,296
786,470,94,297
782,472,97,298
778,474,100,299
774,476,103,300
770,478,106,301
766,480,109,302
762,482,112,303
758,484,115,304
754,486,118,305
750,488,121,306
746,490,124,307
742,492,127,308
738,494,130,309
734,496,133,310
729,496,136,306
729,503,145,305
729,510,154,304
729,517,163,303
729,524,172,302
729,531,181,301
729,538,190,300
729,545,199,299
729,552,208,298
729,559,217,297
729,566,226,296
729,573,235,295
729,580,244,294
729,587,253,293
729,594,262,292
724,599,272,298
724,599,277,298
724,599,282,298
724,599,287,298
724,599,292,298
724,599,297,298
724,599,302,298
724,599,307,298
724,599,312,298
724,599,317,298
724,599,322,298
724,599,327,298
724,599,332,298
724,599,337,298
724,599,342,298
727,606,345,296
