1482,299,151,254
1483,299,151,254
1484,299,151,254
1485,299,151,254
1486,299,151,254
1487,299,151,254
1488,299,151,254
1489,299,151,254
1490,299,151,254
1491,299,151,254
1492,299,151,254
1493,299,151,254
1494,299,151,254
1495,299,151,254
1496,299,151,254
1491,306,156,249
1491,306,157,249
1491,306,158,249
1491,306,159,249
1491,306,160,249
1491,306,161,249
1491,306,162,249
1491,306,163,249
1491,306,164,249
1491,306,165,249
1491,306,166,249
1491,306,167,249
1491,306,168,249
1491,306,169,249
1491,306,170,249
1488,303,175,254
1488,303,174,253
1488,303,173,252
1488,303,172,251
1488,303,171,250
1488,303,170,249
1488,303,169,248
1488,303,168,247
1488,303,167,246
1488,303,166,245
1488,303,165,244
1488,303,164,243
1488,303,163,242
1488,303,162,241
1488,303,161,240
1486,308,166,245
1485,308,166,245
1484,308,166,245
1483,308,166,245
1482,308,166,245
1481,308,166,245
1480,308,166,245
1479,308,166,245
1478,308,166,245
1477,308,166,245
1476,308,166,245
1475,308,166,245
1474,308,166,245
1473,308,166,245
1472,308,166,245
1466,304,167,248
1465,304,167,248
1464,304,167,248
1463,304,167,248
1462,304,167,248
1461,304,167,248
1460,304,167,248
1459,304,167,248
1458,304,167,248
1457,304,167,248
1456,304,167,248
1455,304,167,248
1454,304,167,248
1453,304,167,248
1452,304,167,248
1456,303,173,252
1456,303,173,252
1456,303,173,252
1456,303,173,252
1456,303,173,252
1456,303,173,252
1456,303,173,252
1456,303,173,252
1456,303,173,252
1456,303,173,252
1456,303,173,252
1456,303,173,252
1456,303,173,252
1456,303,173,252
1456,303,173,252
1456,301,168,249
1458,300,163,250
1460,299,158,251
1462,298,153,252
1464,297,148,253
1466,296,143,254
1468,295,138,255
1470,294,133,256
1472,293,128,257
1474,292,123,258
1476,291,118,259
1478,290,113,260
1480,289,108,261
1482,288,103,262
1484,287,98,263
1493,287,93,266
1493,287,93,266
1493,287,93,266
1493,287,93,266
1493,287,93,266
1493,287,93,266
1493,287,93,266
1493,287,93,266
1493,287,93,266
1493,287,93,266
1493,287,93,266
1493,287,93,266
1493,287,93,266
1493,287,93,266
1493,287,93,266
1488,280,93,268
1488,280,94,268
1488,280,95,268
1488,280,96,268
1488,280,97,268
1488,280,98,268
1488,280,99,268
1488,280,100,268
1488,280,101,268
1488,280,102,268
1488,280,103,268
1488,280,104,268
1488,280,105,268
1488,280,106,268
1488,280,107,268
1488,281,105,269
1488,282,106,267
1488,283,107,265
1488,284,108,263
1488,285,109,261
1488,286,110,259
1488,287,111,257
1488,288,112,255
1488,289,113,253
1488,290,114,251
1488,291,115,249
1488,292,116,247
1488,293,117,245
1488,294,118,243
1488,295,119,241
1484,296,115,245
1484,296,115,246
1484,296,115,247
1484,296,115,248
1484,296,115,249
1484,296,115,250
1484,296,115,251
1484,296,115,252
1484,296,115,253
1484,296,115,254
1484,296,115,255
1484,296,115,256
1484,296,115,257
1484,296,115,258
1484,296,115,259
1486,294,118,256
1486,294,118,256
1486,294,118,256
1486,294,118,256
1486,294,118,256
1486,294,118,256
1486,294,118,256
1486,294,118,256
1486,294,118,256
1486,294,118,256
1486,294,118,256
1486,294,118,256
1486,294,118,256
1486,294,118,256
1486,294,118,256
1486,297,113,251
1486,297,113,251
1486,297,113,251
1486,297,113,251
1486,297,113,251
1486,297,113,251
1486,297,113,251
1486,297,113,251
1486,297,113,251
1486,297,113,251
1486,297,113,251
1486,297,113,251
1486,297,113,251
1486,297,113,251
1486,297,113,251
1484,294,113,256
1484,294,113,256
1484,294,113,256
1484,294,113,256
1484,294,113,256
1484,294,113,256
1484,294,113,256
1484,294,113,256
1484,294,113,256
1484,294,113,256
1484,294,113,256
1484,294,113,256
1484,294,113,256
1484,294,113,256
1484,294,113,256
1491,296,110,252
1491,296,110,252
1491,296,110,252
1491,296,110,252
1491,296,110,252
1491,296,110,252
1491,296,110,252
1491,296,110,252
1491,296,110,252
1491,296,110,252
1491,296,110,252
1491,296,110,252
1491,296,110,252
1491,296,110,252
1491,296,110,252
1486,297,109,249
1486,297,110,249
1486,297,111,249
1486,297,112,249
1486,297,113,249
1486,297,114,249
1486,297,115,249
1486,297,116,249
1486,297,117,249
1486,297,118,249
1486,297,119,249
1486,297,120,249
1486,297,121,249
1486,297,122,249
1486,297,123,249
1484,292,117,252
1484,292,117,252
1484,292,117,252
1484,292,117,252
1484,292,117,252
1484,292,117,252
1484,292,117,252
1484,292,117,252
1484,292,117,252
1484,292,117,252
1484,292,117,252
1484,292,117,252
1484,292,117,252
1484,292,117,252
1484,292,117,252
1484,294,113,250
1484,294,113,250
1484,294,113,250
1484,294,113,250
1484,294,113,250
1484,294,113,250
1484,294,113,250
1484,294,113,250
1484,294,113,250
1484,294,113,250
1484,294,113,250
1484,294,113,250
1484,294,113,250
1484,294,113,250
1484,294,113,250
1480,294,117,254
1480,294,117,254
1480,294,117,254
1480,294,117,254
1480,294,117,254
1480,294,117,254
1480,294,117,254
1480,294,117,254
1480,294,117,254
1480,294,117,254
1480,294,117,254
1480,294,117,254
1480,294,117,254
1480,294,117,254
1480,294,117,254
1484,296,113,252
1484,296,113,252
1484,296,113,252
1484,296,113,252
1484,296,113,252
1484,296,113,252
1484,296,113,252
1484,296,113,252
1484,296,113,252
1484,296,113,252
1484,296,113,252
1484,296,113,252
1484,296,113,252
1484,296,113,252
1484,296,113,252
1486,290,118,258
1486,290,117,258
1486,290,116,258
1486,290,115,258
1486,290,114,258
1486,290,113,258
1486,290,112,258
1486,290,111,258
1486,290,110,258
1486,290,109,258
1486,290,108,258
1486,290,107,258
1486,290,106,258
1486,290,105,258
1486,290,104,258
1486,290,107,262
1486,290,107,262
1486,290,107,262
1486,290,107,262
1486,290,107,262
1486,290,107,262
1486,290,107,262
1486,290,107,262
1486,290,107,262
1486,290,107,262
1486,290,107,262
1486,290,107,262
1486,290,107,262
1486,290,107,262
1486,290,107,262
1491,292,101,269
1489,292,103,271
1487,292,105,273
1485,292,107,275
1483,292,109,277
1481,292,111,279
1479,292,113,281
1477,292,115,283
1475,292,117,285
1473,292,119,287
1471,292,121,289
1469,292,123,291
1467,292,125,293
1465,292,127,295
1463,292,129,297
1459,299,131,294
1457,299,128,295
1455,299,125,296
1453,299,122,297
1451,299,119,298
1449,299,116,299
1447,299,113,300
1445,299,110,301
1443,299,107,302
1441,299,104,303
1439,299,101,304
1437,299,98,305
1435,299,95,306
1433,299,92,307
1431,299,89,308
1427,297,85,308
1421,298,86,308
1415,299,87,308
1409,300,88,308
1403,301,89,308
1397,302,90,308
1391,303,91,308
1385,304,92,308
1379,305,93,308
1373,306,94,308
1367,307,95,308
1361,308,96,308
1355,309,97,308
1349,310,98,308
1343,311,99,308
1342,306,100,301
1336,306,98,301
1330,306,96,301
1324,306,94,301
1318,306,92,301
1312,306,90,301
1306,306,88,301
1300,306,86,301
1294,306,84,301
1288,306,82,301
1282,306,80,301
1276,306,78,301
1270,306,76,301
1264,306,74,301
1258,306,72,301
1246,312,75,307
1237,313,79,308
1228,314,83,309
1219,315,87,310
1210,316,91,311
1201,317,95,312
1192,318,99,313
1183,319,103,314
1174,320,107,315
1165,321,111,316
1156,322,115,317
1147,323,119,318
1138,324,123,319
1129,325,127,320
1120,326,131,321
1107,324,136,315
1104,328,138,316
1101,332,140,317
1098,336,142,318
1095,340,144,319
1092,344,146,320
1089,348,148,321
1086,352,150,322
1083,356,152,323
1080,360,154,324
1077,364,156,325
1074,368,158,326
1071,372,160,327
1068,376,162,328
1065,380,164,329
1063,378,161,332
1063,382,168,332
1063,386,175,332
1063,390,182,332
1063,394,189,332
1063,398,196,332
1063,402,203,332
1063,406,210,332
1063,410,217,332
1063,414,224,332
1063,418,231,332
1063,422,238,332
1063,426,245,332
1063,430,252,332
1063,434,259,332
1070,440,273,338
1071,444,278,338
1072,448,283,338
1073,452,288,338
1074,456,293,338
1075,460,298,338
1076,464,303,338
1077,468,308,338
1078,472,313,338
1079,476,318,338
1080,480,323,338
1081,484,328,338
1082,488,333,338
1083,492,338,338
1084,496,343,338
1089,497,353,340
