1316,416,68,217
1315,417,71,216
1314,418,74,215
1313,419,77,214
1312,420,80,213
1311,421,83,212
1310,422,86,211
1309,423,89,210
1308,424,92,209
1307,425,95,208
1306,426,98,207
1305,427,101,206
1304,428,104,205
1303,429,107,204
1302,430,110,203
1306,426,111,209
1306,426,112,208
1306,426,113,207
1306,426,114,206
1306,426,115,205
1306,426,116,204
1306,426,117,203
1306,426,118,202
1306,426,119,201
1306,426,120,200
1306,426,121,199
1306,426,122,198
1306,426,123,197
1306,426,124,196
1306,426,125,195
1308,431,128,200
1308,431,128,200
1308,431,128,200
1308,431,128,200
1308,431,128,200
1308,431,128,200
1308,431,128,200
1308,431,128,200
1308,431,128,200
1308,431,128,200
1308,431,128,200
1308,431,128,200
1308,431,128,200
1308,431,128,200
1308,431,128,200
1309,429,132,202
1309,429,132,202
1309,429,132,202
1309,429,132,202
1309,429,132,202
1309,429,132,202
1309,429,132,202
1309,429,132,202
1309,429,132,202
1309,429,132,202
1309,429,132,202
1309,429,132,202
1309,429,132,202
1309,429,132,202
1309,429,132,202
1306,429,137,202
1304,429,138,202
1302,429,139,202
1300,429,140,202
1298,429,141,202
1296,429,142,202
1294,429,143,202
1292,429,144,202
1290,429,145,202
1288,429,146,202
1286,429,147,202
1284,429,148,202
1282,429,149,202
1280,429,150,202
1278,429,151,202
1278,428,153,207
1278,428,152,207
1278,428,151,207
1278,428,150,207
1278,428,149,207
1278,428,148,207
1278,428,147,207
1278,428,146,207
1278,428,145,207
1278,428,144,207
1278,428,143,207
1278,428,142,207
1278,428,141,207
1278,428,140,207
1278,428,139,207
1277,429,144,202
1278,428,141,203
1279,427,138,204
1280,426,135,205
1281,425,132,206
1282,424,129,207
1283,423,126,208
1284,422,123,209
1285,421,120,210
1286,420,117,211
1287,419,114,212
1288,418,111,213
1289,417,108,214
1290,416,105,215
1291,415,102,216
1294,419,104,217
1294,418,103,217
1294,417,102,217
1294,416,101,217
1294,415,100,217
1294,414,99,217
1294,413,98,217
1294,412,97,217
1294,411,96,217
1294,410,95,217
1294,409,94,217
1294,408,93,217
1294,407,92,217
1294,406,91,217
1294,405,90,217
1301,409,82,217
1301,409,82,217
1301,409,82,217
1301,409,82,217
1301,409,82,217
1301,409,82,217
1301,409,82,217
1301,409,82,217
1301,409,82,217
1301,409,82,217
1301,409,82,217
1301,409,82,217
1301,409,82,217
1301,409,82,217
1301,409,82,217
1304,406,80,220
1304,406,81,220
1304,406,82,220
1304,406,83,220
1304,406,84,220
1304,406,85,220
1304,406,86,220
1304,406,87,220
1304,406,88,220
1304,406,89,220
1304,406,90,220
1304,406,91,220
1304,406,92,220
1304,406,93,220
1304,406,94,220
1301,409,94,221
1301,409,94,221
1301,409,94,221
1301,409,94,221
1301,409,94,221
1301,409,94,221
1301,409,94,221
1301,409,94,221
1301,409,94,221
1301,409,94,221
1301,409,94,221
1301,409,94,221
1301,409,94,221
1301,409,94,221
1301,409,94,221
1306,416,96,214
1306,416,96,213
1306,416,96,212
1306,416,96,211
1306,416,96,210
1306,416,96,209
1306,416,96,208
1306,416,96,207
1306,416,96,206
1306,416,96,205
1306,416,96,204
1306,416,96,203
1306,416,96,202
1306,416,96,201
1306,416,96,200
1306,423,89,205
1306,423,89,205
1306,423,89,205
1306,423,89,205
1306,423,89,205
1306,423,89,205
1306,423,89,205
1306,423,89,205
1306,423,89,205
1306,423,89,205
1306,423,89,205
1306,423,89,205
1306,423,89,205
1306,423,89,205
1306,423,89,205
1308,419,89,209
1308,419,89,209
1308,419,89,209
1308,419,89,209
1308,419,89,209
1308,419,89,209
1308,419,89,209
1308,419,89,209
1308,419,89,209
1308,419,89,209
1308,419,89,209
1308,419,89,209
1308,419,89,209
1308,419,89,209
1308,419,89,209
1306,419,91,211
1306,419,91,211
1306,419,91,211
1306,419,91,211
1306,419,91,211
1306,419,91,211
1306,419,91,211
1306,419,91,211
1306,419,91,211
1306,419,91,211
1306,419,91,211
1306,419,91,211
1306,419,91,211
1306,419,91,211
1306,419,91,211
1304,418,94,207
1304,418,94,207
1304,418,94,207
1304,418,94,207
1304,418,94,207
1304,418,94,207
1304,418,94,207
1304,418,94,207
1304,418,94,207
1304,418,94,207
1304,418,94,207
1304,418,94,207
1304,418,94,207
1304,418,94,207
1304,418,94,207
1306,418,91,212
1306,418,91,212
1306,418,91,212
1306,418,91,212
1306,418,91,212
1306,418,91,212
1306,418,91,212
1306,418,91,212
1306,418,91,212
1306,418,91,212
1306,418,91,212
1306,418,91,212
1306,418,91,212
1306,418,91,212
1306,418,91,212
1301,418,92,212
1301,418,92,212
1301,418,92,212
1301,418,92,212
1301,418,92,212
1301,418,92,212
1301,418,92,212
1301,418,92,212
1301,418,92,212
1301,418,92,212
1301,418,92,212
1301,418,92,212
1301,418,92,212
1301,418,92,212
1301,418,92,212
1304,419,91,207
1304,419,91,208
1304,419,91,209
1304,419,91,210
1304,419,91,211
1304,419,91,212
1304,419,91,213
1304,419,91,214
1304,419,91,215
1304,419,91,216
1304,419,91,217
1304,419,91,218
1304,419,91,219
1304,419,91,220
1304,419,91,221
1299,414,96,216
1299,414,95,216
1299,414,94,216
1299,414,93,216
1299,414,92,216
1299,414,91,216
1299,414,90,216
1299,414,89,216
1299,414,88,216
1299,414,87,216
1299,414,86,216
1299,414,85,216
1299,414,84,216
1299,414,83,216
1299,414,82,216
1306,416,87,214
1306,417,86,213
1306,418,85,212
1306,419,84,211
1306,420,83,210
1306,421,82,209
1306,422,81,208
1306,423,80,207
1306,424,79,206
1306,425,78,205
1306,426,77,204
1306,427,76,203
1306,428,75,202
1306,429,74,201
1306,430,73,200
1306,424,78,202
1304,424,80,205
1302,424,82,208
1300,424,84,211
1298,424,86,214
1296,424,88,217
1294,424,90,220
1292,424,92,223
1290,424,94,226
1288,424,96,229
1286,424,98,232
1284,424,100,235
1282,424,102,238
1280,424,104,241
1278,424,106,244
1278,418,110,245
1277,419,109,245
1276,420,108,245
1275,421,107,245
1274,422,106,245
1273,423,105,245
1272,424,104,245
1271,425,103,245
1270,426,102,245
1269,427,101,245
1268,428,100,245
1267,429,99,245
1266,430,98,245
1265,431,97,245
1264,432,96,245
1265,429,97,250
1260,430,98,251
1255,431,99,252
1250,432,100,253
1245,433,101,254
1240,434,102,255
1235,435,103,256
1230,436,104,257
1225,437,105,258
1220,438,106,259
1215,439,107,260
1210,440,108,261
1205,441,109,262
1200,442,110,263
1195,443,111,264
1190,438,117,258
1183,438,118,258
1176,438,119,258
1169,438,120,258
1162,438,121,258
1155,438,122,258
1148,438,123,258
1141,438,124,258
1134,438,125,258
1127,438,126,258
1120,438,127,258
1113,438,128,258
1106,438,129,258
1099,438,130,258
1092,438,131,258
1078,444,134,259
1072,444,134,260
1066,444,134,261
1060,444,134,262
1054,444,134,263
1048,444,134,264
1042,444,134,265
1036,444,134,266
1030,444,134,267
1024,444,134,268
1018,444,134,269
1012,444,134,270
1006,444,134,271
1000,444,134,272
994,444,134,273
992,451,141,273
990,454,141,274
988,457,141,275
986,460,141,276
984,463,141,277
982,466,141,278
980,469,141,279
978,472,141,280
976,475,141,281
974,478,141,282
972,481,141,283
970,484,141,284
968,487,141,285
966,490,141,286
964,493,141,287
968,491,137,291
