1317,280,139,223
1317,280,140,223
1317,280,141,223
1317,280,142,223
1317,280,143,223
1317,280,144,223
1317,280,145,223
1317,280,146,223
1317,280,147,223
1317,280,148,223
1317,280,149,223
1317,280,150,223
1317,280,151,223
1317,280,152,223
1317,280,153,223
1321,281,148,219
1321,281,148,219
1321,281,148,219
1321,281,148,219
1321,281,148,219
1321,281,148,219
1321,281,148,219
1321,281,148,219
1321,281,148,219
1321,281,148,219
1321,281,148,219
1321,281,148,219
1321,281,148,219
1321,281,148,219
1321,281,148,219
1325,280,149,221
1325,280,149,221
1325,280,149,221
1325,280,149,221
1325,280,149,221
1325,280,149,221
1325,280,149,221
1325,280,149,221
1325,280,149,221
1325,280,149,221
1325,280,149,221
1325,280,149,221
1325,280,149,221
1325,280,149,221
1325,280,149,221
1321,281,146,219
1319,281,147,219
1317,281,148,219
1315,281,149,219
1313,281,150,219
1311,281,151,219
1309,281,152,219
1307,281,153,219
1305,281,154,219
1303,281,155,219
1301,281,156,219
1299,281,157,219
1297,281,158,219
1295,281,159,219
1293,281,160,219
1295,278,155,225
1296,278,151,225
1297,278,147,225
1298,278,143,225
1299,278,139,225
1300,278,135,225
1301,278,131,225
1302,278,127,225
1303,278,123,225
1304,278,119,225
1305,278,115,225
1306,278,111,225
1307,278,107,225
1308,278,103,225
1309,278,99,225
1315,275,97,226
1315,274,96,226
1315,273,95,226
1315,272,94,226
1315,271,93,226
1315,270,92,226
1315,269,91,226
1315,268,90,226
1315,267,89,226
1315,266,88,226
1315,265,87,226
1315,264,86,226
1315,263,85,226
1315,262,84,226
1315,261,83,226
1317,264,88,229
1317,264,89,229
1317,264,90,229
1317,264,91,229
1317,264,92,229
1317,264,93,229
1317,264,94,229
1317,264,95,229
1317,264,96,229
1317,264,97,229
1317,264,98,229
1317,264,99,229
1317,264,100,229
1317,264,101,229
1317,264,102,229
1321,263,106,230
1321,263,106,230
1321,263,106,230
1321,263,106,230
1321,263,106,230
1321,263,106,230
1321,263,106,230
1321,263,106,230
1321,263,106,230
1321,263,106,230
1321,263,106,230
1321,263,106,230
1321,263,106,230
1321,263,106,230
1321,263,106,230
1317,268,107,225
1317,268,107,225
1317,268,107,225
1317,268,107,225
1317,268,107,225
1317,268,107,225
1317,268,107,225
1317,268,107,225
1317,268,107,225
1317,268,107,225
1317,268,107,225
1317,268,107,225
1317,268,107,225
1317,268,107,225
1317,268,107,225
1321,268,104,227
1321,268,104,227
1321,268,104,227
1321,268,104,227
1321,268,104,227
1321,268,104,227
1321,268,104,227
1321,268,104,227
1321,268,104,227
1321,268,104,227
1321,268,104,227
1321,268,104,227
1321,268,104,227
1321,268,104,227
1321,268,104,227
1319,271,103,225
1319,271,103,225
1319,271,103,225
1319,271,103,225
1319,271,103,225
1319,271,103,225
1319,271,103,225
1319,271,103,225
1319,271,103,225
1319,271,103,225
1319,271,103,225
1319,271,103,225
1319,271,103,225
1319,271,103,225
1319,271,103,225
1321,273,104,220
1321,273,104,220
1321,273,104,220
1321,273,104,220
1321,273,104,220
1321,273,104,220
1321,273,104,220
1321,273,104,220
1321,273,104,220
1321,273,104,220
1321,273,104,220
1321,273,104,220
1321,273,104,220
1321,273,104,220
1321,273,104,220
1319,273,106,222
1319,273,106,222
1319,273,106,222
1319,273,106,222
1319,273,106,222
1319,273,106,222
1319,273,106,222
1319,273,106,222
1319,273,106,222
1319,273,106,222
1319,273,106,222
1319,273,106,222
1319,273,106,222
1319,273,106,222
1319,273,106,222
1319,271,105,220
1319,271,105,220
1319,271,105,220
1319,271,105,220
1319,271,105,220
1319,271,105,220
1319,271,105,220
1319,271,105,220
1319,271,105,220
1319,271,105,220
1319,271,105,220
1319,271,105,220
1319,271,105,220
1319,271,105,220
1319,271,105,220
1319,275,105,218
1319,275,105,218
1319,275,105,218
1319,275,105,218
1319,275,105,218
1319,275,105,218
1319,275,105,218
1319,275,105,218
1319,275,105,218
1319,275,105,218
1319,275,105,218
1319,275,105,218
1319,275,105,218
1319,275,105,218
1319,275,105,218
1317,275,107,221
1317,275,107,221
1317,275,107,221
1317,275,107,221
1317,275,107,221
1317,275,107,221
1317,275,107,221
1317,275,107,221
1317,275,107,221
1317,275,107,221
1317,275,107,221
1317,275,107,221
1317,275,107,221
1317,275,107,221
1317,275,107,221
1321,269,104,227
1322,269,103,228
1323,269,102,229
1324,269,101,230
1325,269,100,231
1326,269,99,232
1327,269,98,233
1328,269,97,234
1329,269,96,235
1330,269,95,236
1331,269,94,237
1332,269,93,238
1333,269,92,239
1334,269,91,240
1335,269,90,241
1332,269,82,238
1329,269,85,240
1326,269,88,242
1323,269,91,244
1320,269,94,246
1317,269,97,248
1314,269,100,250
1311,269,103,252
1308,269,106,254
1305,269,109,256
1302,269,112,258
1299,269,115,260
1296,269,118,262
1293,269,121,264
1290,269,124,266
1287,275,129,269
1281,276,129,269
1275,277,129,269
1269,278,129,269
1263,279,129,269
1257,280,129,269
1251,281,129,269
1245,282,129,269
1239,283,129,269
1233,284,129,269
1227,285,129,269
1221,286,129,269
1215,287,129,269
1209,288,129,269
1203,289,129,269
1200,292,133,274
1193,293,133,274
1186,294,133,274
1179,295,133,274
1172,296,133,274
1165,297,133,274
1158,298,133,274
1151,299,133,274
1144,300,133,274
1137,301,133,274
1130,302,133,274
1123,303,133,274
1116,304,133,274
1109,305,133,274
1102,306,133,274
1088,300,130,273
1080,301,130,274
1072,302,130,275
1064,303,130,276
1056,304,130,277
1048,305,130,278
1040,306,130,279
1032,307,130,280
1024,308,130,281
1016,309,130,282
1008,310,130,283
1000,311,130,284
992,312,130,285
984,313,130,286
976,314,130,287
971,314,127,294
971,319,129,294
971,324,131,294
971,329,133,294
971,334,135,294
971,339,137,294
971,344,139,294
971,349,141,294
971,354,143,294
971,359,145,294
971,364,147,294
971,369,149,294
971,374,151,294
971,379,153,294
971,384,155,294
975,383,153,297
978,389,165,297
981,395,177,297
984,401,189,297
987,407,201,297
990,413,213,297
993,419,225,297
996,425,237,297
999,431,249,297
1002,437,261,297
1005,443,273,297
1008,449,285,297
1011,455,297,297
1014,461,309,297
1017,467,321,297
1016,466,332,295
