1350,422,67,171
1350,422,67,172
1350,422,67,173
1350,422,67,174
1350,422,67,175
1350,422,67,176
1350,422,67,177
1350,422,67,178
1350,422,67,179
1350,422,67,180
1350,422,67,181
1350,422,67,182
1350,422,67,183
1350,422,67,184
1350,422,67,185
1346,418,73,185
1346,418,73,185
1346,418,73,185
1346,418,73,185
1346,418,73,185
1346,418,73,185
1346,418,73,185
1346,418,73,185
1346,418,73,185
1346,418,73,185
1346,418,73,185
1346,418,73,185
1346,418,73,185
1346,418,73,185
1346,418,73,185
1350,418,67,185
1350,418,67,185
1350,418,67,185
1350,418,67,185
1350,418,67,185
1350,418,67,185
1350,418,67,185
1350,418,67,185
1350,418,67,185
1350,418,67,185
1350,418,67,185
1350,418,67,185
1350,418,67,185
1350,418,67,185
1350,418,67,185
1355,415,60,190
1355,416,61,190
1355,417,62,190
1355,418,63,190
1355,419,64,190
1355,420,65,190
1355,421,66,190
1355,422,67,190
1355,423,68,190
1355,424,69,190
1355,425,70,190
1355,426,71,190
1355,427,72,190
1355,428,73,190
1355,429,74,190
1350,423,69,184
1350,423,69,183
1350,423,69,182
1350,423,69,181
1350,423,69,180
1350,423,69,179
1350,423,69,178
1350,423,69,177
1350,423,69,176
1350,423,69,175
1350,423,69,174
1350,423,69,173
1350,423,69,172
1350,423,69,171
1350,423,69,170
1351,423,66,175
1351,423,66,176
1351,423,66,177
1351,423,66,178
1351,423,66,179
1351,423,66,180
1351,423,66,181
1351,423,66,182
1351,423,66,183
1351,423,66,184
1351,423,66,185
1351,423,66,186
1351,423,66,187
1351,423,66,188
1351,423,66,189
1348,420,67,189
1349,421,66,188
1350,422,65,187
1351,423,64,186
1352,424,63,185
1353,425,62,184
1354,426,61,183
1355,427,60,182
1356,428,59,181
1357,429,58,180
1358,430,57,179
1359,431,56,178
1360,432,55,177
1361,433,54,176
1362,434,53,175
1357,429,57,176
1357,429,57,176
1357,429,57,176
1357,429,57,176
1357,429,57,176
1357,429,57,176
1357,429,57,176
1357,429,57,176
1357,429,57,176
1357,429,57,176
1357,429,57,176
1357,429,57,176
1357,429,57,176
1357,429,57,176
1357,429,57,176
1353,430,64,177
1353,430,64,177
1353,430,64,177
1353,430,64,177
1353,430,64,177
1353,430,64,177
1353,430,64,177
1353,430,64,177
1353,430,64,177
1353,430,64,177
1353,430,64,177
1353,430,64,177
1353,430,64,177
1353,430,64,177
1353,430,64,177
1353,432,64,171
1353,432,64,171
1353,432,64,171
1353,432,64,171
1353,432,64,171
1353,432,64,171
1353,432,64,171
1353,432,64,171
1353,432,64,171
1353,432,64,171
1353,432,64,171
1353,432,64,171
1353,432,64,171
1353,432,64,171
1353,432,64,171
1353,432,61,166
1353,432,61,167
1353,432,61,168
1353,432,61,169
1353,432,61,170
1353,432,61,171
1353,432,61,172
1353,432,61,173
1353,432,61,174
1353,432,61,175
1353,432,61,176
1353,432,61,177
1353,432,61,178
1353,432,61,179
1353,432,61,180
1353,425,64,180
1353,425,64,180
1353,425,64,180
1353,425,64,180
1353,425,64,180
1353,425,64,180
1353,425,64,180
1353,425,64,180
1353,425,64,180
1353,425,64,180
1353,425,64,180
1353,425,64,180
1353,425,64,180
1353,425,64,180
1353,425,64,180
1346,429,66,173
1346,429,66,173
1346,429,66,173
1346,429,66,173
1346,429,66,173
1346,429,66,173
1346,429,66,173
1346,429,66,173
1346,429,66,173
1346,429,66,173
1346,429,66,173
1346,429,66,173
1346,429,66,173
1346,429,66,173
1346,429,66,173
1351,427,61,178
1351,428,61,177
1351,429,61,176
1351,430,61,175
1351,431,61,174
1351,432,61,173
1351,433,61,172
1351,434,61,171
1351,435,61,170
1351,436,61,169
1351,437,61,168
1351,438,61,167
1351,439,61,166
1351,440,61,165
1351,441,61,164
1353,435,59,165
1353,434,59,166
1353,433,59,167
1353,432,59,168
1353,431,59,169
1353,430,59,170
1353,429,59,171
1353,428,59,172
1353,427,59,173
1353,426,59,174
1353,425,59,175
1353,424,59,176
1353,423,59,177
1353,422,59,178
1353,421,59,179
1355,423,62,177
1355,424,62,176
1355,425,62,175
1355,426,62,174
1355,427,62,173
1355,428,62,172
1355,429,62,171
1355,430,62,170
1355,431,62,169
1355,432,62,168
1355,433,62,167
1355,434,62,166
1355,435,62,165
1355,436,62,164
1355,437,62,163
1353,435,59,160
1353,435,59,161
1353,435,59,162
1353,435,59,163
1353,435,59,164
1353,435,59,165
1353,435,59,166
1353,435,59,167
1353,435,59,168
1353,435,59,169
1353,435,59,170
1353,435,59,171
1353,435,59,172
1353,435,59,173
1353,435,59,174
1351,430,64,168
1351,430,64,168
1351,430,64,168
1351,430,64,168
1351,430,64,168
1351,430,64,168
1351,430,64,168
1351,430,64,168
1351,430,64,168
1351,430,64,168
1351,430,64,168
1351,430,64,168
1351,430,64,168
1351,430,64,168
1351,430,64,168
1357,432,58,173
1357,432,58,173
1357,432,58,173
1357,432,58,173
1357,432,58,173
1357,432,58,173
1357,432,58,173
1357,432,58,173
1357,432,58,173
1357,432,58,173
1357,432,58,173
1357,432,58,173
1357,432,58,173
1357,432,58,173
1357,432,58,173
1355,429,62,173
1355,429,62,173
1355,429,62,173
1355,429,62,173
1355,429,62,173
1355,429,62,173
1355,429,62,173
1355,429,62,173
1355,429,62,173
1355,429,62,173
1355,429,62,173
1355,429,62,173
1355,429,62,173
1355,429,62,173
1355,429,62,173
1350,430,64,177
1351,430,64,176
1352,430,64,175
1353,430,64,174
1354,430,64,173
1355,430,64,172
1356,430,64,171
1357,430,64,170
1358,430,64,169
1359,430,64,168
1360,430,64,167
1361,430,64,166
1362,430,64,165
1363,430,64,164
1364,430,64,163
1358,432,59,165
1358,432,59,165
1358,432,59,165
1358,432,59,165
1358,432,59,165
1358,432,59,165
1358,432,59,165
1358,432,59,165
1358,432,59,165
1358,432,59,165
1358,432,59,165
1358,432,59,165
1358,432,59,165
1358,432,59,165
1358,432,59,165
1353,432,59,171
1353,432,59,171
1353,432,59,171
1353,432,59,171
1353,432,59,171
1353,432,59,171
1353,432,59,171
1353,432,59,171
1353,432,59,171
1353,432,59,171
1353,432,59,171
1353,432,59,171
1353,432,59,171
1353,432,59,171
1353,432,59,171
1355,430,64,175
1355,429,64,175
1355,428,64,175
1355,427,64,175
1355,426,64,175
1355,425,64,175
1355,424,64,175
1355,423,64,175
1355,422,64,175
1355,421,64,175
1355,420,64,175
1355,419,64,175
1355,418,64,175
1355,417,64,175
1355,416,64,175
1353,418,62,182
1353,419,62,182
1353,420,62,182
1353,421,62,182
1353,422,62,182
1353,423,62,182
1353,424,62,182
1353,425,62,182
1353,426,62,182
1353,427,62,182
1353,428,62,182
1353,429,62,182
1353,430,62,182
1353,431,62,182
1353,432,62,182
1348,427,66,180
1348,427,66,180
1348,427,66,180
1348,427,66,180
1348,427,66,180
1348,427,66,180
1348,427,66,180
1348,427,66,180
1348,427,66,180
1348,427,66,180
1348,427,66,180
1348,427,66,180
1348,427,66,180
1348,427,66,180
1348,427,66,180
1350,432,60,175
1350,432,60,175
1350,432,60,175
1350,432,60,175
1350,432,60,175
1350,432,60,175
1350,432,60,175
1350,432,60,175
1350,432,60,175
1350,432,60,175
1350,432,60,175
1350,432,60,175
1350,432,60,175
1350,432,60,175
1350,432,60,175
1350,430,65,179
1350,429,66,182
1350,428,67,185
1350,427,68,188
1350,426,69,191
1350,425,70,194
1350,424,71,197
1350,423,72,200
1350,422,73,203
1350,421,74,206
1350,420,75,209
1350,419,76,212
1350,418,77,215
1350,417,78,218
1350,416,79,221
1351,420,78,219
1351,422,78,220
1351,424,78,221
1351,426,78,222
1351,428,78,223
1351,430,78,224
1351,432,78,225
1351,434,78,226
1351,436,78,227
1351,438,78,228
1351,440,78,229
1351,442,78,230
1351,444,78,231
1351,446,78,232
1351,448,78,233
1345,454,76,232
1340,455,78,232
1335,456,80,232
1330,457,82,232
1325,458,84,232
1320,459,86,232
1315,460,88,232
1310,461,90,232
1305,462,92,232
1300,463,94,232
1295,464,96,232
1290,465,98,232
1285,466,100,232
1280,467,102,232
1275,468,104,232
1273,467,112,238
