1544,291,95,257
1544,291,95,257
1544,291,95,257
1544,291,95,257
1544,291,95,257
1544,291,95,257
1544,291,95,257
1544,291,95,257
1544,291,95,257
1544,291,95,257
1544,291,95,257
1544,291,95,257
1544,291,95,257
1544,291,95,257
1544,291,95,257
1542,291,96,257
1542,291,96,257
1542,291,96,257
1542,291,96,257
1542,291,96,257
1542,291,96,257
1542,291,96,257
1542,291,96,257
1542,291,96,257
1542,291,96,257
1542,291,96,257
1542,291,96,257
1542,291,96,257
1542,291,96,257
1542,291,96,257
1537,289,97,257
1537,289,97,257
1537,289,97,257
1537,289,97,257
1537,289,97,257
1537,289,97,257
1537,289,97,257
1537,289,97,257
1537,289,97,257
1537,289,97,257
1537,289,97,257
1537,289,97,257
1537,289,97,257
1537,289,97,257
1537,289,97,257
1541,288,93,263
1541,288,93,263
1541,288,93,263
1541,288,93,263
1541,288,93,263
1541,288,93,263
1541,288,93,263
1541,288,93,263
1541,288,93,263
1541,288,93,263
1541,288,93,263
1541,288,93,263
1541,288,93,263
1541,288,93,263
1541,288,93,263
1539,288,95,263
1539,288,95,263
1539,288,95,263
1539,288,95,263
1539,288,95,263
1539,288,95,263
1539,288,95,263
1539,288,95,263
1539,288,95,263
1539,288,95,263
1539,288,95,263
1539,288,95,263
1539,288,95,263
1539,288,95,263
1539,288,95,263
1546,291,88,257
1545,291,89,257
1544,291,90,257
1543,291,91,257
1542,291,92,257
1541,291,93,257
1540,291,94,257
1539,291,95,257
1538,291,96,257
1537,291,97,257
1536,291,98,257
1535,291,99,257
1534,291,100,257
1533,291,101,257
1532,291,102,257
1537,289,101,257
1537,289,100,257
1537,289,99,257
1537,289,98,257
1537,289,97,257
1537,289,96,257
1537,289,95,257
1537,289,94,257
1537,289,93,257
1537,289,92,257
1537,289,91,257
1537,289,90,257
1537,289,89,257
1537,289,88,257
1537,289,87,257
1542,289,92,259
1542,289,92,258
1542,289,92,257
1542,289,92,256
1542,289,92,255
1542,289,92,254
1542,289,92,253
1542,289,92,252
1542,289,92,251
1542,289,92,250
1542,289,92,249
1542,289,92,248
1542,289,92,247
1542,289,92,246
1542,289,92,245
1544,293,89,248
1544,293,89,249
1544,293,89,250
1544,293,89,251
1544,293,89,252
1544,293,89,253
1544,293,89,254
1544,293,89,255
1544,293,89,256
1544,293,89,257
1544,293,89,258
1544,293,89,259
1544,293,89,260
1544,293,89,261
1544,293,89,262
1541,289,95,259
1541,289,95,258
1541,289,95,257
1541,289,95,256
1541,289,95,255
1541,289,95,254
1541,289,95,253
1541,289,95,252
1541,289,95,251
1541,289,95,250
1541,289,95,249
1541,289,95,248
1541,289,95,247
1541,289,95,246
1541,289,95,245
1541,294,92,251
1541,294,92,252
1541,294,92,253
1541,294,92,254
1541,294,92,255
1541,294,92,256
1541,294,92,257
1541,294,92,258
1541,294,92,259
1541,294,92,260
1541,294,92,261
1541,294,92,262
1541,294,92,263
1541,294,92,264
1541,294,92,265
1544,289,92,261
1544,289,92,261
1544,289,92,261
1544,289,92,261
1544,289,92,261
1544,289,92,261
1544,289,92,261
1544,289,92,261
1544,289,92,261
1544,289,92,261
1544,289,92,261
1544,289,92,261
1544,289,92,261
1544,289,92,261
1544,289,92,261
1541,293,92,255
1541,293,92,255
1541,293,92,255
1541,293,92,255
1541,293,92,255
1541,293,92,255
1541,293,92,255
1541,293,92,255
1541,293,92,255
1541,293,92,255
1541,293,92,255
1541,293,92,255
1541,293,92,255
1541,293,92,255
1541,293,92,255
1541,293,95,248
1541,293,95,249
1541,293,95,250
1541,293,95,251
1541,293,95,252
1541,293,95,253
1541,293,95,254
1541,293,95,255
1541,293,95,256
1541,293,95,257
1541,293,95,258
1541,293,95,259
1541,293,95,260
1541,293,95,261
1541,293,95,262
1541,291,98,257
1541,291,98,257
1541,291,98,257
1541,291,98,257
1541,291,98,257
1541,291,98,257
1541,291,98,257
1541,291,98,257
1541,291,98,257
1541,291,98,257
1541,291,98,257
1541,291,98,257
1541,291,98,257
1541,291,98,257
1541,291,98,257
1542,291,96,250
1542,291,96,251
1542,291,96,252
1542,291,96,253
1542,291,96,254
1542,291,96,255
1542,291,96,256
1542,291,96,257
1542,291,96,258
1542,291,96,259
1542,291,96,260
1542,291,96,261
1542,291,96,262
1542,291,96,263
1542,291,96,264
1542,289,94,261
1542,289,94,261
1542,289,94,261
1542,289,94,261
1542,289,94,261
1542,289,94,261
1542,289,94,261
1542,289,94,261
1542,289,94,261
1542,289,94,261
1542,289,94,261
1542,289,94,261
1542,289,94,261
1542,289,94,261
1542,289,94,261
1541,291,97,255
1541,291,97,255
1541,291,97,255
1541,291,97,255
1541,291,97,255
1541,291,97,255
1541,291,97,255
1541,291,97,255
1541,291,97,255
1541,291,97,255
1541,291,97,255
1541,291,97,255
1541,291,97,255
1541,291,97,255
1541,291,97,255
1539,288,99,260
1539,288,99,260
1539,288,99,260
1539,288,99,260
1539,288,99,260
1539,288,99,260
1539,288,99,260
1539,288,99,260
1539,288,99,260
1539,288,99,260
1539,288,99,260
1539,288,99,260
1539,288,99,260
1539,288,99,260
1539,288,99,260
1537,294,96,254
1537,293,96,254
1537,292,96,254
1537,291,96,254
1537,290,96,254
1537,289,96,254
1537,288,96,254
1537,287,96,254
1537,286,96,254
1537,285,96,254
1537,284,96,254
1537,283,96,254
1537,282,96,254
1537,281,96,254
1537,280,96,254
1544,286,92,260
1544,286,92,260
1544,286,92,260
1544,286,92,260
1544,286,92,260
1544,286,92,260
1544,286,92,260
1544,286,92,260
1544,286,92,260
1544,286,92,260
1544,286,92,260
1544,286,92,260
1544,286,92,260
1544,286,92,260
1544,286,92,260
1544,291,90,255
1544,291,90,255
1544,291,90,255
1544,291,90,255
1544,291,90,255
1544,291,90,255
1544,291,90,255
1544,291,90,255
1544,291,90,255
1544,291,90,255
1544,291,90,255
1544,291,90,255
1544,291,90,255
1544,291,90,255
1544,291,90,255
1541,291,90,250
1541,291,90,250
1541,291,90,250
1541,291,90,250
1541,291,90,250
1541,291,90,250
1541,291,90,250
1541,291,90,250
1541,291,90,250
1541,291,90,250
1541,291,90,250
1541,291,90,250
1541,291,90,250
1541,291,90,250
1541,291,90,250
1539,293,94,255
1539,293,95,255
1539,293,96,255
1539,293,97,255
1539,293,98,255
1539,293,99,255
1539,293,100,255
1539,293,101,255
1539,293,102,255
1539,293,103,255
1539,293,104,255
1539,293,105,255
1539,293,106,255
1539,293,107,255
1539,293,108,255
1534,289,102,257
1534,289,102,257
1534,289,102,257
1534,289,102,257
1534,289,102,257
1534,289,102,257
1534,289,102,257
1534,289,102,257
1534,289,102,257
1534,289,102,257
1534,289,102,257
1534,289,102,257
1534,289,102,257
1534,289,102,257
1534,289,102,257
1532,291,102,255
1533,291,101,258
1534,291,100,261
1535,291,99,264
1536,291,98,267
1537,291,97,270
1538,291,96,273
1539,291,95,276
1540,291,94,279
1541,291,93,282
1542,291,92,285
1543,291,91,288
1544,291,90,291
1545,291,89,294
1546,291,88,297
1541,286,92,296
1540,288,92,295
1539,290,92,294
1538,292,92,293
1537,294,92,292
1536,296,92,291
1535,298,92,290
1534,300,92,289
1533,302,92,288
1532,304,92,287
1531,306,92,286
1530,308,92,285
1529,310,92,284
1528,312,92,283
1527,314,92,282
1522,323,93,283
1514,324,97,284
1506,325,101,285
1498,326,105,286
1490,327,109,287
1482,328,113,288
1474,329,117,289
1466,330,121,290
1458,331,125,291
1450,332,129,292
1442,333,133,293
1434,334,137,294
1426,335,141,295
1418,336,145,296
1410,337,149,297
1407,337,150,297
1397,338,153,298
1387,339,156,299
1377,340,159,300
1367,341,162,301
1357,342,165,302
1347,343,168,303
1337,344,171,304
1327,345,174,305
1317,346,177,306
1307,347,180,307
1297,348,183,308
1287,349,186,309
1277,350,189,310
1267,351,192,311
1261,357,193,318
1253,361,189,314
1245,365,185,310
1237,369,181,306
1229,373,177,302
1221,377,173,298
1213,381,169,294
1205,385,165,290
1197,389,161,286
1189,393,157,282
1181,397,153,278
1173,401,149,274
1165,405,145,270
1157,409,141,266
1149,413,137,262
1143,422,140,260
