1469,264,107,309
1469,264,107,309
1469,264,107,309
1469,264,107,309
1469,264,107,309
1469,264,107,309
1469,264,107,309
1469,264,107,309
1469,264,107,309
1469,264,107,309
1469,264,107,309
1469,264,107,309
1469,264,107,309
1469,264,107,309
1469,264,107,309
1469,265,105,305
1469,265,105,305
1469,265,105,305
1469,265,105,305
1469,265,105,305
1469,265,105,305
1469,265,105,305
1469,265,105,305
1469,265,105,305
1469,265,105,305
1469,265,105,305
1469,265,105,305
1469,265,105,305
1469,265,105,305
1469,265,105,305
1468,270,108,298
1468,270,108,298
1468,270,108,298
1468,270,108,298
1468,270,108,298
1468,270,108,298
1468,270,108,298
1468,270,108,298
1468,270,108,298
1468,270,108,298
1468,270,108,298
1468,270,108,298
1468,270,108,298
1468,270,108,298
1468,270,108,298
1468,267,108,301
1468,267,108,301
1468,267,108,301
1468,267,108,301
1468,267,108,301
1468,267,108,301
1468,267,108,301
1468,267,108,301
1468,267,108,301
1468,267,108,301
1468,267,108,301
1468,267,108,301
1468,267,108,301
1468,267,108,301
1468,267,108,301
1469,265,107,303
1469,265,107,303
1469,265,107,303
1469,265,107,303
1469,265,107,303
1469,265,107,303
1469,265,107,303
1469,265,107,303
1469,265,107,303
1469,265,107,303
1469,265,107,303
1469,265,107,303
1469,265,107,303
1469,265,107,303
1469,265,107,303
1469,264,101,307
1469,264,101,307
1469,264,101,307
1469,264,101,307
1469,264,101,307
1469,264,101,307
1469,264,101,307
1469,264,101,307
1469,264,101,307
1469,264,101,307
1469,264,101,307
1469,264,101,307
1469,264,101,307
1469,264,101,307
1469,264,101,307
1468,264,104,306
1468,264,104,306
1468,264,104,306
1468,264,104,306
1468,264,104,306
1468,264,104,306
1468,264,104,306
1468,264,104,306
1468,264,104,306
1468,264,104,306
1468,264,104,306
1468,264,104,306
1468,264,104,306
1468,264,104,306
1468,264,104,306
1469,264,107,306
1469,264,107,306
1469,264,107,306
1469,264,107,306
1469,264,107,306
1469,264,107,306
1469,264,107,306
1469,264,107,306
1469,264,107,306
1469,264,107,306
1469,264,107,306
1469,264,107,306
1469,264,107,306
1469,264,107,306
1469,264,107,306
1469,267,107,304
1469,267,107,304
1469,267,107,304
1469,267,107,304
1469,267,107,304
1469,267,107,304
1469,267,107,304
1469,267,107,304
1469,267,107,304
1469,267,107,304
1469,267,107,304
1469,267,107,304
1469,267,107,304
1469,267,107,304
1469,267,107,304
1469,267,109,299
1469,267,109,299
1469,267,109,299
1469,267,109,299
1469,267,109,299
1469,267,109,299
1469,267,109,299
1469,267,109,299
1469,267,109,299
1469,267,109,299
1469,267,109,299
1469,267,109,299
1469,267,109,299
1469,267,109,299
1469,267,109,299
1469,272,109,294
1469,272,109,295
1469,272,109,296
1469,272,109,297
1469,272,109,298
1469,272,109,299
1469,272,109,300
1469,272,109,301
1469,272,109,302
1469,272,109,303
1469,272,109,304
1469,272,109,305
1469,272,109,306
1469,272,109,307
1469,272,109,308
1469,268,103,302
1469,268,103,302
1469,268,103,302
1469,268,103,302
1469,268,103,302
1469,268,103,302
1469,268,103,302
1469,268,103,302
1469,268,103,302
1469,268,103,302
1469,268,103,302
1469,268,103,302
1469,268,103,302
1469,268,103,302
1469,268,103,302
1468,267,99,301
1468,267,100,301
1468,267,101,301
1468,267,102,301
1468,267,103,301
1468,267,104,301
1468,267,105,301
1468,267,106,301
1468,267,107,301
1468,267,108,301
1468,267,109,301
1468,267,110,301
1468,267,111,301
1468,267,112,301
1468,267,113,301
1466,265,108,305
1466,265,108,305
1466,265,108,305
1466,265,108,305
1466,265,108,305
1466,265,108,305
1466,265,108,305
1466,265,108,305
1466,265,108,305
1466,265,108,305
1466,265,108,305
1466,265,108,305
1466,265,108,305
1466,265,108,305
1466,265,108,305
1469,268,107,303
1469,268,107,303
1469,268,107,303
1469,268,107,303
1469,268,107,303
1469,268,107,303
1469,268,107,303
1469,268,107,303
1469,268,107,303
1469,268,107,303
1469,268,107,303
1469,268,107,303
1469,268,107,303
1469,268,107,303
1469,268,107,303
1471,268,101,300
1471,268,102,300
1471,268,103,300
1471,268,104,300
1471,268,105,300
1471,268,106,300
1471,268,107,300
1471,268,108,300
1471,268,109,300
1471,268,110,300
1471,268,111,300
1471,268,112,300
1471,268,113,300
1471,268,114,300
1471,268,115,300
1469,265,109,303
1469,265,109,303
1469,265,109,303
1469,265,109,303
1469,265,109,303
1469,265,109,303
1469,265,109,303
1469,265,109,303
1469,265,109,303
1469,265,109,303
1469,265,109,303
1469,265,109,303
1469,265,109,303
1469,265,109,303
1469,265,109,303
1469,267,107,303
1469,267,107,303
1469,267,107,303
1469,267,107,303
1469,267,107,303
1469,267,107,303
1469,267,107,303
1469,267,107,303
1469,267,107,303
1469,267,107,303
1469,267,107,303
1469,267,107,303
1469,267,107,303
1469,267,107,303
1469,267,107,303
1469,267,105,299
1469,267,105,299
1469,267,105,299
1469,267,105,299
1469,267,105,299
1469,267,105,299
1469,267,105,299
1469,267,105,299
1469,267,105,299
1469,267,105,299
1469,267,105,299
1469,267,105,299
1469,267,105,299
1469,267,105,299
1469,267,105,299
1469,267,107,303
1469,267,107,303
1469,267,107,303
1469,267,107,303
1469,267,107,303
1469,267,107,303
1469,267,107,303
1469,267,107,303
1469,267,107,303
1469,267,107,303
1469,267,107,303
1469,267,107,303
1469,267,107,303
1469,267,107,303
1469,267,107,303
1473,265,105,301
1473,265,105,301
1473,265,105,301
1473,265,105,301
1473,265,105,301
1473,265,105,301
1473,265,105,301
1473,265,105,301
1473,265,105,301
1473,265,105,301
1473,265,105,301
1473,265,105,301
1473,265,105,301
1473,265,105,301
1473,265,105,301
1471,265,99,305
1471,265,99,305
1471,265,99,305
1471,265,99,305
1471,265,99,305
1471,265,99,305
1471,265,99,305
1471,265,99,305
1471,265,99,305
1471,265,99,305
1471,265,99,305
1471,265,99,305
1471,265,99,305
1471,265,99,305
1471,265,99,305
1471,268,103,303
1470,268,104,303
1469,268,105,303
1468,268,106,303
1467,268,107,303
1466,268,108,303
1465,268,109,303
1464,268,110,303
1463,268,111,303
1462,268,112,303
1461,268,113,303
1460,268,114,303
1459,268,115,303
1458,268,116,303
1457,268,117,303
1460,267,121,303
1460,267,121,303
1460,267,121,303
1460,267,121,303
1460,267,121,303
1460,267,121,303
1460,267,121,303
1460,267,121,303
1460,267,121,303
1460,267,121,303
1460,267,121,303
1460,267,121,303
1460,267,121,303
1460,267,121,303
1460,267,121,303
1459,267,119,301
1459,267,119,301
1459,267,119,301
1459,267,119,301
1459,267,119,301
1459,267,119,301
1459,267,119,301
1459,267,119,301
1459,267,119,301
1459,267,119,301
1459,267,119,301
1459,267,119,301
1459,267,119,301
1459,267,119,301
1459,267,119,301
1457,268,122,300
1457,267,122,302
1457,266,122,304
1457,265,122,306
1457,264,122,308
1457,263,122,310
1457,262,122,312
1457,261,122,314
1457,260,122,316
1457,259,122,318
1457,258,122,320
1457,257,122,322
1457,256,122,324
1457,255,122,326
1457,254,122,328
1462,255,126,336
1462,257,126,338
1462,259,126,340
1462,261,126,342
1462,263,126,344
1462,265,126,346
1462,267,126,348
1462,269,126,350
1462,271,126,352
1462,273,126,354
1462,275,126,356
1462,277,126,358
1462,279,126,360
1462,281,126,362
1462,283,126,364
1457,290,122,360
1450,291,125,360
1443,292,128,360
1436,293,131,360
1429,294,134,360
1422,295,137,360
1415,296,140,360
1408,297,143,360
1401,298,146,360
1394,299,149,360
1387,300,152,360
1380,301,155,360
1373,302,158,360
1366,303,161,360
1359,304,164,360
1346,305,164,360
1336,306,167,362
1326,307,170,364
1316,308,173,366
1306,309,176,368
1296,310,179,370
1286,311,182,372
1276,312,185,374
1266,313,188,376
1256,314,191,378
1246,315,194,380
1236,316,197,382
1226,317,200,384
1216,318,203,386
1206,319,206,388
1194,319,202,393
1183,323,199,390
1172,327,196,387
1161,331,193,384
1150,335,190,381
1139,339,187,378
1128,343,184,375
1117,347,181,372
1106,351,178,369
1095,355,175,366
1084,359,172,363
1073,363,169,360
1062,367,166,357
1051,371,163,354
1040,375,160,351
1025,375,159,349
