1375,275,98,217
1375,275,98,216
1375,275,98,215
1375,275,98,214
1375,275,98,213
1375,275,98,212
1375,275,98,211
1375,275,98,210
1375,275,98,209
1375,275,98,208
1375,275,98,207
1375,275,98,206
1375,275,98,205
1375,275,98,204
1375,275,98,203
1371,277,98,208
1371,277,97,208
1371,277,96,208
1371,277,95,208
1371,277,94,208
1371,277,93,208
1371,277,92,208
1371,277,91,208
1371,277,90,208
1371,277,89,208
1371,277,88,208
1371,277,87,208
1371,277,86,208
1371,277,85,208
1371,277,84,208
1371,275,85,212
1371,275,85,212
1371,275,85,212
1371,275,85,212
1371,275,85,212
1371,275,85,212
1371,275,85,212
1371,275,85,212
1371,275,85,212
1371,275,85,212
1371,275,85,212
1371,275,85,212
1371,275,85,212
1371,275,85,212
1371,275,85,212
1375,275,85,217
1375,275,85,217
1375,275,85,217
1375,275,85,217
1375,275,85,217
1375,275,85,217
1375,275,85,217
1375,275,85,217
1375,275,85,217
1375,275,85,217
1375,275,85,217
1375,275,85,217
1375,275,85,217
1375,275,85,217
1375,275,85,217
1377,277,84,213
1377,277,84,213
1377,277,84,213
1377,277,84,213
1377,277,84,213
1377,277,84,213
1377,277,84,213
1377,277,84,213
1377,277,84,213
1377,277,84,213
1377,277,84,213
1377,277,84,213
1377,277,84,213
1377,277,84,213
1377,277,84,213
1373,277,85,210
1373,277,85,210
1373,277,85,210
1373,277,85,210
1373,277,85,210
1373,277,85,210
1373,277,85,210
1373,277,85,210
1373,277,85,210
1373,277,85,210
1373,277,85,210
1373,277,85,210
1373,277,85,210
1373,277,85,210
1373,277,85,210
1373,280,87,210
1373,280,87,210
1373,280,87,210
1373,280,87,210
1373,280,87,210
1373,280,87,210
1373,280,87,210
1373,280,87,210
1373,280,87,210
1373,280,87,210
1373,280,87,210
1373,280,87,210
1373,280,87,210
1373,280,87,210
1373,280,87,210
1369,278,85,212
1369,278,85,212
1369,278,85,212
1369,278,85,212
1369,278,85,212
1369,278,85,212
1369,278,85,212
1369,278,85,212
1369,278,85,212
1369,278,85,212
1369,278,85,212
1369,278,85,212
1369,278,85,212
1369,278,85,212
1369,278,85,212
1371,280,85,208
1371,280,85,208
1371,280,85,208
1371,280,85,208
1371,280,85,208
1371,280,85,208
1371,280,85,208
1371,280,85,208
1371,280,85,208
1371,280,85,208
1371,280,85,208
1371,280,85,208
1371,280,85,208
1371,280,85,208
1371,280,85,208
1375,278,79,209
1375,278,79,209
1375,278,79,209
1375,278,79,209
1375,278,79,209
1375,278,79,209
1375,278,79,209
1375,278,79,209
1375,278,79,209
1375,278,79,209
1375,278,79,209
1375,278,79,209
1375,278,79,209
1375,278,79,209
1375,278,79,209
1375,278,79,209
1375,278,79,209
1375,278,79,209
1375,278,79,209
1375,278,79,209
1375,278,79,209
1375,278,79,209
1375,278,79,209
1375,278,79,209
1375,278,79,209
1375,278,79,209
1375,278,79,209
1375,278,79,209
1375,278,79,209
1375,278,79,209
1375,278,81,207
1375,278,81,207
1375,278,81,207
1375,278,81,207
1375,278,81,207
1375,278,81,207
1375,278,81,207
1375,278,81,207
1375,278,81,207
1375,278,81,207
1375,278,81,207
1375,278,81,207
1375,278,81,207
1375,278,81,207
1375,278,81,207
1375,277,77,208
1375,277,77,208
1375,277,77,208
1375,277,77,208
1375,277,77,208
1375,277,77,208
1375,277,77,208
1375,277,77,208
1375,277,77,208
1375,277,77,208
1375,277,77,208
1375,277,77,208
1375,277,77,208
1375,277,77,208
1375,277,77,208
1373,275,79,212
1373,275,79,212
1373,275,79,212
1373,275,79,212
1373,275,79,212
1373,275,79,212
1373,275,79,212
1373,275,79,212
1373,275,79,212
1373,275,79,212
1373,275,79,212
1373,275,79,212
1373,275,79,212
1373,275,79,212
1373,275,79,212
1373,278,79,210
1373,278,79,210
1373,278,79,210
1373,278,79,210
1373,278,79,210
1373,278,79,210
1373,278,79,210
1373,278,79,210
1373,278,79,210
1373,278,79,210
1373,278,79,210
1373,278,79,210
1373,278,79,210
1373,278,79,210
1373,278,79,210
1373,275,85,210
1373,275,84,210
1373,275,83,210
1373,275,82,210
1373,275,81,210
1373,275,80,210
1373,275,79,210
1373,275,78,210
1373,275,77,210
1373,275,76,210
1373,275,75,210
1373,275,74,210
1373,275,73,210
1373,275,72,210
1373,275,71,210
1375,270,77,213
1375,270,77,213
1375,270,77,213
1375,270,77,213
1375,270,77,213
1375,270,77,213
1375,270,77,213
1375,270,77,213
1375,270,77,213
1375,270,77,213
1375,270,77,213
1375,270,77,213
1375,270,77,213
1375,270,77,213
1375,270,77,213
1373,270,81,215
1373,270,81,215
1373,270,81,215
1373,270,81,215
1373,270,81,215
1373,270,81,215
1373,270,81,215
1373,270,81,215
1373,270,81,215
1373,270,81,215
1373,270,81,215
1373,270,81,215
1373,270,81,215
1373,270,81,215
1373,270,81,215
1373,269,83,221
1373,269,83,221
1373,269,83,221
1373,269,83,221
1373,269,83,221
1373,269,83,221
1373,269,83,221
1373,269,83,221
1373,269,83,221
1373,269,83,221
1373,269,83,221
1373,269,83,221
1373,269,83,221
1373,269,83,221
1373,269,83,221
1375,267,81,218
1375,268,81,218
1375,269,81,218
1375,270,81,218
1375,271,81,218
1375,272,81,218
1375,273,81,218
1375,274,81,218
1375,275,81,218
1375,276,81,218
1375,277,81,218
1375,278,81,218
1375,279,81,218
1375,280,81,218
1375,281,81,218
1375,277,83,216
1375,277,83,216
1375,277,83,216
1375,277,83,216
1375,277,83,216
1375,277,83,216
1375,277,83,216
1375,277,83,216
1375,277,83,216
1375,277,83,216
1375,277,83,216
1375,277,83,216
1375,277,83,216
1375,277,83,216
1375,277,83,216
1369,280,89,218
1369,281,89,221
1369,282,89,224
1369,283,89,227
1369,284,89,230
1369,285,89,233
1369,286,89,236
1369,287,89,239
1369,288,89,242
1369,289,89,245
1369,290,89,248
1369,291,89,251
1369,292,89,254
1369,293,89,257
1369,294,89,260
1366,290,94,259
1360,292,97,260
1354,294,100,261
1348,296,103,262
1342,298,106,263
1336,300,109,264
1330,302,112,265
1324,304,115,266
1318,306,118,267
1312,308,121,268
1306,310,124,269
1300,312,127,270
1294,314,130,271
1288,316,133,272
1282,318,136,273
1278,316,135,267
