99,264,98,282
99,264,98,281
99,264,98,280
99,264,98,279
99,264,98,278
99,264,98,277
99,264,98,276
99,264,98,275
99,264,98,274
99,264,98,273
99,264,98,272
99,264,98,271
99,264,98,270
99,264,98,269
99,264,98,268
106,270,91,274
106,269,91,275
106,268,91,276
106,267,91,277
106,266,91,278
106,265,91,279
106,264,91,280
106,263,91,281
106,262,91,282
106,261,91,283
106,260,91,284
106,259,91,285
106,258,91,286
106,257,91,287
106,256,91,288
110,250,92,285
108,251,93,285
106,252,94,285
104,253,95,285
102,254,96,285
100,255,97,285
98,256,98,285
96,257,99,285
94,258,100,285
92,259,101,285
90,260,102,285
88,261,103,285
86,262,104,285
84,263,105,285
82,264,106,285
84,264,106,278
83,264,107,279
82,264,108,280
81,264,109,281
80,264,110,282
79,264,111,283
78,264,112,284
77,264,113,285
76,264,114,286
75,264,115,287
74,264,116,288
73,264,117,289
72,264,118,290
71,264,119,291
70,264,120,292
66,257,126,289
66,258,126,288
66,259,126,287
66,260,126,286
66,261,126,285
66,262,126,284
66,263,126,283
66,264,126,282
66,265,126,281
66,266,126,280
66,267,126,279
66,268,126,278
66,269,126,277
66,270,126,276
66,271,126,275
64,274,128,279
65,273,127,280
66,272,126,281
67,271,125,282
68,270,124,283
69,269,123,284
70,268,122,285
71,267,121,286
72,266,120,287
73,265,119,288
74,264,118,289
75,263,117,290
76,262,116,291
77,261,115,292
78,260,114,293
78,260,117,293
78,260,117,292
78,260,117,291
78,260,117,290
78,260,117,289
78,260,117,288
78,260,117,287
78,260,117,286
78,260,117,285
78,260,117,284
78,260,117,283
78,260,117,282
78,260,117,281
78,260,117,280
78,260,117,279
75,264,111,285
75,264,112,285
75,264,113,285
75,264,114,285
75,264,115,285
75,264,116,285
75,264,117,285
75,264,118,285
75,264,119,285
75,264,120,285
75,264,121,285
75,264,122,285
75,264,123,285
75,264,124,285
75,264,125,285
70,265,123,289
70,265,123,288
70,265,123,287
70,265,123,286
70,265,123,285
70,265,123,284
70,265,123,283
70,265,123,282
70,265,123,281
70,265,123,280
70,265,123,279
70,265,123,278
70,265,123,277
70,265,123,276
70,265,123,275
77,265,116,279
77,265,116,279
77,265,116,279
77,265,116,279
77,265,116,279
77,265,116,279
77,265,116,279
77,265,116,279
77,265,116,279
77,265,116,279
77,265,116,279
77,265,116,279
77,265,116,279
77,265,116,279
77,265,116,279
70,267,116,282
70,267,117,282
70,267,118,282
70,267,119,282
70,267,120,282
70,267,121,282
70,267,122,282
70,267,123,282
70,267,124,282
70,267,125,282
70,267,126,282
70,267,127,282
70,267,128,282
70,267,129,282
70,267,130,282
68,264,131,289
68,264,132,289
68,264,133,289
68,264,134,289
68,264,135,289
68,264,136,289
68,264,137,289
68,264,138,289
68,264,139,289
68,264,140,289
68,264,141,289
68,264,142,289
68,264,143,289
68,264,144,289
68,264,145,289
66,267,140,282
65,267,139,282
64,267,138,282
63,267,137,282
62,267,136,282
61,267,135,282
60,267,134,282
59,267,133,282
58,267,132,282
57,267,131,282
56,267,130,282
55,267,129,282
54,267,128,282
53,267,127,282
52,267,126,282
47,274,124,279
47,274,123,279
47,274,122,279
47,274,121,279
47,274,120,279
47,274,119,279
47,274,118,279
47,274,117,279
47,274,116,279
47,274,115,279
47,274,114,279
47,274,113,279
47,274,112,279
47,274,111,279
47,274,110,279
54,270,106,276
56,270,105,275
58,270,104,274
60,270,103,273
62,270,102,272
64,270,101,271
66,270,100,270
68,270,99,269
70,270,98,268
72,270,97,267
74,270,96,266
76,270,95,265
78,270,94,264
80,270,93,263
82,270,92,262
78,274,96,267
78,273,96,269
78,272,96,271
78,271,96,273
78,270,96,275
78,269,96,277
78,268,96,279
78,267,96,281
78,266,96,283
78,265,96,285
78,264,96,287
78,263,96,289
78,262,96,291
78,261,96,293
78,260,96,295
77,260,99,291
78,259,98,291
79,258,97,291
80,257,96,291
81,256,95,291
82,255,94,291
83,254,93,291
84,253,92,291
85,252,91,291
86,251,90,291
87,250,89,291
88,249,88,291
89,248,87,291
90,247,86,291
91,246,85,291
94,251,85,298
95,251,86,299
96,251,87,300
97,251,88,301
98,251,89,302
99,251,90,303
100,251,91,304
101,251,92,305
102,251,93,306
103,251,94,307
104,251,95,308
105,251,96,309
106,251,97,310
107,251,98,311
108,251,99,312
108,253,101,307
109,254,102,308
110,255,103,309
111,256,104,310
112,257,105,311
113,258,106,312
114,259,107,313
115,260,108,314
116,261,109,315
117,262,110,316
118,263,111,317
119,264,112,318
120,265,113,319
121,266,114,320
122,267,115,321
129,267,113,315
131,267,113,315
133,267,113,315
135,267,113,315
137,267,113,315
139,267,113,315
141,267,113,315
143,267,113,315
145,267,113,315
147,267,113,315
149,267,113,315
151,267,113,315
153,267,113,315
155,267,113,315
157,267,113,315
161,260,118,319
163,259,116,320
165,258,114,321
167,257,112,322
169,256,110,323
171,255,108,324
173,254,106,325
175,253,104,326
177,252,102,327
179,251,100,328
181,250,98,329
183,249,96,330
185,248,94,331
187,247,92,332
189,246,90,333
185,246,87,339
186,247,87,339
187,248,87,339
188,249,87,339
189,250,87,339
190,251,87,339
191,252,87,339
192,253,87,339
193,254,87,339
194,255,87,339
195,256,87,339
196,257,87,339
197,258,87,339
198,259,87,339
199,260,87,339
205,260,92,334
208,260,94,334
211,260,96,334
214,260,98,334
217,260,100,334
220,260,102,334
223,260,104,334
226,260,106,334
229,260,108,334
232,260,110,334
235,260,112,334
238,260,114,334
241,260,116,334
244,260,118,334
247,260,120,334
243,267,126,336
248,268,125,337
253,269,124,338
258,270,123,339
263,271,122,340
268,272,121,341
273,273,120,342
278,274,119,343
283,275,118,344
288,276,117,345
293,277,116,346
298,278,115,347
303,279,114,348
308,280,113,349
313,281,112,350
317,277,104,346
320,278,109,348
323,279,114,350
326,280,119,352
329,281,124,354
332,282,129,356
335,283,134,358
338,284,139,360
341,285,144,362
344,286,149,364
347,287,154,366
350,288,159,368
353,289,164,370
356,290,169,372
359,291,174,374
369,286,182,370
377,287,183,370
385,288,184,370
393,289,185,370
401,290,186,370
409,291,187,370
417,292,188,370
425,293,189,370
433,294,190,370
441,295,191,370
449,296,192,370
457,297,193,370
465,298,194,370
473,299,195,370
481,300,196,370
490,296,203,367
498,297,201,367
506,298,199,367
514,299,197,367
522,300,195,367
530,301,193,367
538,302,191,367
546,303,189,367
554,304,187,367
562,305,185,367
570,306,183,367
578,307,181,367
586,308,179,367
594,309,177,367
602,310,175,367
606,312,173,368
614,312,176,372
622,312,179,376
630,312,182,380
638,312,185,384
646,312,188,388
654,312,191,392
662,312,194,396
670,312,197,400
678,312,200,404
686,312,203,408
694,312,206,412
702,312,209,416
710,312,212,420
718,312,215,424
732,314,217,423
747,317,216,418
762,320,215,413
777,323,214,408
792,326,213,403
807,329,212,398
822,332,211,393
837,335,210,388
852,338,209,383
867,341,208,378
882,344,207,373
897,347,206,368
912,350,205,363
927,353,204,358
942,356,203,353
962,353,205,352
977,352,208,353
992,351,211,354
1007,350,214,355
1022,349,217,356
1037,348,220,357
1052,347,223,358
1067,346,226,359
1082,345,229,360
1097,344,232,361
1112,343,235,362
1127,342,238,363
1142,341,241,364
1157,340,244,365
1172,339,247,366
1190,339,250,372
