330,345,118,282
330,345,119,283
330,345,120,284
330,345,121,285
330,345,122,286
330,345,123,287
330,345,124,288
330,345,125,289
330,345,126,290
330,345,127,291
330,345,128,292
330,345,129,293
330,345,130,294
330,345,131,295
330,345,132,296
326,345,126,291
326,345,126,290
326,345,126,289
326,345,126,288
326,345,126,287
326,345,126,286
326,345,126,285
326,345,126,284
326,345,126,283
326,345,126,282
326,345,126,281
326,345,126,280
326,345,126,279
326,345,126,278
326,345,126,277
328,348,122,277
328,348,121,278
328,348,120,279
328,348,119,280
328,348,118,281
328,348,117,282
328,348,116,283
328,348,115,284
328,348,114,285
328,348,113,286
328,348,112,287
328,348,111,288
328,348,110,289
328,348,109,290
328,348,108,291
328,346,108,286
326,347,108,285
324,348,108,284
322,349,108,283
320,350,108,282
318,351,108,281
316,352,108,280
314,353,108,279
312,354,108,278
310,355,108,277
308,356,108,276
306,357,108,275
304,358,108,274
302,359,108,273
300,360,108,272
302,358,113,265
303,357,113,265
304,356,113,265
305,355,113,265
306,354,113,265
307,353,113,265
308,352,113,265
309,351,113,265
310,350,113,265
311,349,113,265
312,348,113,265
313,347,113,265
314,346,113,265
315,345,113,265
316,344,113,265
310,343,108,270
310,344,108,270
310,345,108,270
310,346,108,270
310,347,108,270
310,348,108,270
310,349,108,270
310,350,108,270
310,351,108,270
310,352,108,270
310,353,108,270
310,354,108,270
310,355,108,270
310,356,108,270
310,357,108,270
310,354,105,265
310,355,105,264
310,356,105,263
310,357,105,262
310,358,105,261
310,359,105,260
310,360,105,259
310,361,105,258
310,362,105,257
310,363,105,256
310,364,105,255
310,365,105,254
310,366,105,253
310,367,105,252
310,368,105,251
308,362,109,251
308,361,109,252
308,360,109,253
308,359,109,254
308,358,109,255
308,357,109,256
308,356,109,257
308,355,109,258
308,354,109,259
308,353,109,260
308,352,109,261
308,351,109,262
308,350,109,263
308,349,109,264
308,348,109,265
308,350,112,263
308,350,112,263
308,350,112,263
308,350,112,263
308,350,112,263
308,350,112,263
308,350,112,263
308,350,112,263
308,350,112,263
308,350,112,263
308,350,112,263
308,350,112,263
308,350,112,263
308,350,112,263
308,350,112,263
312,348,106,258
311,348,107,259
310,348,108,260
309,348,109,261
308,348,110,262
307,348,111,263
306,348,112,264
305,348,113,265
304,348,114,266
303,348,115,267
302,348,116,268
301,348,117,269
300,348,118,270
299,348,119,271
298,348,120,272
304,348,120,273
303,349,119,271
302,350,118,269
301,351,117,267
300,352,116,265
299,353,115,263
298,354,114,261
297,355,113,259
296,356,112,257
295,357,111,255
294,358,110,253
293,359,109,251
292,360,108,249
291,361,107,247
290,362,106,245
296,358,101,240
296,358,102,241
296,358,103,242
296,358,104,243
296,358,105,244
296,358,106,245
296,358,107,246
296,358,108,247
296,358,109,248
296,358,110,249
296,358,111,250
296,358,112,251
296,358,113,252
296,358,114,253
296,358,115,254
300,356,109,248
301,355,109,249
302,354,109,250
303,353,109,251
304,352,109,252
305,351,109,253
306,350,109,254
307,349,109,255
308,348,109,256
309,347,109,257
310,346,109,258
311,345,109,259
312,344,109,260
313,343,109,261
314,342,109,262
318,348,110,263
318,348,110,262
318,348,110,261
318,348,110,260
318,348,110,259
318,348,110,258
318,348,110,257
318,348,110,256
318,348,110,255
318,348,110,254
318,348,110,253
318,348,110,252
318,348,110,251
318,348,110,250
318,348,110,249
322,354,108,252
323,353,108,254
324,352,108,256
325,351,108,258
326,350,108,260
327,349,108,262
328,348,108,264
329,347,108,266
330,346,108,268
331,345,108,270
332,344,108,272
333,343,108,274
334,342,108,276
335,341,108,278
336,340,108,280
343,341,111,278
345,342,111,277
347,343,111,276
349,344,111,275
351,345,111,274
353,346,111,273
355,347,111,272
357,348,111,271
359,349,111,270
361,350,111,269
363,351,111,268
365,352,111,267
367,353,111,266
369,354,111,265
371,355,111,264
380,352,113,265
382,352,112,265
384,352,111,265
386,352,110,265
388,352,109,265
390,352,108,265
392,352,107,265
394,352,106,265
396,352,105,265
398,352,104,265
400,352,103,265
402,352,102,265
404,352,101,265
406,352,100,265
408,352,99,265
410,352,102,267
411,352,103,268
412,352,104,269
413,352,105,270
414,352,106,271
415,352,107,272
416,352,108,273
417,352,109,274
418,352,110,275
419,352,111,276
420,352,112,277
421,352,113,278
422,352,114,279
423,352,115,280
424,352,116,281
425,354,113,278
429,353,116,282
433,352,119,286
437,351,122,290
441,350,125,294
445,349,128,298
449,348,131,302
453,347,134,306
457,346,137,310
461,345,140,314
465,344,143,318
469,343,146,322
473,342,149,326
477,341,152,330
481,340,155,334
488,345,165,334
494,344,163,335
500,343,161,336
506,342,159,337
512,341,157,338
518,340,155,339
524,339,153,340
530,338,151,341
536,337,149,342
542,336,147,343
548,335,145,344
554,334,143,345
560,333,141,346
566,332,139,347
572,331,137,348
574,337,130,352
582,337,134,351
590,337,138,350
598,337,142,349
606,337,146,348
614,337,150,347
622,337,154,346
630,337,158,345
638,337,162,344
646,337,166,343
654,337,170,342
662,337,174,341
670,337,178,340
678,337,182,339
686,337,186,338
693,341,192,336
704,343,188,335
715,345,184,334
726,347,180,333
737,349,176,332
748,351,172,331
759,353,168,330
770,355,164,329
781,357,160,328
792,359,156,327
803,361,152,326
814,363,148,325
825,365,144,324
836,367,140,323
847,369,136,322
857,377,126,321
864,378,132,324
871,379,138,327
878,380,144,330
885,381,150,333
892,382,156,336
899,383,162,339
906,384,168,342
913,385,174,345
920,386,180,348
927,387,186,351
934,388,192,354
941,389,198,357
948,390,204,360
955,391,210,363
968,397,216,360
