402,330,103,220
402,330,103,220
402,330,103,220
402,330,103,220
402,330,103,220
402,330,103,220
402,330,103,220
402,330,103,220
402,330,103,220
402,330,103,220
402,330,103,220
402,330,103,220
402,330,103,220
402,330,103,220
402,330,103,220
399,328,107,222
399,328,107,222
399,328,107,222
399,328,107,222
399,328,107,222
399,328,107,222
399,328,107,222
399,328,107,222
399,328,107,222
399,328,107,222
399,328,107,222
399,328,107,222
399,328,107,222
399,328,107,222
399,328,107,222
402,326,103,226
402,326,103,226
402,326,103,226
402,326,103,226
402,326,103,226
402,326,103,226
402,326,103,226
402,326,103,226
402,326,103,226
402,326,103,226
402,326,103,226
402,326,103,226
402,326,103,226
402,326,103,226
402,326,103,226
400,326,101,224
400,326,101,223
400,326,101,222
400,326,101,221
400,326,101,220
400,326,101,219
400,326,101,218
400,326,101,217
400,326,101,216
400,326,101,215
400,326,101,214
400,326,101,213
400,326,101,212
400,326,101,211
400,326,101,210
404,332,97,216
404,332,97,216
404,332,97,216
404,332,97,216
404,332,97,216
404,332,97,216
404,332,97,216
404,332,97,216
404,332,97,216
404,332,97,216
404,332,97,216
404,332,97,216
404,332,97,216
404,332,97,216
404,332,97,216
399,330,102,220
399,330,102,221
399,330,102,222
399,330,102,223
399,330,102,224
399,330,102,225
399,330,102,226
399,330,102,227
399,330,102,228
399,330,102,229
399,330,102,230
399,330,102,231
399,330,102,232
399,330,102,233
399,330,102,234
395,326,106,228
395,326,106,228
395,326,106,228
395,326,106,228
395,326,106,228
395,326,106,228
395,326,106,228
395,326,106,228
395,326,106,228
395,326,106,228
395,326,106,228
395,326,106,228
395,326,106,228
395,326,106,228
395,326,106,228
393,326,108,226
393,326,108,226
393,326,108,226
393,326,108,226
393,326,108,226
393,326,108,226
393,326,108,226
393,326,108,226
393,326,108,226
393,326,108,226
393,326,108,226
393,326,108,226
393,326,108,226
393,326,108,226
393,326,108,226
393,322,110,228
393,322,110,228
393,322,110,228
393,322,110,228
393,322,110,228
393,322,110,228
393,322,110,228
393,322,110,228
393,322,110,228
393,322,110,228
393,322,110,228
393,322,110,228
393,322,110,228
393,322,110,228
393,322,110,228
397,326,106,226
397,326,106,226
397,326,106,226
397,326,106,226
397,326,106,226
397,326,106,226
397,326,106,226
397,326,106,226
397,326,106,226
397,326,106,226
397,326,106,226
397,326,106,226
397,326,106,226
397,326,106,226
397,326,106,226
393,324,112,226
393,324,112,226
393,324,112,226
393,324,112,226
393,324,112,226
393,324,112,226
393,324,112,226
393,324,112,226
393,324,112,226
393,324,112,226
393,324,112,226
393,324,112,226
393,324,112,226
393,324,112,226
393,324,112,226
392,324,114,228
392,324,114,228
392,324,114,228
392,324,114,228
392,324,114,228
392,324,114,228
392,324,114,228
392,324,114,228
392,324,114,228
392,324,114,228
392,324,114,228
392,324,114,228
392,324,114,228
392,324,114,228
392,324,114,228
397,324,111,224
397,324,111,225
397,324,111,226
397,324,111,227
397,324,111,228
397,324,111,229
397,324,111,230
397,324,111,231
397,324,111,232
397,324,111,233
397,324,111,234
397,324,111,235
397,324,111,236
397,324,111,237
397,324,111,238
395,324,111,232
395,324,111,232
395,324,111,232
395,324,111,232
395,324,111,232
395,324,111,232
395,324,111,232
395,324,111,232
395,324,111,232
395,324,111,232
395,324,111,232
395,324,111,232
395,324,111,232
395,324,111,232
395,324,111,232
392,324,114,228
392,324,114,228
392,324,114,228
392,324,114,228
392,324,114,228
392,324,114,228
392,324,114,228
392,324,114,228
392,324,114,228
392,324,114,228
392,324,114,228
392,324,114,228
392,324,114,228
392,324,114,228
392,324,114,228
392,320,113,230
392,319,113,231
392,318,113,232
392,317,113,233
392,316,113,234
392,315,113,235
392,314,113,236
392,313,113,237
392,312,113,238
392,311,113,239
392,310,113,240
392,309,113,241
392,308,113,242
392,307,113,243
392,306,113,244
395,311,110,239
395,311,110,239
395,311,110,239
395,311,110,239
395,311,110,239
395,311,110,239
395,311,110,239
395,311,110,239
395,311,110,239
395,311,110,239
395,311,110,239
395,311,110,239
395,311,110,239
395,311,110,239
395,311,110,239
400,315,103,235
400,315,103,235
400,315,103,235
400,315,103,235
400,315,103,235
400,315,103,235
400,315,103,235
400,315,103,235
400,315,103,235
400,315,103,235
400,315,103,235
400,315,103,235
400,315,103,235
400,315,103,235
400,315,103,235
397,315,104,233
397,315,104,233
397,315,104,233
397,315,104,233
397,315,104,233
397,315,104,233
397,315,104,233
397,315,104,233
397,315,104,233
397,315,104,233
397,315,104,233
397,315,104,233
397,315,104,233
397,315,104,233
397,315,104,233
397,315,106,235
397,314,106,236
397,313,106,237
397,312,106,238
397,311,106,239
397,310,106,240
397,309,106,241
397,308,106,242
397,307,106,243
397,306,106,244
397,305,106,245
397,304,106,246
397,303,106,247
397,302,106,248
397,301,106,249
400,307,105,247
400,307,105,247
400,307,105,247
400,307,105,247
400,307,105,247
400,307,105,247
400,307,105,247
400,307,105,247
400,307,105,247
400,307,105,247
400,307,105,247
400,307,105,247
400,307,105,247
400,307,105,247
400,307,105,247
397,309,106,241
396,309,106,242
395,309,106,243
394,309,106,244
393,309,106,245
392,309,106,246
391,309,106,247
390,309,106,248
389,309,106,249
388,309,106,250
387,309,106,251
386,309,106,252
385,309,106,253
384,309,106,254
383,309,106,255
386,307,113,249
387,307,112,249
388,307,111,249
389,307,110,249
390,307,109,249
391,307,108,249
392,307,107,249
393,307,106,249
394,307,105,249
395,307,104,249
396,307,103,249
397,307,102,249
398,307,101,249
399,307,100,249
400,307,99,249
404,309,92,250
404,310,92,249
404,311,92,248
404,312,92,247
404,313,92,246
404,314,92,245
404,315,92,244
404,316,92,243
404,317,92,242
404,318,92,241
404,319,92,240
404,320,92,239
404,321,92,238
404,322,92,237
404,323,92,236
404,317,88,237
403,318,89,236
402,319,90,235
401,320,91,234
400,321,92,233
399,322,93,232
398,323,94,231
397,324,95,230
396,325,96,229
395,326,97,228
394,327,98,227
393,328,99,226
392,329,100,225
391,330,101,224
390,331,102,223
395,330,99,220
395,332,99,221
395,334,99,222
395,336,99,223
395,338,99,224
395,340,99,225
395,342,99,226
395,344,99,227
395,346,99,228
395,348,99,229
395,350,99,230
395,352,99,231
395,354,99,232
395,356,99,233
395,358,99,234
392,366,95,239
390,369,96,240
388,372,97,241
386,375,98,242
384,378,99,243
382,381,100,244
380,384,101,245
378,387,102,246
376,390,103,247
374,393,104,248
372,396,105,249
370,399,106,250
368,402,107,251
366,405,108,252
364,408,109,253
369,407,113,249
369,410,119,258
369,413,125,267
369,416,131,276
369,419,137,285
369,422,143,294
369,425,149,303
369,428,155,312
369,431,161,321
369,434,167,330
369,437,173,339
369,440,179,348
369,443,185,357
369,446,191,366
369,449,197,375
369,451,199,378
375,452,197,380
381,453,195,382
387,454,193,384
393,455,191,386
399,456,189,388
405,457,187,390
411,458,185,392
417,459,183,394
423,460,181,396
429,461,179,398
435,462,177,400
441,463,175,402
447,464,173,404
453,465,171,406
460,462,171,403
469,465,174,401
478,468,177,399
487,471,180,397
496,474,183,395
505,477,186,393
514,480,189,391
523,483,192,389
532,486,195,387
541,489,198,385
550,492,201,383
559,495,204,381
568,498,207,379
577,501,210,377
586,504,213,375
589,513,215,369
