445,237,122,284
445,237,123,284
445,237,124,284
445,237,125,284
445,237,126,284
445,237,127,284
445,237,128,284
445,237,129,284
445,237,130,284
445,237,131,284
445,237,132,284
445,237,133,284
445,237,134,284
445,237,135,284
445,237,136,284
441,242,130,277
441,242,130,277
441,242,130,277
441,242,130,277
441,242,130,277
441,242,130,277
441,242,130,277
441,242,130,277
441,242,130,277
441,242,130,277
441,242,130,277
441,242,130,277
441,242,130,277
441,242,130,277
441,242,130,277
445,237,126,282
445,237,126,282
445,237,126,282
445,237,126,282
445,237,126,282
445,237,126,282
445,237,126,282
445,237,126,282
445,237,126,282
445,237,126,282
445,237,126,282
445,237,126,282
445,237,126,282
445,237,126,282
445,237,126,282
445,239,126,278
445,239,126,278
445,239,126,278
445,239,126,278
445,239,126,278
445,239,126,278
445,239,126,278
445,239,126,278
445,239,126,278
445,239,126,278
445,239,126,278
445,239,126,278
445,239,126,278
445,239,126,278
445,239,126,278
441,242,128,277
441,242,128,277
441,242,128,277
441,242,128,277
441,242,128,277
441,242,128,277
441,242,128,277
441,242,128,277
441,242,128,277
441,242,128,277
441,242,128,277
441,242,128,277
441,242,128,277
441,242,128,277
441,242,128,277
434,242,135,277
434,242,136,277
434,242,137,277
434,242,138,277
434,242,139,277
434,242,140,277
434,242,141,277
434,242,142,277
434,242,143,277
434,242,144,277
434,242,145,277
434,242,146,277
434,242,147,277
434,242,148,277
434,242,149,277
428,237,143,282
428,237,143,282
428,237,143,282
428,237,143,282
428,237,143,282
428,237,143,282
428,237,143,282
428,237,143,282
428,237,143,282
428,237,143,282
428,237,143,282
428,237,143,282
428,237,143,282
428,237,143,282
428,237,143,282
428,232,143,282
428,232,143,282
428,232,143,282
428,232,143,282
428,232,143,282
428,232,143,282
428,232,143,282
428,232,143,282
428,232,143,282
428,232,143,282
428,232,143,282
428,232,143,282
428,232,143,282
428,232,143,282
428,232,143,282
430,237,144,284
430,237,145,284
430,237,146,284
430,237,147,284
430,237,148,284
430,237,149,284
430,237,150,284
430,237,151,284
430,237,152,284
430,237,153,284
430,237,154,284
430,237,155,284
430,237,156,284
430,237,157,284
430,237,158,284
426,235,152,288
426,235,151,288
426,235,150,288
426,235,149,288
426,235,148,288
426,235,147,288
426,235,146,288
426,235,145,288
426,235,144,288
426,235,143,288
426,235,142,288
426,235,141,288
426,235,140,288
426,235,139,288
426,235,138,288
432,237,142,286
432,237,142,286
432,237,142,286
432,237,142,286
432,237,142,286
432,237,142,286
432,237,142,286
432,237,142,286
432,237,142,286
432,237,142,286
432,237,142,286
432,237,142,286
432,237,142,286
432,237,142,286
432,237,142,286
430,235,148,282
430,235,148,282
430,235,148,282
430,235,148,282
430,235,148,282
430,235,148,282
430,235,148,282
430,235,148,282
430,235,148,282
430,235,148,282
430,235,148,282
430,235,148,282
430,235,148,282
430,235,148,282
430,235,148,282
436,237,142,286
436,237,142,286
436,237,142,286
436,237,142,286
436,237,142,286
436,237,142,286
436,237,142,286
436,237,142,286
436,237,142,286
436,237,142,286
436,237,142,286
436,237,142,286
436,237,142,286
436,237,142,286
436,237,142,286
432,232,142,282
432,232,142,283
432,232,142,284
432,232,142,285
432,232,142,286
432,232,142,287
432,232,142,288
432,232,142,289
432,232,142,290
432,232,142,291
432,232,142,292
432,232,142,293
432,232,142,294
432,232,142,295
432,232,142,296
436,228,138,293
436,228,138,293
436,228,138,293
436,228,138,293
436,228,138,293
436,228,138,293
436,228,138,293
436,228,138,293
436,228,138,293
436,228,138,293
436,228,138,293
436,228,138,293
436,228,138,293
436,228,138,293
436,228,138,293
436,223,135,291
436,223,135,292
436,223,135,293
436,223,135,294
436,223,135,295
436,223,135,296
436,223,135,297
436,223,135,298
436,223,135,299
436,223,135,300
436,223,135,301
436,223,135,302
436,223,135,303
436,223,135,304
436,223,135,305
437,219,134,304
437,219,134,304
437,219,134,304
437,219,134,304
437,219,134,304
437,219,134,304
437,219,134,304
437,219,134,304
437,219,134,304
437,219,134,304
437,219,134,304
437,219,134,304
437,219,134,304
437,219,134,304
437,219,134,304
434,221,135,298
434,221,135,298
434,221,135,298
434,221,135,298
434,221,135,298
434,221,135,298
434,221,135,298
434,221,135,298
434,221,135,298
434,221,135,298
434,221,135,298
434,221,135,298
434,221,135,298
434,221,135,298
434,221,135,298
436,221,133,296
436,221,133,296
436,221,133,296
436,221,133,296
436,221,133,296
436,221,133,296
436,221,133,296
436,221,133,296
436,221,133,296
436,221,133,296
436,221,133,296
436,221,133,296
436,221,133,296
436,221,133,296
436,221,133,296
441,216,128,301
441,216,128,301
441,216,128,301
441,216,128,301
441,216,128,301
441,216,128,301
441,216,128,301
441,216,128,301
441,216,128,301
441,216,128,301
441,216,128,301
441,216,128,301
441,216,128,301
441,216,128,301
441,216,128,301
437,214,134,307
436,214,135,307
435,214,136,307
434,214,137,307
433,214,138,307
432,214,139,307
431,214,140,307
430,214,141,307
429,214,142,307
428,214,143,307
427,214,144,307
426,214,145,307
425,214,146,307
424,214,147,307
423,214,148,307
422,214,143,305
423,214,141,305
424,214,139,305
425,214,137,305
426,214,135,305
427,214,133,305
428,214,131,305
429,214,129,305
430,214,127,305
431,214,125,305
432,214,123,305
433,214,121,305
434,214,119,305
435,214,117,305
436,214,115,305
441,212,111,311
441,213,111,310
441,214,111,309
441,215,111,308
441,216,111,307
441,217,111,306
441,218,111,305
441,219,111,304
441,220,111,303
441,221,111,302
441,222,111,301
441,223,111,300
441,224,111,299
441,225,111,298
441,226,111,297
441,221,115,302
440,223,116,301
439,225,117,300
438,227,118,299
437,229,119,298
436,231,120,297
435,233,121,296
434,235,122,295
433,237,123,294
432,239,124,293
431,241,125,292
430,243,126,291
429,245,127,290
428,247,128,289
427,249,129,288
432,244,129,284
432,247,127,284
432,250,125,284
432,253,123,284
432,256,121,284
432,259,119,284
432,262,117,284
432,265,115,284
432,268,113,284
432,271,111,284
432,274,109,284
432,277,107,284
432,280,105,284
432,283,103,284
432,286,101,284
439,292,105,291
437,295,108,293
435,298,111,295
433,301,114,297
431,304,117,299
429,307,120,301
427,310,123,303
425,313,126,305
423,316,129,307
421,319,132,309
419,322,135,311
417,325,138,313
415,328,141,315
413,331,144,317
411,334,147,319
409,337,145,323
410,342,154,334
411,347,163,345
412,352,172,356
413,357,181,367
414,362,190,378
415,367,199,389
416,372,208,400
417,377,217,411
418,382,226,422
419,387,235,433
420,392,244,444
421,397,253,455
422,402,262,466
423,407,271,477
426,406,286,487
433,407,286,490
440,408,286,493
447,409,286,496
454,410,286,499
461,411,286,502
468,412,286,505
475,413,286,508
482,414,286,511
489,415,286,514
496,416,286,517
503,417,286,520
510,418,286,523
517,419,286,526
524,420,286,529
528,417,284,527
541,422,283,523
554,427,282,519
567,432,281,515
580,437,280,511
593,442,279,507
606,447,278,503
619,452,277,499
632,457,276,495
645,462,275,491
658,467,274,487
671,472,273,483
684,477,272,479
697,482,271,475
710,487,270,471
728,495,275,464
711,502,284,464
694,509,293,464
677,516,302,464
660,523,311,464
643,530,320,464
626,537,329,464
609,544,338,464
592,551,347,464
575,558,356,464
558,565,365,464
541,572,374,464
524,579,383,464
507,586,392,464
490,593,401,464
477,600,405,465
