623,404,90,210
623,404,90,210
623,404,90,210
623,404,90,210
623,404,90,210
623,404,90,210
623,404,90,210
623,404,90,210
623,404,90,210
623,404,90,210
623,404,90,210
623,404,90,210
623,404,90,210
623,404,90,210
623,404,90,210
620,405,89,205
620,405,89,205
620,405,89,205
620,405,89,205
620,405,89,205
620,405,89,205
620,405,89,205
620,405,89,205
620,405,89,205
620,405,89,205
620,405,89,205
620,405,89,205
620,405,89,205
620,405,89,205
620,405,89,205
622,405,91,207
622,405,91,207
622,405,91,207
622,405,91,207
622,405,91,207
622,405,91,207
622,405,91,207
622,405,91,207
622,405,91,207
622,405,91,207
622,405,91,207
622,405,91,207
622,405,91,207
622,405,91,207
622,405,91,207
620,407,91,203
620,407,91,203
620,407,91,203
620,407,91,203
620,407,91,203
620,407,91,203
620,407,91,203
620,407,91,203
620,407,91,203
620,407,91,203
620,407,91,203
620,407,91,203
620,407,91,203
620,407,91,203
620,407,91,203
618,407,95,205
618,407,95,205
618,407,95,205
618,407,95,205
618,407,95,205
618,407,95,205
618,407,95,205
618,407,95,205
618,407,95,205
618,407,95,205
618,407,95,205
618,407,95,205
618,407,95,205
618,407,95,205
618,407,95,205
618,409,93,198
618,409,93,198
618,409,93,198
618,409,93,198
618,409,93,198
618,409,93,198
618,409,93,198
618,409,93,198
618,409,93,198
618,409,93,198
618,409,93,198
618,409,93,198
618,409,93,198
618,409,93,198
618,409,93,198
614,404,99,201
614,404,99,201
614,404,99,201
614,404,99,201
614,404,99,201
614,404,99,201
614,404,99,201
614,404,99,201
614,404,99,201
614,404,99,201
614,404,99,201
614,404,99,201
614,404,99,201
614,404,99,201
614,404,99,201
608,405,101,205
608,405,101,205
608,405,101,205
608,405,101,205
608,405,101,205
608,405,101,205
608,405,101,205
608,405,101,205
608,405,101,205
608,405,101,205
608,405,101,205
608,405,101,205
608,405,101,205
608,405,101,205
608,405,101,205
604,405,107,205
605,405,106,205
606,405,105,205
607,405,104,205
608,405,103,205
609,405,102,205
610,405,101,205
611,405,100,205
612,405,99,205
613,405,98,205
614,405,97,205
615,405,96,205
616,405,95,205
617,405,94,205
618,405,93,205
614,404,99,206
614,404,99,206
614,404,99,206
614,404,99,206
614,404,99,206
614,404,99,206
614,404,99,206
614,404,99,206
614,404,99,206
614,404,99,206
614,404,99,206
614,404,99,206
614,404,99,206
614,404,99,206
614,404,99,206
614,404,99,208
614,404,99,208
614,404,99,208
614,404,99,208
614,404,99,208
614,404,99,208
614,404,99,208
614,404,99,208
614,404,99,208
614,404,99,208
614,404,99,208
614,404,99,208
614,404,99,208
614,404,99,208
614,404,99,208
612,404,103,204
612,403,102,205
612,402,101,206
612,401,100,207
612,400,99,208
612,399,98,209
612,398,97,210
612,397,96,211
612,396,95,212
612,395,94,213
612,394,93,214
612,393,92,215
612,392,91,216
612,391,90,217
612,390,89,218
616,396,95,214
616,396,95,214
616,396,95,214
616,396,95,214
616,396,95,214
616,396,95,214
616,396,95,214
616,396,95,214
616,396,95,214
616,396,95,214
616,396,95,214
616,396,95,214
616,396,95,214
616,396,95,214
616,396,95,214
614,396,99,209
614,396,99,209
614,396,99,209
614,396,99,209
614,396,99,209
614,396,99,209
614,396,99,209
614,396,99,209
614,396,99,209
614,396,99,209
614,396,99,209
614,396,99,209
614,396,99,209
614,396,99,209
614,396,99,209
618,392,95,216
618,392,95,216
618,392,95,216
618,392,95,216
618,392,95,216
618,392,95,216
618,392,95,216
618,392,95,216
618,392,95,216
618,392,95,216
618,392,95,216
618,392,95,216
618,392,95,216
618,392,95,216
618,392,95,216
616,390,99,218
616,390,99,218
616,390,99,218
616,390,99,218
616,390,99,218
616,390,99,218
616,390,99,218
616,390,99,218
616,390,99,218
616,390,99,218
616,390,99,218
616,390,99,218
616,390,99,218
616,390,99,218
616,390,99,218
623,388,92,224
622,388,92,224
621,388,92,224
620,388,92,224
619,388,92,224
618,388,92,224
617,388,92,224
616,388,92,224
615,388,92,224
614,388,92,224
613,388,92,224
612,388,92,224
611,388,92,224
610,388,92,224
609,388,92,224
612,384,95,230
613,384,94,230
614,384,93,230
615,384,92,230
616,384,91,230
617,384,90,230
618,384,89,230
619,384,88,230
620,384,87,230
621,384,86,230
622,384,85,230
623,384,84,230
624,384,83,230
625,384,82,230
626,384,81,230
625,388,75,226
625,389,76,225
625,390,77,224
625,391,78,223
625,392,79,222
625,393,80,221
625,394,81,220
625,395,82,219
625,396,83,218
625,397,84,217
625,398,85,216
625,399,86,215
625,400,87,214
625,401,88,213
625,402,89,212
618,400,87,205
618,402,87,207
618,404,87,209
618,406,87,211
618,408,87,213
618,410,87,215
618,412,87,217
618,414,87,219
618,416,87,221
618,418,87,223
618,420,87,225
618,422,87,227
618,424,87,229
618,426,87,231
618,428,87,233
616,427,84,230
614,430,86,233
612,433,88,236
610,436,90,239
608,439,92,242
606,442,94,245
604,445,96,248
602,448,98,251
600,451,100,254
598,454,102,257
596,457,104,260
594,460,106,263
592,463,108,266
590,466,110,269
588,469,112,272
589,472,114,276
595,475,116,281
601,478,118,286
607,481,120,291
613,484,122,296
619,487,124,301
625,490,126,306
631,493,128,311
637,496,130,316
643,499,132,321
649,502,134,326
655,505,136,331
661,508,138,336
667,511,140,341
673,514,142,346
672,520,147,349
682,522,151,349
692,524,155,349
702,526,159,349
712,528,163,349
722,530,167,349
732,532,171,349
742,534,175,349
752,536,179,349
762,538,183,349
772,540,187,349
782,542,191,349
792,544,195,349
802,546,199,349
812,548,203,349
818,553,201,349
