593,426,88,196
593,426,88,197
593,426,88,198
593,426,88,199
593,426,88,200
593,426,88,201
593,426,88,202
593,426,88,203
593,426,88,204
593,426,88,205
593,426,88,206
593,426,88,207
593,426,88,208
593,426,88,209
593,426,88,210
593,420,87,204
593,420,87,204
593,420,87,204
593,420,87,204
593,420,87,204
593,420,87,204
593,420,87,204
593,420,87,204
593,420,87,204
593,420,87,204
593,420,87,204
593,420,87,204
593,420,87,204
593,420,87,204
593,420,87,204
590,426,93,202
590,426,93,202
590,426,93,202
590,426,93,202
590,426,93,202
590,426,93,202
590,426,93,202
590,426,93,202
590,426,93,202
590,426,93,202
590,426,93,202
590,426,93,202
590,426,93,202
590,426,93,202
590,426,93,202
590,424,91,202
590,424,91,202
590,424,91,202
590,424,91,202
590,424,91,202
590,424,91,202
590,424,91,202
590,424,91,202
590,424,91,202
590,424,91,202
590,424,91,202
590,424,91,202
590,424,91,202
590,424,91,202
590,424,91,202
590,424,88,200
590,424,88,200
590,424,88,200
590,424,88,200
590,424,88,200
590,424,88,200
590,424,88,200
590,424,88,200
590,424,88,200
590,424,88,200
590,424,88,200
590,424,88,200
590,424,88,200
590,424,88,200
590,424,88,200
590,426,91,198
590,426,91,198
590,426,91,198
590,426,91,198
590,426,91,198
590,426,91,198
590,426,91,198
590,426,91,198
590,426,91,198
590,426,91,198
590,426,91,198
590,426,91,198
590,426,91,198
590,426,91,198
590,426,91,198
587,424,93,204
587,424,93,204
587,424,93,204
587,424,93,204
587,424,93,204
587,424,93,204
587,424,93,204
587,424,93,204
587,424,93,204
587,424,93,204
587,424,93,204
587,424,93,204
587,424,93,204
587,424,93,204
587,424,93,204
587,424,93,204
587,424,93,204
587,424,93,204
587,424,93,204
587,424,93,204
587,424,93,204
587,424,93,204
587,424,93,204
587,424,93,204
587,424,93,204
587,424,93,204
587,424,93,204
587,424,93,204
587,424,93,204
587,424,93,204
583,422,98,202
583,422,98,202
583,422,98,202
583,422,98,202
583,422,98,202
583,422,98,202
583,422,98,202
583,422,98,202
583,422,98,202
583,422,98,202
583,422,98,202
583,422,98,202
583,422,98,202
583,422,98,202
583,422,98,202
585,420,98,204
585,420,98,204
585,420,98,204
585,420,98,204
585,420,98,204
585,420,98,204
585,420,98,204
585,420,98,204
585,420,98,204
585,420,98,204
585,420,98,204
585,420,98,204
585,420,98,204
585,420,98,204
585,420,98,204
581,422,100,206
581,422,100,206
581,422,100,206
581,422,100,206
581,422,100,206
581,422,100,206
581,422,100,206
581,422,100,206
581,422,100,206
581,422,100,206
581,422,100,206
581,422,100,206
581,422,100,206
581,422,100,206
581,422,100,206
583,424,98,200
583,424,98,200
583,424,98,200
583,424,98,200
583,424,98,200
583,424,98,200
583,424,98,200
583,424,98,200
583,424,98,200
583,424,98,200
583,424,98,200
583,424,98,200
583,424,98,200
583,424,98,200
583,424,98,200
585,424,100,198
585,424,100,198
585,424,100,198
585,424,100,198
585,424,100,198
585,424,100,198
585,424,100,198
585,424,100,198
585,424,100,198
585,424,100,198
585,424,100,198
585,424,100,198
585,424,100,198
585,424,100,198
585,424,100,198
583,422,102,204
583,422,102,204
583,422,102,204
583,422,102,204
583,422,102,204
583,422,102,204
583,422,102,204
583,422,102,204
583,422,102,204
583,422,102,204
583,422,102,204
583,422,102,204
583,422,102,204
583,422,102,204
583,422,102,204
583,418,98,206
583,418,98,206
583,418,98,206
583,418,98,206
583,418,98,206
583,418,98,206
583,418,98,206
583,418,98,206
583,418,98,206
583,418,98,206
583,418,98,206
583,418,98,206
583,418,98,206
583,418,98,206
583,418,98,206
590,422,91,206
590,422,91,206
590,422,91,206
590,422,91,206
590,422,91,206
590,422,91,206
590,422,91,206
590,422,91,206
590,422,91,206
590,422,91,206
590,422,91,206
590,422,91,206
590,422,91,206
590,422,91,206
590,422,91,206
587,416,93,208
587,416,93,208
587,416,93,208
587,416,93,208
587,416,93,208
587,416,93,208
587,416,93,208
587,416,93,208
587,416,93,208
587,416,93,208
587,416,93,208
587,416,93,208
587,416,93,208
587,416,93,208
587,416,93,208
590,414,91,210
590,414,91,210
590,414,91,210
590,414,91,210
590,414,91,210
590,414,91,210
590,414,91,210
590,414,91,210
590,414,91,210
590,414,91,210
590,414,91,210
590,414,91,210
590,414,91,210
590,414,91,210
590,414,91,210
587,416,94,208
587,416,94,208
587,416,94,208
587,416,94,208
587,416,94,208
587,416,94,208
587,416,94,208
587,416,94,208
587,416,94,208
587,416,94,208
587,416,94,208
587,416,94,208
587,416,94,208
587,416,94,208
587,416,94,208
590,410,88,214
590,410,88,214
590,410,88,214
590,410,88,214
590,410,88,214
590,410,88,214
590,410,88,214
590,410,88,214
590,410,88,214
590,410,88,214
590,410,88,214
590,410,88,214
590,410,88,214
590,410,88,214
590,410,88,214
592,412,91,212
592,412,91,213
592,412,91,214
592,412,91,215
592,412,91,216
592,412,91,217
592,412,91,218
592,412,91,219
592,412,91,220
592,412,91,221
592,412,91,222
592,412,91,223
592,412,91,224
592,412,91,225
592,412,91,226
587,406,93,222
587,406,93,222
587,406,93,222
587,406,93,222
587,406,93,222
587,406,93,222
587,406,93,222
587,406,93,222
587,406,93,222
587,406,93,222
587,406,93,222
587,406,93,222
587,406,93,222
587,406,93,222
587,406,93,222
587,410,86,218
587,410,86,218
587,410,86,218
587,410,86,218
587,410,86,218
587,410,86,218
587,410,86,218
587,410,86,218
587,410,86,218
587,410,86,218
587,410,86,218
587,410,86,218
587,410,86,218
587,410,86,218
587,410,86,218
590,412,83,218
590,413,83,217
590,414,83,216
590,415,83,215
590,416,83,214
590,417,83,213
590,418,83,212
590,419,83,211
590,420,83,210
590,421,83,209
590,422,83,208
590,423,83,207
590,424,83,206
590,425,83,205
590,426,83,204
590,422,85,200
590,423,85,202
590,424,85,204
590,425,85,206
590,426,85,208
590,427,85,210
590,428,85,212
590,429,85,214
590,430,85,216
590,431,85,218
590,432,85,220
590,433,85,222
590,434,85,224
590,435,85,226
590,436,85,228
588,434,85,236
587,437,86,236
586,440,87,236
585,443,88,236
584,446,89,236
583,449,90,236
582,452,91,236
581,455,92,236
580,458,93,236
579,461,94,236
578,464,95,236
577,467,96,236
576,470,97,236
575,473,98,236
574,476,99,236
580,481,95,238
581,484,99,243
582,487,103,248
583,490,107,253
584,493,111,258
585,496,115,263
586,499,119,268
587,502,123,273
588,505,127,278
589,508,131,283
590,511,135,288
591,514,139,293
592,517,143,298
593,520,147,303
594,523,151,308
588,519,157,309
595,520,157,312
602,521,157,315
609,522,157,318
616,523,157,321
623,524,157,324
630,525,157,327
637,526,157,330
644,527,157,333
651,528,157,336
658,529,157,339
665,530,157,342
672,531,157,345
679,532,157,348
686,533,157,351
689,540,163,355
