1377,30,72,128
1377,30,72,128
1377,30,72,128
1377,30,72,128
1377,30,72,128
1377,30,72,128
1377,30,72,128
1377,30,72,128
1377,30,72,128
1377,30,72,128
1377,30,72,128
1377,30,72,128
1377,30,72,128
1377,30,72,128
1377,30,72,128
1379,29,70,129
1379,29,70,129
1379,29,70,129
1379,29,70,129
1379,29,70,129
1379,29,70,129
1379,29,70,129
1379,29,70,129
1379,29,70,129
1379,29,70,129
1379,29,70,129
1379,29,70,129
1379,29,70,129
1379,29,70,129
1379,29,70,129
1377,29,77,129
1377,29,76,129
1377,29,75,129
1377,29,74,129
1377,29,73,129
1377,29,72,129
1377,29,71,129
1377,29,70,129
1377,29,69,129
1377,29,68,129
1377,29,67,129
1377,29,66,129
1377,29,65,129
1377,29,64,129
1377,29,63,129
1381,27,68,130
1381,27,68,130
1381,27,68,130
1381,27,68,130
1381,27,68,130
1381,27,68,130
1381,27,68,130
1381,27,68,130
1381,27,68,130
1381,27,68,130
1381,27,68,130
1381,27,68,130
1381,27,68,130
1381,27,68,130
1381,27,68,130
1379,29,75,131
1379,29,75,131
1379,29,75,131
1379,29,75,131
1379,29,75,131
1379,29,75,131
1379,29,75,131
1379,29,75,131
1379,29,75,131
1379,29,75,131
1379,29,75,131
1379,29,75,131
1379,29,75,131
1379,29,75,131
1379,29,75,131
1377,29,76,133
1377,29,76,133
1377,29,76,133
1377,29,76,133
1377,29,76,133
1377,29,76,133
1377,29,76,133
1377,29,76,133
1377,29,76,133
1377,29,76,133
1377,29,76,133
1377,29,76,133
1377,29,76,133
1377,29,76,133
1377,29,76,133
1381,29,70,129
1381,29,70,129
1381,29,70,129
1381,29,70,129
1381,29,70,129
1381,29,70,129
1381,29,70,129
1381,29,70,129
1381,29,70,129
1381,29,70,129
1381,29,70,129
1381,29,70,129
1381,29,70,129
1381,29,70,129
1381,29,70,129
1381,29,67,131
1381,29,67,131
1381,29,67,131
1381,29,67,131
1381,29,67,131
1381,29,67,131
1381,29,67,131
1381,29,67,131
1381,29,67,131
1381,29,67,131
1381,29,67,131
1381,29,67,131
1381,29,67,131
1381,29,67,131
1381,29,67,131
1379,27,70,131
1379,27,70,131
1379,27,70,131
1379,27,70,131
1379,27,70,131
1379,27,70,131
1379,27,70,131
1379,27,70,131
1379,27,70,131
1379,27,70,131
1379,27,70,131
1379,27,70,131
1379,27,70,131
1379,27,70,131
1379,27,70,131
1381,29,73,128
1381,29,73,128
1381,29,73,128
1381,29,73,128
1381,29,73,128
1381,29,73,128
1381,29,73,128
1381,29,73,128
1381,29,73,128
1381,29,73,128
1381,29,73,128
1381,29,73,128
1381,29,73,128
1381,29,73,128
1381,29,73,128
1376,25,77,132
1377,25,76,132
1378,25,75,132
1379,25,74,132
1380,25,73,132
1381,25,72,132
1382,25,71,132
1383,25,70,132
1384,25,69,132
1385,25,68,132
1386,25,67,132
1387,25,66,132
1388,25,65,132
1389,25,64,132
1390,25,63,132
1387,25,66,135
1387,25,66,135
1387,25,66,135
1387,25,66,135
1387,25,66,135
1387,25,66,135
1387,25,66,135
1387,25,66,135
1387,25,66,135
1387,25,66,135
1387,25,66,135
1387,25,66,135
1387,25,66,135
1387,25,66,135
1387,25,66,135
1381,27,62,131
1381,27,63,132
1381,27,64,133
1381,27,65,134
1381,27,66,135
1381,27,67,136
1381,27,68,137
1381,27,69,138
1381,27,70,139
1381,27,71,140
1381,27,72,141
1381,27,73,142
1381,27,74,143
1381,27,75,144
1381,27,76,145
1382,27,74,152
1382,27,73,152
1382,27,72,152
1382,27,71,152
1382,27,70,152
1382,27,69,152
1382,27,68,152
1382,27,67,152
1382,27,66,152
1382,27,65,152
1382,27,64,152
1382,27,63,152
1382,27,62,152
1382,27,61,152
1382,27,60,152
1386,33,65,151
1387,33,65,151
1388,33,65,151
1389,33,65,151
1390,33,65,151
1391,33,65,151
1392,33,65,151
1393,33,65,151
1394,33,65,151
1395,33,65,151
1396,33,65,151
1397,33,65,151
1398,33,65,151
1399,33,65,151
1400,33,65,151
1406,37,60,154
1408,37,59,155
1410,37,58,156
1412,37,57,157
1414,37,56,158
1416,37,55,159
1418,37,54,160
1420,37,53,161
1422,37,52,162
1424,37,51,163
1426,37,50,164
1428,37,49,165
1430,37,48,166
1432,37,47,167
1434,37,46,168
1438,37,47,162
1439,37,48,162
1440,37,49,162
1441,37,50,162
1442,37,51,162
1443,37,52,162
1444,37,53,162
1445,37,54,162
1446,37,55,162
1447,37,56,162
1448,37,57,162
1449,37,58,162
1450,37,59,162
1451,37,60,162
1452,37,61,162
1448,41,62,166
1450,41,62,166
1452,41,62,166
1454,41,62,166
1456,41,62,166
1458,41,62,166
1460,41,62,166
1462,41,62,166
1464,41,62,166
1466,41,62,166
1468,41,62,166
1470,41,62,166
1472,41,62,166
1474,41,62,166
1476,41,62,166
1472,48,55,169
1471,49,56,170
1470,50,57,171
1469,51,58,172
1468,52,59,173
1467,53,60,174
1466,54,61,175
1465,55,62,176
1464,56,63,177
1463,57,64,178
1462,58,65,179
1461,59,66,180
1460,60,67,181
1459,61,68,182
1458,62,69,183
1464,58,72,181
1460,57,73,183
1456,56,74,185
1452,55,75,187
1448,54,76,189
1444,53,77,191
1440,52,78,193
1436,51,79,195
1432,50,80,197
1428,49,81,199
1424,48,82,201
1420,47,83,203
1416,46,84,205
1412,45,85,207
1408,44,86,209
1411,48,91,206
1404,49,91,207
1397,50,91,208
1390,51,91,209
1383,52,91,210
1376,53,91,211
1369,54,91,212
1362,55,91,213
1355,56,91,214
1348,57,91,215
1341,58,91,216
1334,59,91,217
1327,60,91,218
1320,61,91,219
1313,62,91,220
1308,56,89,217
1299,56,88,217
1290,56,87,217
1281,56,86,217
1272,56,85,217
1263,56,84,217
1254,56,83,217
1245,56,82,217
1236,56,81,217
1227,56,80,217
1218,56,79,217
1209,56,78,217
1200,56,77,217
1191,56,76,217
1182,56,75,217
1170,56,81,223
1160,56,84,223
1150,56,87,223
1140,56,90,223
1130,56,93,223
1120,56,96,223
1110,56,99,223
1100,56,102,223
1090,56,105,223
1080,56,108,223
1070,56,111,223
1060,56,114,223
1050,56,117,223
1040,56,120,223
1030,56,123,223
1015,53,124,230
1012,53,121,230
1009,53,118,230
1006,53,115,230
1003,53,112,230
1000,53,109,230
997,53,106,230
994,53,103,230
991,53,100,230
988,53,97,230
985,53,94,230
982,53,91,230
979,53,88,230
976,53,85,230
973,53,82,230
972,48,77,230
970,48,77,230
968,48,77,230
966,48,77,230
964,48,77,230
962,48,77,230
960,48,77,230
958,48,77,230
956,48,77,230
954,48,77,230
952,48,77,230
950,48,77,230
948,48,77,230
946,48,77,230
944,48,77,230
938,43,81,236
937,43,80,236
936,43,79,236
935,43,78,236
934,43,77,236
933,43,76,236
932,43,75,236
931,43,74,236
930,43,73,236
929,43,72,236
928,43,71,236
927,43,70,236
926,43,69,236
925,43,68,236
924,43,67,236
923,45,64,233
922,45,65,233
921,45,66,233
920,45,67,233
919,45,68,233
918,45,69,233
917,45,70,233
916,45,71,233
915,45,72,233
914,45,73,233
913,45,74,233
912,45,75,233
911,45,76,233
910,45,77,233
909,45,78,233
911,45,74,231
911,45,74,231
911,45,74,231
911,45,74,231
911,45,74,231
911,45,74,231
911,45,74,231
911,45,74,231
911,45,74,231
911,45,74,231
911,45,74,231
911,45,74,231
911,45,74,231
911,45,74,231
911,45,74,231
906,45,76,233
903,46,78,232
900,47,80,231
897,48,82,230
894,49,84,229
891,50,86,228
888,51,88,227
885,52,90,226
882,53,92,225
879,54,94,224
876,55,96,223
873,56,98,222
870,57,100,221
867,58,102,220
864,59,104,219
867,53,105,212
860,54,107,210
853,55,109,208
846,56,111,206
839,57,113,204
832,58,115,202
825,59,117,200
818,60,119,198
811,61,121,196
804,62,123,194
797,63,125,192
790,64,127,190
783,65,129,188
776,66,131,186
769,67,133,184
762,75,130,183
