1501,166,94,154
1501,166,94,154
1501,166,94,154
1501,166,94,154
1501,166,94,154
1501,166,94,154
1501,166,94,154
1501,166,94,154
1501,166,94,154
1501,166,94,154
1501,166,94,154
1501,166,94,154
1501,166,94,154
1501,166,94,154
1501,166,94,154
1501,164,94,156
1501,164,94,156
1501,164,94,156
1501,164,94,156
1501,164,94,156
1501,164,94,156
1501,164,94,156
1501,164,94,156
1501,164,94,156
1501,164,94,156
1501,164,94,156
1501,164,94,156
1501,164,94,156
1501,164,94,156
1501,164,94,156
1499,166,96,152
1499,166,96,152
1499,166,96,152
1499,166,96,152
1499,166,96,152
1499,166,96,152
1499,166,96,152
1499,166,96,152
1499,166,96,152
1499,166,96,152
1499,166,96,152
1499,166,96,152
1499,166,96,152
1499,166,96,152
1499,166,96,152
1499,166,96,159
1499,166,96,159
1499,166,96,159
1499,166,96,159
1499,166,96,159
1499,166,96,159
1499,166,96,159
1499,166,96,159
1499,166,96,159
1499,166,96,159
1499,166,96,159
1499,166,96,159
1499,166,96,159
1499,166,96,159
1499,166,96,159
1501,162,96,161
1501,162,96,161
1501,162,96,161
1501,162,96,161
1501,162,96,161
1501,162,96,161
1501,162,96,161
1501,162,96,161
1501,162,96,161
1501,162,96,161
1501,162,96,161
1501,162,96,161
1501,162,96,161
1501,162,96,161
1501,162,96,161
1503,164,94,159
1503,164,94,159
1503,164,94,159
1503,164,94,159
1503,164,94,159
1503,164,94,159
1503,164,94,159
1503,164,94,159
1503,164,94,159
1503,164,94,159
1503,164,94,159
1503,164,94,159
1503,164,94,159
1503,164,94,159
1503,164,94,159
1503,162,92,158
1503,162,92,158
1503,162,92,158
1503,162,92,158
1503,162,92,158
1503,162,92,158
1503,162,92,158
1503,162,92,158
1503,162,92,158
1503,162,92,158
1503,162,92,158
1503,162,92,158
1503,162,92,158
1503,162,92,158
1503,162,92,158
1501,166,92,155
1501,166,92,156
1501,166,92,157
1501,166,92,158
1501,166,92,159
1501,166,92,160
1501,166,92,161
1501,166,92,162
1501,166,92,163
1501,166,92,164
1501,166,92,165
1501,166,92,166
1501,166,92,167
1501,166,92,168
1501,166,92,169
1501,162,94,163
1501,162,94,163
1501,162,94,163
1501,162,94,163
1501,162,94,163
1501,162,94,163
1501,162,94,163
1501,162,94,163
1501,162,94,163
1501,162,94,163
1501,162,94,163
1501,162,94,163
1501,162,94,163
1501,162,94,163
1501,162,94,163
1499,161,98,162
1499,161,98,162
1499,161,98,162
1499,161,98,162
1499,161,98,162
1499,161,98,162
1499,161,98,162
1499,161,98,162
1499,161,98,162
1499,161,98,162
1499,161,98,162
1499,161,98,162
1499,161,98,162
1499,161,98,162
1499,161,98,162
1499,162,94,159
1499,162,94,159
1499,162,94,159
1499,162,94,159
1499,162,94,159
1499,162,94,159
1499,162,94,159
1499,162,94,159
1499,162,94,159
1499,162,94,159
1499,162,94,159
1499,162,94,159
1499,162,94,159
1499,162,94,159
1499,162,94,159
1503,162,92,161
1503,162,92,161
1503,162,92,161
1503,162,92,161
1503,162,92,161
1503,162,92,161
1503,162,92,161
1503,162,92,161
1503,162,92,161
1503,162,92,161
1503,162,92,161
1503,162,92,161
1503,162,92,161
1503,162,92,161
1503,162,92,161
1510,164,85,157
1510,164,85,159
1510,164,85,161
1510,164,85,163
1510,164,85,165
1510,164,85,167
1510,164,85,169
1510,164,85,171
1510,164,85,173
1510,164,85,175
1510,164,85,177
1510,164,85,179
1510,164,85,181
1510,164,85,183
1510,164,85,185
1506,162,86,181
1506,163,85,181
1506,164,84,181
1506,165,83,181
1506,166,82,181
1506,167,81,181
1506,168,80,181
1506,169,79,181
1506,170,78,181
1506,171,77,181
1506,172,76,181
1506,173,75,181
1506,174,74,181
1506,175,73,181
1506,176,72,181
1512,171,78,180
1513,171,78,180
1514,171,78,180
1515,171,78,180
1516,171,78,180
1517,171,78,180
1518,171,78,180
1519,171,78,180
1520,171,78,180
1521,171,78,180
1522,171,78,180
1523,171,78,180
1524,171,78,180
1525,171,78,180
1526,171,78,180
1533,172,74,185
1535,172,73,185
1537,172,72,185
1539,172,71,185
1541,172,70,185
1543,172,69,185
1545,172,68,185
1547,172,67,185
1549,172,66,185
1551,172,65,185
1553,172,64,185
1555,172,63,185
1557,172,62,185
1559,172,61,185
1561,172,60,185
1566,179,64,185
1568,180,64,186
1570,181,64,187
1572,182,64,188
1574,183,64,189
1576,184,64,190
1578,185,64,191
1580,186,64,192
1582,187,64,193
1584,188,64,194
1586,189,64,195
1588,190,64,196
1590,191,64,197
1592,192,64,198
1594,193,64,199
1591,187,68,193
1592,188,68,194
1593,189,68,195
1594,190,68,196
1595,191,68,197
1596,192,68,198
1597,193,68,199
1598,194,68,200
1599,195,68,201
1600,196,68,202
1601,197,68,203
1602,198,68,204
1603,199,68,205
1604,200,68,206
1605,201,68,207
1612,197,73,204
1613,198,73,204
1614,199,73,204
1615,200,73,204
1616,201,73,204
1617,202,73,204
1618,203,73,204
1619,204,73,204
1620,205,73,204
1621,206,73,204
1622,207,73,204
1623,208,73,204
1624,209,73,204
1625,210,73,204
1626,211,73,204
1627,214,77,202
1624,213,77,204
1621,212,77,206
1618,211,77,208
1615,210,77,210
1612,209,77,212
1609,208,77,214
1606,207,77,216
1603,206,77,218
1600,205,77,220
1597,204,77,222
1594,203,77,224
1591,202,77,226
1588,201,77,228
1585,200,77,230
1587,198,79,239
1579,198,81,241
1571,198,83,243
1563,198,85,245
1555,198,87,247
1547,198,89,249
1539,198,91,251
1531,198,93,253
1523,198,95,255
1515,198,97,257
1507,198,99,259
1499,198,101,261
1491,198,103,263
1483,198,105,265
1475,198,107,267
1464,193,112,262
1453,193,114,263
1442,193,116,264
1431,193,118,265
1420,193,120,266
1409,193,122,267
1398,193,124,268
1387,193,126,269
1376,193,128,270
1365,193,130,271
1354,193,132,272
1343,193,134,273
1332,193,136,274
1321,193,138,275
1310,193,140,276
1292,192,147,271
1282,191,146,272
1272,190,145,273
1262,189,144,274
1252,188,143,275
1242,187,142,276
1232,186,141,277
1222,185,140,278
1212,184,139,279
1202,183,138,280
1192,182,137,281
1182,181,136,282
1172,180,135,283
1162,179,134,284
1152,178,133,285
1143,180,133,283
1137,180,132,283
1131,180,131,283
1125,180,130,283
1119,180,129,283
1113,180,128,283
1107,180,127,283
1101,180,126,283
1095,180,125,283
1089,180,124,283
1083,180,123,283
1077,180,122,283
1071,180,121,283
1065,180,120,283
1059,180,119,283
1049,177,120,276
1046,176,119,277
1043,175,118,278
1040,174,117,279
1037,173,116,280
1034,172,115,281
1031,171,114,282
1028,170,113,283
1025,169,112,284
1022,168,111,285
1019,167,110,286
1016,166,109,287
1013,165,108,288
1010,164,107,289
1007,163,106,290
998,167,106,285
997,167,104,286
996,167,102,287
995,167,100,288
994,167,98,289
993,167,96,290
992,167,94,291
991,167,92,292
990,167,90,293
989,167,88,294
988,167,86,295
987,167,84,296
986,167,82,297
985,167,80,298
984,167,78,299
981,162,69,293
980,162,70,293
979,162,71,293
978,162,72,293
977,162,73,293
976,162,74,293
975,162,75,293
974,162,76,293
973,162,77,293
972,162,78,293
971,162,79,293
970,162,80,293
969,162,81,293
968,162,82,293
967,162,83,293
965,161,78,287
964,161,78,287
963,161,78,287
962,161,78,287
961,161,78,287
960,161,78,287
959,161,78,287
958,161,78,287
957,161,78,287
956,161,78,287
955,161,78,287
954,161,78,287
953,161,78,287
952,161,78,287
951,161,78,287
954,162,85,286
952,162,86,286
950,162,87,286
948,162,88,286
946,162,89,286
944,162,90,286
942,162,91,286
940,162,92,286
938,162,93,286
936,162,94,286
934,162,95,286
932,162,96,286
930,162,97,286
928,162,98,286
926,162,99,286
931,162,106,280
923,164,112,277
915,166,118,274
907,168,124,271
899,170,130,268
891,172,136,265
883,174,142,262
875,176,148,259
867,178,154,256
859,180,160,253
851,182,166,250
843,184,172,247
835,186,178,244
827,188,184,241
819,190,190,238
810,190,189,240
