1361,315,48,120
1361,315,48,120
1361,315,48,120
1361,315,48,120
1361,315,48,120
1361,315,48,120
1361,315,48,120
1361,315,48,120
1361,315,48,120
1361,315,48,120
1361,315,48,120
1361,315,48,120
1361,315,48,120
1361,315,48,120
1361,315,48,120
1359,317,53,120
1359,317,53,120
1359,317,53,120
1359,317,53,120
1359,317,53,120
1359,317,53,120
1359,317,53,120
1359,317,53,120
1359,317,53,120
1359,317,53,120
1359,317,53,120
1359,317,53,120
1359,317,53,120
1359,317,53,120
1359,317,53,120
1359,317,55,122
1359,317,55,122
1359,317,55,122
1359,317,55,122
1359,317,55,122
1359,317,55,122
1359,317,55,122
1359,317,55,122
1359,317,55,122
1359,317,55,122
1359,317,55,122
1359,317,55,122
1359,317,55,122
1359,317,55,122
1359,317,55,122
1361,319,51,118
1361,319,51,118
1361,319,51,118
1361,319,51,118
1361,319,51,118
1361,319,51,118
1361,319,51,118
1361,319,51,118
1361,319,51,118
1361,319,51,118
1361,319,51,118
1361,319,51,118
1361,319,51,118
1361,319,51,118
1361,319,51,118
1361,319,48,116
1361,319,48,116
1361,319,48,116
1361,319,48,116
1361,319,48,116
1361,319,48,116
1361,319,48,116
1361,319,48,116
1361,319,48,116
1361,319,48,116
1361,319,48,116
1361,319,48,116
1361,319,48,116
1361,319,48,116
1361,319,48,116
1355,317,54,122
1355,317,54,122
1355,317,54,122
1355,317,54,122
1355,317,54,122
1355,317,54,122
1355,317,54,122
1355,317,54,122
1355,317,54,122
1355,317,54,122
1355,317,54,122
1355,317,54,122
1355,317,54,122
1355,317,54,122
1355,317,54,122
1359,317,51,118
1359,317,51,118
1359,317,51,118
1359,317,51,118
1359,317,51,118
1359,317,51,118
1359,317,51,118
1359,317,51,118
1359,317,51,118
1359,317,51,118
1359,317,51,118
1359,317,51,118
1359,317,51,118
1359,317,51,118
1359,317,51,118
1363,317,44,113
1363,317,44,113
1363,317,44,113
1363,317,44,113
1363,317,44,113
1363,317,44,113
1363,317,44,113
1363,317,44,113
1363,317,44,113
1363,317,44,113
1363,317,44,113
1363,317,44,113
1363,317,44,113
1363,317,44,113
1363,317,44,113
1361,317,48,116
1361,317,48,116
1361,317,48,116
1361,317,48,116
1361,317,48,116
1361,317,48,116
1361,317,48,116
1361,317,48,116
1361,317,48,116
1361,317,48,116
1361,317,48,116
1361,317,48,116
1361,317,48,116
1361,317,48,116
1361,317,48,116
1361,317,48,118
1361,317,48,119
1361,317,48,120
1361,317,48,121
1361,317,48,122
1361,317,48,123
1361,317,48,124
1361,317,48,125
1361,317,48,126
1361,317,48,127
1361,317,48,128
1361,317,48,129
1361,317,48,130
1361,317,48,131
1361,317,48,132
1361,313,48,127
1361,313,48,127
1361,313,48,127
1361,313,48,127
1361,313,48,127
1361,313,48,127
1361,313,48,127
1361,313,48,127
1361,313,48,127
1361,313,48,127
1361,313,48,127
1361,313,48,127
1361,313,48,127
1361,313,48,127
1361,313,48,127
1361,315,48,124
1361,315,48,124
1361,315,48,124
1361,315,48,124
1361,315,48,124
1361,315,48,124
1361,315,48,124
1361,315,48,124
1361,315,48,124
1361,315,48,124
1361,315,48,124
1361,315,48,124
1361,315,48,124
1361,315,48,124
1361,315,48,124
1361,315,51,122
1361,315,51,121
1361,315,51,120
1361,315,51,119
1361,315,51,118
1361,315,51,117
1361,315,51,116
1361,315,51,115
1361,315,51,114
1361,315,51,113
1361,315,51,112
1361,315,51,111
1361,315,51,110
1361,315,51,109
1361,315,51,108
1361,315,49,111
1361,315,49,112
1361,315,49,113
1361,315,49,114
1361,315,49,115
1361,315,49,116
1361,315,49,117
1361,315,49,118
1361,315,49,119
1361,315,49,120
1361,315,49,121
1361,315,49,122
1361,315,49,123
1361,315,49,124
1361,315,49,125
1363,321,53,132
1364,321,53,132
1365,321,53,132
1366,321,53,132
1367,321,53,132
1368,321,53,132
1369,321,53,132
1370,321,53,132
1371,321,53,132
1372,321,53,132
1373,321,53,132
1374,321,53,132
1375,321,53,132
1376,321,53,132
1377,321,53,132
1375,321,55,137
1377,321,54,137
1379,321,53,137
1381,321,52,137
1383,321,51,137
1385,321,50,137
1387,321,49,137
1389,321,48,137
1391,321,47,137
1393,321,46,137
1395,321,45,137
1397,321,44,137
1399,321,43,137
1401,321,42,137
1403,321,41,137
1402,321,45,139
1403,321,46,139
1404,321,47,139
1405,321,48,139
1406,321,49,139
1407,321,50,139
1408,321,51,139
1409,321,52,139
1410,321,53,139
1411,321,54,139
1412,321,55,139
1413,321,56,139
1414,321,57,139
1415,321,58,139
1416,321,59,139
1415,324,54,138
1417,325,54,139
1419,326,54,140
1421,327,54,141
1423,328,54,142
1425,329,54,143
1427,330,54,144
1429,331,54,145
1431,332,54,146
1433,333,54,147
1435,334,54,148
1437,335,54,149
1439,336,54,150
1441,337,54,151
1443,338,54,152
1442,335,52,153
1441,335,53,154
1440,335,54,155
1439,335,55,156
1438,335,56,157
1437,335,57,158
1436,335,58,159
1435,335,59,160
1434,335,60,161
1433,335,61,162
1432,335,62,163
1431,335,63,164
1430,335,64,165
1429,335,65,166
1428,335,66,167
1433,336,61,170
1429,336,63,171
1425,336,65,172
1421,336,67,173
1417,336,69,174
1413,336,71,175
1409,336,73,176
1405,336,75,177
1401,336,77,178
1397,336,79,179
1393,336,81,180
1389,336,83,181
1385,336,85,182
1381,336,87,183
1377,336,89,184
1369,340,84,184
1362,340,84,184
1355,340,84,184
1348,340,84,184
1341,340,84,184
1334,340,84,184
1327,340,84,184
1320,340,84,184
1313,340,84,184
1306,340,84,184
1299,340,84,184
1292,340,84,184
1285,340,84,184
1278,340,84,184
1271,340,84,184
1264,338,82,188
1256,338,83,189
1248,338,84,190
1240,338,85,191
1232,338,86,192
1224,338,87,193
1216,338,88,194
1208,338,89,195
1200,338,90,196
1192,338,91,197
1184,338,92,198
1176,338,93,199
1168,338,94,200
1160,338,95,201
1152,338,96,202
1150,340,98,205
1144,340,97,205
1138,340,96,205
1132,340,95,205
1126,340,94,205
1120,340,93,205
1114,340,92,205
1108,340,91,205
1102,340,90,205
1096,340,89,205
1090,340,88,205
1084,340,87,205
1078,340,86,205
1072,340,85,205
1066,340,84,205
1053,338,84,200
1050,338,83,200
1047,338,82,200
1044,338,81,200
1041,338,80,200
1038,338,79,200
1035,338,78,200
1032,338,77,200
1029,338,76,200
1026,338,75,200
1023,338,74,200
1020,338,73,200
1017,338,72,200
1014,338,71,200
1011,338,70,200
1012,336,75,200
1011,336,74,201
1010,336,73,202
1009,336,72,203
1008,336,71,204
1007,336,70,205
1006,336,69,206
1005,336,68,207
1004,336,67,208
1003,336,66,209
1002,336,65,210
1001,336,64,211
1000,336,63,212
999,336,62,213
998,336,61,214
992,335,62,210
992,335,62,210
992,335,62,210
992,335,62,210
992,335,62,210
992,335,62,210
992,335,62,210
992,335,62,210
992,335,62,210
992,335,62,210
992,335,62,210
992,335,62,210
992,335,62,210
992,335,62,210
992,335,62,210
987,336,59,204
