3,283,164,287
3,283,164,287
3,283,164,287
3,283,164,287
3,283,164,287
3,283,164,287
3,283,164,287
3,283,164,287
3,283,164,287
3,283,164,287
3,283,164,287
3,283,164,287
3,283,164,287
3,283,164,287
3,283,164,287
1,281,166,291
1,281,165,291
1,281,164,291
1,281,163,291
1,281,162,291
1,281,161,291
1,281,160,291
1,281,159,291
1,281,158,291
1,281,157,291
1,281,156,291
1,281,155,291
1,281,154,291
1,281,153,291
1,281,152,291
5,276,146,294
6,276,145,294
7,276,144,294
8,276,143,294
9,276,142,294
10,276,141,294
11,276,140,294
12,276,139,294
13,276,138,294
14,276,137,294
15,276,136,294
16,276,135,294
17,276,134,294
18,276,133,294
19,276,132,294
27,269,124,298
28,269,123,298
29,269,122,298
30,269,121,298
31,269,120,298
32,269,119,298
33,269,118,298
34,269,117,298
35,269,116,298
36,269,115,298
37,269,114,298
38,269,113,298
39,269,112,298
40,269,111,298
41,269,110,298
42,263,111,300
42,263,112,300
42,263,113,300
42,263,114,300
42,263,115,300
42,263,116,300
42,263,117,300
42,263,118,300
42,263,119,300
42,263,120,300
42,263,121,300
42,263,122,300
42,263,123,300
42,263,124,300
42,263,125,300
36,270,119,293
38,270,121,293
40,270,123,293
42,270,125,293
44,270,127,293
46,270,129,293
48,270,131,293
50,270,133,293
52,270,135,293
54,270,137,293
56,270,139,293
58,270,141,293
60,270,143,293
62,270,145,293
64,270,147,293
69,269,146,296
70,269,145,297
71,269,144,298
72,269,143,299
73,269,142,300
74,269,141,301
75,269,140,302
76,269,139,303
77,269,138,304
78,269,137,305
79,269,136,306
80,269,135,307
81,269,134,308
82,269,133,309
83,269,132,310
79,265,134,310
80,265,133,310
81,265,132,310
82,265,131,310
83,265,130,310
84,265,129,310
85,265,128,310
86,265,127,310
87,265,126,310
88,265,125,310
89,265,124,310
90,265,123,310
91,265,122,310
92,265,121,310
93,265,120,310
87,269,124,305
86,269,125,305
85,269,126,305
84,269,127,305
83,269,128,305
82,269,129,305
81,269,130,305
80,269,131,305
79,269,132,305
78,269,133,305
77,269,134,305
76,269,135,305
75,269,136,305
74,269,137,305
73,269,138,305
73,270,142,300
74,270,141,300
75,270,140,300
76,270,139,300
77,270,138,300
78,270,137,300
79,270,136,300
80,270,135,300
81,270,134,300
82,270,133,300
83,270,132,300
84,270,131,300
85,270,130,300
86,270,129,300
87,270,128,300
87,270,126,302
87,270,126,302
87,270,126,302
87,270,126,302
87,270,126,302
87,270,126,302
87,270,126,302
87,270,126,302
87,270,126,302
87,270,126,302
87,270,126,302
87,270,126,302
87,270,126,302
87,270,126,302
87,270,126,302
87,274,124,295
88,274,124,296
89,274,124,297
90,274,124,298
91,274,124,299
92,274,124,300
93,274,124,301
94,274,124,302
95,274,124,303
96,274,124,304
97,274,124,305
98,274,124,306
99,274,124,307
100,274,124,308
101,274,124,309
102,269,129,310
103,268,128,310
104,267,127,310
105,266,126,310
106,265,125,310
107,264,124,310
108,263,123,310
109,262,122,310
110,261,121,310
111,260,120,310
112,259,119,310
113,258,118,310
114,257,117,310
115,256,116,310
116,255,115,310
121,260,114,315
122,260,113,315
123,260,112,315
124,260,111,315
125,260,110,315
126,260,109,315
127,260,108,315
128,260,107,315
129,260,106,315
130,260,105,315
131,260,104,315
132,260,103,315
133,260,102,315
134,260,101,315
135,260,100,315
137,258,105,311
137,258,106,311
137,258,107,311
137,258,108,311
137,258,109,311
137,258,110,311
137,258,111,311
137,258,112,311
137,258,113,311
137,258,114,311
137,258,115,311
137,258,116,311
137,258,117,311
137,258,118,311
137,258,119,311
133,256,121,318
133,256,121,318
133,256,121,318
133,256,121,318
133,256,121,318
133,256,121,318
133,256,121,318
133,256,121,318
133,256,121,318
133,256,121,318
133,256,121,318
133,256,121,318
133,256,121,318
133,256,121,318
133,256,121,318
131,258,125,312
131,258,125,312
131,258,125,312
131,258,125,312
131,258,125,312
131,258,125,312
131,258,125,312
131,258,125,312
131,258,125,312
131,258,125,312
131,258,125,312
131,258,125,312
131,258,125,312
131,258,125,312
131,258,125,312
135,256,121,316
135,256,120,316
135,256,119,316
135,256,118,316
135,256,117,316
135,256,116,316
135,256,115,316
135,256,114,316
135,256,113,316
135,256,112,316
135,256,111,316
135,256,110,316
135,256,109,316
135,256,108,316
135,256,107,316
139,255,105,317
138,255,106,317
137,255,107,317
136,255,108,317
135,255,109,317
134,255,110,317
133,255,111,317
132,255,112,317
131,255,113,317
130,255,114,317
129,255,115,317
128,255,116,317
127,255,117,317
126,255,118,317
125,255,119,317
131,253,127,319
131,253,126,319
131,253,125,319
131,253,124,319
131,253,123,319
131,253,122,319
131,253,121,319
131,253,120,319
131,253,119,319
131,253,118,319
131,253,117,319
131,253,116,319
131,253,115,319
131,253,114,319
131,253,113,319
129,256,108,314
131,257,110,313
133,258,112,312
135,259,114,311
137,260,116,310
139,261,118,309
141,262,120,308
143,263,122,307
145,264,124,306
147,265,126,305
149,266,128,304
151,267,130,303
153,268,132,302
155,269,134,301
157,270,136,300
162,274,135,300
168,274,137,300
174,274,139,300
180,274,141,300
186,274,143,300
192,274,145,300
198,274,147,300
204,274,149,300
210,274,151,300
216,274,153,300
222,274,155,300
228,274,157,300
234,274,159,300
240,274,161,300
246,274,163,300
253,279,171,293
261,280,172,293
269,281,173,293
277,282,174,293
285,283,175,293
293,284,176,293
301,285,177,293
309,286,178,293
317,287,179,293
325,288,180,293
333,289,181,293
341,290,182,293
349,291,183,293
357,292,184,293
365,293,185,293
377,293,181,288
392,293,181,289
407,293,181,290
422,293,181,291
437,293,181,292
452,293,181,293
467,293,181,294
482,293,181,295
497,293,181,296
512,293,181,297
527,293,181,298
542,293,181,299
557,293,181,300
572,293,181,301
587,293,181,302
600,293,179,298
624,295,178,301
648,297,177,304
672,299,176,307
696,301,175,310
720,303,174,313
744,305,173,316
768,307,172,319
792,309,171,322
816,311,170,325
840,313,169,328
864,315,168,331
888,317,167,334
912,319,166,337
936,321,165,340
956,318,167,338
970,318,164,345
984,318,161,352
998,318,158,359
1012,318,155,366
1026,318,152,373
1040,318,149,380
1054,318,146,387
1068,318,143,394
1082,318,140,401
1096,318,137,408
1110,318,134,415
1124,318,131,422
1138,318,128,429
1152,318,125,436
1161,321,121,438
1162,323,130,436
1163,325,139,434
1164,327,148,432
1165,329,157,430
1166,331,166,428
1167,333,175,426
1168,335,184,424
1169,337,193,422
1170,339,202,420
1171,341,211,418
1172,343,220,416
1173,345,229,414
1174,347,238,412
1175,349,247,410
1180,351,255,406
1189,351,251,409
1198,351,247,412
1207,351,243,415
1216,351,239,418
1225,351,235,421
1234,351,231,424
1243,351,227,427
1252,351,223,430
1261,351,219,433
1270,351,215,436
1279,351,211,439
1288,351,207,442
1297,351,203,445
1306,351,199,448
1318,356,202,454
1322,359,205,450
1326,362,208,446
1330,365,211,442
1334,368,214,438
1338,371,217,434
1342,374,220,430
1346,377,223,426
1350,380,226,422
1354,383,229,418
1358,386,232,414
1362,389,235,410
1366,392,238,406
1370,395,241,402
1374,398,244,398
1378,403,252,398
1364,407,250,393
1350,411,248,388
1336,415,246,383
1322,419,244,378
1308,423,242,373
1294,427,240,368
1280,431,238,363
1266,435,236,358
1252,439,234,353
1238,443,232,348
1224,447,230,343
1210,451,228,338
1196,455,226,333
1182,459,224,328
1172,463,218,327
