255,358,158,261
255,358,157,261
255,358,156,261
255,358,155,261
255,358,154,261
255,358,153,261
255,358,152,261
255,358,151,261
255,358,150,261
255,358,149,261
255,358,148,261
255,358,147,261
255,358,146,261
255,358,145,261
255,358,144,261
257,354,140,268
259,353,138,268
261,352,136,268
263,351,134,268
265,350,132,268
267,349,130,268
269,348,128,268
271,347,126,268
273,346,124,268
275,345,122,268
277,344,120,268
279,343,118,268
281,342,116,268
283,341,114,268
285,340,112,268
287,346,108,272
287,346,108,272
287,346,108,272
287,346,108,272
287,346,108,272
287,346,108,272
287,346,108,272
287,346,108,272
287,346,108,272
287,346,108,272
287,346,108,272
287,346,108,272
287,346,108,272
287,346,108,272
287,346,108,272
292,345,106,268
293,345,109,268
294,345,112,268
295,345,115,268
296,345,118,268
297,345,121,268
298,345,124,268
299,345,127,268
300,345,130,268
301,345,133,268
302,345,136,268
303,345,139,268
304,345,142,268
305,345,145,268
306,345,148,268
308,348,148,263
309,348,147,264
310,348,146,265
311,348,145,266
312,348,144,267
313,348,143,268
314,348,142,269
315,348,141,270
316,348,140,271
317,348,139,272
318,348,138,273
319,348,137,274
320,348,136,275
321,348,135,276
322,348,134,277
328,345,128,276
328,345,128,276
328,345,128,276
328,345,128,276
328,345,128,276
328,345,128,276
328,345,128,276
328,345,128,276
328,345,128,276
328,345,128,276
328,345,128,276
328,345,128,276
328,345,128,276
328,345,128,276
328,345,128,276
333,346,121,281
333,346,121,281
333,346,121,281
333,346,121,281
333,346,121,281
333,346,121,281
333,346,121,281
333,346,121,281
333,346,121,281
333,346,121,281
333,346,121,281
333,346,121,281
333,346,121,281
333,346,121,281
333,346,121,281
331,346,127,281
331,346,127,280
331,346,127,279
331,346,127,278
331,346,127,277
331,346,127,276
331,346,127,275
331,346,127,274
331,346,127,273
331,346,127,272
331,346,127,271
331,346,127,270
331,346,127,269
331,346,127,268
331,346,127,267
336,349,123,273
338,349,122,273
340,349,121,273
342,349,120,273
344,349,119,273
346,349,118,273
348,349,117,273
350,349,116,273
352,349,115,273
354,349,114,273
356,349,113,273
358,349,112,273
360,349,111,273
362,349,110,273
364,349,109,273
361,345,105,279
362,344,104,280
363,343,103,281
364,342,102,282
365,341,101,283
366,340,100,284
367,339,99,285
368,338,98,286
369,337,97,287
370,336,96,288
371,335,95,289
372,334,94,290
373,333,93,291
374,332,92,292
375,331,91,293
376,334,95,287
376,334,96,287
376,334,97,287
376,334,98,287
376,334,99,287
376,334,100,287
376,334,101,287
376,334,102,287
376,334,103,287
376,334,104,287
376,334,105,287
376,334,106,287
376,334,107,287
376,334,108,287
376,334,109,287
381,335,108,290
381,335,109,290
381,335,110,290
381,335,111,290
381,335,112,290
381,335,113,290
381,335,114,290
381,335,115,290
381,335,116,290
381,335,117,290
381,335,118,290
381,335,119,290
381,335,120,290
381,335,121,290
381,335,122,290
378,334,116,287
378,334,115,287
378,334,114,287
378,334,113,287
378,334,112,287
378,334,111,287
378,334,110,287
378,334,109,287
378,334,108,287
378,334,107,287
378,334,106,287
378,334,105,287
378,334,104,287
378,334,103,287
378,334,102,287
381,334,105,285
381,334,106,285
381,334,107,285
381,334,108,285
381,334,109,285
381,334,110,285
381,334,111,285
381,334,112,285
381,334,113,285
381,334,114,285
381,334,115,285
381,334,116,285
381,334,117,285
381,334,118,285
381,334,119,285
379,335,115,284
379,335,113,284
379,335,111,284
379,335,109,284
379,335,107,284
379,335,105,284
379,335,103,284
379,335,101,284
379,335,99,284
379,335,97,284
379,335,95,284
379,335,93,284
379,335,91,284
379,335,89,284
379,335,87,284
374,337,92,284
379,338,93,283
384,339,94,282
389,340,95,281
394,341,96,280
399,342,97,279
404,343,98,278
409,344,99,277
414,345,100,276
419,346,101,275
424,347,102,274
429,348,103,273
434,349,104,272
439,350,105,271
444,351,106,270
445,345,100,276
455,345,102,276
465,345,104,276
475,345,106,276
485,345,108,276
495,345,110,276
505,345,112,276
515,345,114,276
525,345,116,276
535,345,118,276
545,345,120,276
555,345,122,276
565,345,124,276
575,345,126,276
585,345,128,276
597,346,125,279
617,347,125,278
637,348,125,277
657,349,125,276
677,350,125,275
697,351,125,274
717,352,125,273
737,353,125,272
757,354,125,271
777,355,125,270
797,356,125,269
817,357,125,268
837,358,125,267
857,359,125,266
877,360,125,265
903,361,121,269
927,362,122,273
951,363,123,277
975,364,124,281
999,365,125,285
1023,366,126,289
1047,367,127,293
1071,368,128,297
1095,369,129,301
1119,370,130,305
1143,371,131,309
1167,372,132,313
1191,373,133,317
1215,374,134,321
1239,375,135,325
1261,378,138,335
1268,378,141,338
1275,378,144,341
1282,378,147,344
1289,378,150,347
1296,378,153,350
1303,378,156,353
1310,378,159,356
1317,378,162,359
1324,378,165,362
1331,378,168,365
1338,378,171,368
1345,378,174,371
1352,378,177,374
1359,378,180,377
1371,383,183,374
1379,383,182,376
1387,383,181,378
1395,383,180,380
1403,383,179,382
1411,383,178,384
1419,383,177,386
1427,383,176,388
1435,383,175,390
1443,383,174,392
1451,383,173,394
1459,383,172,396
1467,383,171,398
1475,383,170,400
1483,383,169,402
1487,390,174,408
1485,394,175,401
1483,398,176,394
1481,402,177,387
1479,406,178,380
1477,410,179,373
1475,414,180,366
1473,418,181,359
1471,422,182,352
1469,426,183,345
1467,430,184,338
1465,434,185,331
1463,438,186,324
1461,442,187,317
1459,446,188,310
1462,449,193,298
1448,454,191,301
1434,459,189,304
1420,464,187,307
1406,469,185,310
1392,474,183,313
1378,479,181,316
1364,484,179,319
1350,489,177,322
1336,494,175,325
1322,499,173,328
1308,504,171,331
1294,509,169,334
1280,514,167,337
1266,519,165,340
1259,522,165,343
