238,365,146,263
238,365,146,263
238,365,146,263
238,365,146,263
238,365,146,263
238,365,146,263
238,365,146,263
238,365,146,263
238,365,146,263
238,365,146,263
238,365,146,263
238,365,146,263
238,365,146,263
238,365,146,263
238,365,146,263
231,367,151,261
231,367,151,261
231,367,151,261
231,367,151,261
231,367,151,261
231,367,151,261
231,367,151,261
231,367,151,261
231,367,151,261
231,367,151,261
231,367,151,261
231,367,151,261
231,367,151,261
231,367,151,261
231,367,151,261
226,365,156,264
227,365,154,264
228,365,152,264
229,365,150,264
230,365,148,264
231,365,146,264
232,365,144,264
233,365,142,264
234,365,140,264
235,365,138,264
236,365,136,264
237,365,134,264
238,365,132,264
239,365,130,264
240,365,128,264
240,358,122,271
242,358,120,271
244,358,118,271
246,358,116,271
248,358,114,271
250,358,112,271
252,358,110,271
254,358,108,271
256,358,106,271
258,358,104,271
260,358,102,271
262,358,100,271
264,358,98,271
266,358,96,271
268,358,94,271
263,352,98,272
263,352,98,272
263,352,98,272
263,352,98,272
263,352,98,272
263,352,98,272
263,352,98,272
263,352,98,272
263,352,98,272
263,352,98,272
263,352,98,272
263,352,98,272
263,352,98,272
263,352,98,272
263,352,98,272
265,352,103,269
266,352,106,269
267,352,109,269
268,352,112,269
269,352,115,269
270,352,118,269
271,352,121,269
272,352,124,269
273,352,127,269
274,352,130,269
275,352,133,269
276,352,136,269
277,352,139,269
278,352,142,269
279,352,145,269
276,358,151,265
278,358,149,266
280,358,147,267
282,358,145,268
284,358,143,269
286,358,141,270
288,358,139,271
290,358,137,272
292,358,135,273
294,358,133,274
296,358,131,275
298,358,129,276
300,358,127,277
302,358,125,278
304,358,123,279
304,353,128,276
304,353,127,276
304,353,126,276
304,353,125,276
304,353,124,276
304,353,123,276
304,353,122,276
304,353,121,276
304,353,120,276
304,353,119,276
304,353,118,276
304,353,117,276
304,353,116,276
304,353,115,276
304,353,114,276
311,355,116,276
310,355,117,276
309,355,118,276
308,355,119,276
307,355,120,276
306,355,121,276
305,355,122,276
304,355,123,276
303,355,124,276
302,355,125,276
301,355,126,276
300,355,127,276
299,355,128,276
298,355,129,276
297,355,130,276
301,357,126,272
302,357,125,272
303,357,124,272
304,357,123,272
305,357,122,272
306,357,121,272
307,357,120,272
308,357,119,272
309,357,118,272
310,357,117,272
311,357,116,272
312,357,115,272
313,357,114,272
314,357,113,272
315,357,112,272
313,357,114,274
313,357,114,274
313,357,114,274
313,357,114,274
313,357,114,274
313,357,114,274
313,357,114,274
313,357,114,274
313,357,114,274
313,357,114,274
313,357,114,274
313,357,114,274
313,357,114,274
313,357,114,274
313,357,114,274
317,357,110,276
318,357,110,276
319,357,110,276
320,357,110,276
321,357,110,276
322,357,110,276
323,357,110,276
324,357,110,276
325,357,110,276
326,357,110,276
327,357,110,276
328,357,110,276
329,357,110,276
330,357,110,276
331,357,110,276
328,355,113,274
330,354,112,275
332,353,111,276
334,352,110,277
336,351,109,278
338,350,108,279
340,349,107,280
342,348,106,281
344,347,105,282
346,346,104,283
348,345,103,284
350,344,102,285
352,343,101,286
354,342,100,287
356,341,99,288
351,347,104,287
351,347,104,287
351,347,104,287
351,347,104,287
351,347,104,287
351,347,104,287
351,347,104,287
351,347,104,287
351,347,104,287
351,347,104,287
351,347,104,287
351,347,104,287
351,347,104,287
351,347,104,287
351,347,104,287
356,347,103,284
356,347,103,284
356,347,103,284
356,347,103,284
356,347,103,284
356,347,103,284
356,347,103,284
356,347,103,284
356,347,103,284
356,347,103,284
356,347,103,284
356,347,103,284
356,347,103,284
356,347,103,284
356,347,103,284
360,343,106,290
359,343,107,290
358,343,108,290
357,343,109,290
356,343,110,290
355,343,111,290
354,343,112,290
353,343,113,290
352,343,114,290
351,343,115,290
350,343,116,290
349,343,117,290
348,343,118,290
347,343,119,290
346,343,120,290
352,345,121,284
352,345,120,284
352,345,119,284
352,345,118,284
352,345,117,284
352,345,116,284
352,345,115,284
352,345,114,284
352,345,113,284
352,345,112,284
352,345,111,284
352,345,110,284
352,345,109,284
352,345,108,284
352,345,107,284
358,343,111,286
358,343,111,286
358,343,111,286
358,343,111,286
358,343,111,286
358,343,111,286
358,343,111,286
358,343,111,286
358,343,111,286
358,343,111,286
358,343,111,286
358,343,111,286
358,343,111,286
358,343,111,286
358,343,111,286
358,342,110,289
358,342,110,289
358,342,110,289
358,342,110,289
358,342,110,289
358,342,110,289
358,342,110,289
358,342,110,289
358,342,110,289
358,342,110,289
358,342,110,289
358,342,110,289
358,342,110,289
358,342,110,289
358,342,110,289
358,345,108,284
359,345,107,284
360,345,106,284
361,345,105,284
362,345,104,284
363,345,103,284
364,345,102,284
365,345,101,284
366,345,100,284
367,345,99,284
368,345,98,284
369,345,97,284
370,345,96,284
371,345,95,284
372,345,94,284
369,352,100,277
374,352,100,277
379,352,100,277
384,352,100,277
389,352,100,277
394,352,100,277
399,352,100,277
404,352,100,277
409,352,100,277
414,352,100,277
419,352,100,277
424,352,100,277
429,352,100,277
434,352,100,277
439,352,100,277
447,357,103,271
456,358,105,271
465,359,107,271
474,360,109,271
483,361,111,271
492,362,113,271
501,363,115,271
510,364,117,271
519,365,119,271
528,366,121,271
537,367,123,271
546,368,125,271
555,369,127,271
564,370,129,271
573,371,131,271
582,367,132,273
593,368,136,272
604,369,140,271
615,370,144,270
626,371,148,269
637,372,152,268
648,373,156,267
659,374,160,266
670,375,164,265
681,376,168,264
692,377,172,263
703,378,176,262
714,379,180,261
725,380,184,260
736,381,188,259
754,380,195,265
778,381,190,267
802,382,185,269
826,383,180,271
850,384,175,273
874,385,170,275
898,386,165,277
922,387,160,279
946,388,155,281
970,389,150,283
994,390,145,285
1018,391,140,287
1042,392,135,289
1066,393,130,291
1090,394,125,293
1112,400,115,293
1125,400,115,298
1138,400,115,303
1151,400,115,308
1164,400,115,313
1177,400,115,318
1190,400,115,323
1203,400,115,328
1216,400,115,333
1229,400,115,338
1242,400,115,343
1255,400,115,348
1268,400,115,353
1281,400,115,358
1294,400,115,363
1308,404,117,370
1310,406,123,368
1312,408,129,366
1314,410,135,364
1316,412,141,362
1318,414,147,360
1320,416,153,358
1322,418,159,356
1324,420,165,354
1326,422,171,352
1328,424,177,350
1330,426,183,348
1332,428,189,346
1334,430,195,344
1336,432,201,342
1338,431,205,344
1345,431,204,346
1352,431,203,348
1359,431,202,350
1366,431,201,352
1373,431,200,354
1380,431,199,356
1387,431,198,358
1394,431,197,360
1401,431,196,362
1408,431,195,364
1415,431,194,366
1422,431,193,368
1429,431,192,370
1436,431,191,372
1445,434,187,380
