1441,279,165,284
1441,279,165,284
1441,279,165,284
1441,279,165,284
1441,279,165,284
1441,279,165,284
1441,279,165,284
1441,279,165,284
1441,279,165,284
1441,279,165,284
1441,279,165,284
1441,279,165,284
1441,279,165,284
1441,279,165,284
1441,279,165,284
1436,276,167,289
1436,276,167,289
1436,276,167,289
1436,276,167,289
1436,276,167,289
1436,276,167,289
1436,276,167,289
1436,276,167,289
1436,276,167,289
1436,276,167,289
1436,276,167,289
1436,276,167,289
1436,276,167,289
1436,276,167,289
1436,276,167,289
1443,271,161,294
1443,271,161,294
1443,271,161,294
1443,271,161,294
1443,271,161,294
1443,271,161,294
1443,271,161,294
1443,271,161,294
1443,271,161,294
1443,271,161,294
1443,271,161,294
1443,271,161,294
1443,271,161,294
1443,271,161,294
1443,271,161,294
1441,272,165,293
1441,272,165,293
1441,272,165,293
1441,272,165,293
1441,272,165,293
1441,272,165,293
1441,272,165,293
1441,272,165,293
1441,272,165,293
1441,272,165,293
1441,272,165,293
1441,272,165,293
1441,272,165,293
1441,272,165,293
1441,272,165,293
1439,274,167,296
1439,274,167,296
1439,274,167,296
1439,274,167,296
1439,274,167,296
1439,274,167,296
1439,274,167,296
1439,274,167,296
1439,274,167,296
1439,274,167,296
1439,274,167,296
1439,274,167,296
1439,274,167,296
1439,274,167,296
1439,274,167,296
1437,272,167,296
1437,272,167,296
1437,272,167,296
1437,272,167,296
1437,272,167,296
1437,272,167,296
1437,272,167,296
1437,272,167,296
1437,272,167,296
1437,272,167,296
1437,272,167,296
1437,272,167,296
1437,272,167,296
1437,272,167,296
1437,272,167,296
1439,274,165,293
1439,274,165,293
1439,274,165,293
1439,274,165,293
1439,274,165,293
1439,274,165,293
1439,274,165,293
1439,274,165,293
1439,274,165,293
1439,274,165,293
1439,274,165,293
1439,274,165,293
1439,274,165,293
1439,274,165,293
1439,274,165,293
1436,272,172,295
1435,272,173,294
1434,272,174,293
1433,272,175,292
1432,272,176,291
1431,272,177,290
1430,272,178,289
1429,272,179,288
1428,272,180,287
1427,272,181,286
1426,272,182,285
1425,272,183,284
1424,272,184,283
1423,272,185,282
1422,272,186,281
1425,276,184,287
1425,276,184,287
1425,276,184,287
1425,276,184,287
1425,276,184,287
1425,276,184,287
1425,276,184,287
1425,276,184,287
1425,276,184,287
1425,276,184,287
1425,276,184,287
1425,276,184,287
1425,276,184,287
1425,276,184,287
1425,276,184,287
1429,276,179,287
1430,276,178,287
1431,276,177,287
1432,276,176,287
1433,276,175,287
1434,276,174,287
1435,276,173,287
1436,276,172,287
1437,276,171,287
1438,276,170,287
1439,276,169,287
1440,276,168,287
1441,276,167,287
1442,276,166,287
1443,276,165,287
1439,277,167,288
1439,277,167,288
1439,277,167,288
1439,277,167,288
1439,277,167,288
1439,277,167,288
1439,277,167,288
1439,277,167,288
1439,277,167,288
1439,277,167,288
1439,277,167,288
1439,277,167,288
1439,277,167,288
1439,277,167,288
1439,277,167,288
1434,276,172,291
1434,276,172,291
1434,276,172,291
1434,276,172,291
1434,276,172,291
1434,276,172,291
1434,276,172,291
1434,276,172,291
1434,276,172,291
1434,276,172,291
1434,276,172,291
1434,276,172,291
1434,276,172,291
1434,276,172,291
1434,276,172,291
1434,274,172,289
1434,274,172,289
1434,274,172,289
1434,274,172,289
1434,274,172,289
1434,274,172,289
1434,274,172,289
1434,274,172,289
1434,274,172,289
1434,274,172,289
1434,274,172,289
1434,274,172,289
1434,274,172,289
1434,274,172,289
1434,274,172,289
1432,274,176,291
1432,274,176,291
1432,274,176,291
1432,274,176,291
1432,274,176,291
1432,274,176,291
1432,274,176,291
1432,274,176,291
1432,274,176,291
1432,274,176,291
1432,274,176,291
1432,274,176,291
1432,274,176,291
1432,274,176,291
1432,274,176,291
1432,276,176,291
1432,276,177,291
1432,276,178,291
1432,276,179,291
1432,276,180,291
1432,276,181,291
1432,276,182,291
1432,276,183,291
1432,276,184,291
1432,276,185,291
1432,276,186,291
1432,276,187,291
1432,276,188,291
1432,276,189,291
1432,276,190,291
1427,272,186,293
1427,272,185,293
1427,272,184,293
1427,272,183,293
1427,272,182,293
1427,272,181,293
1427,272,180,293
1427,272,179,293
1427,272,178,293
1427,272,177,293
1427,272,176,293
1427,272,175,293
1427,272,174,293
1427,272,173,293
1427,272,172,293
1434,274,174,293
1435,274,170,293
1436,274,166,293
1437,274,162,293
1438,274,158,293
1439,274,154,293
1440,274,150,293
1441,274,146,293
1442,274,142,293
1443,274,138,293
1444,274,134,293
1445,274,130,293
1446,274,126,293
1447,274,122,293
1448,274,118,293
1455,276,120,291
1455,275,121,296
1455,274,122,301
1455,273,123,306
1455,272,124,311
1455,271,125,316
1455,270,126,321
1455,269,127,326
1455,268,128,331
1455,267,129,336
1455,266,130,341
1455,265,131,346
1455,264,132,351
1455,263,133,356
1455,262,134,361
1462,257,141,369
1463,259,140,369
1464,261,139,369
1465,263,138,369
1466,265,137,369
1467,267,136,369
1468,269,135,369
1469,271,134,369
1470,273,133,369
1471,275,132,369
1472,277,131,369
1473,279,130,369
1474,281,129,369
1475,283,128,369
1476,285,127,369
1479,291,125,371
1483,292,125,372
1487,293,125,373
1491,294,125,374
1495,295,125,375
1499,296,125,376
1503,297,125,377
1507,298,125,378
1511,299,125,379
1515,300,125,380
1519,301,125,381
1523,302,125,382
1527,303,125,383
1531,304,125,384
1535,305,125,385
1532,311,121,379
1533,312,121,380
1534,313,121,381
1535,314,121,382
1536,315,121,383
1537,316,121,384
1538,317,121,385
1539,318,121,386
1540,319,121,387
1541,320,121,388
1542,321,121,389
1543,322,121,390
1544,323,121,391
1545,324,121,392
1546,325,121,393
1553,329,115,392
1552,331,117,395
1551,333,119,398
1550,335,121,401
1549,337,123,404
1548,339,125,407
1547,341,127,410
1546,343,129,413
1545,345,131,416
1544,347,133,419
1543,349,135,422
1542,351,137,425
1541,353,139,428
1540,355,141,431
1539,357,143,434
1539,357,146,433
1534,359,148,434
1529,361,150,435
1524,363,152,436
1519,365,154,437
1514,367,156,438
1509,369,158,439
1504,371,160,440
1499,373,162,441
1494,375,164,442
1489,377,166,443
1484,379,168,444
1479,381,170,445
1474,383,172,446
1469,385,174,447
1470,380,172,445
1463,381,173,447
1456,382,174,449
1449,383,175,451
1442,384,176,453
1435,385,177,455
1428,386,178,457
1421,387,179,459
1414,388,180,461
1407,389,181,463
1400,390,182,465
1393,391,183,467
1386,392,184,469
1379,393,185,471
1372,394,186,473
1366,400,183,482
1358,402,182,480
1350,404,181,478
1342,406,180,476
1334,408,179,474
1326,410,178,472
1318,412,177,470
1310,414,176,468
1302,416,175,466
1294,418,174,464
1286,420,173,462
1278,422,172,460
1270,424,171,458
1262,426,170,456
1254,428,169,454
1246,435,161,459
1238,436,166,462
1230,437,171,465
1222,438,176,468
1214,439,181,471
1206,440,186,474
1198,441,191,477
1190,442,196,480
1182,443,201,483
1174,444,206,486
1166,445,211,489
1158,446,216,492
1150,447,221,495
1142,448,226,498
1134,449,231,501
1123,452,232,504
1114,452,229,504
1105,452,226,504
1096,452,223,504
1087,452,220,504
1078,452,217,504
1069,452,214,504
1060,452,211,504
1051,452,208,504
1042,452,205,504
1033,452,202,504
1024,452,199,504
1015,452,196,504
1006,452,193,504
997,452,190,504
981,447,193,509
967,449,197,507
953,451,201,505
939,453,205,503
925,455,209,501
911,457,213,499
897,459,217,497
883,461,221,495
869,463,225,493
855,465,229,491
841,467,233,489
827,469,237,487
813,471,241,485
799,473,245,483
785,475,249,481
765,472,259,484
748,472,257,484
731,472,255,484
714,472,253,484
697,472,251,484
680,472,249,484
663,472,247,484
646,472,245,484
629,472,243,484
612,472,241,484
595,472,239,484
578,472,237,484
561,472,235,484
544,472,233,484
527,472,231,484
516,466,229,490
489,469,235,487
462,472,241,484
435,475,247,481
408,478,253,478
381,481,259,475
354,484,265,472
327,487,271,469
300,490,277,466
273,493,283,463
246,496,289,460
219,499,295,457
192,502,301,454
165,505,307,451
138,508,313,448
108,509,321,447
