1517,297,139,242
1517,297,138,242
1517,297,137,242
1517,297,136,242
1517,297,135,242
1517,297,134,242
1517,297,133,242
1517,297,132,242
1517,297,131,242
1517,297,130,242
1517,297,129,242
1517,297,128,242
1517,297,127,242
1517,297,126,242
1517,297,125,242
1523,297,129,245
1523,297,129,245
1523,297,129,245
1523,297,129,245
1523,297,129,245
1523,297,129,245
1523,297,129,245
1523,297,129,245
1523,297,129,245
1523,297,129,245
1523,297,129,245
1523,297,129,245
1523,297,129,245
1523,297,129,245
1523,297,129,245
1530,296,122,241
1530,296,122,241
1530,296,122,241
1530,296,122,241
1530,296,122,241
1530,296,122,241
1530,296,122,241
1530,296,122,241
1530,296,122,241
1530,296,122,241
1530,296,122,241
1530,296,122,241
1530,296,122,241
1530,296,122,241
1530,296,122,241
1525,292,127,243
1525,292,127,243
1525,292,127,243
1525,292,127,243
1525,292,127,243
1525,292,127,243
1525,292,127,243
1525,292,127,243
1525,292,127,243
1525,292,127,243
1525,292,127,243
1525,292,127,243
1525,292,127,243
1525,292,127,243
1525,292,127,243
1525,294,131,243
1525,294,130,243
1525,294,129,243
1525,294,128,243
1525,294,127,243
1525,294,126,243
1525,294,125,243
1525,294,124,243
1525,294,123,243
1525,294,122,243
1525,294,121,243
1525,294,120,243
1525,294,119,243
1525,294,118,243
1525,294,117,243
1525,294,122,245
1525,294,122,245
1525,294,122,245
1525,294,122,245
1525,294,122,245
1525,294,122,245
1525,294,122,245
1525,294,122,245
1525,294,122,245
1525,294,122,245
1525,294,122,245
1525,294,122,245
1525,294,122,245
1525,294,122,245
1525,294,122,245
1528,294,124,241
1528,294,125,241
1528,294,126,241
1528,294,127,241
1528,294,128,241
1528,294,129,241
1528,294,130,241
1528,294,131,241
1528,294,132,241
1528,294,133,241
1528,294,134,241
1528,294,135,241
1528,294,136,241
1528,294,137,241
1528,294,138,241
1521,297,135,243
1521,297,135,243
1521,297,135,243
1521,297,135,243
1521,297,135,243
1521,297,135,243
1521,297,135,243
1521,297,135,243
1521,297,135,243
1521,297,135,243
1521,297,135,243
1521,297,135,243
1521,297,135,243
1521,297,135,243
1521,297,135,243
1517,297,135,242
1517,297,135,242
1517,297,135,242
1517,297,135,242
1517,297,135,242
1517,297,135,242
1517,297,135,242
1517,297,135,242
1517,297,135,242
1517,297,135,242
1517,297,135,242
1517,297,135,242
1517,297,135,242
1517,297,135,242
1517,297,135,242
1515,297,137,243
1515,297,137,243
1515,297,137,243
1515,297,137,243
1515,297,137,243
1515,297,137,243
1515,297,137,243
1515,297,137,243
1515,297,137,243
1515,297,137,243
1515,297,137,243
1515,297,137,243
1515,297,137,243
1515,297,137,243
1515,297,137,243
1519,297,130,240
1519,297,130,240
1519,297,130,240
1519,297,130,240
1519,297,130,240
1519,297,130,240
1519,297,130,240
1519,297,130,240
1519,297,130,240
1519,297,130,240
1519,297,130,240
1519,297,130,240
1519,297,130,240
1519,297,130,240
1519,297,130,240
1517,299,132,238
1517,299,133,238
1517,299,134,238
1517,299,135,238
1517,299,136,238
1517,299,137,238
1517,299,138,238
1517,299,139,238
1517,299,140,238
1517,299,141,238
1517,299,142,238
1517,299,143,238
1517,299,144,238
1517,299,145,238
1517,299,146,238
1512,297,144,243
1512,297,143,243
1512,297,142,243
1512,297,141,243
1512,297,140,243
1512,297,139,243
1512,297,138,243
1512,297,137,243
1512,297,136,243
1512,297,135,243
1512,297,134,243
1512,297,133,243
1512,297,132,243
1512,297,131,243
1512,297,130,243
1519,292,135,247
1518,292,135,247
1517,292,135,247
1516,292,135,247
1515,292,135,247
1514,292,135,247
1513,292,135,247
1512,292,135,247
1511,292,135,247
1510,292,135,247
1509,292,135,247
1508,292,135,247
1507,292,135,247
1506,292,135,247
1505,292,135,247
1510,292,140,250
1510,292,140,250
1510,292,140,250
1510,292,140,250
1510,292,140,250
1510,292,140,250
1510,292,140,250
1510,292,140,250
1510,292,140,250
1510,292,140,250
1510,292,140,250
1510,292,140,250
1510,292,140,250
1510,292,140,250
1510,292,140,250
1510,294,144,246
1510,294,144,246
1510,294,144,246
1510,294,144,246
1510,294,144,246
1510,294,144,246
1510,294,144,246
1510,294,144,246
1510,294,144,246
1510,294,144,246
1510,294,144,246
1510,294,144,246
1510,294,144,246
1510,294,144,246
1510,294,144,246
1512,294,142,246
1514,294,139,246
1516,294,136,246
1518,294,133,246
1520,294,130,246
1522,294,127,246
1524,294,124,246
1526,294,121,246
1528,294,118,246
1530,294,115,246
1532,294,112,246
1534,294,109,246
1536,294,106,246
1538,294,103,246
1540,294,100,246
1536,297,96,240
1535,296,98,244
1534,295,100,248
1533,294,102,252
1532,293,104,256
1531,292,106,260
1530,291,108,264
1529,290,110,268
1528,289,112,272
1527,288,114,276
1526,287,116,280
1525,286,118,284
1524,285,120,288
1523,284,122,292
1522,283,124,296
1528,283,121,302
1529,285,119,302
1530,287,117,302
1531,289,115,302
1532,291,113,302
1533,293,111,302
1534,295,109,302
1535,297,107,302
1536,299,105,302
1537,301,103,302
1538,303,101,302
1539,305,99,302
1540,307,97,302
1541,309,95,302
1542,311,93,302
1549,310,92,301
1552,310,92,302
1555,310,92,303
1558,310,92,304
1561,310,92,305
1564,310,92,306
1567,310,92,307
1570,310,92,308
1573,310,92,309
1576,310,92,310
1579,310,92,311
1582,310,92,312
1585,310,92,313
1588,310,92,314
1591,310,92,315
1592,317,86,309
1592,318,87,310
1592,319,88,311
1592,320,89,312
1592,321,90,313
1592,322,91,314
1592,323,92,315
1592,324,93,316
1592,325,94,317
1592,326,95,318
1592,327,96,319
1592,328,97,320
1592,329,98,321
1592,330,99,322
1592,331,100,323
1595,330,98,330
1595,332,99,332
1595,334,100,334
1595,336,101,336
1595,338,102,338
1595,340,103,340
1595,342,104,342
1595,344,105,344
1595,346,106,346
1595,348,107,348
1595,350,108,350
1595,352,109,352
1595,354,110,354
1595,356,111,356
1595,358,112,358
1588,355,118,363
1584,356,120,364
1580,357,122,365
1576,358,124,366
1572,359,126,367
1568,360,128,368
1564,361,130,369
1560,362,132,370
1556,363,134,371
1552,364,136,372
1548,365,138,373
1544,366,140,374
1540,367,142,375
1536,368,144,376
1532,369,146,377
1527,375,144,379
1521,377,146,380
1515,379,148,381
1509,381,150,382
1503,383,152,383
1497,385,154,384
1491,387,156,385
1485,389,158,386
1479,391,160,387
1473,393,162,388
1467,395,164,389
1461,397,166,390
1455,399,168,391
1449,401,170,392
1443,403,172,393
1435,398,173,401
1427,400,173,401
1419,402,173,401
1411,404,173,401
1403,406,173,401
1395,408,173,401
1387,410,173,401
1379,412,173,401
1371,414,173,401
1363,416,173,401
1355,418,173,401
1347,420,173,401
1339,422,173,401
1331,424,173,401
1323,426,173,401
1309,421,168,397
1306,423,167,400
1303,425,166,403
1300,427,165,406
1297,429,164,409
1294,431,163,412
1291,433,162,415
1288,435,161,418
1285,437,160,421
1282,439,159,424
1279,441,158,427
1276,443,157,430
1273,445,156,433
1270,447,155,436
1267,449,154,439
1268,452,152,435
1259,452,156,435
1250,452,160,435
1241,452,164,435
1232,452,168,435
1223,452,172,435
1214,452,176,435
1205,452,180,435
1196,452,184,435
1187,452,188,435
1178,452,192,435
1169,452,196,435
1160,452,200,435
1151,452,204,435
1142,452,208,435
1132,450,206,434
1123,451,202,436
1114,452,198,438
1105,453,194,440
1096,454,190,442
1087,455,186,444
1078,456,182,446
1069,457,178,448
1060,458,174,450
1051,459,170,452
1042,460,166,454
1033,461,162,456
1024,462,158,458
1015,463,154,460
1006,464,150,462
1000,467,148,462
984,467,149,458
968,467,150,454
952,467,151,450
936,467,152,446
920,467,153,442
904,467,154,438
888,467,155,434
872,467,156,430
856,467,157,426
840,467,158,422
824,467,159,418
808,467,160,414
792,467,161,410
776,467,162,406
767,465,166,396
746,468,175,394
725,471,184,392
704,474,193,390
683,477,202,388
662,480,211,386
641,483,220,384
620,486,229,382
599,489,238,380
578,492,247,378
557,495,256,376
536,498,265,374
515,501,274,372
494,504,283,370
473,507,292,368
446,515,301,371
