1350,277,126,215
1351,277,125,215
1352,277,124,215
1353,277,123,215
1354,277,122,215
1355,277,121,215
1356,277,120,215
1357,277,119,215
1358,277,118,215
1359,277,117,215
1360,277,116,215
1361,277,115,215
1362,277,114,215
1363,277,113,215
1364,277,112,215
1361,280,115,211
1361,280,115,211
1361,280,115,211
1361,280,115,211
1361,280,115,211
1361,280,115,211
1361,280,115,211
1361,280,115,211
1361,280,115,211
1361,280,115,211
1361,280,115,211
1361,280,115,211
1361,280,115,211
1361,280,115,211
1361,280,115,211
1363,278,113,216
1363,278,113,216
1363,278,113,216
1363,278,113,216
1363,278,113,216
1363,278,113,216
1363,278,113,216
1363,278,113,216
1363,278,113,216
1363,278,113,216
1363,278,113,216
1363,278,113,216
1363,278,113,216
1363,278,113,216
1363,278,113,216
1363,277,107,218
1363,277,107,218
1363,277,107,218
1363,277,107,218
1363,277,107,218
1363,277,107,218
1363,277,107,218
1363,277,107,218
1363,277,107,218
1363,277,107,218
1363,277,107,218
1363,277,107,218
1363,277,107,218
1363,277,107,218
1363,277,107,218
1363,280,113,214
1363,280,113,214
1363,280,113,214
1363,280,113,214
1363,280,113,214
1363,280,113,214
1363,280,113,214
1363,280,113,214
1363,280,113,214
1363,280,113,214
1363,280,113,214
1363,280,113,214
1363,280,113,214
1363,280,113,214
1363,280,113,214
1363,278,115,216
1362,278,115,216
1361,278,115,216
1360,278,115,216
1359,278,115,216
1358,278,115,216
1357,278,115,216
1356,278,115,216
1355,278,115,216
1354,278,115,216
1353,278,115,216
1352,278,115,216
1351,278,115,216
1350,278,115,216
1349,278,115,216
1355,280,119,215
1356,280,118,215
1357,280,117,215
1358,280,116,215
1359,280,115,215
1360,280,114,215
1361,280,113,215
1362,280,112,215
1363,280,111,215
1364,280,110,215
1365,280,109,215
1366,280,108,215
1367,280,107,215
1368,280,106,215
1369,280,105,215
1367,277,109,218
1366,277,110,218
1365,277,111,218
1364,277,112,218
1363,277,113,218
1362,277,114,218
1361,277,115,218
1360,277,116,218
1359,277,117,218
1358,277,118,218
1357,277,119,218
1356,277,120,218
1355,277,121,218
1354,277,122,218
1353,277,123,218
1354,277,122,215
1354,277,122,215
1354,277,122,215
1354,277,122,215
1354,277,122,215
1354,277,122,215
1354,277,122,215
1354,277,122,215
1354,277,122,215
1354,277,122,215
1354,277,122,215
1354,277,122,215
1354,277,122,215
1354,277,122,215
1354,277,122,215
1359,277,119,218
1359,277,119,218
1359,277,119,218
1359,277,119,218
1359,277,119,218
1359,277,119,218
1359,277,119,218
1359,277,119,218
1359,277,119,218
1359,277,119,218
1359,277,119,218
1359,277,119,218
1359,277,119,218
1359,277,119,218
1359,277,119,218
1361,278,115,216
1361,278,115,216
1361,278,115,216
1361,278,115,216
1361,278,115,216
1361,278,115,216
1361,278,115,216
1361,278,115,216
1361,278,115,216
1361,278,115,216
1361,278,115,216
1361,278,115,216
1361,278,115,216
1361,278,115,216
1361,278,115,216
1354,277,122,220
1354,277,121,220
1354,277,120,220
1354,277,119,220
1354,277,118,220
1354,277,117,220
1354,277,116,220
1354,277,115,220
1354,277,114,220
1354,277,113,220
1354,277,112,220
1354,277,111,220
1354,277,110,220
1354,277,109,220
1354,277,108,220
1359,277,113,220
1359,277,113,220
1359,277,113,220
1359,277,113,220
1359,277,113,220
1359,277,113,220
1359,277,113,220
1359,277,113,220
1359,277,113,220
1359,277,113,220
1359,277,113,220
1359,277,113,220
1359,277,113,220
1359,277,113,220
1359,277,113,220
1363,278,109,216
1363,278,108,216
1363,278,107,216
1363,278,106,216
1363,278,105,216
1363,278,104,216
1363,278,103,216
1363,278,102,216
1363,278,101,216
1363,278,100,216
1363,278,99,216
1363,278,98,216
1363,278,97,216
1363,278,96,216
1363,278,95,216
1369,277,94,211
1369,277,95,214
1369,277,96,217
1369,277,97,220
1369,277,98,223
1369,277,99,226
1369,277,100,229
1369,277,101,232
1369,277,102,235
1369,277,103,238
1369,277,104,241
1369,277,105,244
1369,277,106,247
1369,277,107,250
1369,277,108,253
1376,271,102,255
1378,272,101,256
1380,273,100,257
1382,274,99,258
1384,275,98,259
1386,276,97,260
1388,277,96,261
1390,278,95,262
1392,279,94,263
1394,280,93,264
1396,281,92,265
1398,282,91,266
1400,283,90,267
1402,284,89,268
1404,285,88,269
1404,286,85,274
1406,287,85,275
1408,288,85,276
1410,289,85,277
1412,290,85,278
1414,291,85,279
1416,292,85,280
1418,293,85,281
1420,294,85,282
1422,295,85,283
1424,296,85,284
1426,297,85,285
1428,298,85,286
1430,299,85,287
1432,300,85,288
1434,303,85,295
1434,305,87,297
1434,307,89,299
1434,309,91,301
1434,311,93,303
1434,313,95,305
1434,315,97,307
1434,317,99,309
1434,319,101,311
1434,321,103,313
1434,323,105,315
1434,325,107,317
1434,327,109,319
1434,329,111,321
1434,331,113,323
1430,326,109,321
1427,328,109,323
1424,330,109,325
1421,332,109,327
1418,334,109,329
1415,336,109,331
1412,338,109,333
1409,340,109,335
1406,342,109,337
1403,344,109,339
1400,346,109,341
1397,348,109,343
1394,350,109,345
1391,352,109,347
1388,354,109,349
1380,349,102,347
1371,351,104,347
1362,353,106,347
1353,355,108,347
1344,357,110,347
1335,359,112,347
1326,361,114,347
1317,363,116,347
1308,365,118,347
1299,367,120,347
1290,369,122,347
1281,371,124,347
1272,373,126,347
1263,375,128,347
1254,377,130,347
1245,381,138,352
1239,384,139,354
1233,387,140,356
1227,390,141,358
1221,393,142,360
1215,396,143,362
1209,399,144,364
1203,402,145,366
1197,405,146,368
1191,408,147,370
1185,411,148,372
1179,414,149,374
1173,417,150,376
1167,420,151,378
1161,423,152,380
1154,421,156,385
1143,422,155,387
1132,423,154,389
1121,424,153,391
1110,425,152,393
1099,426,151,395
1088,427,150,397
1077,428,149,399
1066,429,148,401
1055,430,147,403
1044,431,146,405
1033,432,145,407
1022,433,144,409
1011,434,143,411
1000,435,142,413
989,430,138,418
976,432,145,417
963,434,152,416
950,436,159,415
937,438,166,414
924,440,173,413
911,442,180,412
898,444,187,411
885,446,194,410
872,448,201,409
859,450,208,408
846,452,215,407
833,454,222,406
820,456,229,405
807,458,236,404
788,462,243,409
