1333,409,104,209
1334,409,103,209
1335,409,102,209
1336,409,101,209
1337,409,100,209
1338,409,99,209
1339,409,98,209
1340,409,97,209
1341,409,96,209
1342,409,95,209
1343,409,94,209
1344,409,93,209
1345,409,92,209
1346,409,91,209
1347,409,90,209
1343,415,96,205
1342,415,97,205
1341,415,98,205
1340,415,99,205
1339,415,100,205
1338,415,101,205
1337,415,102,205
1336,415,103,205
1335,415,104,205
1334,415,105,205
1333,415,106,205
1332,415,107,205
1331,415,108,205
1330,415,109,205
1329,415,110,205
1331,417,115,207
1332,418,114,206
1333,419,113,205
1334,420,112,204
1335,421,111,203
1336,422,110,202
1337,423,109,201
1338,424,108,200
1339,425,107,199
1340,426,106,198
1341,427,105,197
1342,428,104,196
1343,429,103,195
1344,430,102,194
1345,431,101,193
1343,426,94,192
1343,426,94,192
1343,426,94,192
1343,426,94,192
1343,426,94,192
1343,426,94,192
1343,426,94,192
1343,426,94,192
1343,426,94,192
1343,426,94,192
1343,426,94,192
1343,426,94,192
1343,426,94,192
1343,426,94,192
1343,426,94,192
1343,419,98,199
1343,419,98,199
1343,419,98,199
1343,419,98,199
1343,419,98,199
1343,419,98,199
1343,419,98,199
1343,419,98,199
1343,419,98,199
1343,419,98,199
1343,419,98,199
1343,419,98,199
1343,419,98,199
1343,419,98,199
1343,419,98,199
1337,419,104,199
1338,419,104,200
1339,419,104,201
1340,419,104,202
1341,419,104,203
1342,419,104,204
1343,419,104,205
1344,419,104,206
1345,419,104,207
1346,419,104,208
1347,419,104,209
1348,419,104,210
1349,419,104,211
1350,419,104,212
1351,419,104,213
1345,413,97,211
1344,414,98,210
1343,415,99,209
1342,416,100,208
1341,417,101,207
1340,418,102,206
1339,419,103,205
1338,420,104,204
1337,421,105,203
1336,422,106,202
1335,423,107,201
1334,424,108,200
1333,425,109,199
1332,426,110,198
1331,427,111,197
1337,421,105,199
1337,421,105,199
1337,421,105,199
1337,421,105,199
1337,421,105,199
1337,421,105,199
1337,421,105,199
1337,421,105,199
1337,421,105,199
1337,421,105,199
1337,421,105,199
1337,421,105,199
1337,421,105,199
1337,421,105,199
1337,421,105,199
1337,419,105,201
1337,419,105,201
1337,419,105,201
1337,419,105,201
1337,419,105,201
1337,419,105,201
1337,419,105,201
1337,419,105,201
1337,419,105,201
1337,419,105,201
1337,419,105,201
1337,419,105,201
1337,419,105,201
1337,419,105,201
1337,419,105,201
1343,423,99,201
1343,423,99,201
1343,423,99,201
1343,423,99,201
1343,423,99,201
1343,423,99,201
1343,423,99,201
1343,423,99,201
1343,423,99,201
1343,423,99,201
1343,423,99,201
1343,423,99,201
1343,423,99,201
1343,423,99,201
1343,423,99,201
1341,421,101,197
1341,421,101,197
1341,421,101,197
1341,421,101,197
1341,421,101,197
1341,421,101,197
1341,421,101,197
1341,421,101,197
1341,421,101,197
1341,421,101,197
1341,421,101,197
1341,421,101,197
1341,421,101,197
1341,421,101,197
1341,421,101,197
1337,423,104,195
1337,423,104,195
1337,423,104,195
1337,423,104,195
1337,423,104,195
1337,423,104,195
1337,423,104,195
1337,423,104,195
1337,423,104,195
1337,423,104,195
1337,423,104,195
1337,423,104,195
1337,423,104,195
1337,423,104,195
1337,423,104,195
1339,421,102,195
1339,421,102,196
1339,421,102,197
1339,421,102,198
1339,421,102,199
1339,421,102,200
1339,421,102,201
1339,421,102,202
1339,421,102,203
1339,421,102,204
1339,421,102,205
1339,421,102,206
1339,421,102,207
1339,421,102,208
1339,421,102,209
1341,417,100,207
1341,417,101,207
1341,417,102,207
1341,417,103,207
1341,417,104,207
1341,417,105,207
1341,417,106,207
1341,417,107,207
1341,417,108,207
1341,417,109,207
1341,417,110,207
1341,417,111,207
1341,417,112,207
1341,417,113,207
1341,417,114,207
1337,415,109,209
1337,415,108,208
1337,415,107,207
1337,415,106,206
1337,415,105,205
1337,415,104,204
1337,415,103,203
1337,415,102,202
1337,415,101,201
1337,415,100,200
1337,415,99,199
1337,415,98,198
1337,415,97,197
1337,415,96,196
1337,415,95,195
1341,417,101,199
1341,417,101,199
1341,417,101,199
1341,417,101,199
1341,417,101,199
1341,417,101,199
1341,417,101,199
1341,417,101,199
1341,417,101,199
1341,417,101,199
1341,417,101,199
1341,417,101,199
1341,417,101,199
1341,417,101,199
1341,417,101,199
1339,417,105,205
1339,418,105,205
1339,419,105,205
1339,420,105,205
1339,421,105,205
1339,422,105,205
1339,423,105,205
1339,424,105,205
1339,425,105,205
1339,426,105,205
1339,427,105,205
1339,428,105,205
1339,429,105,205
1339,430,105,205
1339,431,105,205
1335,426,109,198
1336,426,108,198
1337,426,107,198
1338,426,106,198
1339,426,105,198
1340,426,104,198
1341,426,103,198
1342,426,102,198
1343,426,101,198
1344,426,100,198
1345,426,99,198
1346,426,98,198
1347,426,97,198
1348,426,96,198
1349,426,95,198
1347,419,90,203
1348,418,90,207
1349,417,90,211
1350,416,90,215
1351,415,90,219
1352,414,90,223
1353,413,90,227
1354,412,90,231
1355,411,90,235
1356,410,90,239
1357,409,90,243
1358,408,90,247
1359,407,90,251
1360,406,90,255
1361,405,90,259
1357,409,89,264
1358,410,89,264
1359,411,89,264
1360,412,89,264
1361,413,89,264
1362,414,89,264
1363,415,89,264
1364,416,89,264
1365,417,89,264
1366,418,89,264
1367,419,89,264
1368,420,89,264
1369,421,89,264
1370,422,89,264
1371,423,89,264
1370,430,84,262
1373,430,83,263
1376,430,82,264
1379,430,81,265
1382,430,80,266
1385,430,79,267
1388,430,78,268
1391,430,77,269
1394,430,76,270
1397,430,75,271
1400,430,74,272
1403,430,73,273
1406,430,72,274
1409,430,71,275
1412,430,70,276
1416,434,72,278
1417,435,72,279
1418,436,72,280
1419,437,72,281
1420,438,72,282
1421,439,72,283
1422,440,72,284
1423,441,72,285
1424,442,72,286
1425,443,72,287
1426,444,72,288
1427,445,72,289
1428,446,72,290
1429,447,72,291
1430,448,72,292
1428,452,76,288
1428,453,77,289
1428,454,78,290
1428,455,79,291
1428,456,80,292
1428,457,81,293
1428,458,82,294
1428,459,83,295
1428,460,84,296
1428,461,85,297
1428,462,86,298
1428,463,87,299
1428,464,88,300
1428,465,89,301
1428,466,90,302
1424,468,94,305
1421,470,94,306
1418,472,94,307
1415,474,94,308
1412,476,94,309
1409,478,94,310
1406,480,94,311
1403,482,94,312
1400,484,94,313
1397,486,94,314
1394,488,94,315
1391,490,94,316
1388,492,94,317
1385,494,94,318
1382,496,94,319
1380,493,98,321
1375,494,99,322
1370,495,100,323
1365,496,101,324
1360,497,102,325
1355,498,103,326
1350,499,104,327
1345,500,105,328
1340,501,106,329
1335,502,107,330
1330,503,108,331
1325,504,109,332
1320,505,110,333
1315,506,111,334
1310,507,112,335
1307,503,106,341
1301,506,107,343
1295,509,108,345
1289,512,109,347
1283,515,110,349
1277,518,111,351
1271,521,112,353
1265,524,113,355
1259,527,114,357
1253,530,115,359
1247,533,116,361
1241,536,117,363
1235,539,118,365
1229,542,119,367
1223,545,120,369
1210,542,114,368
1203,543,121,368
1196,544,128,368
1189,545,135,368
1182,546,142,368
1175,547,149,368
1168,548,156,368
1161,549,163,368
1154,550,170,368
1147,551,177,368
1140,552,184,368
1133,553,191,368
1126,554,198,368
1119,555,205,368
1112,556,212,368
1102,560,212,370
