1282,302,116,296
1282,302,117,296
1282,302,118,296
1282,302,119,296
1282,302,120,296
1282,302,121,296
1282,302,122,296
1282,302,123,296
1282,302,124,296
1282,302,125,296
1282,302,126,296
1282,302,127,296
1282,302,128,296
1282,302,129,296
1282,302,130,296
1280,308,129,290
1281,308,129,291
1282,308,129,292
1283,308,129,293
1284,308,129,294
1285,308,129,295
1286,308,129,296
1287,308,129,297
1288,308,129,298
1289,308,129,299
1290,308,129,300
1291,308,129,301
1292,308,129,302
1293,308,129,303
1294,308,129,304
1293,303,124,298
1293,303,123,298
1293,303,122,298
1293,303,121,298
1293,303,120,298
1293,303,119,298
1293,303,118,298
1293,303,117,298
1293,303,116,298
1293,303,115,298
1293,303,114,298
1293,303,113,298
1293,303,112,298
1293,303,111,298
1293,303,110,298
1297,300,111,296
1298,300,110,296
1299,300,109,296
1300,300,108,296
1301,300,107,296
1302,300,106,296
1303,300,105,296
1304,300,104,296
1305,300,103,296
1306,300,102,296
1307,300,101,296
1308,300,100,296
1309,300,99,296
1310,300,98,296
1311,300,97,296
1306,300,103,303
1306,300,102,304
1306,300,101,305
1306,300,100,306
1306,300,99,307
1306,300,98,308
1306,300,97,309
1306,300,96,310
1306,300,95,311
1306,300,94,312
1306,300,93,313
1306,300,92,314
1306,300,91,315
1306,300,90,316
1306,300,89,317
1308,295,87,317
1307,295,88,316
1306,295,89,315
1305,295,90,314
1304,295,91,313
1303,295,92,312
1302,295,93,311
1301,295,94,310
1300,295,95,309
1299,295,96,308
1298,295,97,307
1297,295,98,306
1296,295,99,305
1295,295,100,304
1294,295,101,303
1287,300,95,307
1286,300,97,307
1285,300,99,307
1284,300,101,307
1283,300,103,307
1282,300,105,307
1281,300,107,307
1280,300,109,307
1279,300,111,307
1278,300,113,307
1277,300,115,307
1276,300,117,307
1275,300,119,307
1274,300,121,307
1273,300,123,307
1267,297,128,304
1266,297,128,304
1265,297,128,304
1264,297,128,304
1263,297,128,304
1262,297,128,304
1261,297,128,304
1260,297,128,304
1259,297,128,304
1258,297,128,304
1257,297,128,304
1256,297,128,304
1255,297,128,304
1254,297,128,304
1253,297,128,304
1245,290,122,311
1243,290,124,310
1241,290,126,309
1239,290,128,308
1237,290,130,307
1235,290,132,306
1233,290,134,305
1231,290,136,304
1229,290,138,303
1227,290,140,302
1225,290,142,301
1223,290,144,300
1221,290,146,299
1219,290,148,298
1217,290,150,297
1220,297,156,294
1218,297,154,294
1216,297,152,294
1214,297,150,294
1212,297,148,294
1210,297,146,294
1208,297,144,294
1206,297,142,294
1204,297,140,294
1202,297,138,294
1200,297,136,294
1198,297,134,294
1196,297,132,294
1194,297,130,294
1192,297,128,294
1190,295,130,296
1190,295,130,296
1190,295,130,296
1190,295,130,296
1190,295,130,296
1190,295,130,296
1190,295,130,296
1190,295,130,296
1190,295,130,296
1190,295,130,296
1190,295,130,296
1190,295,130,296
1190,295,130,296
1190,295,130,296
1190,295,130,296
1187,291,127,300
1186,291,129,300
1185,291,131,300
1184,291,133,300
1183,291,135,300
1182,291,137,300
1181,291,139,300
1180,291,141,300
1179,291,143,300
1178,291,145,300
1177,291,147,300
1176,291,149,300
1175,291,151,300
1174,291,153,300
1173,291,155,300
1167,290,162,299
1168,290,161,300
1169,290,160,301
1170,290,159,302
1171,290,158,303
1172,290,157,304
1173,290,156,305
1174,290,155,306
1175,290,154,307
1176,290,153,308
1177,290,152,309
1178,290,151,310
1179,290,150,311
1180,290,149,312
1181,290,148,313
1187,291,145,310
1187,291,144,310
1187,291,143,310
1187,291,142,310
1187,291,141,310
1187,291,140,310
1187,291,139,310
1187,291,138,310
1187,291,137,310
1187,291,136,310
1187,291,135,310
1187,291,134,310
1187,291,133,310
1187,291,132,310
1187,291,131,310
1181,298,137,305
1181,298,138,305
1181,298,139,305
1181,298,140,305
1181,298,141,305
1181,298,142,305
1181,298,143,305
1181,298,144,305
1181,298,145,305
1181,298,146,305
1181,298,147,305
1181,298,148,305
1181,298,149,305
1181,298,150,305
1181,298,151,305
1176,295,149,300
1177,295,147,300
1178,295,145,300
1179,295,143,300
1180,295,141,300
1181,295,139,300
1182,295,137,300
1183,295,135,300
1184,295,133,300
1185,295,131,300
1186,295,129,300
1187,295,127,300
1188,295,125,300
1189,295,123,300
1190,295,121,300
1198,295,112,300
1198,295,112,300
1198,295,112,300
1198,295,112,300
1198,295,112,300
1198,295,112,300
1198,295,112,300
1198,295,112,300
1198,295,112,300
1198,295,112,300
1198,295,112,300
1198,295,112,300
1198,295,112,300
1198,295,112,300
1198,295,112,300
1200,295,114,298
1200,295,114,299
1200,295,114,300
1200,295,114,301
1200,295,114,302
1200,295,114,303
1200,295,114,304
1200,295,114,305
1200,295,114,306
1200,295,114,307
1200,295,114,308
1200,295,114,309
1200,295,114,310
1200,295,114,311
1200,295,114,312
1196,293,114,307
1196,293,114,306
1196,293,114,305
1196,293,114,304
1196,293,114,303
1196,293,114,302
1196,293,114,301
1196,293,114,300
1196,293,114,299
1196,293,114,298
1196,293,114,297
1196,293,114,296
1196,293,114,295
1196,293,114,294
1196,293,114,293
1196,297,111,294
1196,297,111,295
1196,297,111,296
1196,297,111,297
1196,297,111,298
1196,297,111,299
1196,297,111,300
1196,297,111,301
1196,297,111,302
1196,297,111,303
1196,297,111,304
1196,297,111,305
1196,297,111,306
1196,297,111,307
1196,297,111,308
1201,290,106,310
1203,290,106,310
1205,290,106,310
1207,290,106,310
1209,290,106,310
1211,290,106,310
1213,290,106,310
1215,290,106,310
1217,290,106,310
1219,290,106,310
1221,290,106,310
1223,290,106,310
1225,290,106,310
1227,290,106,310
1229,290,106,310
1227,295,102,315
1227,296,101,316
1227,297,100,317
1227,298,99,318
1227,299,98,319
1227,300,97,320
1227,301,96,321
1227,302,95,322
1227,303,94,323
1227,304,93,324
1227,305,92,325
1227,306,91,326
1227,307,90,327
1227,308,89,328
1227,309,88,329
1232,305,93,324
1229,306,95,325
1226,307,97,326
1223,308,99,327
1220,309,101,328
1217,310,103,329
1214,311,105,330
1211,312,107,331
1208,313,109,332
1205,314,111,333
1202,315,113,334
1199,316,115,335
1196,317,117,336
1193,318,119,337
1190,319,121,338
1185,326,116,337
1183,327,117,340
1181,328,118,343
1179,329,119,346
1177,330,120,349
1175,331,121,352
1173,332,122,355
1171,333,123,358
1169,334,124,361
1167,335,125,364
1165,336,126,367
1163,337,127,370
1161,338,128,373
1159,339,129,376
1157,340,130,379
1152,343,125,376
1149,345,126,378
1146,347,127,380
1143,349,128,382
1140,351,129,384
1137,353,130,386
1134,355,131,388
1131,357,132,390
1128,359,133,392
1125,361,134,394
1122,363,135,396
1119,365,136,398
1116,367,137,400
1113,369,138,402
1110,371,139,404
1113,377,139,412
1112,381,141,414
1111,385,143,416
1110,389,145,418
1109,393,147,420
1108,397,149,422
1107,401,151,424
1106,405,153,426
1105,409,155,428
1104,413,157,430
1103,417,159,432
1102,421,161,434
1101,425,163,436
1100,429,165,438
1099,433,167,440
1091,438,166,435
1092,439,167,435
1093,440,168,435
1094,441,169,435
1095,442,170,435
1096,443,171,435
1097,444,172,435
1098,445,173,435
1099,446,174,435
1100,447,175,435
1101,448,176,435
1102,449,177,435
1103,450,178,435
1104,451,179,435
1105,452,180,435
1113,450,183,442
1108,450,185,442
1103,450,187,442
1098,450,189,442
1093,450,191,442
1088,450,193,442
1083,450,195,442
1078,450,197,442
1073,450,199,442
1068,450,201,442
1063,450,203,442
1058,450,205,442
1053,450,207,442
1048,450,209,442
1043,450,211,442
1038,457,212,443
1032,458,211,445
1026,459,210,447
1020,460,209,449
1014,461,208,451
1008,462,207,453
1002,463,206,455
996,464,205,457
990,465,204,459
984,466,203,461
978,467,202,463
972,468,201,465
966,469,200,467
960,470,199,469
954,471,198,471
952,474,203,471
945,473,206,472
938,472,209,473
931,471,212,474
924,470,215,475
917,469,218,476
910,468,221,477
903,467,224,478
896,466,227,479
889,465,230,480
882,464,233,481
875,463,236,482
868,462,239,483
861,461,242,484
854,460,245,485
853,460,254,485
