1138,262,165,363
1139,262,164,363
1140,262,163,363
1141,262,162,363
1142,262,161,363
1143,262,160,363
1144,262,159,363
1145,262,158,363
1146,262,157,363
1147,262,156,363
1148,262,155,363
1149,262,154,363
1150,262,153,363
1151,262,152,363
1152,262,151,363
1153,265,154,364
1154,264,152,365
1155,263,150,366
1156,262,148,367
1157,261,146,368
1158,260,144,369
1159,259,142,370
1160,258,140,371
1161,257,138,372
1162,256,136,373
1163,255,134,374
1164,254,132,375
1165,253,130,376
1166,252,128,377
1167,251,126,378
1170,254,131,373
1169,254,132,373
1168,254,133,373
1167,254,134,373
1166,254,135,373
1165,254,136,373
1164,254,137,373
1163,254,138,373
1162,254,139,373
1161,254,140,373
1160,254,141,373
1159,254,142,373
1158,254,143,373
1157,254,144,373
1156,254,145,373
1162,252,139,372
1162,252,140,372
1162,252,141,372
1162,252,142,372
1162,252,143,372
1162,252,144,372
1162,252,145,372
1162,252,146,372
1162,252,147,372
1162,252,148,372
1162,252,149,372
1162,252,150,372
1162,252,151,372
1162,252,152,372
1162,252,153,372
1159,257,153,376
1159,257,151,377
1159,257,149,378
1159,257,147,379
1159,257,145,380
1159,257,143,381
1159,257,141,382
1159,257,139,383
1159,257,137,384
1159,257,135,385
1159,257,133,386
1159,257,131,387
1159,257,129,388
1159,257,127,389
1159,257,125,390
1164,250,119,387
1162,250,121,387
1160,250,123,387
1158,250,125,387
1156,250,127,387
1154,250,129,387
1152,250,131,387
1150,250,133,387
1148,250,135,387
1146,250,137,387
1144,250,139,387
1142,250,141,387
1140,250,143,387
1138,250,145,387
1136,250,147,387
1136,254,147,383
1135,253,147,383
1134,252,147,383
1133,251,147,383
1132,250,147,383
1131,249,147,383
1130,248,147,383
1129,247,147,383
1128,246,147,383
1127,245,147,383
1126,244,147,383
1125,243,147,383
1124,242,147,383
1123,241,147,383
1122,240,147,383
1114,244,143,386
1109,244,149,385
1104,244,155,384
1099,244,161,383
1094,244,167,382
1089,244,173,381
1084,244,179,380
1079,244,185,379
1074,244,191,378
1069,244,197,377
1064,244,203,376
1059,244,209,375
1054,244,215,374
1049,244,221,373
1044,244,227,372
1046,245,239,370
1046,245,232,369
1046,245,225,368
1046,245,218,367
1046,245,211,366
1046,245,204,365
1046,245,197,364
1046,245,190,363
1046,245,183,362
1046,245,176,361
1046,245,169,360
1046,245,162,359
1046,245,155,358
1046,245,148,357
1046,245,141,356
1052,242,128,362
1049,242,131,363
1046,242,134,364
1043,242,137,365
1040,242,140,366
1037,242,143,367
1034,242,146,368
1031,242,149,369
1028,242,152,370
1025,242,155,371
1022,242,158,372
1019,242,161,373
1016,242,164,374
1013,242,167,375
1010,242,170,376
1011,237,176,372
1010,237,177,372
1009,237,178,372
1008,237,179,372
1007,237,180,372
1006,237,181,372
1005,237,182,372
1004,237,183,372
1003,237,184,372
1002,237,185,372
1001,237,186,372
1000,237,187,372
999,237,188,372
998,237,189,372
997,237,190,372
993,236,190,370
994,236,189,370
995,236,188,370
996,236,187,370
997,236,186,370
998,236,185,370
999,236,184,370
1000,236,183,370
1001,236,182,370
1002,236,181,370
1003,236,180,370
1004,236,179,370
1005,236,178,370
1006,236,177,370
1007,236,176,370
1007,237,178,369
1007,237,178,369
1007,237,178,369
1007,237,178,369
1007,237,178,369
1007,237,178,369
1007,237,178,369
1007,237,178,369
1007,237,178,369
1007,237,178,369
1007,237,178,369
1007,237,178,369
1007,237,178,369
1007,237,178,369
1007,237,178,369
1006,239,183,367
1007,239,182,367
1008,239,181,367
1009,239,180,367
1010,239,179,367
1011,239,178,367
1012,239,177,367
1013,239,176,367
1014,239,175,367
1015,239,174,367
1016,239,173,367
1017,239,172,367
1018,239,171,367
1019,239,170,367
1020,239,169,367
1015,241,174,373
1015,241,173,373
1015,241,172,373
1015,241,171,373
1015,241,170,373
1015,241,169,373
1015,241,168,373
1015,241,167,373
1015,241,166,373
1015,241,165,373
1015,241,164,373
1015,241,163,373
1015,241,162,373
1015,241,161,373
1015,241,160,373
1018,237,162,374
1019,237,160,373
1020,237,158,372
1021,237,156,371
1022,237,154,370
1023,237,152,369
1024,237,150,368
1025,237,148,367
1026,237,146,366
1027,237,144,365
1028,237,142,364
1029,237,140,363
1030,237,138,362
1031,237,136,361
1032,237,134,360
1033,244,136,365
1033,244,136,365
1033,244,136,365
1033,244,136,365
1033,244,136,365
1033,244,136,365
1033,244,136,365
1033,244,136,365
1033,244,136,365
1033,244,136,365
1033,244,136,365
1033,244,136,365
1033,244,136,365
1033,244,136,365
1033,244,136,365
1037,241,130,368
1037,241,130,368
1037,241,130,368
1037,241,130,368
1037,241,130,368
1037,241,130,368
1037,241,130,368
1037,241,130,368
1037,241,130,368
1037,241,130,368
1037,241,130,368
1037,241,130,368
1037,241,130,368
1037,241,130,368
1037,241,130,368
1039,241,124,368
1039,241,124,368
1039,241,124,368
1039,241,124,368
1039,241,124,368
1039,241,124,368
1039,241,124,368
1039,241,124,368
1039,241,124,368
1039,241,124,368
1039,241,124,368
1039,241,124,368
1039,241,124,368
1039,241,124,368
1039,241,124,368
1042,242,125,373
1043,242,126,374
1044,242,127,375
1045,242,128,376
1046,242,129,377
1047,242,130,378
1048,242,131,379
1049,242,132,380
1050,242,133,381
1051,242,134,382
1052,242,135,383
1053,242,136,384
1054,242,137,385
1055,242,138,386
1056,242,139,387
1061,242,141,383
1061,242,141,385
1061,242,141,387
1061,242,141,389
1061,242,141,391
1061,242,141,393
1061,242,141,395
1061,242,141,397
1061,242,141,399
1061,242,141,401
1061,242,141,403
1061,242,141,405
1061,242,141,407
1061,242,141,409
1061,242,141,411
1068,249,136,409
1066,251,136,408
1064,253,136,407
1062,255,136,406
1060,257,136,405
1058,259,136,404
1056,261,136,403
1054,263,136,402
1052,265,136,401
1050,267,136,400
1048,269,136,399
1046,271,136,398
1044,273,136,397
1042,275,136,396
1040,277,136,395
1039,277,139,391
1037,279,139,393
1035,281,139,395
1033,283,139,397
1031,285,139,399
1029,287,139,401
1027,289,139,403
1025,291,139,405
1023,293,139,407
1021,295,139,409
1019,297,139,411
1017,299,139,413
1015,301,139,415
1013,303,139,417
1011,305,139,419
1011,303,145,424
1007,306,148,428
1003,309,151,432
999,312,154,436
995,315,157,440
991,318,160,444
987,321,163,448
983,324,166,452
979,327,169,456
975,330,172,460
971,333,175,464
967,336,178,468
963,339,181,472
959,342,184,476
955,345,187,480
958,341,185,479
955,346,187,483
952,351,189,487
949,356,191,491
946,361,193,495
943,366,195,499
940,371,197,503
937,376,199,507
934,381,201,511
931,386,203,515
928,391,205,519
925,396,207,523
922,401,209,527
919,406,211,531
916,411,213,535
910,414,220,534
916,416,219,532
922,418,218,530
928,420,217,528
934,422,216,526
940,424,215,524
946,426,214,522
952,428,213,520
958,430,212,518
964,432,211,516
970,434,210,514
976,436,209,512
982,438,208,510
988,440,207,508
994,442,206,506
1004,447,202,509
998,448,207,508
992,449,212,507
986,450,217,506
980,451,222,505
974,452,227,504
968,453,232,503
962,454,237,502
956,455,242,501
950,456,247,500
944,457,252,499
938,458,257,498
932,459,262,497
926,460,267,496
920,461,272,495
912,455,277,501
908,455,272,501
904,455,267,501
900,455,262,501
896,455,257,501
892,455,252,501
888,455,247,501
884,455,242,501
880,455,237,501
876,455,232,501
872,455,227,501
868,455,222,501
864,455,217,501
860,455,212,501
856,455,207,501
847,449,206,507
838,450,210,506
829,451,214,505
820,452,218,504
811,453,222,503
802,454,226,502
793,455,230,501
784,456,234,500
775,457,238,499
766,458,242,498
757,459,246,497
748,460,250,496
739,461,254,495
730,462,258,494
721,463,262,493
709,462,268,494
700,462,266,494
691,462,264,494
682,462,262,494
673,462,260,494
664,462,258,494
655,462,256,494
646,462,254,494
637,462,252,494
628,462,250,494
619,462,248,494
610,462,246,494
601,462,244,494
592,462,242,494
583,462,240,494
578,457,244,499
