1132,425,102,254
1132,425,103,254
1132,425,104,254
1132,425,105,254
1132,425,106,254
1132,425,107,254
1132,425,108,254
1132,425,109,254
1132,425,110,254
1132,425,111,254
1132,425,112,254
1132,425,113,254
1132,425,114,254
1132,425,115,254
1132,425,116,254
1130,432,111,253
1131,432,110,253
1132,432,109,253
1133,432,108,253
1134,432,107,253
1135,432,106,253
1136,432,105,253
1137,432,104,253
1138,432,103,253
1139,432,102,253
1140,432,101,253
1141,432,100,253
1142,432,99,253
1143,432,98,253
1144,432,97,253
1139,432,102,247
1140,432,101,247
1141,432,100,247
1142,432,99,247
1143,432,98,247
1144,432,97,247
1145,432,96,247
1146,432,95,247
1147,432,94,247
1148,432,93,247
1149,432,92,247
1150,432,91,247
1151,432,90,247
1152,432,89,247
1153,432,88,247
1149,427,87,250
1149,427,87,250
1149,427,87,250
1149,427,87,250
1149,427,87,250
1149,427,87,250
1149,427,87,250
1149,427,87,250
1149,427,87,250
1149,427,87,250
1149,427,87,250
1149,427,87,250
1149,427,87,250
1149,427,87,250
1149,427,87,250
1147,424,92,256
1147,424,92,256
1147,424,92,256
1147,424,92,256
1147,424,92,256
1147,424,92,256
1147,424,92,256
1147,424,92,256
1147,424,92,256
1147,424,92,256
1147,424,92,256
1147,424,92,256
1147,424,92,256
1147,424,92,256
1147,424,92,256
1149,427,90,261
1149,427,89,261
1149,427,88,261
1149,427,87,261
1149,427,86,261
1149,427,85,261
1149,427,84,261
1149,427,83,261
1149,427,82,261
1149,427,81,261
1149,427,80,261
1149,427,79,261
1149,427,78,261
1149,427,77,261
1149,427,76,261
1151,429,76,264
1149,429,78,264
1147,429,80,264
1145,429,82,264
1143,429,84,264
1141,429,86,264
1139,429,88,264
1137,429,90,264
1135,429,92,264
1133,429,94,264
1131,429,96,264
1129,429,98,264
1127,429,100,264
1125,429,102,264
1123,429,104,264
1123,425,103,263
1122,425,102,263
1121,425,101,263
1120,425,100,263
1119,425,99,263
1118,425,98,263
1117,425,97,263
1116,425,96,263
1115,425,95,263
1114,425,94,263
1113,425,93,263
1112,425,92,263
1111,425,91,263
1110,425,90,263
1109,425,89,263
1115,424,92,258
1112,424,95,258
1109,424,98,258
1106,424,101,258
1103,424,104,258
1100,424,107,258
1097,424,110,258
1094,424,113,258
1091,424,116,258
1088,424,119,258
1085,424,122,258
1082,424,125,258
1079,424,128,258
1076,424,131,258
1073,424,134,258
1077,424,133,252
1075,424,131,252
1073,424,129,252
1071,424,127,252
1069,424,125,252
1067,424,123,252
1065,424,121,252
1063,424,119,252
1061,424,117,252
1059,424,115,252
1057,424,113,252
1055,424,111,252
1053,424,109,252
1051,424,107,252
1049,424,105,252
1051,425,108,248
1051,425,109,248
1051,425,110,248
1051,425,111,248
1051,425,112,248
1051,425,113,248
1051,425,114,248
1051,425,115,248
1051,425,116,248
1051,425,117,248
1051,425,118,248
1051,425,119,248
1051,425,120,248
1051,425,121,248
1051,425,122,248
1046,421,116,248
1046,421,116,248
1046,421,116,248
1046,421,116,248
1046,421,116,248
1046,421,116,248
1046,421,116,248
1046,421,116,248
1046,421,116,248
1046,421,116,248
1046,421,116,248
1046,421,116,248
1046,421,116,248
1046,421,116,248
1046,421,116,248
1041,422,118,252
1041,422,118,252
1041,422,118,252
1041,422,118,252
1041,422,118,252
1041,422,118,252
1041,422,118,252
1041,422,118,252
1041,422,118,252
1041,422,118,252
1041,422,118,252
1041,422,118,252
1041,422,118,252
1041,422,118,252
1041,422,118,252
1046,422,116,249
1046,422,116,249
1046,422,116,249
1046,422,116,249
1046,422,116,249
1046,422,116,249
1046,422,116,249
1046,422,116,249
1046,422,116,249
1046,422,116,249
1046,422,116,249
1046,422,116,249
1046,422,116,249
1046,422,116,249
1046,422,116,249
1046,424,120,252
1046,424,120,252
1046,424,120,252
1046,424,120,252
1046,424,120,252
1046,424,120,252
1046,424,120,252
1046,424,120,252
1046,424,120,252
1046,424,120,252
1046,424,120,252
1046,424,120,252
1046,424,120,252
1046,424,120,252
1046,424,120,252
1041,424,121,253
1042,424,120,253
1043,424,119,253
1044,424,118,253
1045,424,117,253
1046,424,116,253
1047,424,115,253
1048,424,114,253
1049,424,113,253
1050,424,112,253
1051,424,111,253
1052,424,110,253
1053,424,109,253
1054,424,108,253
1055,424,107,253
1058,425,99,252
1058,425,99,252
1058,425,99,252
1058,425,99,252
1058,425,99,252
1058,425,99,252
1058,425,99,252
1058,425,99,252
1058,425,99,252
1058,425,99,252
1058,425,99,252
1058,425,99,252
1058,425,99,252
1058,425,99,252
1058,425,99,252
1056,424,98,252
1056,424,98,252
1056,424,98,252
1056,424,98,252
1056,424,98,252
1056,424,98,252
1056,424,98,252
1056,424,98,252
1056,424,98,252
1056,424,98,252
1056,424,98,252
1056,424,98,252
1056,424,98,252
1056,424,98,252
1056,424,98,252
1060,425,92,248
1060,425,92,249
1060,425,92,250
1060,425,92,251
1060,425,92,252
1060,425,92,253
1060,425,92,254
1060,425,92,255
1060,425,92,256
1060,425,92,257
1060,425,92,258
1060,425,92,259
1060,425,92,260
1060,425,92,261
1060,425,92,262
1062,422,88,258
1063,422,88,258
1064,422,88,258
1065,422,88,258
1066,422,88,258
1067,422,88,258
1068,422,88,258
1069,422,88,258
1070,422,88,258
1071,422,88,258
1072,422,88,258
1073,422,88,258
1074,422,88,258
1075,422,88,258
1076,422,88,258
1072,424,83,258
1073,424,84,258
1074,424,85,258
1075,424,86,258
1076,424,87,258
1077,424,88,258
1078,424,89,258
1079,424,90,258
1080,424,91,258
1081,424,92,258
1082,424,93,258
1083,424,94,258
1084,424,95,258
1085,424,96,258
1086,424,97,258
1082,424,94,260
1083,425,92,261
1084,426,90,262
1085,427,88,263
1086,428,86,264
1087,429,84,265
1088,430,82,266
1089,431,80,267
1090,432,78,268
1091,433,76,269
1092,434,74,270
1093,435,72,271
1094,436,70,272
1095,437,68,273
1096,438,66,274
1101,436,68,276
1098,437,70,277
1095,438,72,278
1092,439,74,279
1089,440,76,280
1086,441,78,281
1083,442,80,282
1080,443,82,283
1077,444,84,284
1074,445,86,285
1071,446,88,286
1068,447,90,287
1065,448,92,288
1062,449,94,289
1059,450,96,290
1060,457,94,296
1059,458,95,297
1058,459,96,298
1057,460,97,299
1056,461,98,300
1055,462,99,301
1054,463,100,302
1053,464,101,303
1052,465,102,304
1051,466,103,305
1050,467,104,306
1049,468,105,307
1048,469,106,308
1047,470,107,309
1046,471,108,310
1044,479,116,318
1043,482,116,319
1042,485,116,320
1041,488,116,321
1040,491,116,322
1039,494,116,323
1038,497,116,324
1037,500,116,325
1036,503,116,326
1035,506,116,327
1034,509,116,328
1033,512,116,329
1032,515,116,330
1031,518,116,331
1030,521,116,332
1034,517,113,335
1034,519,117,338
1034,521,121,341
1034,523,125,344
1034,525,129,347
1034,527,133,350
1034,529,137,353
1034,531,141,356
1034,533,145,359
1034,535,149,362
1034,537,153,365
1034,539,157,368
1034,541,161,371
1034,543,165,374
1034,545,169,377
1036,545,176,380
1035,546,177,379
1034,547,178,378
1033,548,179,377
1032,549,180,376
1031,550,181,375
1030,551,182,374
1029,552,183,373
1028,553,184,372
1027,554,185,371
1026,555,186,370
1025,556,187,369
1024,557,188,368
1023,558,189,367
1022,559,190,366
1027,558,188,367
1024,558,185,369
1021,558,182,371
1018,558,179,373
1015,558,176,375
1012,558,173,377
1009,558,170,379
1006,558,167,381
1003,558,164,383
1000,558,161,385
997,558,158,387
994,558,155,389
991,558,152,391
988,558,149,393
985,558,146,395
976,558,148,398
971,559,149,397
966,560,150,396
961,561,151,395
956,562,152,394
951,563,153,393
946,564,154,392
941,565,155,391
936,566,156,390
931,567,157,389
926,568,158,388
921,569,159,387
916,570,160,386
911,571,161,385
906,572,162,384
904,575,167,381
898,574,169,382
892,573,171,383
886,572,173,384
880,571,175,385
874,570,177,386
868,569,179,387
862,568,181,388
856,567,183,389
850,566,185,390
844,565,187,391
838,564,189,392
832,563,191,393
826,562,193,394
820,561,195,395
816,564,190,392
