478,294,103,195
478,294,103,195
478,294,103,195
478,294,103,195
478,294,103,195
478,294,103,195
478,294,103,195
478,294,103,195
478,294,103,195
478,294,103,195
478,294,103,195
478,294,103,195
478,294,103,195
478,294,103,195
478,294,103,195
476,295,101,192
476,295,101,192
476,295,101,192
476,295,101,192
476,295,101,192
476,295,101,192
476,295,101,192
476,295,101,192
476,295,101,192
476,295,101,192
476,295,101,192
476,295,101,192
476,295,101,192
476,295,101,192
476,295,101,192
474,294,99,196
474,294,99,196
474,294,99,196
474,294,99,196
474,294,99,196
474,294,99,196
474,294,99,196
474,294,99,196
474,294,99,196
474,294,99,196
474,294,99,196
474,294,99,196
474,294,99,196
474,294,99,196
474,294,99,196
476,294,95,202
476,294,95,202
476,294,95,202
476,294,95,202
476,294,95,202
476,294,95,202
476,294,95,202
476,294,95,202
476,294,95,202
476,294,95,202
476,294,95,202
476,294,95,202
476,294,95,202
476,294,95,202
476,294,95,202
474,297,96,201
474,297,96,201
474,297,96,201
474,297,96,201
474,297,96,201
474,297,96,201
474,297,96,201
474,297,96,201
474,297,96,201
474,297,96,201
474,297,96,201
474,297,96,201
474,297,96,201
474,297,96,201
474,297,96,201
474,297,101,207
474,297,101,207
474,297,101,207
474,297,101,207
474,297,101,207
474,297,101,207
474,297,101,207
474,297,101,207
474,297,101,207
474,297,101,207
474,297,101,207
474,297,101,207
474,297,101,207
474,297,101,207
474,297,101,207
474,295,101,203
474,295,100,203
474,295,99,203
474,295,98,203
474,295,97,203
474,295,96,203
474,295,95,203
474,295,94,203
474,295,93,203
474,295,92,203
474,295,91,203
474,295,90,203
474,295,89,203
474,295,88,203
474,295,87,203
476,295,92,204
476,295,93,205
476,295,94,206
476,295,95,207
476,295,96,208
476,295,97,209
476,295,98,210
476,295,99,211
476,295,100,212
476,295,101,213
476,295,102,214
476,295,103,215
476,295,104,216
476,295,105,217
476,295,106,218
470,290,103,212
470,290,103,212
470,290,103,212
470,290,103,212
470,290,103,212
470,290,103,212
470,290,103,212
470,290,103,212
470,290,103,212
470,290,103,212
470,290,103,212
470,290,103,212
470,290,103,212
470,290,103,212
470,290,103,212
474,290,99,205
474,290,99,205
474,290,99,205
474,290,99,205
474,290,99,205
474,290,99,205
474,290,99,205
474,290,99,205
474,290,99,205
474,290,99,205
474,290,99,205
474,290,99,205
474,290,99,205
474,290,99,205
474,290,99,205
470,294,105,205
470,294,105,205
470,294,105,205
470,294,105,205
470,294,105,205
470,294,105,205
470,294,105,205
470,294,105,205
470,294,105,205
470,294,105,205
470,294,105,205
470,294,105,205
470,294,105,205
470,294,105,205
470,294,105,205
476,294,99,199
476,294,100,199
476,294,101,199
476,294,102,199
476,294,103,199
476,294,104,199
476,294,105,199
476,294,106,199
476,294,107,199
476,294,108,199
476,294,109,199
476,294,110,199
476,294,111,199
476,294,112,199
476,294,113,199
472,297,107,196
472,297,107,196
472,297,107,196
472,297,107,196
472,297,107,196
472,297,107,196
472,297,107,196
472,297,107,196
472,297,107,196
472,297,107,196
472,297,107,196
472,297,107,196
472,297,107,196
472,297,107,196
472,297,107,196
469,300,108,196
469,300,108,196
469,300,108,196
469,300,108,196
469,300,108,196
469,300,108,196
469,300,108,196
469,300,108,196
469,300,108,196
469,300,108,196
469,300,108,196
469,300,108,196
469,300,108,196
469,300,108,196
469,300,108,196
476,297,105,196
476,297,105,196
476,297,105,196
476,297,105,196
476,297,105,196
476,297,105,196
476,297,105,196
476,297,105,196
476,297,105,196
476,297,105,196
476,297,105,196
476,297,105,196
476,297,105,196
476,297,105,196
476,297,105,196
481,295,100,198
481,295,100,198
481,295,100,198
481,295,100,198
481,295,100,198
481,295,100,198
481,295,100,198
481,295,100,198
481,295,100,198
481,295,100,198
481,295,100,198
481,295,100,198
481,295,100,198
481,295,100,198
481,295,100,198
478,295,106,201
478,295,107,201
478,295,108,201
478,295,109,201
478,295,110,201
478,295,111,201
478,295,112,201
478,295,113,201
478,295,114,201
478,295,115,201
478,295,116,201
478,295,117,201
478,295,118,201
478,295,119,201
478,295,120,201
480,290,115,202
480,290,114,202
480,290,113,202
480,290,112,202
480,290,111,202
480,290,110,202
480,290,109,202
480,290,108,202
480,290,107,202
480,290,106,202
480,290,105,202
480,290,104,202
480,290,103,202
480,290,102,202
480,290,101,202
480,295,95,198
479,295,96,198
478,295,97,198
477,295,98,198
476,295,99,198
475,295,100,198
474,295,101,198
473,295,102,198
472,295,103,198
471,295,104,198
470,295,105,198
469,295,106,198
468,295,107,198
467,295,108,198
466,295,109,198
469,292,117,203
469,292,116,203
469,292,115,203
469,292,114,203
469,292,113,203
469,292,112,203
469,292,111,203
469,292,110,203
469,292,109,203
469,292,108,203
469,292,107,203
469,292,106,203
469,292,105,203
469,292,104,203
469,292,103,203
470,290,107,206
470,290,107,206
470,290,107,206
470,290,107,206
470,290,107,206
470,290,107,206
470,290,107,206
470,290,107,206
470,290,107,206
470,290,107,206
470,290,107,206
470,290,107,206
470,290,107,206
470,290,107,206
470,290,107,206
472,283,110,212
473,283,109,212
474,283,108,212
475,283,107,212
476,283,106,212
477,283,105,212
478,283,104,212
479,283,103,212
480,283,102,212
481,283,101,212
482,283,100,212
483,283,99,212
484,283,98,212
485,283,97,212
486,283,96,212
481,277,92,216
481,278,92,215
481,279,92,214
481,280,92,213
481,281,92,212
481,282,92,211
481,283,92,210
481,284,92,209
481,285,92,208
481,286,92,207
481,287,92,206
481,288,92,205
481,289,92,204
481,290,92,203
481,291,92,202
474,290,87,206
472,293,87,208
470,296,87,210
468,299,87,212
466,302,87,214
464,305,87,216
462,308,87,218
460,311,87,220
458,314,87,222
456,317,87,224
454,320,87,226
452,323,87,228
450,326,87,230
448,329,87,232
446,332,87,234
447,338,88,237
444,339,91,239
441,340,94,241
438,341,97,243
435,342,100,245
432,343,103,247
429,344,106,249
426,345,109,251
423,346,112,253
420,347,115,255
417,348,118,257
414,349,121,259
411,350,124,261
408,351,127,263
405,352,130,265
400,358,126,264
399,359,130,266
398,360,134,268
397,361,138,270
396,362,142,272
395,363,146,274
394,364,150,276
393,365,154,278
392,366,158,280
391,367,162,282
390,368,166,284
389,369,170,286
388,370,174,288
387,371,178,290
386,372,182,292
390,366,191,296
394,366,195,296
398,366,199,296
402,366,203,296
406,366,207,296
410,366,211,296
414,366,215,296
418,366,219,296
422,366,223,296
426,366,227,296
430,366,231,296
434,366,235,296
438,366,239,296
442,366,243,296
446,366,247,296
452,364,252,300
460,366,250,301
468,368,248,302
476,370,246,303
484,372,244,304
492,374,242,305
500,376,240,306
508,378,238,307
516,380,236,308
524,382,234,309
532,384,232,310
540,386,230,311
548,388,228,312
556,390,226,313
564,392,224,314
567,387,226,317
577,386,227,319
587,385,228,321
597,384,229,323
607,383,230,325
617,382,231,327
627,381,232,329
637,380,233,331
647,379,234,333
657,378,235,335
667,377,236,337
677,376,237,339
687,375,238,341
697,374,239,343
707,373,240,345
712,378,234,351
721,379,234,350
730,380,234,349
739,381,234,348
748,382,234,347
757,383,234,346
766,384,234,345
775,385,234,344
784,386,234,343
793,387,234,342
802,388,234,341
811,389,234,340
820,390,234,339
829,391,234,338
838,392,234,337
843,394,232,341
