273,198,118,206
273,198,118,208
273,198,118,210
273,198,118,212
273,198,118,214
273,198,118,216
273,198,118,218
273,198,118,220
273,198,118,222
273,198,118,224
273,198,118,226
273,198,118,228
273,198,118,230
273,198,118,232
273,198,118,234
266,192,119,229
266,192,119,229
266,192,119,229
266,192,119,229
266,192,119,229
266,192,119,229
266,192,119,229
266,192,119,229
266,192,119,229
266,192,119,229
266,192,119,229
266,192,119,229
266,192,119,229
266,192,119,229
266,192,119,229
266,195,114,229
266,195,114,228
266,195,114,227
266,195,114,226
266,195,114,225
266,195,114,224
266,195,114,223
266,195,114,222
266,195,114,221
266,195,114,220
266,195,114,219
266,195,114,218
266,195,114,217
266,195,114,216
266,195,114,215
266,195,112,221
266,195,112,221
266,195,112,221
266,195,112,221
266,195,112,221
266,195,112,221
266,195,112,221
266,195,112,221
266,195,112,221
266,195,112,221
266,195,112,221
266,195,112,221
266,195,112,221
266,195,112,221
266,195,112,221
260,189,116,227
260,190,116,227
260,191,116,227
260,192,116,227
260,193,116,227
260,194,116,227
260,195,116,227
260,196,116,227
260,197,116,227
260,198,116,227
260,199,116,227
260,200,116,227
260,201,116,227
260,202,116,227
260,203,116,227
262,198,116,220
262,198,116,220
262,198,116,220
262,198,116,220
262,198,116,220
262,198,116,220
262,198,116,220
262,198,116,220
262,198,116,220
262,198,116,220
262,198,116,220
262,198,116,220
262,198,116,220
262,198,116,220
262,198,116,220
262,195,112,216
262,195,112,217
262,195,112,218
262,195,112,219
262,195,112,220
262,195,112,221
262,195,112,222
262,195,112,223
262,195,112,224
262,195,112,225
262,195,112,226
262,195,112,227
262,195,112,228
262,195,112,229
262,195,112,230
266,196,114,233
265,196,115,232
264,196,116,231
263,196,117,230
262,196,118,229
261,196,119,228
260,196,120,227
259,196,121,226
258,196,122,225
257,196,123,224
256,196,124,223
255,196,125,222
254,196,126,221
253,196,127,220
252,196,128,219
257,195,123,223
258,195,122,223
259,195,121,223
260,195,120,223
261,195,119,223
262,195,118,223
263,195,117,223
264,195,116,223
265,195,115,223
266,195,114,223
267,195,113,223
268,195,112,223
269,195,111,223
270,195,110,223
271,195,109,223
266,193,110,229
266,193,110,228
266,193,110,227
266,193,110,226
266,193,110,225
266,193,110,224
266,193,110,223
266,193,110,222
266,193,110,221
266,193,110,220
266,193,110,219
266,193,110,218
266,193,110,217
266,193,110,216
266,193,110,215
273,198,105,215
272,198,106,215
271,198,107,215
270,198,108,215
269,198,109,215
268,198,110,215
267,198,111,215
266,198,112,215
265,198,113,215
264,198,114,215
263,198,115,215
262,198,116,215
261,198,117,215
260,198,118,215
259,198,119,215
262,192,114,222
262,192,114,222
262,192,114,222
262,192,114,222
262,192,114,222
262,192,114,222
262,192,114,222
262,192,114,222
262,192,114,222
262,192,114,222
262,192,114,222
262,192,114,222
262,192,114,222
262,192,114,222
262,192,114,222
268,198,108,216
268,198,109,216
268,198,110,216
268,198,111,216
268,198,112,216
268,198,113,216
268,198,114,216
268,198,115,216
268,198,116,216
268,198,117,216
268,198,118,216
268,198,119,216
268,198,120,216
268,198,121,216
268,198,122,216
266,195,117,219
266,195,116,219
266,195,115,219
266,195,114,219
266,195,113,219
266,195,112,219
266,195,111,219
266,195,110,219
266,195,109,219
266,195,108,219
266,195,107,219
266,195,106,219
266,195,105,219
266,195,104,219
266,195,103,219
268,193,106,225
267,193,107,225
266,193,108,225
265,193,109,225
264,193,110,225
263,193,111,225
262,193,112,225
261,193,113,225
260,193,114,225
259,193,115,225
258,193,116,225
257,193,117,225
256,193,118,225
255,193,119,225
254,193,120,225
260,196,122,220
260,196,122,220
260,196,122,220
260,196,122,220
260,196,122,220
260,196,122,220
260,196,122,220
260,196,122,220
260,196,122,220
260,196,122,220
260,196,122,220
260,196,122,220
260,196,122,220
260,196,122,220
260,196,122,220
266,198,121,220
266,198,121,220
266,198,121,220
266,198,121,220
266,198,121,220
266,198,121,220
266,198,121,220
266,198,121,220
266,198,121,220
266,198,121,220
266,198,121,220
266,198,121,220
266,198,121,220
266,198,121,220
266,198,121,220
268,195,119,221
268,195,119,222
268,195,119,223
268,195,119,224
268,195,119,225
268,195,119,226
268,195,119,227
268,195,119,228
268,195,119,229
268,195,119,230
268,195,119,231
268,195,119,232
268,195,119,233
268,195,119,234
268,195,119,235
268,189,119,229
268,189,119,229
268,189,119,229
268,189,119,229
268,189,119,229
268,189,119,229
268,189,119,229
268,189,119,229
268,189,119,229
268,189,119,229
268,189,119,229
268,189,119,229
268,189,119,229
268,189,119,229
268,189,119,229
266,190,125,229
266,190,124,230
266,190,123,231
266,190,122,232
266,190,121,233
266,190,120,234
266,190,119,235
266,190,118,236
266,190,117,237
266,190,116,238
266,190,115,239
266,190,114,240
266,190,113,241
266,190,112,242
266,190,111,243
268,185,114,237
267,184,114,237
266,183,114,237
265,182,114,237
264,181,114,237
263,180,114,237
262,179,114,237
261,178,114,237
260,177,114,237
259,176,114,237
258,175,114,237
257,174,114,237
256,173,114,237
255,172,114,237
254,171,114,237
260,174,114,244
260,175,113,244
260,176,112,244
260,177,111,244
260,178,110,244
260,179,109,244
260,180,108,244
260,181,107,244
260,182,106,244
260,183,105,244
260,184,104,244
260,185,103,244
260,186,102,244
260,187,101,244
260,188,100,244
266,184,97,241
264,187,99,243
262,190,101,245
260,193,103,247
258,196,105,249
256,199,107,251
254,202,109,253
252,205,111,255
250,208,113,257
248,211,115,259
246,214,117,261
244,217,119,263
242,220,121,265
240,223,123,267
238,226,125,269
237,223,126,266
232,225,127,269
227,227,128,272
222,229,129,275
217,231,130,278
212,233,131,281
207,235,132,284
202,237,133,287
197,239,134,290
192,241,135,293
187,243,136,296
182,245,137,299
177,247,138,302
172,249,139,305
167,251,140,308
169,257,143,312
167,258,145,314
165,259,147,316
163,260,149,318
161,261,151,320
159,262,153,322
157,263,155,324
155,264,157,326
153,265,159,328
151,266,161,330
149,267,163,332
147,268,165,334
145,269,167,336
143,270,169,338
141,271,171,340
145,278,176,338
147,278,179,338
149,278,182,338
151,278,185,338
153,278,188,338
155,278,191,338
157,278,194,338
159,278,197,338
161,278,200,338
163,278,203,338
165,278,206,338
167,278,209,338
169,278,212,338
171,278,215,338
173,278,218,338
173,281,220,337
180,282,217,339
187,283,214,341
194,284,211,343
201,285,208,345
208,286,205,347
215,287,202,349
222,288,199,351
229,289,196,353
236,290,193,355
243,291,190,357
250,292,187,359
257,293,184,361
264,294,181,363
271,295,178,365
273,295,174,365
283,295,178,366
293,295,182,367
303,295,186,368
313,295,190,369
323,295,194,370
333,295,198,371
343,295,202,372
353,295,206,373
363,295,210,374
373,295,214,375
383,295,218,376
393,295,222,377
403,295,226,378
413,295,230,379
423,301,230,373
431,301,232,375
439,301,234,377
447,301,236,379
455,301,238,381
463,301,240,383
471,301,242,385
479,301,244,387
487,301,246,389
495,301,248,391
503,301,250,393
511,301,252,395
519,301,254,397
527,301,256,399
535,301,258,401
545,299,267,408
561,299,265,407
577,299,263,406
593,299,261,405
609,299,259,404
625,299,257,403
641,299,255,402
657,299,253,401
673,299,251,400
689,299,249,399
705,299,247,398
721,299,245,397
737,299,243,396
753,299,241,395
769,299,239,394
784,295,230,393
