492,276,108,201
492,277,108,200
492,278,108,199
492,279,108,198
492,280,108,197
492,281,108,196
492,282,108,195
492,283,108,194
492,284,108,193
492,285,108,192
492,286,108,191
492,287,108,190
492,288,108,189
492,289,108,188
492,290,108,187
499,286,105,189
499,286,105,190
499,286,105,191
499,286,105,192
499,286,105,193
499,286,105,194
499,286,105,195
499,286,105,196
499,286,105,197
499,286,105,198
499,286,105,199
499,286,105,200
499,286,105,201
499,286,105,202
499,286,105,203
494,280,102,202
494,280,102,202
494,280,102,202
494,280,102,202
494,280,102,202
494,280,102,202
494,280,102,202
494,280,102,202
494,280,102,202
494,280,102,202
494,280,102,202
494,280,102,202
494,280,102,202
494,280,102,202
494,280,102,202
490,280,108,204
490,280,108,204
490,280,108,204
490,280,108,204
490,280,108,204
490,280,108,204
490,280,108,204
490,280,108,204
490,280,108,204
490,280,108,204
490,280,108,204
490,280,108,204
490,280,108,204
490,280,108,204
490,280,108,204
490,280,104,200
490,280,105,201
490,280,106,202
490,280,107,203
490,280,108,204
490,280,109,205
490,280,110,206
490,280,111,207
490,280,112,208
490,280,113,209
490,280,114,210
490,280,115,211
490,280,116,212
490,280,117,213
490,280,118,214
492,282,113,208
492,282,112,208
492,282,111,208
492,282,110,208
492,282,109,208
492,282,108,208
492,282,107,208
492,282,106,208
492,282,105,208
492,282,104,208
492,282,103,208
492,282,102,208
492,282,101,208
492,282,100,208
492,282,99,208
495,280,105,208
495,280,105,208
495,280,105,208
495,280,105,208
495,280,105,208
495,280,105,208
495,280,105,208
495,280,105,208
495,280,105,208
495,280,105,208
495,280,105,208
495,280,105,208
495,280,105,208
495,280,105,208
495,280,105,208
492,280,110,204
492,280,110,204
492,280,110,204
492,280,110,204
492,280,110,204
492,280,110,204
492,280,110,204
492,280,110,204
492,280,110,204
492,280,110,204
492,280,110,204
492,280,110,204
492,280,110,204
492,280,110,204
492,280,110,204
495,278,105,204
495,278,105,204
495,278,105,204
495,278,105,204
495,278,105,204
495,278,105,204
495,278,105,204
495,278,105,204
495,278,105,204
495,278,105,204
495,278,105,204
495,278,105,204
495,278,105,204
495,278,105,204
495,278,105,204
492,280,110,206
492,280,110,206
492,280,110,206
492,280,110,206
492,280,110,206
492,280,110,206
492,280,110,206
492,280,110,206
492,280,110,206
492,280,110,206
492,280,110,206
492,280,110,206
492,280,110,206
492,280,110,206
492,280,110,206
499,284,106,206
499,283,106,207
499,282,106,208
499,281,106,209
499,280,106,210
499,279,106,211
499,278,106,212
499,277,106,213
499,276,106,214
499,275,106,215
499,274,106,216
499,273,106,217
499,272,106,218
499,271,106,219
499,270,106,220
497,276,103,214
497,276,103,213
497,276,103,212
497,276,103,211
497,276,103,210
497,276,103,209
497,276,103,208
497,276,103,207
497,276,103,206
497,276,103,205
497,276,103,204
497,276,103,203
497,276,103,202
497,276,103,201
497,276,103,200
499,282,101,195
499,282,101,195
499,282,101,195
499,282,101,195
499,282,101,195
499,282,101,195
499,282,101,195
499,282,101,195
499,282,101,195
499,282,101,195
499,282,101,195
499,282,101,195
499,282,101,195
499,282,101,195
499,282,101,195
497,284,103,200
497,284,103,200
497,284,103,200
497,284,103,200
497,284,103,200
497,284,103,200
497,284,103,200
497,284,103,200
497,284,103,200
497,284,103,200
497,284,103,200
497,284,103,200
497,284,103,200
497,284,103,200
497,284,103,200
492,282,108,200
492,282,108,200
492,282,108,200
492,282,108,200
492,282,108,200
492,282,108,200
492,282,108,200
492,282,108,200
492,282,108,200
492,282,108,200
492,282,108,200
492,282,108,200
492,282,108,200
492,282,108,200
492,282,108,200
495,282,112,200
495,281,112,201
495,280,112,202
495,279,112,203
495,278,112,204
495,277,112,205
495,276,112,206
495,275,112,207
495,274,112,208
495,273,112,209
495,272,112,210
495,271,112,211
495,270,112,212
495,269,112,213
495,268,112,214
492,274,113,212
493,274,111,212
494,274,109,212
495,274,107,212
496,274,105,212
497,274,103,212
498,274,101,212
499,274,99,212
500,274,97,212
501,274,95,212
502,274,93,212
503,274,91,212
504,274,89,212
505,274,87,212
506,274,85,212
503,274,86,218
502,274,86,220
501,274,86,222
500,274,86,224
499,274,86,226
498,274,86,228
497,274,86,230
496,274,86,232
495,274,86,234
494,274,86,236
493,274,86,238
492,274,86,240
491,274,86,242
490,274,86,244
489,274,86,246
488,280,91,243
483,284,92,244
478,288,93,245
473,292,94,246
468,296,95,247
463,300,96,248
458,304,97,249
453,308,98,250
448,312,99,251
443,316,100,252
438,320,101,253
433,324,102,254
428,328,103,255
423,332,104,256
418,336,105,257
415,343,106,265
413,344,111,267
411,345,116,269
409,346,121,271
407,347,126,273
405,348,131,275
403,349,136,277
401,350,141,279
399,351,146,281
397,352,151,283
395,353,156,285
393,354,161,287
391,355,166,289
389,356,171,291
387,357,176,293
387,360,179,296
394,360,178,298
401,360,177,300
408,360,176,302
415,360,175,304
422,360,174,306
429,360,173,308
436,360,172,310
443,360,171,312
450,360,170,314
457,360,169,316
464,360,168,318
471,360,167,320
478,360,166,322
485,360,165,324
486,364,168,322
498,364,172,322
510,364,176,322
522,364,180,322
534,364,184,322
546,364,188,322
558,364,192,322
570,364,196,322
582,364,200,322
594,364,204,322
606,364,208,322
618,364,212,322
630,364,216,322
642,364,220,322
654,364,224,322
670,370,227,327
680,370,228,329
690,370,229,331
700,370,230,333
710,370,231,335
720,370,232,337
730,370,233,339
740,370,234,341
750,370,235,343
760,370,236,345
770,370,237,347
780,370,238,349
790,370,239,351
800,370,240,353
810,370,241,355
824,368,245,357
