242,89,149,283
242,89,149,283
242,89,149,283
242,89,149,283
242,89,149,283
242,89,149,283
242,89,149,283
242,89,149,283
242,89,149,283
242,89,149,283
242,89,149,283
242,89,149,283
242,89,149,283
242,89,149,283
242,89,149,283
244,87,143,278
244,87,143,279
244,87,143,280
244,87,143,281
244,87,143,282
244,87,143,283
244,87,143,284
244,87,143,285
244,87,143,286
244,87,143,287
244,87,143,288
244,87,143,289
244,87,143,290
244,87,143,291
244,87,143,292
244,91,143,292
244,91,142,292
244,91,141,292
244,91,140,292
244,91,139,292
244,91,138,292
244,91,137,292
244,91,136,292
244,91,135,292
244,91,134,292
244,91,133,292
244,91,132,292
244,91,131,292
244,91,130,292
244,91,129,292
244,89,134,292
244,89,135,292
244,89,136,292
244,89,137,292
244,89,138,292
244,89,139,292
244,89,140,292
244,89,141,292
244,89,142,292
244,89,143,292
244,89,144,292
244,89,145,292
244,89,146,292
244,89,147,292
244,89,148,292
240,91,142,289
240,91,142,290
240,91,142,291
240,91,142,292
240,91,142,293
240,91,142,294
240,91,142,295
240,91,142,296
240,91,142,297
240,91,142,298
240,91,142,299
240,91,142,300
240,91,142,301
240,91,142,302
240,91,142,303
244,86,145,303
244,86,145,303
244,86,145,303
244,86,145,303
244,86,145,303
244,86,145,303
244,86,145,303
244,86,145,303
244,86,145,303
244,86,145,303
244,86,145,303
244,86,145,303
244,86,145,303
244,86,145,303
244,86,145,303
240,84,142,303
240,84,142,303
240,84,142,303
240,84,142,303
240,84,142,303
240,84,142,303
240,84,142,303
240,84,142,303
240,84,142,303
240,84,142,303
240,84,142,303
240,84,142,303
240,84,142,303
240,84,142,303
240,84,142,303
244,91,138,298
244,91,138,298
244,91,138,298
244,91,138,298
244,91,138,298
244,91,138,298
244,91,138,298
244,91,138,298
244,91,138,298
244,91,138,298
244,91,138,298
244,91,138,298
244,91,138,298
244,91,138,298
244,91,138,298
244,89,141,302
244,89,141,302
244,89,141,302
244,89,141,302
244,89,141,302
244,89,141,302
244,89,141,302
244,89,141,302
244,89,141,302
244,89,141,302
244,89,141,302
244,89,141,302
244,89,141,302
244,89,141,302
244,89,141,302
244,87,138,307
244,87,138,306
244,87,138,305
244,87,138,304
244,87,138,303
244,87,138,302
244,87,138,301
244,87,138,300
244,87,138,299
244,87,138,298
244,87,138,297
244,87,138,296
244,87,138,295
244,87,138,294
244,87,138,293
244,89,141,294
244,89,141,294
244,89,141,294
244,89,141,294
244,89,141,294
244,89,141,294
244,89,141,294
244,89,141,294
244,89,141,294
244,89,141,294
244,89,141,294
244,89,141,294
244,89,141,294
244,89,141,294
244,89,141,294
240,93,140,287
240,93,140,287
240,93,140,287
240,93,140,287
240,93,140,287
240,93,140,287
240,93,140,287
240,93,140,287
240,93,140,287
240,93,140,287
240,93,140,287
240,93,140,287
240,93,140,287
240,93,140,287
240,93,140,287
238,93,140,294
237,93,141,294
236,93,142,294
235,93,143,294
234,93,144,294
233,93,145,294
232,93,146,294
231,93,147,294
230,93,148,294
229,93,149,294
228,93,150,294
227,93,151,294
226,93,152,294
225,93,153,294
224,93,154,294
229,93,158,296
230,93,157,296
231,93,156,296
232,93,155,296
233,93,154,296
234,93,153,296
235,93,152,296
236,93,151,296
237,93,150,296
238,93,149,296
239,93,148,296
240,93,147,296
241,93,146,296
242,93,145,296
243,93,144,296
246,91,139,294
247,91,138,294
248,91,137,294
249,91,136,294
250,91,135,294
251,91,134,294
252,91,133,294
253,91,132,294
254,91,131,294
255,91,130,294
256,91,129,294
257,91,128,294
258,91,127,294
259,91,126,294
260,91,125,294
257,93,119,287
256,93,121,287
255,93,123,287
254,93,125,287
253,93,127,287
252,93,129,287
251,93,131,287
250,93,133,287
249,93,135,287
248,93,137,287
247,93,139,287
246,93,141,287
245,93,143,287
244,93,145,287
243,93,147,287
244,91,147,289
244,91,146,290
244,91,145,291
244,91,144,292
244,91,143,293
244,91,142,294
244,91,141,295
244,91,140,296
244,91,139,297
244,91,138,298
244,91,137,299
244,91,136,300
244,91,135,301
244,91,134,302
244,91,133,303
244,89,138,303
244,89,138,302
244,89,138,301
244,89,138,300
244,89,138,299
244,89,138,298
244,89,138,297
244,89,138,296
244,89,138,295
244,89,138,294
244,89,138,293
244,89,138,292
244,89,138,291
244,89,138,290
244,89,138,289
248,93,145,294
248,93,144,294
248,93,143,294
248,93,142,294
248,93,141,294
248,93,140,294
248,93,139,294
248,93,138,294
248,93,137,294
248,93,136,294
248,93,135,294
248,93,134,294
248,93,133,294
248,93,132,294
248,93,131,294
248,91,137,289
248,91,137,290
248,91,137,291
248,91,137,292
248,91,137,293
248,91,137,294
248,91,137,295
248,91,137,296
248,91,137,297
248,91,137,298
248,91,137,299
248,91,137,300
248,91,137,301
248,91,137,302
248,91,137,303
250,84,130,303
250,84,131,303
250,84,132,303
250,84,133,303
250,84,134,303
250,84,135,303
250,84,136,303
250,84,137,303
250,84,138,303
250,84,139,303
250,84,140,303
250,84,141,303
250,84,142,303
250,84,143,303
250,84,144,303
244,78,141,309
245,78,141,309
246,78,141,309
247,78,141,309
248,78,141,309
249,78,141,309
250,78,141,309
251,78,141,309
252,78,141,309
253,78,141,309
254,78,141,309
255,78,141,309
256,78,141,309
257,78,141,309
258,78,141,309
253,75,140,303
252,76,140,302
251,77,140,301
250,78,140,300
249,79,140,299
248,80,140,298
247,81,140,297
246,82,140,296
245,83,140,295
244,84,140,294
243,85,140,293
242,86,140,292
241,87,140,291
240,88,140,290
239,89,140,289
238,91,136,287
236,95,137,290
234,99,138,293
232,103,139,296
230,107,140,299
228,111,141,302
226,115,142,305
224,119,143,308
222,123,144,311
220,127,145,314
218,131,146,317
216,135,147,320
214,139,148,323
212,143,149,326
210,147,150,329
214,146,155,338
208,149,156,342
202,152,157,346
196,155,158,350
190,158,159,354
184,161,160,358
178,164,161,362
172,167,162,366
166,170,163,370
160,173,164,374
154,176,165,378
148,179,166,382
142,182,167,386
136,185,168,390
130,188,169,394
130,188,164,397
128,189,170,399
126,190,176,401
124,191,182,403
122,192,188,405
120,193,194,407
118,194,200,409
116,195,206,411
114,196,212,413
112,197,218,415
110,198,224,417
108,199,230,419
106,200,236,421
104,201,242,423
102,202,248,425
96,208,256,430
100,208,260,430
104,208,264,430
108,208,268,430
112,208,272,430
116,208,276,430
120,208,280,430
124,208,284,430
128,208,288,430
132,208,292,430
136,208,296,430
140,208,300,430
144,208,304,430
148,208,308,430
152,208,312,430
156,206,319,434
166,208,319,436
176,210,319,438
186,212,319,440
196,214,319,442
206,216,319,444
216,218,319,446
226,220,319,448
236,222,319,450
246,224,319,452
256,226,319,454
266,228,319,456
276,230,319,458
286,232,319,460
296,234,319,462
306,238,325,469
320,238,324,470
334,238,323,471
348,238,322,472
362,238,321,473
376,238,320,474
390,238,319,475
404,238,318,476
418,238,317,477
432,238,316,478
446,238,315,479
460,238,314,480
474,238,313,481
488,238,312,482
502,238,311,483
510,245,308,486
523,246,311,488
536,247,314,490
549,248,317,492
562,249,320,494
575,250,323,496
588,251,326,498
601,252,329,500
614,253,332,502
627,254,335,504
640,255,338,506
653,256,341,508
666,257,344,510
679,258,347,512
692,259,350,514
707,263,351,512
