1414,281,71,240
1414,281,71,241
1414,281,71,242
1414,281,71,243
1414,281,71,244
1414,281,71,245
1414,281,71,246
1414,281,71,247
1414,281,71,248
1414,281,71,249
1414,281,71,250
1414,281,71,251
1414,281,71,252
1414,281,71,253
1414,281,71,254
1408,277,77,250
1408,277,78,251
1408,277,79,252
1408,277,80,253
1408,277,81,254
1408,277,82,255
1408,277,83,256
1408,277,84,257
1408,277,85,258
1408,277,86,259
1408,277,87,260
1408,277,88,261
1408,277,89,262
1408,277,90,263
1408,277,91,264
1404,275,89,260
1404,275,89,260
1404,275,89,260
1404,275,89,260
1404,275,89,260
1404,275,89,260
1404,275,89,260
1404,275,89,260
1404,275,89,260
1404,275,89,260
1404,275,89,260
1404,275,89,260
1404,275,89,260
1404,275,89,260
1404,275,89,260
1406,275,87,254
1406,275,86,254
1406,275,85,254
1406,275,84,254
1406,275,83,254
1406,275,82,254
1406,275,81,254
1406,275,80,254
1406,275,79,254
1406,275,78,254
1406,275,77,254
1406,275,76,254
1406,275,75,254
1406,275,74,254
1406,275,73,254
1412,273,75,250
1412,272,76,251
1412,271,77,252
1412,270,78,253
1412,269,79,254
1412,268,80,255
1412,267,81,256
1412,266,82,257
1412,265,83,258
1412,264,84,259
1412,263,85,260
1412,262,86,261
1412,261,87,262
1412,260,88,263
1412,259,89,264
1408,262,85,265
1408,263,85,264
1408,264,85,263
1408,265,85,262
1408,266,85,261
1408,267,85,260
1408,268,85,259
1408,269,85,258
1408,270,85,257
1408,271,85,256
1408,272,85,255
1408,273,85,254
1408,274,85,253
1408,275,85,252
1408,276,85,251
1404,273,83,256
1404,273,83,255
1404,273,83,254
1404,273,83,253
1404,273,83,252
1404,273,83,251
1404,273,83,250
1404,273,83,249
1404,273,83,248
1404,273,83,247
1404,273,83,246
1404,273,83,245
1404,273,83,244
1404,273,83,243
1404,273,83,242
1408,273,79,248
1408,273,79,248
1408,273,79,248
1408,273,79,248
1408,273,79,248
1408,273,79,248
1408,273,79,248
1408,273,79,248
1408,273,79,248
1408,273,79,248
1408,273,79,248
1408,273,79,248
1408,273,79,248
1408,273,79,248
1408,273,79,248
1408,277,83,246
1408,276,83,247
1408,275,83,248
1408,274,83,249
1408,273,83,250
1408,272,83,251
1408,271,83,252
1408,270,83,253
1408,269,83,254
1408,268,83,255
1408,267,83,256
1408,266,83,257
1408,265,83,258
1408,264,83,259
1408,263,83,260
1402,267,85,264
1403,268,84,263
1404,269,83,262
1405,270,82,261
1406,271,81,260
1407,272,80,259
1408,273,79,258
1409,274,78,257
1410,275,77,256
1411,276,76,255
1412,277,75,254
1413,278,74,253
1414,279,73,252
1415,280,72,251
1416,281,71,250
1412,275,77,254
1412,275,78,254
1412,275,79,254
1412,275,80,254
1412,275,81,254
1412,275,82,254
1412,275,83,254
1412,275,84,254
1412,275,85,254
1412,275,86,254
1412,275,87,254
1412,275,88,254
1412,275,89,254
1412,275,90,254
1412,275,91,254
1408,277,91,256
1410,277,91,256
1412,277,91,256
1414,277,91,256
1416,277,91,256
1418,277,91,256
1420,277,91,256
1422,277,91,256
1424,277,91,256
1426,277,91,256
1428,277,91,256
1430,277,91,256
1432,277,91,256
1434,277,91,256
1436,277,91,256
1442,277,87,259
1443,277,87,260
1444,277,87,261
1445,277,87,262
1446,277,87,263
1447,277,87,264
1448,277,87,265
1449,277,87,266
1450,277,87,267
1451,277,87,268
1452,277,87,269
1453,277,87,270
1454,277,87,271
1455,277,87,272
1456,277,87,273
1458,277,89,271
1459,278,90,271
1460,279,91,271
1461,280,92,271
1462,281,93,271
1463,282,94,271
1464,283,95,271
1465,284,96,271
1466,285,97,271
1467,286,98,271
1468,287,99,271
1469,288,100,271
1470,289,101,271
1471,290,102,271
1472,291,103,271
1470,286,97,277
1467,287,101,276
1464,288,105,275
1461,289,109,274
1458,290,113,273
1455,291,117,272
1452,292,121,271
1449,293,125,270
1446,294,129,269
1443,295,133,268
1440,296,137,267
1437,297,141,266
1434,298,145,265
1431,299,149,264
1428,300,153,263
1424,304,151,265
1422,304,147,266
1420,304,143,267
1418,304,139,268
1416,304,135,269
1414,304,131,270
1412,304,127,271
1410,304,123,272
1408,304,119,273
1406,304,115,274
1404,304,111,275
1402,304,107,276
1400,304,103,277
1398,304,99,278
1396,304,95,279
1398,304,93,284
1393,303,94,285
1388,302,95,286
1383,301,96,287
1378,300,97,288
1373,299,98,289
1368,298,99,290
1363,297,100,291
1358,296,101,292
1353,295,102,293
1348,294,103,294
1343,293,104,295
1338,292,105,296
1333,291,106,297
1328,290,107,298
1328,296,109,297
1322,296,110,296
1316,296,111,295
1310,296,112,294
1304,296,113,293
1298,296,114,292
1292,296,115,291
1286,296,116,290
1280,296,117,289
1274,296,118,288
1268,296,119,287
1262,296,120,286
1256,296,121,285
1250,296,122,284
1244,296,123,283
1244,296,121,288
1238,297,122,287
1232,298,123,286
1226,299,124,285
1220,300,125,284
1214,301,126,283
1208,302,127,282
1202,303,128,281
1196,304,129,280
1190,305,130,279
1184,306,131,278
1178,307,132,277
1172,308,133,276
1166,309,134,275
1160,310,135,274
1154,307,135,277
1148,308,135,276
1142,309,135,275
1136,310,135,274
1130,311,135,273
1124,312,135,272
1118,313,135,271
1112,314,135,270
1106,315,135,269
1100,316,135,268
1094,317,135,267
1088,318,135,266
1082,319,135,265
1076,320,135,264
1070,321,135,263
1058,321,129,269
1052,323,129,271
1046,325,129,273
1040,327,129,275
1034,329,129,277
1028,331,129,279
1022,333,129,281
1016,335,129,283
1010,337,129,285
1004,339,129,287
998,341,129,289
992,343,129,291
986,345,129,293
980,347,129,295
974,349,129,297
962,344,133,293
948,347,135,294
934,350,137,295
920,353,139,296
906,356,141,297
892,359,143,298
878,362,145,299
864,365,147,300
850,368,149,301
836,371,151,302
822,374,153,303
808,377,155,304
794,380,157,305
780,383,159,306
766,386,161,307
756,393,165,315
751,395,164,317
746,397,163,319
741,399,162,321
736,401,161,323
731,403,160,325
726,405,159,327
721,407,158,329
716,409,157,331
711,411,156,333
706,413,155,335
701,415,154,337
696,417,153,339
691,419,152,341
686,421,151,343
676,423,157,340
