1556,303,91,280
1556,303,91,280
1556,303,91,280
1556,303,91,280
1556,303,91,280
1556,303,91,280
1556,303,91,280
1556,303,91,280
1556,303,91,280
1556,303,91,280
1556,303,91,280
1556,303,91,280
1556,303,91,280
1556,303,91,280
1556,303,91,280
1554,305,89,275
1554,305,89,275
1554,305,89,275
1554,305,89,275
1554,305,89,275
1554,305,89,275
1554,305,89,275
1554,305,89,275
1554,305,89,275
1554,305,89,275
1554,305,89,275
1554,305,89,275
1554,305,89,275
1554,305,89,275
1554,305,89,275
1554,312,91,268
1554,311,91,269
1554,310,91,270
1554,309,91,271
1554,308,91,272
1554,307,91,273
1554,306,91,274
1554,305,91,275
1554,304,91,276
1554,303,91,277
1554,302,91,278
1554,301,91,279
1554,300,91,280
1554,299,91,281
1554,298,91,282
1554,299,95,286
1555,299,94,286
1556,299,93,286
1557,299,92,286
1558,299,91,286
1559,299,90,286
1560,299,89,286
1561,299,88,286
1562,299,87,286
1563,299,86,286
1564,299,85,286
1565,299,84,286
1566,299,83,286
1567,299,82,286
1568,299,81,286
1564,292,86,286
1563,293,87,285
1562,294,88,284
1561,295,89,283
1560,296,90,282
1559,297,91,281
1558,298,92,280
1557,299,93,279
1556,300,94,278
1555,301,95,277
1554,302,96,276
1553,303,97,275
1552,304,98,274
1551,305,99,273
1550,306,100,272
1551,301,99,273
1551,301,98,273
1551,301,97,273
1551,301,96,273
1551,301,95,273
1551,301,94,273
1551,301,93,273
1551,301,92,273
1551,301,91,273
1551,301,90,273
1551,301,89,273
1551,301,88,273
1551,301,87,273
1551,301,86,273
1551,301,85,273
1556,305,91,275
1556,305,91,275
1556,305,91,275
1556,305,91,275
1556,305,91,275
1556,305,91,275
1556,305,91,275
1556,305,91,275
1556,305,91,275
1556,305,91,275
1556,305,91,275
1556,305,91,275
1556,305,91,275
1556,305,91,275
1556,305,91,275
1556,305,91,275
1556,303,91,277
1556,301,91,279
1556,299,91,281
1556,297,91,283
1556,295,91,285
1556,293,91,287
1556,291,91,289
1556,289,91,291
1556,287,91,293
1556,285,91,295
1556,283,91,297
1556,281,91,299
1556,279,91,301
1556,277,91,303
1556,277,98,306
1556,278,97,305
1556,279,96,304
1556,280,95,303
1556,281,94,302
1556,282,93,301
1556,283,92,300
1556,284,91,299
1556,285,90,298
1556,286,89,297
1556,287,88,296
1556,288,87,295
1556,289,86,294
1556,290,85,293
1556,291,84,292
1562,297,90,290
1562,296,91,290
1562,295,92,290
1562,294,93,290
1562,293,94,290
1562,292,95,290
1562,291,96,290
1562,290,97,290
1562,289,98,290
1562,288,99,290
1562,287,100,290
1562,286,101,290
1562,285,102,290
1562,284,103,290
1562,283,104,290
1556,284,98,297
1556,285,98,297
1556,286,98,297
1556,287,98,297
1556,288,98,297
1556,289,98,297
1556,290,98,297
1556,291,98,297
1556,292,98,297
1556,293,98,297
1556,294,98,297
1556,295,98,297
1556,296,98,297
1556,297,98,297
1556,298,98,297
1549,292,103,295
1549,291,103,296
1549,290,103,297
1549,289,103,298
1549,288,103,299
1549,287,103,300
1549,286,103,301
1549,285,103,302
1549,284,103,303
1549,283,103,304
1549,282,103,305
1549,281,103,306
1549,280,103,307
1549,279,103,308
1549,278,103,309
1556,283,96,306
1556,284,96,306
1556,285,96,306
1556,286,96,306
1556,287,96,306
1556,288,96,306
1556,289,96,306
1556,290,96,306
1556,291,96,306
1556,292,96,306
1556,293,96,306
1556,294,96,306
1556,295,96,306
1556,296,96,306
1556,297,96,306
1558,295,94,299
1559,295,95,299
1560,295,96,299
1561,295,97,299
1562,295,98,299
1563,295,99,299
1564,295,100,299
1565,295,101,299
1566,295,102,299
1567,295,103,299
1568,295,104,299
1569,295,105,299
1570,295,106,299
1571,295,107,299
1572,295,108,299
1569,299,106,306
1571,300,105,305
1573,301,104,304
1575,302,103,303
1577,303,102,302
1579,304,101,301
1581,305,100,300
1583,306,99,299
1585,307,98,298
1587,308,97,297
1589,309,96,296
1591,310,95,295
1593,311,94,294
1595,312,93,293
1597,313,92,292
1595,308,98,294
1596,309,98,294
1597,310,98,294
1598,311,98,294
1599,312,98,294
1600,313,98,294
1601,314,98,294
1602,315,98,294
1603,316,98,294
1604,317,98,294
1605,318,98,294
1606,319,98,294
1607,320,98,294
1608,321,98,294
1609,322,98,294
1607,321,103,301
1607,321,104,301
1607,321,105,301
1607,321,106,301
1607,321,107,301
1607,321,108,301
1607,321,109,301
1607,321,110,301
1607,321,111,301
1607,321,112,301
1607,321,113,301
1607,321,114,301
1607,321,115,301
1607,321,116,301
1607,321,117,301
1612,325,113,299
1613,325,113,300
1614,325,113,301
1615,325,113,302
1616,325,113,303
1617,325,113,304
1618,325,113,305
1619,325,113,306
1620,325,113,307
1621,325,113,308
1622,325,113,309
1623,325,113,310
1624,325,113,311
1625,325,113,312
1626,325,113,313
1631,329,107,311
1627,328,111,313
1623,327,115,315
1619,326,119,317
1615,325,123,319
1611,324,127,321
1607,323,131,323
1603,322,135,325
1599,321,139,327
1595,320,143,329
1591,319,147,331
1587,318,151,333
1583,317,155,335
1579,316,159,337
1575,315,163,339
1573,319,169,343
1572,320,166,342
1571,321,163,341
1570,322,160,340
1569,323,157,339
1568,324,154,338
1567,325,151,337
1566,326,148,336
1565,327,145,335
1564,328,142,334
1563,329,139,333
1562,330,136,332
1561,331,133,331
1560,332,130,330
1559,333,127,329
1551,334,131,321
1546,334,133,321
1541,334,135,321
1536,334,137,321
1531,334,139,321
1526,334,141,321
1521,334,143,321
1516,334,145,321
1511,334,147,321
1506,334,149,321
1501,334,151,321
1496,334,153,321
1491,334,155,321
1486,334,157,321
1481,334,159,321
1471,332,159,323
1469,331,157,324
1467,330,155,325
1465,329,153,326
1463,328,151,327
1461,327,149,328
1459,326,147,329
1457,325,145,330
1455,324,143,331
1453,323,141,332
1451,322,139,333
1449,321,137,334
1447,320,135,335
1445,319,133,336
1443,318,131,337
1437,318,132,344
1432,319,132,343
1427,320,132,342
1422,321,132,341
1417,322,132,340
1412,323,132,339
1407,324,132,338
1402,325,132,337
1397,326,132,336
1392,327,132,335
1387,328,132,334
1382,329,132,333
1377,330,132,332
1372,331,132,331
1367,332,132,330
1365,327,138,328
1359,327,139,328
1353,327,140,328
1347,327,141,328
1341,327,142,328
1335,327,143,328
1329,327,144,328
1323,327,145,328
1317,327,146,328
1311,327,147,328
1305,327,148,328
1299,327,149,328
1293,327,150,328
1287,327,151,328
1281,327,152,328
1279,327,155,324
1273,327,155,325
1267,327,155,326
1261,327,155,327
1255,327,155,328
1249,327,155,329
1243,327,155,330
1237,327,155,331
1231,327,155,332
1225,327,155,333
1219,327,155,334
1213,327,155,335
1207,327,155,336
1201,327,155,337
1195,327,155,338
1189,325,160,341
1185,325,157,341
1181,325,154,341
1177,325,151,341
1173,325,148,341
1169,325,145,341
1165,325,142,341
1161,325,139,341
1157,325,136,341
1153,325,133,341
1149,325,130,341
1145,325,127,341
1141,325,124,341
1137,325,121,341
1133,325,118,341
1134,332,120,340
1127,334,122,340
1120,336,124,340
1113,338,126,340
1106,340,128,340
1099,342,130,340
1092,344,132,340
1085,346,134,340
1078,348,136,340
1071,350,138,340
1064,352,140,340
1057,354,142,340
1050,356,144,340
1043,358,146,340
1036,360,148,340
1029,365,145,341
1019,367,146,342
1009,369,147,343
999,371,148,344
989,373,149,345
979,375,150,346
969,377,151,347
959,379,152,348
949,381,153,349
939,383,154,350
929,385,155,351
919,387,156,352
909,389,157,353
899,391,158,354
889,393,159,355
875,402,161,352
869,406,160,351
863,410,159,350
857,414,158,349
851,418,157,348
845,422,156,347
839,426,155,346
833,430,154,345
827,434,153,344
821,438,152,343
815,442,151,342
809,446,150,341
803,450,149,340
797,454,148,339
791,458,147,338
791,465,152,343
785,464,155,346
779,463,158,349
773,462,161,352
767,461,164,355
761,460,167,358
755,459,170,361
749,458,173,364
743,457,176,367
737,456,179,370
731,455,182,373
725,454,185,376
719,453,188,379
713,452,191,382
707,451,194,385
702,455,200,395
