1470,299,149,332
1470,299,150,332
1470,299,151,332
1470,299,152,332
1470,299,153,332
1470,299,154,332
1470,299,155,332
1470,299,156,332
1470,299,157,332
1470,299,158,332
1470,299,159,332
1470,299,160,332
1470,299,161,332
1470,299,162,332
1470,299,163,332
1466,301,161,338
1466,301,160,338
1466,301,159,338
1466,301,158,338
1466,301,157,338
1466,301,156,338
1466,301,155,338
1466,301,154,338
1466,301,153,338
1466,301,152,338
1466,301,151,338
1466,301,150,338
1466,301,149,338
1466,301,148,338
1466,301,147,338
1470,301,149,341
1470,301,150,340
1470,301,151,339
1470,301,152,338
1470,301,153,337
1470,301,154,336
1470,301,155,335
1470,301,156,334
1470,301,157,333
1470,301,158,332
1470,301,159,331
1470,301,160,330
1470,301,161,329
1470,301,162,328
1470,301,163,327
1464,304,159,333
1464,304,159,333
1464,304,159,333
1464,304,159,333
1464,304,159,333
1464,304,159,333
1464,304,159,333
1464,304,159,333
1464,304,159,333
1464,304,159,333
1464,304,159,333
1464,304,159,333
1464,304,159,333
1464,304,159,333
1464,304,159,333
1466,304,157,333
1466,304,157,333
1466,304,157,333
1466,304,157,333
1466,304,157,333
1466,304,157,333
1466,304,157,333
1466,304,157,333
1466,304,157,333
1466,304,157,333
1466,304,157,333
1466,304,157,333
1466,304,157,333
1466,304,157,333
1466,304,157,333
1466,301,157,336
1466,301,157,336
1466,301,157,336
1466,301,157,336
1466,301,157,336
1466,301,157,336
1466,301,157,336
1466,301,157,336
1466,301,157,336
1466,301,157,336
1466,301,157,336
1466,301,157,336
1466,301,157,336
1466,301,157,336
1466,301,157,336
1464,302,157,329
1464,302,157,329
1464,302,157,329
1464,302,157,329
1464,302,157,329
1464,302,157,329
1464,302,157,329
1464,302,157,329
1464,302,157,329
1464,302,157,329
1464,302,157,329
1464,302,157,329
1464,302,157,329
1464,302,157,329
1464,302,157,329
1464,301,161,335
1464,301,160,335
1464,301,159,335
1464,301,158,335
1464,301,157,335
1464,301,156,335
1464,301,155,335
1464,301,154,335
1464,301,153,335
1464,301,152,335
1464,301,151,335
1464,301,150,335
1464,301,149,335
1464,301,148,335
1464,301,147,335
1470,301,151,333
1470,301,152,333
1470,301,153,333
1470,301,154,333
1470,301,155,333
1470,301,156,333
1470,301,157,333
1470,301,158,333
1470,301,159,333
1470,301,160,333
1470,301,161,333
1470,301,162,333
1470,301,163,333
1470,301,164,333
1470,301,165,333
1464,302,159,335
1464,302,158,335
1464,302,157,335
1464,302,156,335
1464,302,155,335
1464,302,154,335
1464,302,153,335
1464,302,152,335
1464,302,151,335
1464,302,150,335
1464,302,149,335
1464,302,148,335
1464,302,147,335
1464,302,146,335
1464,302,145,335
1470,304,151,338
1470,304,151,338
1470,304,151,338
1470,304,151,338
1470,304,151,338
1470,304,151,338
1470,304,151,338
1470,304,151,338
1470,304,151,338
1470,304,151,338
1470,304,151,338
1470,304,151,338
1470,304,151,338
1470,304,151,338
1470,304,151,338
1466,310,151,334
1466,311,151,333
1466,312,151,332
1466,313,151,331
1466,314,151,330
1466,315,151,329
1466,316,151,328
1466,317,151,327
1466,318,151,326
1466,319,151,325
1466,320,151,324
1466,321,151,323
1466,322,151,322
1466,323,151,321
1466,324,151,320
1468,320,151,321
1471,320,150,321
1474,320,149,321
1477,320,148,321
1480,320,147,321
1483,320,146,321
1486,320,145,321
1489,320,144,321
1492,320,143,321
1495,320,142,321
1498,320,141,321
1501,320,140,321
1504,320,139,321
1507,320,138,321
1510,320,137,321
1511,324,130,328
1512,324,130,329
1513,324,130,330
1514,324,130,331
1515,324,130,332
1516,324,130,333
1517,324,130,334
1518,324,130,335
1519,324,130,336
1520,324,130,337
1521,324,130,338
1522,324,130,339
1523,324,130,340
1524,324,130,341
1525,324,130,342
1521,317,134,342
1524,317,133,342
1527,317,132,342
1530,317,131,342
1533,317,130,342
1536,317,129,342
1539,317,128,342
1542,317,127,342
1545,317,126,342
1548,317,125,342
1551,317,124,342
1554,317,123,342
1557,317,122,342
1560,317,121,342
1563,317,120,342
1567,322,114,347
1568,323,114,348
1569,324,114,349
1570,325,114,350
1571,326,114,351
1572,327,114,352
1573,328,114,353
1574,329,114,354
1575,330,114,355
1576,331,114,356
1577,332,114,357
1578,333,114,358
1579,334,114,359
1580,335,114,360
1581,336,114,361
1583,334,120,356
1584,334,121,356
1585,334,122,356
1586,334,123,356
1587,334,124,356
1588,334,125,356
1589,334,126,356
1590,334,127,356
1591,334,128,356
1592,334,129,356
1593,334,130,356
1594,334,131,356
1595,334,132,356
1596,334,133,356
1597,334,134,356
1591,338,139,362
1585,338,143,363
1579,338,147,364
1573,338,151,365
1567,338,155,366
1561,338,159,367
1555,338,163,368
1549,338,167,369
1543,338,171,370
1537,338,175,371
1531,338,179,372
1525,338,183,373
1519,338,187,374
1513,338,191,375
1507,338,195,376
1505,343,205,370
1505,342,200,369
1505,341,195,368
1505,340,190,367
1505,339,185,366
1505,338,180,365
1505,337,175,364
1505,336,170,363
1505,335,165,362
1505,334,160,361
1505,333,155,360
1505,332,150,359
1505,331,145,358
1505,330,140,357
1505,329,135,356
1501,334,124,361
1493,334,128,361
1485,334,132,361
1477,334,136,361
1469,334,140,361
1461,334,144,361
1453,334,148,361
1445,334,152,361
1437,334,156,361
1429,334,160,361
1421,334,164,361
1413,334,168,361
1405,334,172,361
1397,334,176,361
1389,334,180,361
1385,329,179,359
1381,328,176,360
1377,327,173,361
1373,326,170,362
1369,325,167,363
1365,324,164,364
1361,323,161,365
1357,322,158,366
1353,321,155,367
1349,320,152,368
1345,319,149,369
1341,318,146,370
1337,317,143,371
1333,316,140,372
1329,315,137,373
1329,317,140,370
1324,316,140,369
1319,315,140,368
1314,314,140,367
1309,313,140,366
1304,312,140,365
1299,311,140,364
1294,310,140,363
1289,309,140,362
1284,308,140,361
1279,307,140,360
1274,306,140,359
1269,305,140,358
1264,304,140,357
1259,303,140,356
1260,299,133,361
1252,299,136,361
1244,299,139,361
1236,299,142,361
1228,299,145,361
1220,299,148,361
1212,299,151,361
1204,299,154,361
1196,299,157,361
1188,299,160,361
1180,299,163,361
1172,299,166,361
1164,299,169,361
1156,299,172,361
1148,299,175,361
1141,301,171,356
1132,301,172,356
1123,301,173,356
1114,301,174,356
1105,301,175,356
1096,301,176,356
1087,301,177,356
1078,301,178,356
1069,301,179,356
1060,301,180,356
1051,301,181,356
1042,301,182,356
1033,301,183,356
1024,301,184,356
1015,301,185,356
1012,297,183,362
1009,297,180,364
1006,297,177,366
1003,297,174,368
1000,297,171,370
997,297,168,372
994,297,165,374
991,297,162,376
988,297,159,378
985,297,156,380
982,297,153,382
979,297,150,384
976,297,147,386
973,297,144,388
970,297,141,390
966,301,144,396
957,303,144,397
948,305,144,398
939,307,144,399
930,309,144,400
921,311,144,401
912,313,144,402
903,315,144,403
894,317,144,404
885,319,144,405
876,321,144,406
867,323,144,407
858,325,144,408
849,327,144,409
840,329,144,410
834,334,151,405
818,337,155,406
802,340,159,407
786,343,163,408
770,346,167,409
754,349,171,410
738,352,175,411
722,355,179,412
706,358,183,413
690,361,187,414
674,364,191,415
658,367,195,416
642,370,199,417
626,373,203,418
610,376,207,419
592,383,217,414
586,384,216,416
580,385,215,418
574,386,214,420
568,387,213,422
562,388,212,424
556,389,211,426
550,390,210,428
544,391,209,430
538,392,208,432
532,393,207,434
526,394,206,436
520,395,205,438
514,396,204,440
508,397,203,442
509,399,197,442
503,400,199,448
497,401,201,454
491,402,203,460
485,403,205,466
479,404,207,472
473,405,209,478
467,406,211,484
461,407,213,490
455,408,215,496
449,409,217,502
443,410,219,508
437,411,221,514
431,412,223,520
425,413,225,526
422,408,230,537
414,410,231,531
406,412,232,525
398,414,233,519
390,416,234,513
382,418,235,507
374,420,236,501
366,422,237,495
358,424,238,489
350,426,239,483
342,428,240,477
334,430,241,471
326,432,242,465
318,434,243,459
310,436,244,453
307,442,238,445
