1335,437,114,221
1335,437,114,221
1335,437,114,221
1335,437,114,221
1335,437,114,221
1335,437,114,221
1335,437,114,221
1335,437,114,221
1335,437,114,221
1335,437,114,221
1335,437,114,221
1335,437,114,221
1335,437,114,221
1335,437,114,221
1335,437,114,221
1333,437,114,217
1333,437,114,217
1333,437,114,217
1333,437,114,217
1333,437,114,217
1333,437,114,217
1333,437,114,217
1333,437,114,217
1333,437,114,217
1333,437,114,217
1333,437,114,217
1333,437,114,217
1333,437,114,217
1333,437,114,217
1333,437,114,217
1335,437,112,213
1335,437,112,213
1335,437,112,213
1335,437,112,213
1335,437,112,213
1335,437,112,213
1335,437,112,213
1335,437,112,213
1335,437,112,213
1335,437,112,213
1335,437,112,213
1335,437,112,213
1335,437,112,213
1335,437,112,213
1335,437,112,213
1333,439,108,211
1333,439,108,211
1333,439,108,211
1333,439,108,211
1333,439,108,211
1333,439,108,211
1333,439,108,211
1333,439,108,211
1333,439,108,211
1333,439,108,211
1333,439,108,211
1333,439,108,211
1333,439,108,211
1333,439,108,211
1333,439,108,211
1333,445,106,209
1333,444,106,210
1333,443,106,211
1333,442,106,212
1333,441,106,213
1333,440,106,214
1333,439,106,215
1333,438,106,216
1333,437,106,217
1333,436,106,218
1333,435,106,219
1333,434,106,220
1333,433,106,221
1333,432,106,222
1333,431,106,223
1337,435,106,219
1337,435,106,220
1337,435,106,221
1337,435,106,222
1337,435,106,223
1337,435,106,224
1337,435,106,225
1337,435,106,226
1337,435,106,227
1337,435,106,228
1337,435,106,229
1337,435,106,230
1337,435,106,231
1337,435,106,232
1337,435,106,233
1337,433,104,227
1337,433,104,226
1337,433,104,225
1337,433,104,224
1337,433,104,223
1337,433,104,222
1337,433,104,221
1337,433,104,220
1337,433,104,219
1337,433,104,218
1337,433,104,217
1337,433,104,216
1337,433,104,215
1337,433,104,214
1337,433,104,213
1335,437,106,215
1335,437,106,215
1335,437,106,215
1335,437,106,215
1335,437,106,215
1335,437,106,215
1335,437,106,215
1335,437,106,215
1335,437,106,215
1335,437,106,215
1335,437,106,215
1335,437,106,215
1335,437,106,215
1335,437,106,215
1335,437,106,215
1333,437,106,208
1333,437,106,209
1333,437,106,210
1333,437,106,211
1333,437,106,212
1333,437,106,213
1333,437,106,214
1333,437,106,215
1333,437,106,216
1333,437,106,217
1333,437,106,218
1333,437,106,219
1333,437,106,220
1333,437,106,221
1333,437,106,222
1335,433,108,225
1335,433,108,224
1335,433,108,223
1335,433,108,222
1335,433,108,221
1335,433,108,220
1335,433,108,219
1335,433,108,218
1335,433,108,217
1335,433,108,216
1335,433,108,215
1335,433,108,214
1335,433,108,213
1335,433,108,212
1335,433,108,211
1333,439,112,215
1333,439,112,215
1333,439,112,215
1333,439,112,215
1333,439,112,215
1333,439,112,215
1333,439,112,215
1333,439,112,215
1333,439,112,215
1333,439,112,215
1333,439,112,215
1333,439,112,215
1333,439,112,215
1333,439,112,215
1333,439,112,215
1335,437,110,219
1335,437,110,219
1335,437,110,219
1335,437,110,219
1335,437,110,219
1335,437,110,219
1335,437,110,219
1335,437,110,219
1335,437,110,219
1335,437,110,219
1335,437,110,219
1335,437,110,219
1335,437,110,219
1335,437,110,219
1335,437,110,219
1333,439,110,221
1333,439,110,221
1333,439,110,221
1333,439,110,221
1333,439,110,221
1333,439,110,221
1333,439,110,221
1333,439,110,221
1333,439,110,221
1333,439,110,221
1333,439,110,221
1333,439,110,221
1333,439,110,221
1333,439,110,221
1333,439,110,221
1337,443,104,217
1339,443,103,218
1341,443,102,219
1343,443,101,220
1345,443,100,221
1347,443,99,222
1349,443,98,223
1351,443,97,224
1353,443,96,225
1355,443,95,226
1357,443,94,227
1359,443,93,228
1361,443,92,229
1363,443,91,230
1365,443,90,231
1369,443,83,226
1370,443,83,226
1371,443,83,226
1372,443,83,226
1373,443,83,226
1374,443,83,226
1375,443,83,226
1376,443,83,226
1377,443,83,226
1378,443,83,226
1379,443,83,226
1380,443,83,226
1381,443,83,226
1382,443,83,226
1383,443,83,226
1390,439,83,232
1391,439,82,232
1392,439,81,232
1393,439,80,232
1394,439,79,232
1395,439,78,232
1396,439,77,232
1397,439,76,232
1398,439,75,232
1399,439,74,232
1400,439,73,232
1401,439,72,232
1402,439,71,232
1403,439,70,232
1404,439,69,232
1402,445,75,235
1403,445,75,235
1404,445,75,235
1405,445,75,235
1406,445,75,235
1407,445,75,235
1408,445,75,235
1409,445,75,235
1410,445,75,235
1411,445,75,235
1412,445,75,235
1413,445,75,235
1414,445,75,235
1415,445,75,235
1416,445,75,235
1419,450,75,236
1418,450,77,236
1417,450,79,236
1416,450,81,236
1415,450,83,236
1414,450,85,236
1413,450,87,236
1412,450,89,236
1411,450,91,236
1410,450,93,236
1409,450,95,236
1408,450,97,236
1407,450,99,236
1406,450,101,236
1405,450,103,236
1411,456,104,236
1409,456,104,236
1407,456,104,236
1405,456,104,236
1403,456,104,236
1401,456,104,236
1399,456,104,236
1397,456,104,236
1395,456,104,236
1393,456,104,236
1391,456,104,236
1389,456,104,236
1387,456,104,236
1385,456,104,236
1383,456,104,236
1383,463,98,232
1381,462,97,233
1379,461,96,234
1377,460,95,235
1375,459,94,236
1373,458,93,237
1371,457,92,238
1369,456,91,239
1367,455,90,240
1365,454,89,241
1363,453,88,242
1361,452,87,243
1359,451,86,244
1357,450,85,245
1355,449,84,246
1360,454,77,249
1356,454,78,248
1352,454,79,247
1348,454,80,246
1344,454,81,245
1340,454,82,244
1336,454,83,243
1332,454,84,242
1328,454,85,241
1324,454,86,240
1320,454,87,239
1316,454,88,238
1312,454,89,237
1308,454,90,236
1304,454,91,235
1297,456,98,239
1292,456,99,239
1287,456,100,239
1282,456,101,239
1277,456,102,239
1272,456,103,239
1267,456,104,239
1262,456,105,239
1257,456,106,239
1252,456,107,239
1247,456,108,239
1242,456,109,239
1237,456,110,239
1232,456,111,239
1227,456,112,239
1218,456,116,243
1216,456,113,243
1214,456,110,243
1212,456,107,243
1210,456,104,243
1208,456,101,243
1206,456,98,243
1204,456,95,243
1202,456,92,243
1200,456,89,243
1198,456,86,243
1196,456,83,243
1194,456,80,243
1192,456,77,243
1190,456,74,243
1192,450,75,249
1188,450,76,249
1184,450,77,249
1180,450,78,249
1176,450,79,249
1172,450,80,249
1168,450,81,249
1164,450,82,249
1160,450,83,249
1156,450,84,249
1152,450,85,249
1148,450,86,249
1144,450,87,249
1140,450,88,249
1136,450,89,249
1127,456,89,245
1122,456,90,245
1117,456,91,245
1112,456,92,245
1107,456,93,245
1102,456,94,245
1097,456,95,245
1092,456,96,245
1087,456,97,245
1082,456,98,245
1077,456,99,245
1072,456,100,245
1067,456,101,245
1062,456,102,245
1057,456,103,245
1054,463,110,249
1050,464,109,250
1046,465,108,251
1042,466,107,252
1038,467,106,253
1034,468,105,254
1030,469,104,255
1026,470,103,256
1022,471,102,257
1018,472,101,258
1014,473,100,259
1010,474,99,260
1006,475,98,261
1002,476,97,262
998,477,96,263
995,475,100,260
985,477,105,260
975,479,110,260
965,481,115,260
955,483,120,260
945,485,125,260
935,487,130,260
925,489,135,260
915,491,140,260
905,493,145,260
895,495,150,260
885,497,155,260
875,499,160,260
865,501,165,260
855,503,170,260
844,501,179,256
841,503,174,258
838,505,169,260
835,507,164,262
832,509,159,264
829,511,154,266
826,513,149,268
823,515,144,270
820,517,139,272
817,519,134,274
814,521,129,276
811,523,124,278
808,525,119,280
805,527,114,282
802,529,109,284
794,531,110,290
789,533,113,291
784,535,116,292
779,537,119,293
774,539,122,294
769,541,125,295
764,543,128,296
759,545,131,297
754,547,134,298
749,549,137,299
744,551,140,300
739,553,143,301
734,555,146,302
729,557,149,303
724,559,152,304
714,559,154,300
709,560,157,302
704,561,160,304
699,562,163,306
694,563,166,308
689,564,169,310
684,565,172,312
679,566,175,314
674,567,178,316
669,568,181,318
664,569,184,320
659,570,187,322
654,571,190,324
649,572,193,326
644,573,196,328
634,567,196,335
