1180,286,102,259
1180,286,102,259
1180,286,102,259
1180,286,102,259
1180,286,102,259
1180,286,102,259
1180,286,102,259
1180,286,102,259
1180,286,102,259
1180,286,102,259
1180,286,102,259
1180,286,102,259
1180,286,102,259
1180,286,102,259
1180,286,102,259
1187,291,95,255
1187,291,96,256
1187,291,97,257
1187,291,98,258
1187,291,99,259
1187,291,100,260
1187,291,101,261
1187,291,102,262
1187,291,103,263
1187,291,104,264
1187,291,105,265
1187,291,106,266
1187,291,107,267
1187,291,108,268
1187,291,109,269
1182,288,104,263
1182,288,103,263
1182,288,102,263
1182,288,101,263
1182,288,100,263
1182,288,99,263
1182,288,98,263
1182,288,97,263
1182,288,96,263
1182,288,95,263
1182,288,94,263
1182,288,93,263
1182,288,92,263
1182,288,91,263
1182,288,90,263
1189,293,90,260
1189,293,91,260
1189,293,92,260
1189,293,93,260
1189,293,94,260
1189,293,95,260
1189,293,96,260
1189,293,97,260
1189,293,98,260
1189,293,99,260
1189,293,100,260
1189,293,101,260
1189,293,102,260
1189,293,103,260
1189,293,104,260
1187,290,103,263
1187,290,103,263
1187,290,103,263
1187,290,103,263
1187,290,103,263
1187,290,103,263
1187,290,103,263
1187,290,103,263
1187,290,103,263
1187,290,103,263
1187,290,103,263
1187,290,103,263
1187,290,103,263
1187,290,103,263
1187,290,103,263
1185,284,99,262
1185,284,99,261
1185,284,99,260
1185,284,99,259
1185,284,99,258
1185,284,99,257
1185,284,99,256
1185,284,99,255
1185,284,99,254
1185,284,99,253
1185,284,99,252
1185,284,99,251
1185,284,99,250
1185,284,99,249
1185,284,99,248
1189,290,93,249
1189,290,93,250
1189,290,93,251
1189,290,93,252
1189,290,93,253
1189,290,93,254
1189,290,93,255
1189,290,93,256
1189,290,93,257
1189,290,93,258
1189,290,93,259
1189,290,93,260
1189,290,93,261
1189,290,93,262
1189,290,93,263
1187,288,95,265
1187,288,95,265
1187,288,95,265
1187,288,95,265
1187,288,95,265
1187,288,95,265
1187,288,95,265
1187,288,95,265
1187,288,95,265
1187,288,95,265
1187,288,95,265
1187,288,95,265
1187,288,95,265
1187,288,95,265
1187,288,95,265
1189,288,95,263
1189,288,95,263
1189,288,95,263
1189,288,95,263
1189,288,95,263
1189,288,95,263
1189,288,95,263
1189,288,95,263
1189,288,95,263
1189,288,95,263
1189,288,95,263
1189,288,95,263
1189,288,95,263
1189,288,95,263
1189,288,95,263
1192,288,92,262
1192,288,92,262
1192,288,92,262
1192,288,92,262
1192,288,92,262
1192,288,92,262
1192,288,92,262
1192,288,92,262
1192,288,92,262
1192,288,92,262
1192,288,92,262
1192,288,92,262
1192,288,92,262
1192,288,92,262
1192,288,92,262
1189,286,93,267
1188,286,94,267
1187,286,95,267
1186,286,96,267
1185,286,97,267
1184,286,98,267
1183,286,99,267
1182,286,100,267
1181,286,101,267
1180,286,102,267
1179,286,103,267
1178,286,104,267
1177,286,105,267
1176,286,106,267
1175,286,107,267
1180,290,101,261
1180,291,102,261
1180,292,103,261
1180,293,104,261
1180,294,105,261
1180,295,106,261
1180,296,107,261
1180,297,108,261
1180,298,109,261
1180,299,110,261
1180,300,111,261
1180,301,112,261
1180,302,113,261
1180,303,114,261
1180,304,115,261
1180,298,117,255
1180,297,117,256
1180,296,117,257
1180,295,117,258
1180,294,117,259
1180,293,117,260
1180,292,117,261
1180,291,117,262
1180,290,117,263
1180,289,117,264
1180,288,117,265
1180,287,117,266
1180,286,117,267
1180,285,117,268
1180,284,117,269
1174,288,117,265
1175,288,117,265
1176,288,117,265
1177,288,117,265
1178,288,117,265
1179,288,117,265
1180,288,117,265
1181,288,117,265
1182,288,117,265
1183,288,117,265
1184,288,117,265
1185,288,117,265
1186,288,117,265
1187,288,117,265
1188,288,117,265
1182,288,117,265
1181,288,118,268
1180,288,119,271
1179,288,120,274
1178,288,121,277
1177,288,122,280
1176,288,123,283
1175,288,124,286
1174,288,125,289
1173,288,126,292
1172,288,127,295
1171,288,128,298
1170,288,129,301
1169,288,130,304
1168,288,131,307
1165,288,128,308
1166,289,125,307
1167,290,122,306
1168,291,119,305
1169,292,116,304
1170,293,113,303
1171,294,110,302
1172,295,107,301
1173,296,104,300
1174,297,101,299
1175,298,98,298
1176,299,95,297
1177,300,92,296
1178,301,89,295
1179,302,86,294
1183,296,83,298
1178,296,86,298
1173,296,89,298
1168,296,92,298
1163,296,95,298
1158,296,98,298
1153,296,101,298
1148,296,104,298
1143,296,107,298
1138,296,110,298
1133,296,113,298
1128,296,116,298
1123,296,119,298
1118,296,122,298
1113,296,125,298
1109,303,135,295
1107,304,133,294
1105,305,131,293
1103,306,129,292
1101,307,127,291
1099,308,125,290
1097,309,123,289
1095,310,121,288
1093,311,119,287
1091,312,117,286
1089,313,115,285
1087,314,113,284
1085,315,111,283
1083,316,109,282
1081,317,107,281
1080,324,106,279
1074,326,108,282
1068,328,110,285
1062,330,112,288
1056,332,114,291
1050,334,116,294
1044,336,118,297
1038,338,120,300
1032,340,122,303
1026,342,124,306
1020,344,126,309
1014,346,128,312
1008,348,130,315
1002,350,132,318
996,352,134,321
989,356,141,324
985,358,143,327
981,360,145,330
977,362,147,333
973,364,149,336
969,366,151,339
965,368,153,342
961,370,155,345
957,372,157,348
953,374,159,351
949,376,161,354
945,378,163,357
941,380,165,360
937,382,167,363
933,384,169,366
935,387,171,372
935,390,174,375
935,393,177,378
935,396,180,381
935,399,183,384
935,402,186,387
935,405,189,390
935,408,192,393
935,411,195,396
935,414,198,399
935,417,201,402
935,420,204,405
935,423,207,408
935,426,210,411
935,429,213,414
935,430,220,410
940,433,215,415
945,436,210,420
950,439,205,425
955,442,200,430
960,445,195,435
965,448,190,440
970,451,185,445
975,454,180,450
980,457,175,455
985,460,170,460
990,463,165,465
995,466,160,470
1000,469,155,475
1005,472,150,480
1015,470,148,480
1017,470,151,481
1019,470,154,482
1021,470,157,483
1023,470,160,484
1025,470,163,485
1027,470,166,486
1029,470,169,487
1031,470,172,488
1033,470,175,489
1035,470,178,490
1037,470,181,491
1039,470,184,492
1041,470,187,493
1043,470,190,494
1051,466,188,490
1050,466,187,488
1049,466,186,486
1048,466,185,484
1047,466,184,482
1046,466,183,480
1045,466,182,478
1044,466,181,476
1043,466,180,474
1042,466,179,472
1041,466,178,470
1040,466,177,468
1039,466,176,466
1038,466,175,464
1037,466,174,462
1040,465,168,461
1040,465,168,459
1040,465,168,457
1040,465,168,455
1040,465,168,453
1040,465,168,451
1040,465,168,449
1040,465,168,447
1040,465,168,445
1040,465,168,443
1040,465,168,441
1040,465,168,439
1040,465,168,437
1040,465,168,435
1040,465,168,433
1037,470,162,435
1038,468,164,431
1039,466,166,427
1040,464,168,423
1041,462,170,419
1042,460,172,415
1043,458,174,411
1044,456,176,407
1045,454,178,403
1046,452,180,399
1047,450,182,395
1048,448,184,391
1049,446,186,387
1050,444,188,383
1051,442,190,379
1046,444,187,375
1048,442,185,373
1050,440,183,371
1052,438,181,369
1054,436,179,367
1056,434,177,365
1058,432,175,363
1060,430,173,361
1062,428,171,359
1064,426,169,357
1066,424,167,355
1068,422,165,353
1070,420,163,351
1072,418,161,349
1074,416,159,347
1080,417,162,352
1080,416,161,352
1080,415,160,352
1080,414,159,352
1080,413,158,352
1080,412,157,352
1080,411,156,352
1080,410,155,352
1080,409,154,352
1080,408,153,352
1080,407,152,352
1080,406,151,352
1080,405,150,352
1080,404,149,352
1080,403,148,352
1075,405,144,358
1067,405,151,354
1059,405,158,350
1051,405,165,346
1043,405,172,342
1035,405,179,338
1027,405,186,334
1019,405,193,330
1011,405,200,326
1003,405,207,322
995,405,214,318
987,405,221,314
979,405,228,310
971,405,235,306
963,405,242,302
950,406,249,296
936,404,242,296
922,402,235,296
908,400,228,296
894,398,221,296
880,396,214,296
866,394,207,296
852,392,200,296
838,390,193,296
824,388,186,296
810,386,179,296
796,384,172,296
782,382,165,296
768,380,158,296
754,378,151,296
743,382,150,296
