1023,232,122,315
1023,232,122,315
1023,232,122,315
1023,232,122,315
1023,232,122,315
1023,232,122,315
1023,232,122,315
1023,232,122,315
1023,232,122,315
1023,232,122,315
1023,232,122,315
1023,232,122,315
1023,232,122,315
1023,232,122,315
1023,232,122,315
1027,230,116,317
1027,230,116,317
1027,230,116,317
1027,230,116,317
1027,230,116,317
1027,230,116,317
1027,230,116,317
1027,230,116,317
1027,230,116,317
1027,230,116,317
1027,230,116,317
1027,230,116,317
1027,230,116,317
1027,230,116,317
1027,230,116,317
1029,228,113,320
1029,228,113,320
1029,228,113,320
1029,228,113,320
1029,228,113,320
1029,228,113,320
1029,228,113,320
1029,228,113,320
1029,228,113,320
1029,228,113,320
1029,228,113,320
1029,228,113,320
1029,228,113,320
1029,228,113,320
1029,228,113,320
1027,232,115,316
1027,232,114,316
1027,232,113,316
1027,232,112,316
1027,232,111,316
1027,232,110,316
1027,232,109,316
1027,232,108,316
1027,232,107,316
1027,232,106,316
1027,232,105,316
1027,232,104,316
1027,232,103,316
1027,232,102,316
1027,232,101,316
1029,236,107,320
1029,236,108,319
1029,236,109,318
1029,236,110,317
1029,236,111,316
1029,236,112,315
1029,236,113,314
1029,236,114,313
1029,236,115,312
1029,236,116,311
1029,236,117,310
1029,236,118,309
1029,236,119,308
1029,236,120,307
1029,236,121,306
1027,238,115,307
1027,238,114,308
1027,238,113,309
1027,238,112,310
1027,238,111,311
1027,238,110,312
1027,238,109,313
1027,238,108,314
1027,238,107,315
1027,238,106,316
1027,238,105,317
1027,238,104,318
1027,238,103,319
1027,238,102,320
1027,238,101,321
1033,232,105,318
1033,232,105,318
1033,232,105,318
1033,232,105,318
1033,232,105,318
1033,232,105,318
1033,232,105,318
1033,232,105,318
1033,232,105,318
1033,232,105,318
1033,232,105,318
1033,232,105,318
1033,232,105,318
1033,232,105,318
1033,232,105,318
1029,238,107,312
1029,238,107,312
1029,238,107,312
1029,238,107,312
1029,238,107,312
1029,238,107,312
1029,238,107,312
1029,238,107,312
1029,238,107,312
1029,238,107,312
1029,238,107,312
1029,238,107,312
1029,238,107,312
1029,238,107,312
1029,238,107,312
1029,234,109,313
1029,234,109,313
1029,234,109,313
1029,234,109,313
1029,234,109,313
1029,234,109,313
1029,234,109,313
1029,234,109,313
1029,234,109,313
1029,234,109,313
1029,234,109,313
1029,234,109,313
1029,234,109,313
1029,234,109,313
1029,234,109,313
1027,232,113,318
1027,232,113,317
1027,232,113,316
1027,232,113,315
1027,232,113,314
1027,232,113,313
1027,232,113,312
1027,232,113,311
1027,232,113,310
1027,232,113,309
1027,232,113,308
1027,232,113,307
1027,232,113,306
1027,232,113,305
1027,232,113,304
1031,238,109,303
1031,238,109,304
1031,238,109,305
1031,238,109,306
1031,238,109,307
1031,238,109,308
1031,238,109,309
1031,238,109,310
1031,238,109,311
1031,238,109,312
1031,238,109,313
1031,238,109,314
1031,238,109,315
1031,238,109,316
1031,238,109,317
1031,232,107,320
1030,233,108,319
1029,234,109,318
1028,235,110,317
1027,236,111,316
1026,237,112,315
1025,238,113,314
1024,239,114,313
1023,240,115,312
1022,241,116,311
1021,242,117,310
1020,243,118,309
1019,244,119,308
1018,245,120,307
1017,246,121,306
1021,248,115,312
1021,248,116,312
1021,248,117,312
1021,248,118,312
1021,248,119,312
1021,248,120,312
1021,248,121,312
1021,248,122,312
1021,248,123,312
1021,248,124,312
1021,248,125,312
1021,248,126,312
1021,248,127,312
1021,248,128,312
1021,248,129,312
1017,248,128,306
1017,248,129,307
1017,248,130,308
1017,248,131,309
1017,248,132,310
1017,248,133,311
1017,248,134,312
1017,248,135,313
1017,248,136,314
1017,248,137,315
1017,248,138,316
1017,248,139,317
1017,248,140,318
1017,248,141,319
1017,248,142,320
1011,242,144,314
1012,240,143,317
1013,238,142,320
1014,236,141,323
1015,234,140,326
1016,232,139,329
1017,230,138,332
1018,228,137,335
1019,226,136,338
1020,224,135,341
1021,222,134,344
1022,220,133,347
1023,218,132,350
1024,216,131,353
1025,214,130,356
1019,218,128,358
1018,220,130,359
1017,222,132,360
1016,224,134,361
1015,226,136,362
1014,228,138,363
1013,230,140,364
1012,232,142,365
1011,234,144,366
1010,236,146,367
1009,238,148,368
1008,240,150,369
1007,242,152,370
1006,244,154,371
1005,246,156,372
1002,244,153,370
1002,244,150,370
1002,244,147,370
1002,244,144,370
1002,244,141,370
1002,244,138,370
1002,244,135,370
1002,244,132,370
1002,244,129,370
1002,244,126,370
1002,244,123,370
1002,244,120,370
1002,244,117,370
1002,244,114,370
1002,244,111,370
1002,240,106,377
997,241,109,375
992,242,112,373
987,243,115,371
982,244,118,369
977,245,121,367
972,246,124,365
967,247,127,363
962,248,130,361
957,249,133,359
952,250,136,357
947,251,139,355
942,252,142,353
937,253,145,351
932,254,148,349
927,258,148,346
923,260,147,349
919,262,146,352
915,264,145,355
911,266,144,358
907,268,143,361
903,270,142,364
899,272,141,367
895,274,140,370
891,276,139,373
887,278,138,376
883,280,137,379
879,282,136,382
875,284,135,385
871,286,134,388
861,283,132,388
853,286,136,390
845,289,140,392
837,292,144,394
829,295,148,396
821,298,152,398
813,301,156,400
805,304,160,402
797,307,164,404
789,310,168,406
781,313,172,408
773,316,176,410
765,319,180,412
757,322,184,414
749,325,188,416
743,323,197,421
743,326,199,428
743,329,201,435
743,332,203,442
743,335,205,449
743,338,207,456
743,341,209,463
743,344,211,470
743,347,213,477
743,350,215,484
743,353,217,491
743,356,219,498
743,359,221,505
743,362,223,512
743,365,225,519
743,368,222,520
745,373,226,520
747,378,230,520
749,383,234,520
751,388,238,520
753,393,242,520
755,398,246,520
757,403,250,520
759,408,254,520
761,413,258,520
763,418,262,520
765,423,266,520
767,428,270,520
769,433,274,520
771,438,278,520
769,439,288,517
777,441,282,515
785,443,276,513
793,445,270,511
801,447,264,509
809,449,258,507
817,451,252,505
825,453,246,503
833,455,240,501
841,457,234,499
849,459,228,497
857,461,222,495
865,463,216,493
873,465,210,491
881,467,204,489
888,475,191,481
890,474,194,482
892,473,197,483
894,472,200,484
896,471,203,485
898,470,206,486
900,469,209,487
902,468,212,488
904,467,215,489
906,466,218,490
908,465,221,491
910,464,224,492
912,463,227,493
914,462,230,494
916,461,233,495
912,463,239,493
909,464,238,492
906,465,237,491
903,466,236,490
900,467,235,489
897,468,234,488
894,469,233,487
891,470,232,486
888,471,231,485
885,472,230,484
882,473,229,483
879,474,228,482
876,475,227,481
873,476,226,480
870,477,225,479
870,473,227,483
870,471,229,485
870,469,231,487
870,467,233,489
870,465,235,491
870,463,237,493
870,461,239,495
870,459,241,497
870,457,243,499
870,455,245,501
870,453,247,503
870,451,249,505
870,449,251,507
870,447,253,509
870,445,255,511
868,449,256,507
871,447,253,502
874,445,250,497
877,443,247,492
880,441,244,487
883,439,241,482
886,437,238,477
889,435,235,472
892,433,232,467
895,431,229,462
898,429,226,457
901,427,223,452
904,425,220,447
907,423,217,442
910,421,214,437
910,415,212,425
912,413,211,423
914,411,210,421
916,409,209,419
918,407,208,417
920,405,207,415
922,403,206,413
924,401,205,411
926,399,204,409
928,397,203,407
930,395,202,405
932,393,201,403
934,391,200,401
936,389,199,399
938,387,198,397
939,392,191,395
935,390,196,396
931,388,201,397
927,386,206,398
923,384,211,399
919,382,216,400
915,380,221,401
911,378,226,402
907,376,231,403
903,374,236,404
899,372,241,405
895,370,246,406
891,368,251,407
887,366,256,408
883,364,261,409
872,360,262,417
858,359,258,415
844,358,254,413
830,357,250,411
816,356,246,409
802,355,242,407
788,354,238,405
774,353,234,403
760,352,230,401
746,351,226,399
732,350,222,397
718,349,218,395
704,348,214,393
690,347,210,391
676,346,206,389
665,344,199,380
