1053,276,82,229
1053,276,82,229
1053,276,82,229
1053,276,82,229
1053,276,82,229
1053,276,82,229
1053,276,82,229
1053,276,82,229
1053,276,82,229
1053,276,82,229
1053,276,82,229
1053,276,82,229
1053,276,82,229
1053,276,82,229
1053,276,82,229
1049,280,83,223
1049,280,83,223
1049,280,83,223
1049,280,83,223
1049,280,83,223
1049,280,83,223
1049,280,83,223
1049,280,83,223
1049,280,83,223
1049,280,83,223
1049,280,83,223
1049,280,83,223
1049,280,83,223
1049,280,83,223
1049,280,83,223
1047,276,88,229
1047,276,87,229
1047,276,86,229
1047,276,85,229
1047,276,84,229
1047,276,83,229
1047,276,82,229
1047,276,81,229
1047,276,80,229
1047,276,79,229
1047,276,78,229
1047,276,77,229
1047,276,76,229
1047,276,75,229
1047,276,74,229
1053,280,79,228
1053,280,79,228
1053,280,79,228
1053,280,79,228
1053,280,79,228
1053,280,79,228
1053,280,79,228
1053,280,79,228
1053,280,79,228
1053,280,79,228
1053,280,79,228
1053,280,79,228
1053,280,79,228
1053,280,79,228
1053,280,79,228
1051,280,79,225
1051,280,79,225
1051,280,79,225
1051,280,79,225
1051,280,79,225
1051,280,79,225
1051,280,79,225
1051,280,79,225
1051,280,79,225
1051,280,79,225
1051,280,79,225
1051,280,79,225
1051,280,79,225
1051,280,79,225
1051,280,79,225
1053,281,84,224
1053,281,84,224
1053,281,84,224
1053,281,84,224
1053,281,84,224
1053,281,84,224
1053,281,84,224
1053,281,84,224
1053,281,84,224
1053,281,84,224
1053,281,84,224
1053,281,84,224
1053,281,84,224
1053,281,84,224
1053,281,84,224
1055,280,78,228
1055,280,78,228
1055,280,78,228
1055,280,78,228
1055,280,78,228
1055,280,78,228
1055,280,78,228
1055,280,78,228
1055,280,78,228
1055,280,78,228
1055,280,78,228
1055,280,78,228
1055,280,78,228
1055,280,78,228
1055,280,78,228
1051,278,79,230
1051,278,79,230
1051,278,79,230
1051,278,79,230
1051,278,79,230
1051,278,79,230
1051,278,79,230
1051,278,79,230
1051,278,79,230
1051,278,79,230
1051,278,79,230
1051,278,79,230
1051,278,79,230
1051,278,79,230
1051,278,79,230
1051,274,81,233
1051,274,81,233
1051,274,81,233
1051,274,81,233
1051,274,81,233
1051,274,81,233
1051,274,81,233
1051,274,81,233
1051,274,81,233
1051,274,81,233
1051,274,81,233
1051,274,81,233
1051,274,81,233
1051,274,81,233
1051,274,81,233
1055,280,78,230
1054,281,79,230
1053,282,80,230
1052,283,81,230
1051,284,82,230
1050,285,83,230
1049,286,84,230
1048,287,85,230
1047,288,86,230
1046,289,87,230
1045,290,88,230
1044,291,89,230
1043,292,90,230
1042,293,91,230
1041,294,92,230
1042,288,100,226
1042,288,100,226
1042,288,100,226
1042,288,100,226
1042,288,100,226
1042,288,100,226
1042,288,100,226
1042,288,100,226
1042,288,100,226
1042,288,100,226
1042,288,100,226
1042,288,100,226
1042,288,100,226
1042,288,100,226
1042,288,100,226
1040,285,101,229
1040,284,101,233
1040,283,101,237
1040,282,101,241
1040,281,101,245
1040,280,101,249
1040,279,101,253
1040,278,101,257
1040,277,101,261
1040,276,101,265
1040,275,101,269
1040,274,101,273
1040,273,101,277
1040,272,101,281
1040,271,101,285
1036,267,105,282
1037,268,103,281
1038,269,101,280
1039,270,99,279
1040,271,97,278
1041,272,95,277
1042,273,93,276
1043,274,91,275
1044,275,89,274
1045,276,87,273
1046,277,85,272
1047,278,83,271
1048,279,81,270
1049,280,79,269
1050,281,77,268
1053,283,75,271
1049,284,77,271
1045,285,79,271
1041,286,81,271
1037,287,83,271
1033,288,85,271
1029,289,87,271
1025,290,89,271
1021,291,91,271
1017,292,93,271
1013,293,95,271
1009,294,97,271
1005,295,99,271
1001,296,101,271
997,297,103,271
997,295,106,271
991,297,106,272
985,299,106,273
979,301,106,274
973,303,106,275
967,305,106,276
961,307,106,277
955,309,106,278
949,311,106,279
943,313,106,280
937,315,106,281
931,317,106,282
925,319,106,283
919,321,106,284
913,323,106,285
910,327,109,288
906,329,111,292
902,331,113,296
898,333,115,300
894,335,117,304
890,337,119,308
886,339,121,312
882,341,123,316
878,343,125,320
874,345,127,324
870,347,129,328
866,349,131,332
862,351,133,336
858,353,135,340
854,355,137,344
846,358,146,343
846,361,150,345
846,364,154,347
846,367,158,349
846,370,162,351
846,373,166,353
846,376,170,355
846,379,174,357
846,382,178,359
846,385,182,361
846,388,186,363
846,391,190,365
846,394,194,367
846,397,198,369
846,400,202,371
845,407,207,378
853,409,206,383
861,411,205,388
869,413,204,393
877,415,203,398
885,417,202,403
893,419,201,408
901,421,200,413
909,423,199,418
917,425,198,423
925,427,197,428
933,429,196,433
941,431,195,438
949,433,194,443
957,435,193,448
959,437,194,451
960,437,190,451
961,437,186,451
962,437,182,451
963,437,178,451
964,437,174,451
965,437,170,451
966,437,166,451
967,437,162,451
968,437,158,451
969,437,154,451
970,437,150,451
971,437,146,451
972,437,142,451
973,437,138,451
975,430,140,444
973,430,140,441
971,430,140,438
969,430,140,435
967,430,140,432
965,430,140,429
963,430,140,426
961,430,140,423
959,430,140,420
957,430,140,417
955,430,140,414
953,430,140,411
951,430,140,408
949,430,140,405
947,430,140,402
948,435,140,402
948,433,141,398
948,431,142,394
948,429,143,390
948,427,144,386
948,425,145,382
948,423,146,378
948,421,147,374
948,419,148,370
948,417,149,366
948,415,150,362
948,413,151,358
948,411,152,354
948,409,153,350
948,407,154,346
955,409,157,336
957,407,155,333
959,405,153,330
961,403,151,327
963,401,149,324
965,399,147,321
967,397,145,318
969,395,143,315
971,393,141,312
973,391,139,309
975,389,137,306
977,387,135,303
979,385,133,300
981,383,131,297
983,381,129,294
986,385,127,284
979,385,134,283
972,385,141,282
965,385,148,281
958,385,155,280
951,385,162,279
944,385,169,278
937,385,176,277
930,385,183,276
923,385,190,275
916,385,197,274
909,385,204,273
902,385,211,272
895,385,218,271
888,385,225,270
874,388,230,269
