1507,293,113,264
1507,293,113,264
1507,293,113,264
1507,293,113,264
1507,293,113,264
1507,293,113,264
1507,293,113,264
1507,293,113,264
1507,293,113,264
1507,293,113,264
1507,293,113,264
1507,293,113,264
1507,293,113,264
1507,293,113,264
1507,293,113,264
1503,293,109,266
1502,293,112,267
1501,293,115,268
1500,293,118,269
1499,293,121,270
1498,293,124,271
1497,293,127,272
1496,293,130,273
1495,293,133,274
1494,293,136,275
1493,293,139,276
1492,293,142,277
1491,293,145,278
1490,293,148,279
1489,293,151,280
1488,287,147,275
1489,287,145,275
1490,287,143,275
1491,287,141,275
1492,287,139,275
1493,287,137,275
1494,287,135,275
1495,287,133,275
1496,287,131,275
1497,287,129,275
1498,287,127,275
1499,287,125,275
1500,287,123,275
1501,287,121,275
1502,287,119,275
1507,289,124,268
1507,289,124,268
1507,289,124,268
1507,289,124,268
1507,289,124,268
1507,289,124,268
1507,289,124,268
1507,289,124,268
1507,289,124,268
1507,289,124,268
1507,289,124,268
1507,289,124,268
1507,289,124,268
1507,289,124,268
1507,289,124,268
1507,291,128,266
1506,291,129,266
1505,291,130,266
1504,291,131,266
1503,291,132,266
1502,291,133,266
1501,291,134,266
1500,291,135,266
1499,291,136,266
1498,291,137,266
1497,291,138,266
1496,291,139,266
1495,291,140,266
1494,291,141,266
1493,291,142,266
1497,289,138,266
1497,289,137,266
1497,289,136,266
1497,289,135,266
1497,289,134,266
1497,289,133,266
1497,289,132,266
1497,289,131,266
1497,289,130,266
1497,289,129,266
1497,289,128,266
1497,289,127,266
1497,289,126,266
1497,289,125,266
1497,289,124,266
1499,293,128,264
1499,293,128,264
1499,293,128,264
1499,293,128,264
1499,293,128,264
1499,293,128,264
1499,293,128,264
1499,293,128,264
1499,293,128,264
1499,293,128,264
1499,293,128,264
1499,293,128,264
1499,293,128,264
1499,293,128,264
1499,293,128,264
1501,294,130,260
1501,294,130,260
1501,294,130,260
1501,294,130,260
1501,294,130,260
1501,294,130,260
1501,294,130,260
1501,294,130,260
1501,294,130,260
1501,294,130,260
1501,294,130,260
1501,294,130,260
1501,294,130,260
1501,294,130,260
1501,294,130,260
1505,296,124,266
1505,296,125,265
1505,296,126,264
1505,296,127,263
1505,296,128,262
1505,296,129,261
1505,296,130,260
1505,296,131,259
1505,296,132,258
1505,296,133,257
1505,296,134,256
1505,296,135,255
1505,296,136,254
1505,296,137,253
1505,296,138,252
1499,303,134,252
1499,302,133,253
1499,301,132,254
1499,300,131,255
1499,299,130,256
1499,298,129,257
1499,297,128,258
1499,296,127,259
1499,295,126,260
1499,294,125,261
1499,293,124,262
1499,292,123,263
1499,291,122,264
1499,290,121,265
1499,289,120,266
1501,294,121,263
1501,294,122,263
1501,294,123,263
1501,294,124,263
1501,294,125,263
1501,294,126,263
1501,294,127,263
1501,294,128,263
1501,294,129,263
1501,294,130,263
1501,294,131,263
1501,294,132,263
1501,294,133,263
1501,294,134,263
1501,294,135,263
1499,296,134,263
1499,296,133,263
1499,296,132,263
1499,296,131,263
1499,296,130,263
1499,296,129,263
1499,296,128,263
1499,296,127,263
1499,296,126,263
1499,296,125,263
1499,296,124,263
1499,296,123,263
1499,296,122,263
1499,296,121,263
1499,296,120,263
1501,293,123,266
1501,293,123,266
1501,293,123,266
1501,293,123,266
1501,293,123,266
1501,293,123,266
1501,293,123,266
1501,293,123,266
1501,293,123,266
1501,293,123,266
1501,293,123,266
1501,293,123,266
1501,293,123,266
1501,293,123,266
1501,293,123,266
1505,296,119,261
1505,296,119,261
1505,296,119,261
1505,296,119,261
1505,296,119,261
1505,296,119,261
1505,296,119,261
1505,296,119,261
1505,296,119,261
1505,296,119,261
1505,296,119,261
1505,296,119,261
1505,296,119,261
1505,296,119,261
1505,296,119,261
1503,293,124,266
1503,293,124,266
1503,293,124,266
1503,293,124,266
1503,293,124,266
1503,293,124,266
1503,293,124,266
1503,293,124,266
1503,293,124,266
1503,293,124,266
1503,293,124,266
1503,293,124,266
1503,293,124,266
1503,293,124,266
1503,293,124,266
1509,298,122,261
1509,298,121,261
1509,298,120,261
1509,298,119,261
1509,298,118,261
1509,298,117,261
1509,298,116,261
1509,298,115,261
1509,298,114,261
1509,298,113,261
1509,298,112,261
1509,298,111,261
1509,298,110,261
1509,298,109,261
1509,298,108,261
1503,303,111,256
1504,303,110,256
1505,303,109,256
1506,303,108,256
1507,303,107,256
1508,303,106,256
1509,303,105,256
1510,303,104,256
1511,303,103,256
1512,303,102,256
1513,303,101,256
1514,303,100,256
1515,303,99,256
1516,303,98,256
1517,303,97,256
1514,305,94,249
1514,304,95,252
1514,303,96,255
1514,302,97,258
1514,301,98,261
1514,300,99,264
1514,299,100,267
1514,298,101,270
1514,297,102,273
1514,296,103,276
1514,295,104,279
1514,294,105,282
1514,293,106,285
1514,292,107,288
1514,291,108,291
1516,287,104,300
1516,287,104,300
1516,287,104,300
1516,287,104,300
1516,287,104,300
1516,287,104,300
1516,287,104,300
1516,287,104,300
1516,287,104,300
1516,287,104,300
1516,287,104,300
1516,287,104,300
1516,287,104,300
1516,287,104,300
1516,287,104,300
1511,286,107,304
1512,286,108,304
1513,286,109,304
1514,286,110,304
1515,286,111,304
1516,286,112,304
1517,286,113,304
1518,286,114,304
1519,286,115,304
1520,286,116,304
1521,286,117,304
1522,286,118,304
1523,286,119,304
1524,286,120,304
1525,286,121,304
1533,286,117,308
1532,287,116,307
1531,288,115,306
1530,289,114,305
1529,290,113,304
1528,291,112,303
1527,292,111,302
1526,293,110,301
1525,294,109,300
1524,295,108,299
1523,296,107,298
1522,297,106,297
1521,298,105,296
1520,299,104,295
1519,300,103,294
1514,301,106,300
1515,301,105,301
1516,301,104,302
1517,301,103,303
1518,301,102,304
1519,301,101,305
1520,301,100,306
1521,301,99,307
1522,301,98,308
1523,301,97,309
1524,301,96,310
1525,301,95,311
1526,301,94,312
1527,301,93,313
1528,301,92,314
1530,305,94,308
1530,305,94,307
1530,305,94,306
1530,305,94,305
1530,305,94,304
1530,305,94,303
1530,305,94,302
1530,305,94,301
1530,305,94,300
1530,305,94,299
1530,305,94,298
1530,305,94,297
1530,305,94,296
1530,305,94,295
1530,305,94,294
1530,305,99,297
1529,305,99,298
1528,305,99,299
1527,305,99,300
1526,305,99,301
1525,305,99,302
1524,305,99,303
1523,305,99,304
1522,305,99,305
1521,305,99,306
1520,305,99,307
1519,305,99,308
1518,305,99,309
1517,305,99,310
1516,305,99,311
1518,308,92,305
1516,309,93,306
1514,310,94,307
1512,311,95,308
1510,312,96,309
1508,313,97,310
1506,314,98,311
1504,315,99,312
1502,316,100,313
1500,317,101,314
1498,318,102,315
1496,319,103,316
1494,320,104,317
1492,321,105,318
1490,322,106,319
1494,327,103,315
1495,330,103,317
1496,333,103,319
1497,336,103,321
1498,339,103,323
1499,342,103,325
1500,345,103,327
1501,348,103,329
1502,351,103,331
1503,354,103,333
1504,357,103,335
1505,360,103,337
1506,363,103,339
1507,366,103,341
1508,369,103,343
1514,369,104,350
1509,372,108,349
1504,375,112,348
1499,378,116,347
1494,381,120,346
1489,384,124,345
1484,387,128,344
1479,390,132,343
1474,393,136,342
1469,396,140,341
1464,399,144,340
1459,402,148,339
1454,405,152,338
1449,408,156,337
1444,411,160,336
1444,411,161,341
1438,413,164,344
1432,415,167,347
1426,417,170,350
1420,419,173,353
1414,421,176,356
1408,423,179,359
1402,425,182,362
1396,427,185,365
1390,429,188,368
1384,431,191,371
1378,433,194,374
1372,435,197,377
1366,437,200,380
1360,439,203,383
1355,436,206,381
1343,437,209,383
1331,438,212,385
1319,439,215,387
1307,440,218,389
1295,441,221,391
1283,442,224,393
1271,443,227,395
1259,444,230,397
1247,445,233,399
1235,446,236,401
1223,447,239,403
1211,448,242,405
1199,449,245,407
1187,450,248,409
1179,448,257,411
1166,451,259,413
1153,454,261,415
1140,457,263,417
1127,460,265,419
1114,463,267,421
1101,466,269,423
1088,469,271,425
1075,472,273,427
1062,475,275,429
1049,478,277,431
1036,481,279,433
1023,484,281,435
1010,487,283,437
997,490,285,439
991,491,293,445
