1333,433,75,199
1332,432,75,198
1331,431,75,197
1330,430,75,196
1329,429,75,195
1328,428,75,194
1327,427,75,193
1326,426,75,192
1325,425,75,191
1324,424,75,190
1323,423,75,189
1322,422,75,188
1321,421,75,187
1320,420,75,186
1319,419,75,185
1323,421,78,182
1323,421,78,184
1323,421,78,186
1323,421,78,188
1323,421,78,190
1323,421,78,192
1323,421,78,194
1323,421,78,196
1323,421,78,198
1323,421,78,200
1323,421,78,202
1323,421,78,204
1323,421,78,206
1323,421,78,208
1323,421,78,210
1328,423,80,212
1329,423,80,212
1330,423,80,212
1331,423,80,212
1332,423,80,212
1333,423,80,212
1334,423,80,212
1335,423,80,212
1336,423,80,212
1337,423,80,212
1338,423,80,212
1339,423,80,212
1340,423,80,212
1341,423,80,212
1342,423,80,212
1336,426,74,206
1336,426,74,205
1336,426,74,204
1336,426,74,203
1336,426,74,202
1336,426,74,201
1336,426,74,200
1336,426,74,199
1336,426,74,198
1336,426,74,197
1336,426,74,196
1336,426,74,195
1336,426,74,194
1336,426,74,193
1336,426,74,192
1333,420,72,192
1333,420,73,193
1333,420,74,194
1333,420,75,195
1333,420,76,196
1333,420,77,197
1333,420,78,198
1333,420,79,199
1333,420,80,200
1333,420,81,201
1333,420,82,202
1333,420,83,203
1333,420,84,204
1333,420,85,205
1333,420,86,206
1326,424,87,211
1326,424,86,211
1326,424,85,211
1326,424,84,211
1326,424,83,211
1326,424,82,211
1326,424,81,211
1326,424,80,211
1326,424,79,211
1326,424,78,211
1326,424,77,211
1326,424,76,211
1326,424,75,211
1326,424,74,211
1326,424,73,211
1331,427,70,209
1331,427,70,209
1331,427,70,209
1331,427,70,209
1331,427,70,209
1331,427,70,209
1331,427,70,209
1331,427,70,209
1331,427,70,209
1331,427,70,209
1331,427,70,209
1331,427,70,209
1331,427,70,209
1331,427,70,209
1331,427,70,209
1328,433,75,203
1328,433,75,203
1328,433,75,203
1328,433,75,203
1328,433,75,203
1328,433,75,203
1328,433,75,203
1328,433,75,203
1328,433,75,203
1328,433,75,203
1328,433,75,203
1328,433,75,203
1328,433,75,203
1328,433,75,203
1328,433,75,203
1330,429,78,209
1330,429,78,209
1330,429,78,209
1330,429,78,209
1330,429,78,209
1330,429,78,209
1330,429,78,209
1330,429,78,209
1330,429,78,209
1330,429,78,209
1330,429,78,209
1330,429,78,209
1330,429,78,209
1330,429,78,209
1330,429,78,209
1324,430,79,203
1324,430,79,203
1324,430,79,203
1324,430,79,203
1324,430,79,203
1324,430,79,203
1324,430,79,203
1324,430,79,203
1324,430,79,203
1324,430,79,203
1324,430,79,203
1324,430,79,203
1324,430,79,203
1324,430,79,203
1324,430,79,203
1326,433,80,202
1326,433,81,201
1326,433,82,200
1326,433,83,199
1326,433,84,198
1326,433,85,197
1326,433,86,196
1326,433,87,195
1326,433,88,194
1326,433,89,193
1326,433,90,192
1326,433,91,191
1326,433,92,190
1326,433,93,189
1326,433,94,188
1323,439,90,194
1323,439,90,194
1323,439,90,194
1323,439,90,194
1323,439,90,194
1323,439,90,194
1323,439,90,194
1323,439,90,194
1323,439,90,194
1323,439,90,194
1323,439,90,194
1323,439,90,194
1323,439,90,194
1323,439,90,194
1323,439,90,194
1328,435,84,200
1328,435,84,200
1328,435,84,200
1328,435,84,200
1328,435,84,200
1328,435,84,200
1328,435,84,200
1328,435,84,200
1328,435,84,200
1328,435,84,200
1328,435,84,200
1328,435,84,200
1328,435,84,200
1328,435,84,200
1328,435,84,200
1324,436,88,200
1324,436,88,200
1324,436,88,200
1324,436,88,200
1324,436,88,200
1324,436,88,200
1324,436,88,200
1324,436,88,200
1324,436,88,200
1324,436,88,200
1324,436,88,200
1324,436,88,200
1324,436,88,200
1324,436,88,200
1324,436,88,200
1323,429,92,207
1323,429,91,207
1323,429,90,207
1323,429,89,207
1323,429,88,207
1323,429,87,207
1323,429,86,207
1323,429,85,207
1323,429,84,207
1323,429,83,207
1323,429,82,207
1323,429,81,207
1323,429,80,207
1323,429,79,207
1323,429,78,207
1328,432,80,206
1328,432,80,206
1328,432,80,206
1328,432,80,206
1328,432,80,206
1328,432,80,206
1328,432,80,206
1328,432,80,206
1328,432,80,206
1328,432,80,206
1328,432,80,206
1328,432,80,206
1328,432,80,206
1328,432,80,206
1328,432,80,206
1324,427,82,208
1324,427,81,207
1324,427,80,206
1324,427,79,205
1324,427,78,204
1324,427,77,203
1324,427,76,202
1324,427,75,201
1324,427,74,200
1324,427,73,199
1324,427,72,198
1324,427,71,197
1324,427,70,196
1324,427,69,195
1324,427,68,194
1330,433,73,200
1330,433,74,203
1330,433,75,206
1330,433,76,209
1330,433,77,212
1330,433,78,215
1330,433,79,218
1330,433,80,221
1330,433,81,224
1330,433,82,227
1330,433,83,230
1330,433,84,233
1330,433,85,236
1330,433,86,239
1330,433,87,242
1331,430,91,241
1332,430,90,240
1333,430,89,239
1334,430,88,238
1335,430,87,237
1336,430,86,236
1337,430,85,235
1338,430,84,234
1339,430,83,233
1340,430,82,232
1341,430,81,231
1342,430,80,230
1343,430,79,229
1344,430,78,228
1345,430,77,227
1342,432,73,233
1343,433,74,233
1344,434,75,233
1345,435,76,233
1346,436,77,233
1347,437,78,233
1348,438,79,233
1349,439,80,233
1350,440,81,233
1351,441,82,233
1352,442,83,233
1353,443,84,233
1354,444,85,233
1355,445,86,233
1356,446,87,233
1352,446,85,230
1352,445,84,232
1352,444,83,234
1352,443,82,236
1352,442,81,238
1352,441,80,240
1352,440,79,242
1352,439,78,244
1352,438,77,246
1352,437,76,248
1352,436,75,250
1352,435,74,252
1352,434,73,254
1352,433,72,256
1352,432,71,258
1355,426,69,266
1355,426,69,265
1355,426,69,264
1355,426,69,263
1355,426,69,262
1355,426,69,261
1355,426,69,260
1355,426,69,259
1355,426,69,258
1355,426,69,257
1355,426,69,256
1355,426,69,255
1355,426,69,254
1355,426,69,253
1355,426,69,252
1352,427,65,253
1351,427,67,253
1350,427,69,253
1349,427,71,253
1348,427,73,253
1347,427,75,253
1346,427,77,253
1345,427,79,253
1344,427,81,253
1343,427,83,253
1342,427,85,253
1341,427,87,253
1340,427,89,253
1339,427,91,253
1338,427,93,253
1338,424,89,253
1338,424,88,253
1338,424,87,253
1338,424,86,253
1338,424,85,253
1338,424,84,253
1338,424,83,253
1338,424,82,253
1338,424,81,253
1338,424,80,253
1338,424,79,253
1338,424,78,253
1338,424,77,253
1338,424,76,253
1338,424,75,253
1338,429,74,255
1337,431,74,255
1336,433,74,255
1335,435,74,255
1334,437,74,255
1333,439,74,255
1332,441,74,255
1331,443,74,255
1330,445,74,255
1329,447,74,255
1328,449,74,255
1327,451,74,255
1326,453,74,255
1325,455,74,255
1324,457,74,255
1328,462,80,250
1329,464,80,252
1330,466,80,254
1331,468,80,256
1332,470,80,258
1333,472,80,260
1334,474,80,262
1335,476,80,264
1336,478,80,266
1337,480,80,268
1338,482,80,270
1339,484,80,272
1340,486,80,274
1341,488,80,276
1342,490,80,278
1349,494,82,273
1347,497,85,273
1345,500,88,273
1343,503,91,273
1341,506,94,273
1339,509,97,273
1337,512,100,273
1335,515,103,273
1333,518,106,273
1331,521,109,273
1329,524,112,273
1327,527,115,273
1325,530,118,273
1323,533,121,273
1321,536,124,273
1323,532,120,280
1319,532,121,282
1315,532,122,284
1311,532,123,286
1307,532,124,288
1303,532,125,290
1299,532,126,292
1295,532,127,294
1291,532,128,296
1287,532,129,298
1283,532,130,300
1279,532,131,302
1275,532,132,304
1271,532,133,306
1267,532,134,308
1264,529,132,314
1254,532,136,316
1244,535,140,318
1234,538,144,320
1224,541,148,322
1214,544,152,324
1204,547,156,326
1194,550,160,328
1184,553,164,330
1174,556,168,332
1164,559,172,334
1154,562,176,336
1144,565,180,338
1134,568,184,340
1124,571,188,342
1121,570,189,341
1110,572,194,340
1099,574,199,339
1088,576,204,338
1077,578,209,337
1066,580,214,336
1055,582,219,335
1044,584,224,334
1033,586,229,333
1022,588,234,332
1011,590,239,331
1000,592,244,330
989,594,249,329
978,596,254,328
967,598,259,327
960,602,265,331
