1414,268,156,308
1415,268,157,307
1416,268,158,306
1417,268,159,305
1418,268,160,304
1419,268,161,303
1420,268,162,302
1421,268,163,301
1422,268,164,300
1423,268,165,299
1424,268,166,298
1425,268,167,297
1426,268,168,296
1427,268,169,295
1428,268,170,294
1422,271,164,299
1422,271,163,300
1422,271,162,301
1422,271,161,302
1422,271,160,303
1422,271,159,304
1422,271,158,305
1422,271,157,306
1422,271,156,307
1422,271,155,308
1422,271,154,309
1422,271,153,310
1422,271,152,311
1422,271,151,312
1422,271,150,313
1423,269,145,309
1423,269,146,309
1423,269,147,309
1423,269,148,309
1423,269,149,309
1423,269,150,309
1423,269,151,309
1423,269,152,309
1423,269,153,309
1423,269,154,309
1423,269,155,309
1423,269,156,309
1423,269,157,309
1423,269,158,309
1423,269,159,309
1422,269,154,313
1422,269,154,313
1422,269,154,313
1422,269,154,313
1422,269,154,313
1422,269,154,313
1422,269,154,313
1422,269,154,313
1422,269,154,313
1422,269,154,313
1422,269,154,313
1422,269,154,313
1422,269,154,313
1422,269,154,313
1422,269,154,313
1423,266,147,308
1423,266,147,308
1423,266,147,308
1423,266,147,308
1423,266,147,308
1423,266,147,308
1423,266,147,308
1423,266,147,308
1423,266,147,308
1423,266,147,308
1423,266,147,308
1423,266,147,308
1423,266,147,308
1423,266,147,308
1423,266,147,308
1420,271,150,307
1420,271,150,307
1420,271,150,307
1420,271,150,307
1420,271,150,307
1420,271,150,307
1420,271,150,307
1420,271,150,307
1420,271,150,307
1420,271,150,307
1420,271,150,307
1420,271,150,307
1420,271,150,307
1420,271,150,307
1420,271,150,307
1422,271,150,309
1422,271,150,309
1422,271,150,309
1422,271,150,309
1422,271,150,309
1422,271,150,309
1422,271,150,309
1422,271,150,309
1422,271,150,309
1422,271,150,309
1422,271,150,309
1422,271,150,309
1422,271,150,309
1422,271,150,309
1422,271,150,309
1416,269,152,311
1416,269,153,311
1416,269,154,311
1416,269,155,311
1416,269,156,311
1416,269,157,311
1416,269,158,311
1416,269,159,311
1416,269,160,311
1416,269,161,311
1416,269,162,311
1416,269,163,311
1416,269,164,311
1416,269,165,311
1416,269,166,311
1414,269,162,307
1415,269,161,307
1416,269,160,307
1417,269,159,307
1418,269,158,307
1419,269,157,307
1420,269,156,307
1421,269,155,307
1422,269,154,307
1423,269,153,307
1424,269,152,307
1425,269,151,307
1426,269,150,307
1427,269,149,307
1428,269,148,307
1422,269,154,313
1422,269,154,313
1422,269,154,313
1422,269,154,313
1422,269,154,313
1422,269,154,313
1422,269,154,313
1422,269,154,313
1422,269,154,313
1422,269,154,313
1422,269,154,313
1422,269,154,313
1422,269,154,313
1422,269,154,313
1422,269,154,313
1416,273,158,309
1416,273,158,309
1416,273,158,309
1416,273,158,309
1416,273,158,309
1416,273,158,309
1416,273,158,309
1416,273,158,309
1416,273,158,309
1416,273,158,309
1416,273,158,309
1416,273,158,309
1416,273,158,309
1416,273,158,309
1416,273,158,309
1418,268,154,312
1418,268,153,312
1418,268,152,312
1418,268,151,312
1418,268,150,312
1418,268,149,312
1418,268,148,312
1418,268,147,312
1418,268,146,312
1418,268,145,312
1418,268,144,312
1418,268,143,312
1418,268,142,312
1418,268,141,312
1418,268,140,312
1422,269,144,314
1421,269,145,314
1420,269,146,314
1419,269,147,314
1418,269,148,314
1417,269,149,314
1416,269,150,314
1415,269,151,314
1414,269,152,314
1413,269,153,314
1412,269,154,314
1411,269,155,314
1410,269,156,314
1409,269,157,314
1408,269,158,314
1414,271,162,307
1415,271,161,307
1416,271,160,307
1417,271,159,307
1418,271,158,307
1419,271,157,307
1420,271,156,307
1421,271,155,307
1422,271,154,307
1423,271,153,307
1424,271,152,307
1425,271,151,307
1426,271,150,307
1427,271,149,307
1428,271,148,307
1423,269,153,307
1423,270,152,306
1423,271,151,305
1423,272,150,304
1423,273,149,303
1423,274,148,302
1423,275,147,301
1423,276,146,300
1423,277,145,299
1423,278,144,298
1423,279,143,297
1423,280,142,296
1423,281,141,295
1423,282,140,294
1423,283,139,293
1420,277,145,297
1420,277,144,297
1420,277,143,297
1420,277,142,297
1420,277,141,297
1420,277,140,297
1420,277,139,297
1420,277,138,297
1420,277,137,297
1420,277,136,297
1420,277,135,297
1420,277,134,297
1420,277,133,297
1420,277,132,297
1420,277,131,297
1427,271,126,299
1427,270,126,303
1427,269,126,307
1427,268,126,311
1427,267,126,315
1427,266,126,319
1427,265,126,323
1427,264,126,327
1427,263,126,331
1427,262,126,335
1427,261,126,339
1427,260,126,343
1427,259,126,347
1427,258,126,351
1427,257,126,355
1431,254,130,363
1431,254,132,364
1431,254,134,365
1431,254,136,366
1431,254,138,367
1431,254,140,368
1431,254,142,369
1431,254,144,370
1431,254,146,371
1431,254,148,372
1431,254,150,373
1431,254,152,374
1431,254,154,375
1431,254,156,376
1431,254,158,377
1435,260,155,376
1437,261,154,375
1439,262,153,374
1441,263,152,373
1443,264,151,372
1445,265,150,371
1447,266,149,370
1449,267,148,369
1451,268,147,368
1453,269,146,367
1455,270,145,366
1457,271,144,365
1459,272,143,364
1461,273,142,363
1463,274,141,362
1470,269,141,365
1467,270,142,365
1464,271,143,365
1461,272,144,365
1458,273,145,365
1455,274,146,365
1452,275,147,365
1449,276,148,365
1446,277,149,365
1443,278,150,365
1440,279,151,365
1437,280,152,365
1434,281,153,365
1431,282,154,365
1428,283,155,365
1427,279,151,372
1429,279,148,372
1431,279,145,372
1433,279,142,372
1435,279,139,372
1437,279,136,372
1439,279,133,372
1441,279,130,372
1443,279,127,372
1445,279,124,372
1447,279,121,372
1449,279,118,372
1451,279,115,372
1453,279,112,372
1455,279,109,372
1457,281,113,372
1456,281,115,370
1455,281,117,368
1454,281,119,366
1453,281,121,364
1452,281,123,362
1451,281,125,360
1450,281,127,358
1449,281,129,356
1448,281,131,354
1447,281,133,352
1446,281,135,350
1445,281,137,348
1444,281,139,346
1443,281,141,344
1441,284,149,344
1441,284,147,345
1441,284,145,346
1441,284,143,347
1441,284,141,348
1441,284,139,349
1441,284,137,350
1441,284,135,351
1441,284,133,352
1441,284,131,353
1441,284,129,354
1441,284,127,355
1441,284,125,356
1441,284,123,357
1441,284,121,358
1439,283,112,357
1438,285,113,359
1437,287,114,361
1436,289,115,363
1435,291,116,365
1434,293,117,367
1433,295,118,369
1432,297,119,371
1431,299,120,373
1430,301,121,375
1429,303,122,377
1428,305,123,379
1427,307,124,381
1426,309,125,383
1425,311,126,385
1423,309,126,387
1424,312,127,390
1425,315,128,393
1426,318,129,396
1427,321,130,399
1428,324,131,402
1429,327,132,405
1430,330,133,408
1431,333,134,411
1432,336,135,414
1433,339,136,417
1434,342,137,420
1435,345,138,423
1436,348,139,426
1437,351,140,429
1441,359,137,429
1437,362,140,432
1433,365,143,435
1429,368,146,438
1425,371,149,441
1421,374,152,444
1417,377,155,447
1413,380,158,450
1409,383,161,453
1405,386,164,456
1401,389,167,459
1397,392,170,462
1393,395,173,465
1389,398,176,468
1385,401,179,471
1386,406,188,474
1377,407,193,478
1368,408,198,482
1359,409,203,486
1350,410,208,490
1341,411,213,494
1332,412,218,498
1323,413,223,502
1314,414,228,506
1305,415,233,510
1296,416,238,514
1287,417,243,518
1278,418,248,522
1269,419,253,526
1260,420,258,530
1258,425,260,531
1246,426,260,530
1234,427,260,529
1222,428,260,528
1210,429,260,527
1198,430,260,526
1186,431,260,525
1174,432,260,524
1162,433,260,523
1150,434,260,522
1138,435,260,521
1126,436,260,520
1114,437,260,519
1102,438,260,518
1090,439,260,517
1079,442,260,514
1064,447,264,509
1049,452,268,504
1034,457,272,499
1019,462,276,494
1004,467,280,489
989,472,284,484
974,477,288,479
959,482,292,474
944,487,296,469
929,492,300,464
914,497,304,459
899,502,308,454
884,507,312,449
869,512,316,444
852,513,316,443
830,514,316,442
808,515,316,441
786,516,316,440
764,517,316,439
742,518,316,438
720,519,316,437
698,520,316,436
676,521,316,435
654,522,316,434
632,523,316,433
610,524,316,432
588,525,316,431
566,526,316,430
544,527,316,429
515,530,310,426
