400,429,101,197
400,429,101,197
400,429,101,197
400,429,101,197
400,429,101,197
400,429,101,197
400,429,101,197
400,429,101,197
400,429,101,197
400,429,101,197
400,429,101,197
400,429,101,197
400,429,101,197
400,429,101,197
400,429,101,197
396,431,107,195
396,431,108,195
396,431,109,195
396,431,110,195
396,431,111,195
396,431,112,195
396,431,113,195
396,431,114,195
396,431,115,195
396,431,116,195
396,431,117,195
396,431,118,195
396,431,119,195
396,431,120,195
396,431,121,195
398,426,115,197
398,426,114,198
398,426,113,199
398,426,112,200
398,426,111,201
398,426,110,202
398,426,109,203
398,426,108,204
398,426,107,205
398,426,106,206
398,426,105,207
398,426,104,208
398,426,103,209
398,426,102,210
398,426,101,211
400,422,107,206
400,422,107,206
400,422,107,206
400,422,107,206
400,422,107,206
400,422,107,206
400,422,107,206
400,422,107,206
400,422,107,206
400,422,107,206
400,422,107,206
400,422,107,206
400,422,107,206
400,422,107,206
400,422,107,206
404,428,101,202
403,428,102,201
402,428,103,200
401,428,104,199
400,428,105,198
399,428,106,197
398,428,107,196
397,428,108,195
396,428,109,194
395,428,110,193
394,428,111,192
393,428,112,191
392,428,113,190
391,428,114,189
390,428,115,188
396,431,111,194
396,431,111,194
396,431,111,194
396,431,111,194
396,431,111,194
396,431,111,194
396,431,111,194
396,431,111,194
396,431,111,194
396,431,111,194
396,431,111,194
396,431,111,194
396,431,111,194
396,431,111,194
396,431,111,194
402,435,107,195
402,435,107,195
402,435,107,195
402,435,107,195
402,435,107,195
402,435,107,195
402,435,107,195
402,435,107,195
402,435,107,195
402,435,107,195
402,435,107,195
402,435,107,195
402,435,107,195
402,435,107,195
402,435,107,195
404,435,107,195
404,435,108,195
404,435,109,195
404,435,110,195
404,435,111,195
404,435,112,195
404,435,113,195
404,435,114,195
404,435,115,195
404,435,116,195
404,435,117,195
404,435,118,195
404,435,119,195
404,435,120,195
404,435,121,195
404,433,122,192
404,433,122,192
404,433,122,192
404,433,122,192
404,433,122,192
404,433,122,192
404,433,122,192
404,433,122,192
404,433,122,192
404,433,122,192
404,433,122,192
404,433,122,192
404,433,122,192
404,433,122,192
404,433,122,192
406,431,116,195
406,431,116,196
406,431,116,197
406,431,116,198
406,431,116,199
406,431,116,200
406,431,116,201
406,431,116,202
406,431,116,203
406,431,116,204
406,431,116,205
406,431,116,206
406,431,116,207
406,431,116,208
406,431,116,209
406,431,109,204
406,431,110,204
406,431,111,204
406,431,112,204
406,431,113,204
406,431,114,204
406,431,115,204
406,431,116,204
406,431,117,204
406,431,118,204
406,431,119,204
406,431,120,204
406,431,121,204
406,431,122,204
406,431,123,204
407,429,119,199
407,429,118,199
407,429,117,199
407,429,116,199
407,429,115,199
407,429,114,199
407,429,113,199
407,429,112,199
407,429,111,199
407,429,110,199
407,429,109,199
407,429,108,199
407,429,107,199
407,429,106,199
407,429,105,199
407,429,111,196
407,429,111,196
407,429,111,196
407,429,111,196
407,429,111,196
407,429,111,196
407,429,111,196
407,429,111,196
407,429,111,196
407,429,111,196
407,429,111,196
407,429,111,196
407,429,111,196
407,429,111,196
407,429,111,196
407,429,113,199
408,429,113,199
409,429,113,199
410,429,113,199
411,429,113,199
412,429,113,199
413,429,113,199
414,429,113,199
415,429,113,199
416,429,113,199
417,429,113,199
418,429,113,199
419,429,113,199
420,429,113,199
421,429,113,199
415,433,109,195
414,433,110,195
413,433,111,195
412,433,112,195
411,433,113,195
410,433,114,195
409,433,115,195
408,433,116,195
407,433,117,195
406,433,118,195
405,433,119,195
404,433,120,195
403,433,121,195
402,433,122,195
401,433,123,195
400,433,122,193
400,433,121,193
400,433,120,193
400,433,119,193
400,433,118,193
400,433,117,193
400,433,116,193
400,433,115,193
400,433,114,193
400,433,113,193
400,433,112,193
400,433,111,193
400,433,110,193
400,433,109,193
400,433,108,193
406,426,114,197
406,426,114,197
406,426,114,197
406,426,114,197
406,426,114,197
406,426,114,197
406,426,114,197
406,426,114,197
406,426,114,197
406,426,114,197
406,426,114,197
406,426,114,197
406,426,114,197
406,426,114,197
406,426,114,197
404,433,116,197
404,433,116,197
404,433,116,197
404,433,116,197
404,433,116,197
404,433,116,197
404,433,116,197
404,433,116,197
404,433,116,197
404,433,116,197
404,433,116,197
404,433,116,197
404,433,116,197
404,433,116,197
404,433,116,197
404,429,114,194
404,429,114,194
404,429,114,194
404,429,114,194
404,429,114,194
404,429,114,194
404,429,114,194
404,429,114,194
404,429,114,194
404,429,114,194
404,429,114,194
404,429,114,194
404,429,114,194
404,429,114,194
404,429,114,194
402,433,118,193
402,433,118,193
402,433,118,193
402,433,118,193
402,433,118,193
402,433,118,193
402,433,118,193
402,433,118,193
402,433,118,193
402,433,118,193
402,433,118,193
402,433,118,193
402,433,118,193
402,433,118,193
402,433,118,193
407,426,121,190
407,426,121,191
407,426,121,192
407,426,121,193
407,426,121,194
407,426,121,195
407,426,121,196
407,426,121,197
407,426,121,198
407,426,121,199
407,426,121,200
407,426,121,201
407,426,121,202
407,426,121,203
407,426,121,204
407,426,115,202
406,426,115,202
405,426,115,202
404,426,115,202
403,426,115,202
402,426,115,202
401,426,115,202
400,426,115,202
399,426,115,202
398,426,115,202
397,426,115,202
396,426,115,202
395,426,115,202
394,426,115,202
393,426,115,202
396,429,109,203
396,429,109,202
396,429,109,201
396,429,109,200
396,429,109,199
396,429,109,198
396,429,109,197
396,429,109,196
396,429,109,195
396,429,109,194
396,429,109,193
396,429,109,192
396,429,109,191
396,429,109,190
396,429,109,189
402,435,116,191
401,435,116,195
400,435,116,199
399,435,116,203
398,435,116,207
397,435,116,211
396,435,116,215
395,435,116,219
394,435,116,223
393,435,116,227
392,435,116,231
391,435,116,235
390,435,116,239
389,435,116,243
388,435,116,247
388,431,111,244
386,430,111,246
384,429,111,248
382,428,111,250
380,427,111,252
378,426,111,254
376,425,111,256
374,424,111,258
372,423,111,260
370,422,111,262
368,421,111,264
366,420,111,266
364,419,111,268
362,418,111,270
360,417,111,272
362,416,113,271
361,418,114,272
360,420,115,273
359,422,116,274
358,424,117,275
357,426,118,276
356,428,119,277
355,430,120,278
354,432,121,279
353,434,122,280
352,436,123,281
351,438,124,282
350,440,125,283
349,442,126,284
348,444,127,285
354,447,121,284
354,448,121,287
354,449,121,290
354,450,121,293
354,451,121,296
354,452,121,299
354,453,121,302
354,454,121,305
354,455,121,308
354,456,121,311
354,457,121,314
354,458,121,317
354,459,121,320
354,460,121,323
354,461,121,326
350,460,123,328
347,463,128,327
344,466,133,326
341,469,138,325
338,472,143,324
335,475,148,323
332,478,153,322
329,481,158,321
326,484,163,320
323,487,168,319
320,490,173,318
317,493,178,317
314,496,183,316
311,499,188,315
308,502,193,314
299,508,195,314
299,510,195,313
299,512,195,312
299,514,195,311
299,516,195,310
299,518,195,309
299,520,195,308
299,522,195,307
299,524,195,306
299,526,195,305
299,528,195,304
299,530,195,303
299,532,195,302
299,534,195,301
299,536,195,300
301,538,189,303
303,538,189,304
305,538,189,305
307,538,189,306
309,538,189,307
311,538,189,308
313,538,189,309
315,538,189,310
317,538,189,311
319,538,189,312
321,538,189,313
323,538,189,314
325,538,189,315
327,538,189,316
329,538,189,317
326,531,187,324
