430,325,91,237
430,325,91,237
430,325,91,237
430,325,91,237
430,325,91,237
430,325,91,237
430,325,91,237
430,325,91,237
430,325,91,237
430,325,91,237
430,325,91,237
430,325,91,237
430,325,91,237
430,325,91,237
430,325,91,237
427,322,98,243
428,322,98,242
429,322,98,241
430,322,98,240
431,322,98,239
432,322,98,238
433,322,98,237
434,322,98,236
435,322,98,235
436,322,98,234
437,322,98,233
438,322,98,232
439,322,98,231
440,322,98,230
441,322,98,229
436,325,91,235
436,325,92,236
436,325,93,237
436,325,94,238
436,325,95,239
436,325,96,240
436,325,97,241
436,325,98,242
436,325,99,243
436,325,100,244
436,325,101,245
436,325,102,246
436,325,103,247
436,325,104,248
436,325,105,249
436,325,100,244
435,325,100,244
434,325,100,244
433,325,100,244
432,325,100,244
431,325,100,244
430,325,100,244
429,325,100,244
428,325,100,244
427,325,100,244
426,325,100,244
425,325,100,244
424,325,100,244
423,325,100,244
422,325,100,244
425,325,100,242
425,325,101,242
425,325,102,242
425,325,103,242
425,325,104,242
425,325,105,242
425,325,106,242
425,325,107,242
425,325,108,242
425,325,109,242
425,325,110,242
425,325,111,242
425,325,112,242
425,325,113,242
425,325,114,242
419,320,113,247
419,320,113,247
419,320,113,247
419,320,113,247
419,320,113,247
419,320,113,247
419,320,113,247
419,320,113,247
419,320,113,247
419,320,113,247
419,320,113,247
419,320,113,247
419,320,113,247
419,320,113,247
419,320,113,247
421,327,106,240
421,327,106,240
421,327,106,240
421,327,106,240
421,327,106,240
421,327,106,240
421,327,106,240
421,327,106,240
421,327,106,240
421,327,106,240
421,327,106,240
421,327,106,240
421,327,106,240
421,327,106,240
421,327,106,240
425,329,102,236
425,329,103,236
425,329,104,236
425,329,105,236
425,329,106,236
425,329,107,236
425,329,108,236
425,329,109,236
425,329,110,236
425,329,111,236
425,329,112,236
425,329,113,236
425,329,114,236
425,329,115,236
425,329,116,236
423,331,111,229
423,331,110,230
423,331,109,231
423,331,108,232
423,331,107,233
423,331,106,234
423,331,105,235
423,331,104,236
423,331,103,237
423,331,102,238
423,331,101,239
423,331,100,240
423,331,99,241
423,331,98,242
423,331,97,243
423,325,102,242
423,325,102,242
423,325,102,242
423,325,102,242
423,325,102,242
423,325,102,242
423,325,102,242
423,325,102,242
423,325,102,242
423,325,102,242
423,325,102,242
423,325,102,242
423,325,102,242
423,325,102,242
423,325,102,242
430,322,95,245
430,322,95,244
430,322,95,243
430,322,95,242
430,322,95,241
430,322,95,240
430,322,95,239
430,322,95,238
430,322,95,237
430,322,95,236
430,322,95,235
430,322,95,234
430,322,95,233
430,322,95,232
430,322,95,231
434,322,95,236
434,322,95,237
434,322,95,238
434,322,95,239
434,322,95,240
434,322,95,241
434,322,95,242
434,322,95,243
434,322,95,244
434,322,95,245
434,322,95,246
434,322,95,247
434,322,95,248
434,322,95,249
434,322,95,250
434,325,95,250
434,325,95,249
434,325,95,248
434,325,95,247
434,325,95,246
434,325,95,245
434,325,95,244
434,325,95,243
434,325,95,242
434,325,95,241
434,325,95,240
434,325,95,239
434,325,95,238
434,325,95,237
434,325,95,236
436,320,96,240
435,320,96,239
434,320,96,238
433,320,96,237
432,320,96,236
431,320,96,235
430,320,96,234
429,320,96,233
428,320,96,232
427,320,96,231
426,320,96,230
425,320,96,229
424,320,96,228
423,320,96,227
422,320,96,226
425,325,102,222
425,325,102,223
425,325,102,224
425,325,102,225
425,325,102,226
425,325,102,227
425,325,102,228
425,325,102,229
425,325,102,230
425,325,102,231
425,325,102,232
425,325,102,233
425,325,102,234
425,325,102,235
425,325,102,236
427,327,102,231
427,327,102,231
427,327,102,231
427,327,102,231
427,327,102,231
427,327,102,231
427,327,102,231
427,327,102,231
427,327,102,231
427,327,102,231
427,327,102,231
427,327,102,231
427,327,102,231
427,327,102,231
427,327,102,231
432,329,102,231
432,329,102,232
432,329,102,233
432,329,102,234
432,329,102,235
432,329,102,236
432,329,102,237
432,329,102,238
432,329,102,239
432,329,102,240
432,329,102,241
432,329,102,242
432,329,102,243
432,329,102,244
432,329,102,245
427,327,105,246
427,327,105,245
427,327,105,244
427,327,105,243
427,327,105,242
427,327,105,241
427,327,105,240
427,327,105,239
427,327,105,238
427,327,105,237
427,327,105,236
427,327,105,235
427,327,105,234
427,327,105,233
427,327,105,232
432,322,100,234
432,321,100,236
432,320,100,238
432,319,100,240
432,318,100,242
432,317,100,244
432,316,100,246
432,315,100,248
432,314,100,250
432,313,100,252
432,312,100,254
432,311,100,256
432,310,100,258
432,309,100,260
432,308,100,262
434,307,100,260
434,308,99,258
434,309,98,256
434,310,97,254
434,311,96,252
434,312,95,250
434,313,94,248
434,314,93,246
434,315,92,244
434,316,91,242
434,317,90,240
434,318,89,238
434,319,88,236
434,320,87,234
434,321,86,232
441,320,86,236
439,320,88,234
437,320,90,232
435,320,92,230
433,320,94,228
431,320,96,226
429,320,98,224
427,320,100,222
425,320,102,220
423,320,104,218
421,320,106,216
419,320,108,214
417,320,110,212
415,320,112,210
413,320,114,208
408,320,113,212
409,321,112,213
410,322,111,214
411,323,110,215
412,324,109,216
413,325,108,217
414,326,107,218
415,327,106,219
416,328,105,220
417,329,104,221
418,330,103,222
419,331,102,223
420,332,101,224
421,333,100,225
422,334,99,226
430,342,91,229
429,343,92,228
428,344,93,227
427,345,94,226
426,346,95,225
425,347,96,224
424,348,97,223
423,349,98,222
422,350,99,221
421,351,100,220
420,352,101,219
419,353,102,218
418,354,103,217
417,355,104,216
416,356,105,215
408,353,106,218
407,354,106,218
406,355,106,218
405,356,106,218
404,357,106,218
403,358,106,218
402,359,106,218
401,360,106,218
400,361,106,218
399,362,106,218
398,363,106,218
397,364,106,218
396,365,106,218
395,366,106,218
394,367,106,218
388,370,113,225
388,371,113,225
388,372,113,225
388,373,113,225
388,374,113,225
388,375,113,225
388,376,113,225
388,377,113,225
388,378,113,225
388,379,113,225
388,380,113,225
388,381,113,225
388,382,113,225
388,383,113,225
388,384,113,225
381,383,109,225
381,385,111,230
381,387,113,235
381,389,115,240
381,391,117,245
381,393,119,250
381,395,121,255
381,397,123,260
381,399,125,265
381,401,127,270
381,403,129,275
381,405,131,280
381,407,133,285
381,409,135,290
381,411,137,295
377,417,137,294
372,417,139,297
367,417,141,300
362,417,143,303
357,417,145,306
352,417,147,309
347,417,149,312
342,417,151,315
337,417,153,318
332,417,155,321
327,417,157,324
322,417,159,327
317,417,161,330
312,417,163,333
307,417,165,336
302,411,161,332
301,411,165,336
300,411,169,340
299,411,173,344
298,411,177,348
297,411,181,352
296,411,185,356
295,411,189,360
294,411,193,364
293,411,197,368
292,411,201,372
291,411,205,376
290,411,209,380
289,411,213,384
288,411,217,388
291,417,216,389
295,417,218,392
299,417,220,395
303,417,222,398
307,417,224,401
311,417,226,404
315,417,228,407
319,417,230,410
323,417,232,413
327,417,234,416
331,417,236,419
335,417,238,422
339,417,240,425
343,417,242,428
347,417,244,431
351,424,246,438
358,426,248,437
365,428,250,436
372,430,252,435
379,432,254,434
386,434,256,433
393,436,258,432
400,438,260,431
407,440,262,430
414,442,264,429
421,444,266,428
428,446,268,427
435,448,270,426
442,450,272,425
449,452,274,424
456,454,275,419
