72,206,110,285
72,206,109,285
72,206,108,285
72,206,107,285
72,206,106,285
72,206,105,285
72,206,104,285
72,206,103,285
72,206,102,285
72,206,101,285
72,206,100,285
72,206,99,285
72,206,98,285
72,206,97,285
72,206,96,285
76,208,98,285
76,208,98,285
76,208,98,285
76,208,98,285
76,208,98,285
76,208,98,285
76,208,98,285
76,208,98,285
76,208,98,285
76,208,98,285
76,208,98,285
76,208,98,285
76,208,98,285
76,208,98,285
76,208,98,285
74,208,100,285
74,208,101,286
74,208,102,287
74,208,103,288
74,208,104,289
74,208,105,290
74,208,106,291
74,208,107,292
74,208,108,293
74,208,109,294
74,208,110,295
74,208,111,296
74,208,112,297
74,208,113,298
74,208,114,299
67,204,111,295
68,204,110,295
69,204,109,295
70,204,108,295
71,204,107,295
72,204,106,295
73,204,105,295
74,204,104,295
75,204,103,295
76,204,102,295
77,204,101,295
78,204,100,295
79,204,99,295
80,204,98,295
81,204,97,295
82,202,98,295
81,202,99,295
80,202,100,295
79,202,101,295
78,202,102,295
77,202,103,295
76,202,104,295
75,202,105,295
74,202,106,295
73,202,107,295
72,202,108,295
71,202,109,295
70,202,110,295
69,202,111,295
68,202,112,295
72,202,108,291
72,202,108,291
72,202,108,291
72,202,108,291
72,202,108,291
72,202,108,291
72,202,108,291
72,202,108,291
72,202,108,291
72,202,108,291
72,202,108,291
72,202,108,291
72,202,108,291
72,202,108,291
72,202,108,291
74,204,108,295
74,204,108,295
74,204,108,295
74,204,108,295
74,204,108,295
74,204,108,295
74,204,108,295
74,204,108,295
74,204,108,295
74,204,108,295
74,204,108,295
74,204,108,295
74,204,108,295
74,204,108,295
74,204,108,295
70,200,114,291
71,200,113,291
72,200,112,291
73,200,111,291
74,200,110,291
75,200,109,291
76,200,108,291
77,200,107,291
78,200,106,291
79,200,105,291
80,200,104,291
81,200,103,291
82,200,102,291
83,200,101,291
84,200,100,291
78,204,102,285
78,204,102,286
78,204,102,287
78,204,102,288
78,204,102,289
78,204,102,290
78,204,102,291
78,204,102,292
78,204,102,293
78,204,102,294
78,204,102,295
78,204,102,296
78,204,102,297
78,204,102,298
78,204,102,299
80,200,108,293
79,200,108,293
78,200,108,293
77,200,108,293
76,200,108,293
75,200,108,293
74,200,108,293
73,200,108,293
72,200,108,293
71,200,108,293
70,200,108,293
69,200,108,293
68,200,108,293
67,200,108,293
66,200,108,293
70,204,112,287
70,204,112,287
70,204,112,287
70,204,112,287
70,204,112,287
70,204,112,287
70,204,112,287
70,204,112,287
70,204,112,287
70,204,112,287
70,204,112,287
70,204,112,287
70,204,112,287
70,204,112,287
70,204,112,287
76,202,112,293
76,202,113,293
76,202,114,293
76,202,115,293
76,202,116,293
76,202,117,293
76,202,118,293
76,202,119,293
76,202,120,293
76,202,121,293
76,202,122,293
76,202,123,293
76,202,124,293
76,202,125,293
76,202,126,293
70,202,120,287
71,202,119,287
72,202,118,287
73,202,117,287
74,202,116,287
75,202,115,287
76,202,114,287
77,202,113,287
78,202,112,287
79,202,111,287
80,202,110,287
81,202,109,287
82,202,108,287
83,202,107,287
84,202,106,287
78,198,104,287
77,198,105,287
76,198,106,287
75,198,107,287
74,198,108,287
73,198,109,287
72,198,110,287
71,198,111,287
70,198,112,287
69,198,113,287
68,198,114,287
67,198,115,287
66,198,116,287
65,198,117,287
64,198,118,287
65,202,123,281
65,202,123,281
65,202,123,281
65,202,123,281
65,202,123,281
65,202,123,281
65,202,123,281
65,202,123,281
65,202,123,281
65,202,123,281
65,202,123,281
65,202,123,281
65,202,123,281
65,202,123,281
65,202,123,281
67,200,121,281
67,200,121,281
67,200,121,281
67,200,121,281
67,200,121,281
67,200,121,281
67,200,121,281
67,200,121,281
67,200,121,281
67,200,121,281
67,200,121,281
67,200,121,281
67,200,121,281
67,200,121,281
67,200,121,281
74,198,114,281
74,198,114,281
74,198,114,281
74,198,114,281
74,198,114,281
74,198,114,281
74,198,114,281
74,198,114,281
74,198,114,281
74,198,114,281
74,198,114,281
74,198,114,281
74,198,114,281
74,198,114,281
74,198,114,281
67,200,117,279
67,200,117,279
67,200,117,279
67,200,117,279
67,200,117,279
67,200,117,279
67,200,117,279
67,200,117,279
67,200,117,279
67,200,117,279
67,200,117,279
67,200,117,279
67,200,117,279
67,200,117,279
67,200,117,279
72,200,112,279
71,200,113,279
70,200,114,279
69,200,115,279
68,200,116,279
67,200,117,279
66,200,118,279
65,200,119,279
64,200,120,279
63,200,121,279
62,200,122,279
61,200,123,279
60,200,124,279
59,200,125,279
58,200,126,279
61,200,123,283
62,200,122,283
63,200,121,283
64,200,120,283
65,200,119,283
66,200,118,283
67,200,117,283
68,200,116,283
69,200,115,283
70,200,114,283
71,200,113,283
72,200,112,283
73,200,111,283
74,200,110,283
75,200,109,283
72,204,114,281
72,204,114,282
72,204,114,283
72,204,114,284
72,204,114,285
72,204,114,286
72,204,114,287
72,204,114,288
72,204,114,289
72,204,114,290
72,204,114,291
72,204,114,292
72,204,114,293
72,204,114,294
72,204,114,295
72,204,110,289
71,204,111,290
70,204,112,291
69,204,113,292
68,204,114,293
67,204,115,294
66,204,116,295
65,204,117,296
64,204,118,297
63,204,119,298
62,204,120,299
61,204,121,300
60,204,122,301
59,204,123,302
58,204,124,303
57,200,121,305
57,201,121,302
57,202,121,299
57,203,121,296
57,204,121,293
57,205,121,290
57,206,121,287
57,207,121,284
57,208,121,281
57,209,121,278
57,210,121,275
57,211,121,272
57,212,121,269
57,213,121,266
57,214,121,263
61,218,123,265
61,218,122,271
61,218,121,277
61,218,120,283
61,218,119,289
61,218,118,295
61,218,117,301
61,218,116,307
61,218,115,313
61,218,114,319
61,218,113,325
61,218,112,331
61,218,111,337
61,218,110,343
61,218,109,349
59,218,112,359
58,219,111,358
57,220,110,357
56,221,109,356
55,222,108,355
54,223,107,354
53,224,106,353
52,225,105,352
51,226,104,351
50,227,103,350
49,228,102,349
48,229,101,348
47,230,100,347
46,231,99,346
45,232,98,345
45,236,104,337
44,237,105,338
43,238,106,339
42,239,107,340
41,240,108,341
40,241,109,342
39,242,110,343
38,243,111,344
37,244,112,345
36,245,113,346
35,246,114,347
34,247,115,348
33,248,116,349
32,249,117,350
31,250,118,351
26,254,117,355
24,256,118,359
22,258,119,363
20,260,120,367
18,262,121,371
16,264,122,375
14,266,123,379
12,268,124,383
10,270,125,387
8,272,126,391
6,274,127,395
4,276,128,399
2,278,129,403
0,280,130,407
-2,282,131,411
2,280,130,410
2,283,132,413
2,286,134,416
2,289,136,419
2,292,138,422
2,295,140,425
2,298,142,428
2,301,144,431
2,304,146,434
2,307,148,437
2,310,150,440
2,313,152,443
2,316,154,446
2,319,156,449
2,322,158,452
0,318,155,454
0,321,153,456
0,324,151,458
0,327,149,460
0,330,147,462
0,333,145,464
0,336,143,466
0,339,141,468
0,342,139,470
0,345,137,472
0,348,135,474
0,351,133,476
0,354,131,478
0,357,129,480
0,360,127,482
0,361,130,488
0,363,133,487
0,365,136,486
0,367,139,485
0,369,142,484
0,371,145,483
0,373,148,482
0,375,151,481
0,377,154,480
0,379,157,479
0,381,160,478
0,383,163,477
0,385,166,476
0,387,169,475
0,389,172,474
0,387,174,480
