1821,477,99,315
1818,477,99,315
1815,477,99,315
1812,477,99,315
1809,477,99,315
1806,477,99,315
1803,477,99,315
1800,477,99,315
1797,477,99,315
1794,477,99,315
1791,477,99,315
1788,477,99,315
1785,477,99,315
1782,477,99,315
1779,477,99,315
1778,475,106,317
1771,475,109,317
1764,475,112,317
1757,475,115,317
1750,475,118,317
1743,475,121,317
1736,475,124,317
1729,475,127,317
1722,475,130,317
1715,475,133,317
1708,475,136,317
1701,475,139,317
1694,475,142,317
1687,475,145,317
1680,475,148,317
1677,473,151,314
1673,473,151,315
1669,473,151,316
1665,473,151,317
1661,473,151,318
1657,473,151,319
1653,473,151,320
1649,473,151,321
1645,473,151,322
1641,473,151,323
1637,473,151,324
1633,473,151,325
1629,473,151,326
1625,473,151,327
1621,473,151,328
1622,471,151,332
1620,471,149,332
1618,471,147,332
1616,471,145,332
1614,471,143,332
1612,471,141,332
1610,471,139,332
1608,471,137,332
1606,471,135,332
1604,471,133,332
1602,471,131,332
1600,471,129,332
1598,471,127,332
1596,471,125,332
1594,471,123,332
1585,469,117,334
1578,469,120,335
1571,469,123,336
1564,469,126,337
1557,469,129,338
1550,469,132,339
1543,469,135,340
1536,469,138,341
1529,469,141,342
1522,469,144,343
1515,469,147,344
1508,469,150,345
1501,469,153,346
1494,469,156,347
1487,469,159,348
1478,467,158,348
1472,467,158,346
1466,467,158,344
1460,467,158,342
1454,467,158,340
1448,467,158,338
1442,467,158,336
1436,467,158,334
1430,467,158,332
1424,467,158,330
1418,467,158,328
1412,467,158,326
1406,467,158,324
1400,467,158,322
1394,467,158,320
1395,471,163,325
1393,470,160,327
1391,469,157,329
1389,468,154,331
1387,467,151,333
1385,466,148,335
1383,465,145,337
1381,464,142,339
1379,463,139,341
1377,462,136,343
1375,461,133,345
1373,460,130,347
1371,459,127,349
1369,458,124,351
1367,457,121,353
1360,458,111,351
1353,457,113,351
1346,456,115,351
1339,455,117,351
1332,454,119,351
1325,453,121,351
1318,452,123,351
1311,451,125,351
1304,450,127,351
1297,449,129,351
1290,448,131,351
1283,447,133,351
1276,446,135,351
1269,445,137,351
1262,444,139,351
1262,447,144,355
1254,446,146,355
1246,445,148,355
1238,444,150,355
1230,443,152,355
1222,442,154,355
1214,441,156,355
1206,440,158,355
1198,439,160,355
1190,438,162,355
1182,437,164,355
1174,436,166,355
1166,435,168,355
1158,434,170,355
1150,433,172,355
1148,439,175,348
1144,438,173,348
1140,437,171,348
1136,436,169,348
1132,435,167,348
1128,434,165,348
1124,433,163,348
1120,432,161,348
1116,431,159,348
1112,430,157,348
1108,429,155,348
1104,428,153,348
1100,427,151,348
1096,426,149,348
1092,425,147,348
1092,430,141,351
1089,429,141,351
1086,428,141,351
1083,427,141,351
1080,426,141,351
1077,425,141,351
1074,424,141,351
1071,423,141,351
1068,422,141,351
1065,421,141,351
1062,420,141,351
1059,419,141,351
1056,418,141,351
1053,417,141,351
1050,416,141,351
1045,421,134,358
1037,421,137,356
1029,421,140,354
1021,421,143,352
1013,421,146,350
1005,421,149,348
997,421,152,346
989,421,155,344
981,421,158,342
973,421,161,340
965,421,164,338
957,421,167,336
949,421,170,334
941,421,173,332
933,421,176,330
930,423,172,328
927,422,170,328
924,421,168,328
921,420,166,328
918,419,164,328
915,418,162,328
912,417,160,328
909,416,158,328
906,415,156,328
903,414,154,328
900,413,152,328
897,412,150,328
894,411,148,328
891,410,146,328
888,409,144,328
889,411,147,334
886,411,146,334
883,411,145,334
880,411,144,334
877,411,143,334
874,411,142,334
871,411,141,334
868,411,140,334
865,411,139,334
862,411,138,334
859,411,137,334
856,411,136,334
853,411,135,334
850,411,134,334
847,411,133,334
850,404,132,338
844,404,133,337
838,404,134,336
832,404,135,335
826,404,136,334
820,404,137,333
814,404,138,332
808,404,139,331
802,404,140,330
796,404,141,329
790,404,142,328
784,404,143,327
778,404,144,326
772,404,145,325
766,404,146,324
765,398,148,319
762,398,147,318
759,398,146,317
756,398,145,316
753,398,144,315
750,398,143,314
747,398,142,313
744,398,141,312
741,398,140,311
738,398,139,310
735,398,138,309
732,398,137,308
729,398,136,307
726,398,135,306
723,398,134,305
724,394,136,310
723,393,134,310
722,392,132,310
721,391,130,310
720,390,128,310
719,389,126,310
718,388,124,310
717,387,122,310
716,386,120,310
715,385,118,310
714,384,116,310
713,383,114,310
712,382,112,310
711,381,110,310
710,380,108,310
713,385,102,316
711,385,101,317
709,385,100,318
707,385,99,319
705,385,98,320
703,385,97,321
701,385,96,322
699,385,95,323
697,385,94,324
695,385,93,325
693,385,92,326
691,385,91,327
689,385,90,328
687,385,89,329
685,385,88,330
690,383,88,325
688,383,89,325
686,383,90,325
684,383,91,325
682,383,92,325
680,383,93,325
678,383,94,325
676,383,95,325
674,383,96,325
672,383,97,325
670,383,98,325
668,383,99,325
666,383,100,325
664,383,101,325
662,383,102,325
662,383,110,319
663,383,109,319
664,383,108,319
665,383,107,319
666,383,106,319
667,383,105,319
668,383,104,319
669,383,103,319
670,383,102,319
671,383,101,319
672,383,100,319
673,383,99,319
674,383,98,319
675,383,97,319
676,383,96,319
681,387,89,314
679,387,91,314
677,387,93,314
675,387,95,314
673,387,97,314
671,387,99,314
669,387,101,314
667,387,103,314
665,387,105,314
663,387,107,314
661,387,109,314
659,387,111,314
657,387,113,314
655,387,115,314
653,387,117,314
653,391,119,308
653,391,119,308
653,391,119,308
653,391,119,308
653,391,119,308
653,391,119,308
653,391,119,308
653,391,119,308
653,391,119,308
653,391,119,308
653,391,119,308
653,391,119,308
653,391,119,308
653,391,119,308
653,391,119,308
647,391,123,313
648,391,125,313
649,391,127,313
650,391,129,313
651,391,131,313
652,391,133,313
653,391,135,313
654,391,137,313
655,391,139,313
656,391,141,313
657,391,143,313
658,391,145,313
659,391,147,313
660,391,149,313
661,391,151,313
664,394,147,308
667,394,145,309
670,394,143,310
673,394,141,311
676,394,139,312
679,394,137,313
682,394,135,314
685,394,133,315
688,394,131,316
691,394,129,317
694,394,127,318
697,394,125,319
700,394,123,320
703,394,121,321
706,394,119,322
705,391,110,319
708,392,117,318
711,393,124,317
714,394,131,316
717,395,138,315
720,396,145,314
723,397,152,313
726,398,159,312
729,399,166,311
732,400,173,310
735,401,180,309
738,402,187,308
741,403,194,307
744,404,201,306
747,405,208,305
743,409,220,308
757,411,217,309
771,413,214,310
785,415,211,311
799,417,208,312
813,419,205,313
827,421,202,314
841,423,199,315
855,425,196,316
869,427,193,317
883,429,190,318
897,431,187,319
911,433,184,320
925,435,181,321
939,437,178,322
955,443,168,327
955,440,163,328
955,437,158,329
955,434,153,330
955,431,148,331
955,428,143,332
955,425,138,333
955,422,133,334
955,419,128,335
955,416,123,336
955,413,118,337
955,410,113,338
955,407,108,339
955,404,103,340
955,401,98,341
949,400,91,345
937,399,98,345
925,398,105,345
913,397,112,345
901,396,119,345
889,395,126,345
877,394,133,345
865,393,140,345
853,392,147,345
841,391,154,345
829,390,161,345
817,389,168,345
805,388,175,345
793,387,182,345
781,386,189,345
771,391,202,338
773,392,201,335
775,393,200,332
777,394,199,329
779,395,198,326
781,396,197,323
783,397,196,320
785,398,195,317
787,399,194,314
789,400,193,311
791,401,192,308
793,402,191,305
795,403,190,302
797,404,189,299
799,405,188,296
807,411,188,295
817,411,188,296
827,411,188,297
837,411,188,298
847,411,188,299
857,411,188,300
867,411,188,301
877,411,188,302
887,411,188,303
897,411,188,304
907,411,188,305
917,411,188,306
927,411,188,307
937,411,188,308
947,411,188,309
955,415,190,304
