660,227,170,308
660,228,169,307
660,229,168,306
660,230,167,305
660,231,166,304
660,232,165,303
660,233,164,302
660,234,163,301
660,235,162,300
660,236,161,299
660,237,160,298
660,238,159,297
660,239,158,296
660,240,157,295
660,241,156,294
667,236,159,295
667,236,159,295
667,236,159,295
667,236,159,295
667,236,159,295
667,236,159,295
667,236,159,295
667,236,159,295
667,236,159,295
667,236,159,295
667,236,159,295
667,236,159,295
667,236,159,295
667,236,159,295
667,236,159,295
669,236,155,299
669,237,155,299
669,238,155,299
669,239,155,299
669,240,155,299
669,241,155,299
669,242,155,299
669,243,155,299
669,244,155,299
669,245,155,299
669,246,155,299
669,247,155,299
669,248,155,299
669,249,155,299
669,250,155,299
671,244,155,293
671,244,154,294
671,244,153,295
671,244,152,296
671,244,151,297
671,244,150,298
671,244,149,299
671,244,148,300
671,244,147,301
671,244,146,302
671,244,145,303
671,244,144,304
671,244,143,305
671,244,142,306
671,244,141,307
673,238,143,304
673,238,144,304
673,238,145,304
673,238,146,304
673,238,147,304
673,238,148,304
673,238,149,304
673,238,150,304
673,238,151,304
673,238,152,304
673,238,153,304
673,238,154,304
673,238,155,304
673,238,156,304
673,238,157,304
671,236,153,303
671,236,153,303
671,236,153,303
671,236,153,303
671,236,153,303
671,236,153,303
671,236,153,303
671,236,153,303
671,236,153,303
671,236,153,303
671,236,153,303
671,236,153,303
671,236,153,303
671,236,153,303
671,236,153,303
671,240,153,304
671,240,153,304
671,240,153,304
671,240,153,304
671,240,153,304
671,240,153,304
671,240,153,304
671,240,153,304
671,240,153,304
671,240,153,304
671,240,153,304
671,240,153,304
671,240,153,304
671,240,153,304
671,240,153,304
671,242,151,297
671,242,151,297
671,242,151,297
671,242,151,297
671,242,151,297
671,242,151,297
671,242,151,297
671,242,151,297
671,242,151,297
671,242,151,297
671,242,151,297
671,242,151,297
671,242,151,297
671,242,151,297
671,242,151,297
675,240,151,304
675,240,151,304
675,240,151,304
675,240,151,304
675,240,151,304
675,240,151,304
675,240,151,304
675,240,151,304
675,240,151,304
675,240,151,304
675,240,151,304
675,240,151,304
675,240,151,304
675,240,151,304
675,240,151,304
669,240,155,299
670,240,155,299
671,240,155,299
672,240,155,299
673,240,155,299
674,240,155,299
675,240,155,299
676,240,155,299
677,240,155,299
678,240,155,299
679,240,155,299
680,240,155,299
681,240,155,299
682,240,155,299
683,240,155,299
679,242,149,300
678,242,149,300
677,242,149,300
676,242,149,300
675,242,149,300
674,242,149,300
673,242,149,300
672,242,149,300
671,242,149,300
670,242,149,300
669,242,149,300
668,242,149,300
667,242,149,300
666,242,149,300
665,242,149,300
669,238,155,299
669,238,155,299
669,238,155,299
669,238,155,299
669,238,155,299
669,238,155,299
669,238,155,299
669,238,155,299
669,238,155,299
669,238,155,299
669,238,155,299
669,238,155,299
669,238,155,299
669,238,155,299
669,238,155,299
673,238,153,297
673,238,153,297
673,238,153,297
673,238,153,297
673,238,153,297
673,238,153,297
673,238,153,297
673,238,153,297
673,238,153,297
673,238,153,297
673,238,153,297
673,238,153,297
673,238,153,297
673,238,153,297
673,238,153,297
673,238,153,301
673,238,153,301
673,238,153,301
673,238,153,301
673,238,153,301
673,238,153,301
673,238,153,301
673,238,153,301
673,238,153,301
673,238,153,301
673,238,153,301
673,238,153,301
673,238,153,301
673,238,153,301
673,238,153,301
671,238,157,301
671,238,157,301
671,238,157,301
671,238,157,301
671,238,157,301
671,238,157,301
671,238,157,301
671,238,157,301
671,238,157,301
671,238,157,301
671,238,157,301
671,238,157,301
671,238,157,301
671,238,157,301
671,238,157,301
671,238,153,304
671,238,152,304
671,238,151,304
671,238,150,304
671,238,149,304
671,238,148,304
671,238,147,304
671,238,146,304
671,238,145,304
671,238,144,304
671,238,143,304
671,238,142,304
671,238,141,304
671,238,140,304
671,238,139,304
677,238,143,299
677,238,143,299
677,238,143,299
677,238,143,299
677,238,143,299
677,238,143,299
677,238,143,299
677,238,143,299
677,238,143,299
677,238,143,299
677,238,143,299
677,238,143,299
677,238,143,299
677,238,143,299
677,238,143,299
675,242,136,300
675,241,136,303
675,240,136,306
675,239,136,309
675,238,136,312
675,237,136,315
675,236,136,318
675,235,136,321
675,234,136,324
675,233,136,327
675,232,136,330
675,231,136,333
675,230,136,336
675,229,136,339
675,228,136,342
671,223,140,340
671,224,140,343
671,225,140,346
671,226,140,349
671,227,140,352
671,228,140,355
671,229,140,358
671,230,140,361
671,231,140,364
671,232,140,367
671,233,140,370
671,234,140,373
671,235,140,376
671,236,140,379
671,237,140,382
664,236,147,378
662,238,146,379
660,240,145,380
658,242,144,381
656,244,143,382
654,246,142,383
652,248,141,384
650,250,140,385
648,252,139,386
646,254,138,387
644,256,137,388
642,258,136,389
640,260,135,390
638,262,134,391
636,264,133,392
629,259,136,391
628,260,136,392
627,261,136,393
626,262,136,394
625,263,136,395
624,264,136,396
623,265,136,397
622,266,136,398
621,267,136,399
620,268,136,400
619,269,136,401
618,270,136,402
617,271,136,403
616,272,136,404
615,273,136,405
610,274,140,404
614,274,140,406
618,274,140,408
622,274,140,410
626,274,140,412
630,274,140,414
634,274,140,416
638,274,140,418
642,274,140,420
646,274,140,422
650,274,140,424
654,274,140,426
658,274,140,428
662,274,140,430
666,274,140,432
667,279,136,433
667,281,143,433
667,283,150,433
667,285,157,433
667,287,164,433
667,289,171,433
667,291,178,433
667,293,185,433
667,295,192,433
667,297,199,433
667,299,206,433
667,301,213,433
667,303,220,433
667,305,227,433
667,307,234,433
662,311,236,429
659,310,232,429
656,309,228,429
653,308,224,429
650,307,220,429
647,306,216,429
644,305,212,429
641,304,208,429
638,303,204,429
635,302,200,429
632,301,196,429
629,300,192,429
626,299,188,429
623,298,184,429
620,297,180,429
612,302,180,433
619,303,181,431
626,304,182,429
633,305,183,427
640,306,184,425
647,307,185,423
654,308,186,421
661,309,187,419
668,310,188,417
675,311,189,415
682,312,190,413
689,313,191,411
696,314,192,409
703,315,193,407
710,316,194,405
715,321,196,410
723,321,198,407
731,321,200,404
739,321,202,401
747,321,204,398
755,321,206,395
763,321,208,392
771,321,210,389
779,321,212,386
787,321,214,383
795,321,216,380
803,321,218,377
811,321,220,374
819,321,222,371
827,321,224,368
836,325,219,370
837,325,219,366
838,325,219,362
839,325,219,358
840,325,219,354
841,325,219,350
842,325,219,346
843,325,219,342
844,325,219,338
845,325,219,334
846,325,219,330
847,325,219,326
848,325,219,322
849,325,219,318
850,325,219,314
849,330,225,314
856,331,227,314
863,332,229,314
870,333,231,314
877,334,233,314
884,335,235,314
891,336,237,314
898,337,239,314
905,338,241,314
912,339,243,314
919,340,245,314
926,341,247,314
933,342,249,314
940,343,251,314
947,344,253,314
960,342,255,315
974,343,247,317
988,344,239,319
1002,345,231,321
1016,346,223,323
1030,347,215,325
1044,348,207,327
1058,349,199,329
1072,350,191,331
1086,351,183,333
1100,352,175,335
1114,353,167,337
1128,354,159,339
1142,355,151,341
1156,356,143,343
1172,351,136,342
1173,351,138,344
1174,351,140,346
1175,351,142,348
1176,351,144,350
1177,351,146,352
1178,351,148,354
1179,351,150,356
1180,351,152,358
1181,351,154,360
1182,351,156,362
1183,351,158,364
1184,351,160,366
1185,351,162,368
1186,351,164,370
1185,351,159,376
