759,410,94,219
759,410,94,219
759,410,94,219
759,410,94,219
759,410,94,219
759,410,94,219
759,410,94,219
759,410,94,219
759,410,94,219
759,410,94,219
759,410,94,219
759,410,94,219
759,410,94,219
759,410,94,219
759,410,94,219
763,412,90,215
762,412,92,216
761,412,94,217
760,412,96,218
759,412,98,219
758,412,100,220
757,412,102,221
756,412,104,222
755,412,106,223
754,412,108,224
753,412,110,225
752,412,112,226
751,412,114,227
750,412,116,228
749,412,118,229
748,406,121,223
748,406,121,222
748,406,121,221
748,406,121,220
748,406,121,219
748,406,121,218
748,406,121,217
748,406,121,216
748,406,121,215
748,406,121,214
748,406,121,213
748,406,121,212
748,406,121,211
748,406,121,210
748,406,121,209
746,412,125,209
747,412,124,209
748,412,123,209
749,412,122,209
750,412,121,209
751,412,120,209
752,412,119,209
753,412,118,209
754,412,117,209
755,412,116,209
756,412,115,209
757,412,114,209
758,412,113,209
759,412,112,209
760,412,111,209
757,418,110,216
757,418,109,216
757,418,108,216
757,418,107,216
757,418,106,216
757,418,105,216
757,418,104,216
757,418,103,216
757,418,102,216
757,418,101,216
757,418,100,216
757,418,99,216
757,418,98,216
757,418,97,216
757,418,96,216
759,420,102,212
759,420,103,212
759,420,104,212
759,420,105,212
759,420,106,212
759,420,107,212
759,420,108,212
759,420,109,212
759,420,110,212
759,420,111,212
759,420,112,212
759,420,113,212
759,420,114,212
759,420,115,212
759,420,116,212
759,420,110,209
759,420,110,209
759,420,110,209
759,420,110,209
759,420,110,209
759,420,110,209
759,420,110,209
759,420,110,209
759,420,110,209
759,420,110,209
759,420,110,209
759,420,110,209
759,420,110,209
759,420,110,209
759,420,110,209
757,420,110,214
757,420,109,214
757,420,108,214
757,420,107,214
757,420,106,214
757,420,105,214
757,420,104,214
757,420,103,214
757,420,102,214
757,420,101,214
757,420,100,214
757,420,99,214
757,420,98,214
757,420,97,214
757,420,96,214
763,420,102,216
763,420,102,216
763,420,102,216
763,420,102,216
763,420,102,216
763,420,102,216
763,420,102,216
763,420,102,216
763,420,102,216
763,420,102,216
763,420,102,216
763,420,102,216
763,420,102,216
763,420,102,216
763,420,102,216
756,418,109,211
756,418,109,211
756,418,109,211
756,418,109,211
756,418,109,211
756,418,109,211
756,418,109,211
756,418,109,211
756,418,109,211
756,418,109,211
756,418,109,211
756,418,109,211
756,418,109,211
756,418,109,211
756,418,109,211
759,422,108,214
759,422,108,214
759,422,108,214
759,422,108,214
759,422,108,214
759,422,108,214
759,422,108,214
759,422,108,214
759,422,108,214
759,422,108,214
759,422,108,214
759,422,108,214
759,422,108,214
759,422,108,214
759,422,108,214
759,418,106,220
759,418,106,220
759,418,106,220
759,418,106,220
759,418,106,220
759,418,106,220
759,418,106,220
759,418,106,220
759,418,106,220
759,418,106,220
759,418,106,220
759,418,106,220
759,418,106,220
759,418,106,220
759,418,106,220
757,418,106,214
757,418,106,215
757,418,106,216
757,418,106,217
757,418,106,218
757,418,106,219
757,418,106,220
757,418,106,221
757,418,106,222
757,418,106,223
757,418,106,224
757,418,106,225
757,418,106,226
757,418,106,227
757,418,106,228
754,418,113,222
754,418,113,222
754,418,113,222
754,418,113,222
754,418,113,222
754,418,113,222
754,418,113,222
754,418,113,222
754,418,113,222
754,418,113,222
754,418,113,222
754,418,113,222
754,418,113,222
754,418,113,222
754,418,113,222
761,420,106,216
761,420,106,216
761,420,106,216
761,420,106,216
761,420,106,216
761,420,106,216
761,420,106,216
761,420,106,216
761,420,106,216
761,420,106,216
761,420,106,216
761,420,106,216
761,420,106,216
761,420,106,216
761,420,106,216
757,416,110,220
757,416,110,219
757,416,110,218
757,416,110,217
757,416,110,216
757,416,110,215
757,416,110,214
757,416,110,213
757,416,110,212
757,416,110,211
757,416,110,210
757,416,110,209
757,416,110,208
757,416,110,207
757,416,110,206
759,422,104,210
759,422,104,210
759,422,104,210
759,422,104,210
759,422,104,210
759,422,104,210
759,422,104,210
759,422,104,210
759,422,104,210
759,422,104,210
759,422,104,210
759,422,104,210
759,422,104,210
759,422,104,210
759,422,104,210
759,418,108,216
759,418,108,216
759,418,108,216
759,418,108,216
759,418,108,216
759,418,108,216
759,418,108,216
759,418,108,216
759,418,108,216
759,418,108,216
759,418,108,216
759,418,108,216
759,418,108,216
759,418,108,216
759,418,108,216
756,416,107,216
756,416,107,216
756,416,107,216
756,416,107,216
756,416,107,216
756,416,107,216
756,416,107,216
756,416,107,216
756,416,107,216
756,416,107,216
756,416,107,216
756,416,107,216
756,416,107,216
756,416,107,216
756,416,107,216
757,420,100,218
757,419,100,221
757,418,100,224
757,417,100,227
757,416,100,230
757,415,100,233
757,414,100,236
757,413,100,239
757,412,100,242
757,411,100,245
757,410,100,248
757,409,100,251
757,408,100,254
757,407,100,257
757,406,100,260
756,408,101,264
755,409,102,264
754,410,103,264
753,411,104,264
752,412,105,264
751,413,106,264
750,414,107,264
749,415,108,264
748,416,109,264
747,417,110,264
746,418,111,264
745,419,112,264
744,420,113,264
743,421,114,264
742,422,115,264
740,426,113,268
738,427,112,268
736,428,111,268
734,429,110,268
732,430,109,268
730,431,108,268
728,432,107,268
726,433,106,268
724,434,105,268
722,435,104,268
720,436,103,268
718,437,102,268
716,438,101,268
714,439,100,268
712,440,99,268
715,442,103,272
717,442,103,273
719,442,103,274
721,442,103,275
723,442,103,276
725,442,103,277
727,442,103,278
729,442,103,279
731,442,103,280
733,442,103,281
735,442,103,282
737,442,103,283
739,442,103,284
741,442,103,285
743,442,103,286
740,448,98,285
743,449,99,286
746,450,100,287
749,451,101,288
752,452,102,289
755,453,103,290
758,454,104,291
761,455,105,292
764,456,106,293
767,457,107,294
770,458,108,295
773,459,109,296
776,460,110,297
779,461,111,298
782,462,112,299
781,465,117,300
777,465,119,301
773,465,121,302
769,465,123,303
765,465,125,304
761,465,127,305
757,465,129,306
753,465,131,307
749,465,133,308
745,465,135,309
741,465,137,310
737,465,139,311
733,465,141,312
729,465,143,313
725,465,145,314
717,459,144,316
723,459,140,315
729,459,136,314
735,459,132,313
741,459,128,312
747,459,124,311
753,459,120,310
759,459,116,309
765,459,112,308
771,459,108,307
777,459,104,306
783,459,100,305
789,459,96,304
795,459,92,303
801,459,88,302
802,463,88,300
808,464,91,298
814,465,94,296
820,466,97,294
826,467,100,292
832,468,103,290
838,469,106,288
844,470,109,286
850,471,112,284
856,472,115,282
862,473,118,280
868,474,121,278
874,475,124,276
880,476,127,274
886,477,130,272
885,471,136,268
886,471,138,266
887,471,140,264
888,471,142,262
889,471,144,260
890,471,146,258
891,471,148,256
892,471,150,254
893,471,152,252
894,471,154,250
895,471,156,248
896,471,158,246
897,471,160,244
898,471,162,242
899,471,164,240
893,471,165,231
