691,97,127,316
690,97,128,316
689,97,129,316
688,97,130,316
687,97,131,316
686,97,132,316
685,97,133,316
684,97,134,316
683,97,135,316
682,97,136,316
681,97,137,316
680,97,138,316
679,97,139,316
678,97,140,316
677,97,141,316
678,101,144,312
679,101,143,312
680,101,142,312
681,101,141,312
682,101,140,312
683,101,139,312
684,101,138,312
685,101,137,312
686,101,136,312
687,101,135,312
688,101,134,312
689,101,133,312
690,101,132,312
691,101,131,312
692,101,130,312
693,99,132,308
693,99,132,308
693,99,132,308
693,99,132,308
693,99,132,308
693,99,132,308
693,99,132,308
693,99,132,308
693,99,132,308
693,99,132,308
693,99,132,308
693,99,132,308
693,99,132,308
693,99,132,308
693,99,132,308
691,101,129,314
690,101,130,314
689,101,131,314
688,101,132,314
687,101,133,314
686,101,134,314
685,101,135,314
684,101,136,314
683,101,137,314
682,101,138,314
681,101,139,314
680,101,140,314
679,101,141,314
678,101,142,314
677,101,143,314
680,97,149,316
681,97,148,316
682,97,147,316
683,97,146,316
684,97,145,316
685,97,144,316
686,97,143,316
687,97,142,316
688,97,141,316
689,97,140,316
690,97,139,316
691,97,138,316
692,97,137,316
693,97,136,316
694,97,135,316
693,99,132,318
692,99,132,318
691,99,132,318
690,99,132,318
689,99,132,318
688,99,132,318
687,99,132,318
686,99,132,318
685,99,132,318
684,99,132,318
683,99,132,318
682,99,132,318
681,99,132,318
680,99,132,318
679,99,132,318
684,97,138,316
686,97,135,316
688,97,132,316
690,97,129,316
692,97,126,316
694,97,123,316
696,97,120,316
698,97,117,316
700,97,114,316
702,97,111,316
704,97,108,316
706,97,105,316
708,97,102,316
710,97,99,316
712,97,96,316
720,97,100,316
720,97,99,315
720,97,98,314
720,97,97,313
720,97,96,312
720,97,95,311
720,97,94,310
720,97,93,309
720,97,92,308
720,97,91,307
720,97,90,306
720,97,89,305
720,97,88,304
720,97,87,303
720,97,86,302
718,97,92,306
715,96,99,306
712,95,106,306
709,94,113,306
706,93,120,306
703,92,127,306
700,91,134,306
697,90,141,306
694,89,148,306
691,88,155,306
688,87,162,306
685,86,169,306
682,85,176,306
679,84,183,306
676,83,190,306
668,87,203,306
669,88,198,306
670,89,193,306
671,90,188,306
672,91,183,306
673,92,178,306
674,93,173,306
675,94,168,306
676,95,163,306
677,96,158,306
678,97,153,306
679,98,148,306
680,99,143,306
681,100,138,306
682,101,133,306
687,97,133,306
686,98,133,307
685,99,133,308
684,100,133,309
683,101,133,310
682,102,133,311
681,103,133,312
680,104,133,313
679,105,133,314
678,106,133,315
677,107,133,316
676,108,133,317
675,109,133,318
674,110,133,319
673,111,133,320
670,113,140,326
667,116,138,330
664,119,136,334
661,122,134,338
658,125,132,342
655,128,130,346
652,131,128,350
649,134,126,354
646,137,124,358
643,140,122,362
640,143,120,366
637,146,118,370
634,149,116,374
631,152,114,378
628,155,112,382
630,152,104,390
620,153,111,392
610,154,118,394
600,155,125,396
590,156,132,398
580,157,139,400
570,158,146,402
560,159,153,404
550,160,160,406
540,161,167,408
530,162,174,410
520,163,181,412
510,164,188,414
500,165,195,416
490,166,202,418
480,164,210,426
470,169,209,425
460,174,208,424
450,179,207,423
440,184,206,422
430,189,205,421
420,194,204,420
410,199,203,419
400,204,202,418
390,209,201,417
380,214,200,416
370,219,199,415
360,224,198,414
350,229,197,413
340,234,196,412
337,238,197,413
340,236,200,414
343,234,203,415
346,232,206,416
349,230,209,417
352,228,212,418
355,226,215,419
358,224,218,420
361,222,221,421
364,220,224,422
367,218,227,423
370,216,230,424
373,214,233,425
376,212,236,426
379,210,239,427
385,204,235,435
394,204,231,435
403,204,227,435
412,204,223,435
421,204,219,435
430,204,215,435
439,204,211,435
448,204,207,435
457,204,203,435
466,204,199,435
475,204,195,435
484,204,191,435
493,204,187,435
502,204,183,435
511,204,179,435
522,208,176,431
530,210,181,428
538,212,186,425
546,214,191,422
554,216,196,419
562,218,201,416
570,220,206,413
578,222,211,410
586,224,216,407
594,226,221,404
602,228,226,401
610,230,231,398
618,232,236,395
626,234,241,392
634,236,246,389
649,243,256,388
644,244,258,386
639,245,260,384
634,246,262,382
629,247,264,380
624,248,266,378
619,249,268,376
614,250,270,374
609,251,272,372
604,252,274,370
599,253,276,368
594,254,278,366
589,255,280,364
584,256,282,362
579,257,284,360
579,265,283,358
578,264,283,359
577,263,283,360
576,262,283,361
575,261,283,362
574,260,283,363
573,259,283,364
572,258,283,365
571,257,283,366
570,256,283,367
569,255,283,368
568,254,283,369
567,253,283,370
566,252,283,371
565,251,283,372
566,247,286,376
569,243,281,377
572,239,276,378
575,235,271,379
578,231,266,380
581,227,261,381
584,223,256,382
587,219,251,383
590,215,246,384
593,211,241,385
596,207,236,386
599,203,231,387
602,199,226,388
605,195,221,389
608,191,216,390
604,194,214,398
597,193,214,399
590,192,214,400
583,191,214,401
576,190,214,402
569,189,214,403
562,188,214,404
555,187,214,405
548,186,214,406
541,185,214,407
534,184,214,408
527,183,214,409
520,182,214,410
513,181,214,411
506,180,214,412
499,174,216,408
500,176,215,406
501,178,214,404
502,180,213,402
503,182,212,400
504,184,211,398
505,186,210,396
506,188,209,394
507,190,208,392
508,192,207,390
509,194,206,388
510,196,205,386
511,198,204,384
512,200,203,382
513,202,202,380
510,200,199,378
512,198,200,375
514,196,201,372
516,194,202,369
518,192,203,366
520,190,204,363
522,188,205,360
524,186,206,357
526,184,207,354
528,182,208,351
530,180,209,348
532,178,210,345
534,176,211,342
536,174,212,339
538,172,213,336
541,174,212,338
535,172,210,339
529,170,208,340
523,168,206,341
517,166,204,342
511,164,202,343
505,162,200,344
499,160,198,345
493,158,196,346
487,156,194,347
481,154,192,348
475,152,190,349
469,150,188,350
463,148,186,351
457,146,184,352
446,150,176,354
440,150,177,353
434,150,178,352
428,150,179,351
422,150,180,350
416,150,181,349
410,150,182,348
404,150,183,347
398,150,184,346
392,150,185,345
386,150,186,344
380,150,187,343
374,150,188,342
368,150,189,341
362,150,190,340
360,150,184,346
363,150,181,347
366,150,178,348
369,150,175,349
372,150,172,350
375,150,169,351
378,150,166,352
381,150,163,353
384,150,160,354
387,150,157,355
390,150,154,356
393,150,151,357
396,150,148,358
399,150,145,359
402,150,142,360
400,150,138,362
403,149,137,364
406,148,136,366
409,147,135,368
412,146,134,370
415,145,133,372
418,144,132,374
421,143,131,376
424,142,130,378
427,141,129,380
430,140,128,382
433,139,127,384
436,138,126,386
439,137,125,388
442,136,124,390
442,142,130,396
444,143,134,396
446,144,138,396
448,145,142,396
450,146,146,396
452,147,150,396
454,148,154,396
456,149,158,396
458,150,162,396
460,151,166,396
462,152,170,396
464,153,174,396
466,154,178,396
468,155,182,396
470,156,186,396
478,158,188,394
482,159,185,395
486,160,182,396
490,161,179,397
494,162,176,398
498,163,173,399
502,164,170,400
506,165,167,401
510,166,164,402
514,167,161,403
518,168,158,404
522,169,155,405
526,170,152,406
530,171,149,407
534,172,146,408
543,166,147,406
541,167,149,407
539,168,151,408
537,169,153,409
535,170,155,410
533,171,157,411
531,172,159,412
529,173,161,413
527,174,163,414
525,175,165,415
523,176,167,416
521,177,169,417
519,178,171,418
517,179,173,419
515,180,175,420
510,188,171,423
