1240,332,122,360
1233,331,123,359
1226,330,124,358
1219,329,125,357
1212,328,126,356
1205,327,127,355
1198,326,128,354
1191,325,129,353
1184,324,130,352
1177,323,131,351
1170,322,132,350
1163,321,133,349
1156,320,134,348
1149,319,135,347
1142,318,136,346
1128,324,135,349
1121,324,135,349
1114,324,135,349
1107,324,135,349
1100,324,135,349
1093,324,135,349
1086,324,135,349
1079,324,135,349
1072,324,135,349
1065,324,135,349
1058,324,135,349
1051,324,135,349
1044,324,135,349
1037,324,135,349
1030,324,135,349
1024,326,134,348
1017,326,135,347
1010,326,136,346
1003,326,137,345
996,326,138,344
989,326,139,343
982,326,140,342
975,326,141,341
968,326,142,340
961,326,143,339
954,326,144,338
947,326,145,337
940,326,146,336
933,326,147,335
926,326,148,334
916,326,154,337
909,326,154,337
902,326,154,337
895,326,154,337
888,326,154,337
881,326,154,337
874,326,154,337
867,326,154,337
860,326,154,337
853,326,154,337
846,326,154,337
839,326,154,337
832,326,154,337
825,326,154,337
818,326,154,337
813,324,158,332
812,323,154,331
811,322,150,330
810,321,146,329
809,320,142,328
808,319,138,327
807,318,134,326
806,317,130,325
805,316,126,324
804,315,122,323
803,314,118,322
802,313,114,321
801,312,110,320
800,311,106,319
799,310,102,318
795,309,94,316
793,308,95,315
791,307,96,314
789,306,97,313
787,305,98,312
785,304,99,311
783,303,100,310
781,302,101,309
779,301,102,308
777,300,103,307
775,299,104,306
773,298,105,305
771,297,106,304
769,296,107,303
767,295,108,302
763,295,102,307
764,294,101,305
765,293,100,303
766,292,99,301
767,291,98,299
768,290,97,297
769,289,96,295
770,288,95,293
771,287,94,291
772,286,93,289
773,285,92,287
774,284,91,285
775,283,90,283
776,282,89,281
777,281,88,279
784,282,85,284
782,282,86,284
780,282,87,284
778,282,88,284
776,282,89,284
774,282,90,284
772,282,91,284
770,282,92,284
768,282,93,284
766,282,94,284
764,282,95,284
762,282,96,284
760,282,97,284
758,282,98,284
756,282,99,284
751,286,107,277
747,287,108,279
743,288,109,281
739,289,110,283
735,290,111,285
731,291,112,287
727,292,113,289
723,293,114,291
719,294,115,293
715,295,116,295
711,296,117,297
707,297,118,299
703,298,119,301
699,299,120,303
695,300,121,305
696,301,120,306
697,302,120,307
698,303,120,308
699,304,120,309
700,305,120,310
701,306,120,311
702,307,120,312
703,308,120,313
704,309,120,314
705,310,120,315
706,311,120,316
707,312,120,317
708,313,120,318
709,314,120,319
710,315,120,320
714,316,113,321
717,316,117,321
720,316,121,321
723,316,125,321
726,316,129,321
729,316,133,321
732,316,137,321
735,316,141,321
738,316,145,321
741,316,149,321
744,316,153,321
747,316,157,321
750,316,161,321
753,316,165,321
756,316,169,321
756,318,170,322
767,317,166,322
778,316,162,322
789,315,158,322
800,314,154,322
811,313,150,322
822,312,146,322
833,311,142,322
844,310,138,322
855,309,134,322
866,308,130,322
877,307,126,322
888,306,122,322
899,305,118,322
910,304,114,322
919,305,111,328
921,305,114,328
923,305,117,328
925,305,120,328
927,305,123,328
929,305,126,328
931,305,129,328
933,305,132,328
935,305,135,328
937,305,138,328
939,305,141,328
941,305,144,328
943,305,147,328
945,305,150,328
947,305,153,328
947,309,151,331
942,313,155,327
937,317,159,323
932,321,163,319
927,325,167,315
922,329,171,311
917,333,175,307
912,337,179,303
907,341,183,299
902,345,187,295
897,349,191,291
892,353,195,287
887,357,199,283
882,361,203,279
877,365,207,275
879,368,217,265
879,372,217,261
879,376,217,257
879,380,217,253
879,384,217,249
879,388,217,245
879,392,217,241
879,396,217,237
879,400,217,233
879,404,217,229
879,408,217,225
879,412,217,221
879,416,217,217
879,420,217,213
879,424,217,209
877,426,210,212
874,422,206,212
871,418,202,212
868,414,198,212
865,410,194,212
862,406,190,212
859,402,186,212
856,398,182,212
853,394,178,212
850,390,174,212
847,386,170,212
844,382,166,212
841,378,162,212
838,374,158,212
835,370,154,212
831,372,150,219
831,365,148,222
831,358,146,225
831,351,144,228
831,344,142,231
831,337,140,234
831,330,138,237
831,323,136,240
831,316,134,243
831,309,132,246
831,302,130,249
831,295,128,252
831,288,126,255
831,281,124,258
831,274,122,261
833,268,120,267
832,269,121,267
831,270,122,267
830,271,123,267
829,272,124,267
828,273,125,267
827,274,126,267
826,275,127,267
825,276,128,267
824,277,129,267
823,278,130,267
822,279,131,267
821,280,132,267
820,281,133,267
819,282,134,267
818,290,137,268
812,293,139,266
806,296,141,264
800,299,143,262
794,302,145,260
788,305,147,258
782,308,149,256
776,311,151,254
770,314,153,252
764,317,155,250
758,320,157,248
752,323,159,246
746,326,161,244
740,329,163,242
734,332,165,240
725,332,164,244
720,332,160,249
715,332,156,254
710,332,152,259
705,332,148,264
700,332,144,269
695,332,140,274
690,332,136,279
685,332,132,284
680,332,128,289
675,332,124,294
670,332,120,299
665,332,116,304
660,332,112,309
655,332,108,314
643,329,98,321
634,332,104,323
625,335,110,325
616,338,116,327
607,341,122,329
598,344,128,331
589,347,134,333
580,350,140,335
571,353,146,337
562,356,152,339
553,359,158,341
544,362,164,343
535,365,170,345
526,368,176,347
517,371,182,349
514,367,186,347
505,369,188,345
496,371,190,343
487,373,192,341
478,375,194,339
469,377,196,337
460,379,198,335
451,381,200,333
442,383,202,331
433,385,204,329
424,387,206,327
415,389,208,325
406,391,210,323
397,393,212,321
388,395,214,319
377,390,217,311
369,391,216,311
361,392,215,311
353,393,214,311
345,394,213,311
337,395,212,311
329,396,211,311
321,397,210,311
313,398,209,311
305,399,208,311
297,400,207,311
289,401,206,311
281,402,205,311
273,403,204,311
265,404,203,311
261,406,201,305
