1006,287,181,389
1003,286,177,389
1000,285,173,389
997,284,169,389
994,283,165,389
991,282,161,389
988,281,157,389
985,280,153,389
982,279,149,389
979,278,145,389
976,277,141,389
973,276,137,389
970,275,133,389
967,274,129,389
964,273,125,389
960,273,125,389
955,273,126,388
950,273,127,387
945,273,128,386
940,273,129,385
935,273,130,384
930,273,131,383
925,273,132,382
920,273,133,381
915,273,134,380
910,273,135,379
905,273,136,378
900,273,137,377
895,273,138,376
890,273,139,375
892,272,133,378
883,272,137,378
874,272,141,378
865,272,145,378
856,272,149,378
847,272,153,378
838,272,157,378
829,272,161,378
820,272,165,378
811,272,169,378
802,272,173,378
793,272,177,378
784,272,181,378
775,272,185,378
766,272,189,378
758,269,192,378
753,269,191,377
748,269,190,376
743,269,189,375
738,269,188,374
733,269,187,373
728,269,186,372
723,269,185,371
718,269,184,370
713,269,183,369
708,269,182,368
703,269,181,367
698,269,180,366
693,269,179,365
688,269,178,364
687,270,177,358
681,270,176,358
675,270,175,358
669,270,174,358
663,270,173,358
657,270,172,358
651,270,171,358
645,270,170,358
639,270,169,358
633,270,168,358
627,270,167,358
621,270,166,358
615,270,165,358
609,270,164,358
603,270,163,358
600,264,159,364
599,263,156,363
598,262,153,362
597,261,150,361
596,260,147,360
595,259,144,359
594,258,141,358
593,257,138,357
592,256,135,356
591,255,132,355
590,254,129,354
589,253,126,353
588,252,123,352
587,251,120,351
586,250,117,350
585,245,107,347
583,244,108,346
581,243,109,345
579,242,110,344
577,241,111,343
575,240,112,342
573,239,113,341
571,238,114,340
569,237,115,339
567,236,116,338
565,235,117,337
563,234,118,336
561,233,119,335
559,232,120,334
557,231,121,333
550,230,129,331
551,229,127,331
552,228,125,331
553,227,123,331
554,226,121,331
555,225,119,331
556,224,117,331
557,223,115,331
558,222,113,331
559,221,111,331
560,220,109,331
561,219,107,331
562,218,105,331
563,217,103,331
564,216,101,331
559,215,102,328
560,214,101,326
561,213,100,324
562,212,99,322
563,211,98,320
564,210,97,318
565,209,96,316
566,208,95,314
567,207,94,312
568,206,93,310
569,205,92,308
570,204,91,306
571,203,90,304
572,202,89,302
573,201,88,300
578,206,92,303
576,205,93,304
574,204,94,305
572,203,95,306
570,202,96,307
568,201,97,308
566,200,98,309
564,199,99,310
562,198,100,311
560,197,101,312
558,196,102,313
556,195,103,314
554,194,104,315
552,193,105,316
550,192,106,317
545,198,106,325
542,200,107,325
539,202,108,325
536,204,109,325
533,206,110,325
530,208,111,325
527,210,112,325
524,212,113,325
521,214,114,325
518,216,115,325
515,218,116,325
512,220,117,325
509,222,118,325
506,224,119,325
503,226,120,325
504,226,116,328
502,227,118,330
500,228,120,332
498,229,122,334
496,230,124,336
494,231,126,338
492,232,128,340
490,233,130,342
488,234,132,344
486,235,134,346
484,236,136,348
482,237,138,350
480,238,140,352
478,239,142,354
476,240,144,356
475,239,152,358
476,239,150,358
477,239,148,358
478,239,146,358
479,239,144,358
480,239,142,358
481,239,140,358
482,239,138,358
483,239,136,358
484,239,134,358
485,239,132,358
486,239,130,358
487,239,128,358
488,239,126,358
489,239,124,358
495,245,115,355
497,246,120,355
499,247,125,355
501,248,130,355
503,249,135,355
505,250,140,355
507,251,145,355
509,252,150,355
511,253,155,355
513,254,160,355
515,255,165,355
517,256,170,355
519,257,175,355
521,258,180,355
523,259,185,355
528,253,187,351
538,252,182,351
548,251,177,351
558,250,172,351
568,249,167,351
578,248,162,351
588,247,157,351
598,246,152,351
608,245,147,351
618,244,142,351
628,243,137,351
638,242,132,351
648,241,127,351
658,240,122,351
668,239,117,351
671,242,111,352
676,242,112,352
681,242,113,352
686,242,114,352
691,242,115,352
696,242,116,352
701,242,117,352
706,242,118,352
711,242,119,352
716,242,120,352
721,242,121,352
726,242,122,352
731,242,123,352
736,242,124,352
741,242,125,352
748,248,132,353
748,248,135,354
748,248,138,355
748,248,141,356
748,248,144,357
748,248,147,358
748,248,150,359
748,248,153,360
748,248,156,361
748,248,159,362
748,248,162,363
748,248,165,364
748,248,168,365
748,248,171,366
748,248,174,367
748,251,177,361
745,255,180,357
742,259,183,353
739,263,186,349
736,267,189,345
733,271,192,341
730,275,195,337
727,279,198,333
724,283,201,329
721,287,204,325
718,291,207,321
715,295,210,317
712,299,213,313
709,303,216,309
706,307,219,305
707,305,223,304
704,310,224,299
701,315,225,294
698,320,226,289
695,325,227,284
692,330,228,279
689,335,229,274
686,340,230,269
683,345,231,264
680,350,232,259
677,355,233,254
674,360,234,249
671,365,235,244
668,370,236,239
665,375,237,234
662,378,242,226
660,377,241,227
658,376,240,228
656,375,239,229
654,374,238,230
652,373,237,231
650,372,236,232
648,371,235,233
646,370,234,234
644,369,233,235
642,368,232,236
640,367,231,237
638,366,230,238
636,365,229,239
634,364,228,240
630,356,227,241
628,350,224,243
626,344,221,245
624,338,218,247
622,332,215,249
620,326,212,251
618,320,209,253
616,314,206,255
614,308,203,257
612,302,200,259
610,296,197,261
608,290,194,263
606,284,191,265
604,278,188,267
602,272,185,269
602,259,184,269
604,255,183,270
606,251,182,271
608,247,181,272
610,243,180,273
612,239,179,274
614,235,178,275
616,231,177,276
618,227,176,277
620,223,175,278
622,219,174,279
624,215,173,280
626,211,172,281
628,207,171,282
630,203,170,283
628,197,163,285
627,198,164,286
626,199,165,287
625,200,166,288
624,201,167,289
623,202,168,290
622,203,169,291
621,204,170,292
620,205,171,293
619,206,172,294
618,207,173,295
617,208,174,296
616,209,175,297
615,210,176,298
614,211,177,299
618,211,175,296
614,215,176,293
610,219,177,290
606,223,178,287
602,227,179,284
598,231,180,281
594,235,181,278
590,239,182,275
586,243,183,272
582,247,184,269
578,251,185,266
574,255,186,263
570,259,187,260
566,263,188,257
562,267,189,254
562,276,183,252
554,274,182,256
546,272,181,260
538,270,180,264
530,268,179,268
522,266,178,272
514,264,177,276
506,262,176,280
498,260,175,284
490,258,174,288
482,256,173,292
474,254,172,296
466,252,171,300
458,250,170,304
450,248,169,308
448,244,171,306
445,245,168,309
442,246,165,312
439,247,162,315
436,248,159,318
433,249,156,321
430,250,153,324
427,251,150,327
424,252,147,330
421,253,144,333
418,254,141,336
415,255,138,339
412,256,135,342
409,257,132,345
406,258,129,348
398,265,121,350
392,267,125,352
386,269,129,354
380,271,133,356
374,273,137,358
368,275,141,360
362,277,145,362
356,279,149,364
350,281,153,366
344,283,157,368
338,285,161,370
332,287,165,372
326,289,169,374
320,291,173,376
314,293,177,378
302,292,178,380
296,293,176,379
290,294,174,378
284,295,172,377
278,296,170,376
272,297,168,375
266,298,166,374
260,299,164,373
254,300,162,372
248,301,160,371
242,302,158,370
236,303,156,369
230,304,154,368
224,305,152,367
218,306,150,366
213,309,145,366
206,310,145,364
199,311,145,362
192,312,145,360
185,313,145,358
178,314,145,356
171,315,145,354
164,316,145,352
157,317,145,350
150,318,145,348
143,319,145,346
136,320,145,344
129,321,145,342
122,322,145,340
115,323,145,338
105,319,140,343
98,321,144,343
91,323,148,343
84,325,152,343
77,327,156,343
70,329,160,343
63,331,164,343
56,333,168,343
49,335,172,343
42,337,176,343
35,339,180,343
28,341,184,343
21,343,188,343
14,345,192,343
7,347,196,343
1,342,194,336
