1520,294,86,258
1521,295,85,258
1522,296,84,258
1523,297,83,258
1524,298,82,258
1525,299,81,258
1526,300,80,258
1527,301,79,258
1528,302,78,258
1529,303,77,258
1530,304,76,258
1531,305,75,258
1532,306,74,258
1533,307,73,258
1534,308,72,258
1536,303,78,255
1536,303,79,255
1536,303,80,255
1536,303,81,255
1536,303,82,255
1536,303,83,255
1536,303,84,255
1536,303,85,255
1536,303,86,255
1536,303,87,255
1536,303,88,255
1536,303,89,255
1536,303,90,255
1536,303,91,255
1536,303,92,255
1542,305,89,255
1542,305,89,255
1542,305,89,255
1542,305,89,255
1542,305,89,255
1542,305,89,255
1542,305,89,255
1542,305,89,255
1542,305,89,255
1542,305,89,255
1542,305,89,255
1542,305,89,255
1542,305,89,255
1542,305,89,255
1542,305,89,255
1546,307,85,255
1545,307,85,255
1544,307,85,255
1543,307,85,255
1542,307,85,255
1541,307,85,255
1540,307,85,255
1539,307,85,255
1538,307,85,255
1537,307,85,255
1536,307,85,255
1535,307,85,255
1534,307,85,255
1533,307,85,255
1532,307,85,255
1538,305,89,257
1538,305,89,257
1538,305,89,257
1538,305,89,257
1538,305,89,257
1538,305,89,257
1538,305,89,257
1538,305,89,257
1538,305,89,257
1538,305,89,257
1538,305,89,257
1538,305,89,257
1538,305,89,257
1538,305,89,257
1538,305,89,257
1536,305,93,261
1536,305,93,261
1536,305,93,261
1536,305,93,261
1536,305,93,261
1536,305,93,261
1536,305,93,261
1536,305,93,261
1536,305,93,261
1536,305,93,261
1536,305,93,261
1536,305,93,261
1536,305,93,261
1536,305,93,261
1536,305,93,261
1540,307,89,259
1540,307,89,259
1540,307,89,259
1540,307,89,259
1540,307,89,259
1540,307,89,259
1540,307,89,259
1540,307,89,259
1540,307,89,259
1540,307,89,259
1540,307,89,259
1540,307,89,259
1540,307,89,259
1540,307,89,259
1540,307,89,259
1540,303,89,263
1540,303,88,262
1540,303,87,261
1540,303,86,260
1540,303,85,259
1540,303,84,258
1540,303,83,257
1540,303,82,256
1540,303,81,255
1540,303,80,254
1540,303,79,253
1540,303,78,252
1540,303,77,251
1540,303,76,250
1540,303,75,249
1538,305,72,251
1539,305,72,252
1540,305,72,253
1541,305,72,254
1542,305,72,255
1543,305,72,256
1544,305,72,257
1545,305,72,258
1546,305,72,259
1547,305,72,260
1548,305,72,261
1549,305,72,262
1550,305,72,263
1551,305,72,264
1552,305,72,265
1546,299,68,267
1546,299,68,267
1546,299,68,267
1546,299,68,267
1546,299,68,267
1546,299,68,267
1546,299,68,267
1546,299,68,267
1546,299,68,267
1546,299,68,267
1546,299,68,267
1546,299,68,267
1546,299,68,267
1546,299,68,267
1546,299,68,267
1542,299,66,265
1541,300,67,265
1540,301,68,265
1539,302,69,265
1538,303,70,265
1537,304,71,265
1536,305,72,265
1535,306,73,265
1534,307,74,265
1533,308,75,265
1532,309,76,265
1531,310,77,265
1530,311,78,265
1529,312,79,265
1528,313,80,265
1520,309,78,266
1516,310,80,266
1512,311,82,266
1508,312,84,266
1504,313,86,266
1500,314,88,266
1496,315,90,266
1492,316,92,266
1488,317,94,266
1484,318,96,266
1480,319,98,266
1476,320,100,266
1472,321,102,266
1468,322,104,266
1464,323,106,266
1456,318,112,261
1453,318,112,263
1450,318,112,265
1447,318,112,267
1444,318,112,269
1441,318,112,271
1438,318,112,273
1435,318,112,275
1432,318,112,277
1429,318,112,279
1426,318,112,281
1423,318,112,283
1420,318,112,285
1417,318,112,287
1414,318,112,289
1409,322,116,293
1404,323,117,293
1399,324,118,293
1394,325,119,293
1389,326,120,293
1384,327,121,293
1379,328,122,293
1374,329,123,293
1369,330,124,293
1364,331,125,293
1359,332,126,293
1354,333,127,293
1349,334,128,293
1344,335,129,293
1339,336,130,293
1336,333,129,292
1332,333,128,293
1328,333,127,294
1324,333,126,295
1320,333,125,296
1316,333,124,297
1312,333,123,298
1308,333,122,299
1304,333,121,300
1300,333,120,301
1296,333,119,302
1292,333,118,303
1288,333,117,304
1284,333,116,305
1280,333,115,306
1273,339,117,310
1267,340,117,309
1261,341,117,308
1255,342,117,307
1249,343,117,306
1243,344,117,305
1237,345,117,304
1231,346,117,303
1225,347,117,302
1219,348,117,301
1213,349,117,300
1207,350,117,299
1201,351,117,298
1195,352,117,297
1189,353,117,296
1187,356,123,301
1182,357,123,303
1177,358,123,305
1172,359,123,307
1167,360,123,309
1162,361,123,311
1157,362,123,313
1152,363,123,315
1147,364,123,317
1142,365,123,319
1137,366,123,321
1132,367,123,323
1127,368,123,325
1122,369,123,327
1117,370,123,329
1109,366,116,333
1102,367,118,332
1095,368,120,331
1088,369,122,330
1081,370,124,329
1074,371,126,328
1067,372,128,327
1060,373,130,326
1053,374,132,325
1046,375,134,324
1039,376,136,323
1032,377,138,322
1025,378,140,321
1018,379,142,320
1011,380,144,319
1001,379,140,325
989,378,144,325
977,377,148,325
965,376,152,325
953,375,156,325
941,374,160,325
929,373,164,325
917,372,168,325
905,371,172,325
893,370,176,325
881,369,180,325
869,368,184,325
857,367,188,325
845,366,192,325
833,365,196,325
822,369,207,330
833,371,205,332
844,373,203,334
855,375,201,336
866,377,199,338
877,379,197,340
888,381,195,342
899,383,193,344
910,385,191,346
921,387,189,348
932,389,187,350
943,391,185,352
954,393,183,354
965,395,181,356
976,397,179,358
981,404,176,355
975,404,176,355
969,404,176,355
963,404,176,355
957,404,176,355
951,404,176,355
945,404,176,355
939,404,176,355
933,404,176,355
927,404,176,355
921,404,176,355
915,404,176,355
909,404,176,355
903,404,176,355
897,404,176,355
887,411,183,358
883,412,187,358
879,413,191,358
875,414,195,358
871,415,199,358
867,416,203,358
863,417,207,358
859,418,211,358
855,419,215,358
851,420,219,358
847,421,223,358
843,422,227,358
839,423,231,358
835,424,235,358
831,425,239,358
830,421,240,363
838,420,233,363
846,419,226,363
854,418,219,363
862,417,212,363
870,416,205,363
878,415,198,363
886,414,191,363
894,413,184,363
902,412,177,363
910,411,170,363
918,410,163,363
926,409,156,363
934,408,149,363
942,407,142,363
946,404,136,359
