1468,346,64,244
1468,346,65,243
1468,346,66,242
1468,346,67,241
1468,346,68,240
1468,346,69,239
1468,346,70,238
1468,346,71,237
1468,346,72,236
1468,346,73,235
1468,346,74,234
1468,346,75,233
1468,346,76,232
1468,346,77,231
1468,346,78,230
1462,348,72,232
1462,348,73,233
1462,348,74,234
1462,348,75,235
1462,348,76,236
1462,348,77,237
1462,348,78,238
1462,348,79,239
1462,348,80,240
1462,348,81,241
1462,348,82,242
1462,348,83,243
1462,348,84,244
1462,348,85,245
1462,348,86,246
1468,350,85,254
1469,350,85,253
1470,350,85,252
1471,350,85,251
1472,350,85,250
1473,350,85,249
1474,350,85,248
1475,350,85,247
1476,350,85,246
1477,350,85,245
1478,350,85,244
1479,350,85,243
1480,350,85,242
1481,350,85,241
1482,350,85,240
1479,356,87,240
1479,356,87,240
1479,356,87,240
1479,356,87,240
1479,356,87,240
1479,356,87,240
1479,356,87,240
1479,356,87,240
1479,356,87,240
1479,356,87,240
1479,356,87,240
1479,356,87,240
1479,356,87,240
1479,356,87,240
1479,356,87,240
1479,354,85,242
1479,354,84,242
1479,354,83,242
1479,354,82,242
1479,354,81,242
1479,354,80,242
1479,354,79,242
1479,354,78,242
1479,354,77,242
1479,354,76,242
1479,354,75,242
1479,354,74,242
1479,354,73,242
1479,354,72,242
1479,354,71,242
1479,354,74,240
1479,354,75,240
1479,354,76,240
1479,354,77,240
1479,354,78,240
1479,354,79,240
1479,354,80,240
1479,354,81,240
1479,354,82,240
1479,354,83,240
1479,354,84,240
1479,354,85,240
1479,354,86,240
1479,354,87,240
1479,354,88,240
1474,356,88,242
1473,356,88,242
1472,356,88,242
1471,356,88,242
1470,356,88,242
1469,356,88,242
1468,356,88,242
1467,356,88,242
1466,356,88,242
1465,356,88,242
1464,356,88,242
1463,356,88,242
1462,356,88,242
1461,356,88,242
1460,356,88,242
1466,354,87,242
1467,354,87,242
1468,354,87,242
1469,354,87,242
1470,354,87,242
1471,354,87,242
1472,354,87,242
1473,354,87,242
1474,354,87,242
1475,354,87,242
1476,354,87,242
1477,354,87,242
1478,354,87,242
1479,354,87,242
1480,354,87,242
1476,354,84,246
1477,354,83,246
1478,354,82,246
1479,354,81,246
1480,354,80,246
1481,354,79,246
1482,354,78,246
1483,354,77,246
1484,354,76,246
1485,354,75,246
1486,354,74,246
1487,354,73,246
1488,354,72,246
1489,354,71,246
1490,354,70,246
1485,350,68,248
1484,350,69,248
1483,350,70,248
1482,350,71,248
1481,350,72,248
1480,350,73,248
1479,350,74,248
1478,350,75,248
1477,350,76,248
1476,350,77,248
1475,350,78,248
1474,350,79,248
1473,350,80,248
1472,350,81,248
1471,350,82,248
1472,346,77,254
1473,346,76,254
1474,346,75,254
1475,346,74,254
1476,346,73,254
1477,346,72,254
1478,346,71,254
1479,346,70,254
1480,346,69,254
1481,346,68,254
1482,346,67,254
1483,346,66,254
1484,346,65,254
1485,346,64,254
1486,346,63,254
1483,348,62,254
1483,348,62,254
1483,348,62,254
1483,348,62,254
1483,348,62,254
1483,348,62,254
1483,348,62,254
1483,348,62,254
1483,348,62,254
1483,348,62,254
1483,348,62,254
1483,348,62,254
1483,348,62,254
1483,348,62,254
1483,348,62,254
1481,346,64,256
1480,346,64,256
1479,346,64,256
1478,346,64,256
1477,346,64,256
1476,346,64,256
1475,346,64,256
1474,346,64,256
1473,346,64,256
1472,346,64,256
1471,346,64,256
1470,346,64,256
1469,346,64,256
1468,346,64,256
1467,346,64,256
1462,352,70,252
1461,352,71,252
1460,352,72,252
1459,352,73,252
1458,352,74,252
1457,352,75,252
1456,352,76,252
1455,352,77,252
1454,352,78,252
1453,352,79,252
1452,352,80,252
1451,352,81,252
1450,352,82,252
1449,352,83,252
1448,352,84,252
1445,358,79,246
1441,359,81,246
1437,360,83,246
1433,361,85,246
1429,362,87,246
1425,363,89,246
1421,364,91,246
1417,365,93,246
1413,366,95,246
1409,367,97,246
1405,368,99,246
1401,369,101,246
1397,370,103,246
1393,371,105,246
1389,372,107,246
1392,368,102,250
1390,368,102,251
1388,368,102,252
1386,368,102,253
1384,368,102,254
1382,368,102,255
1380,368,102,256
1378,368,102,257
1376,368,102,258
1374,368,102,259
1372,368,102,260
1370,368,102,261
1368,368,102,262
1366,368,102,263
1364,368,102,264
1360,374,105,272
1356,374,106,271
1352,374,107,270
1348,374,108,269
1344,374,109,268
1340,374,110,267
1336,374,111,266
1332,374,112,265
1328,374,113,264
1324,374,114,263
1320,374,115,262
1316,374,116,261
1312,374,117,260
1308,374,118,259
1304,374,119,258
1299,380,115,264
1297,380,113,265
1295,380,111,266
1293,380,109,267
1291,380,107,268
1289,380,105,269
1287,380,103,270
1285,380,101,271
1283,380,99,272
1281,380,97,273
1279,380,95,274
1277,380,93,275
1275,380,91,276
1273,380,89,277
1271,380,87,278
1268,374,87,286
1265,375,87,287
1262,376,87,288
1259,377,87,289
1256,378,87,290
1253,379,87,291
1250,380,87,292
1247,381,87,293
1244,382,87,294
1241,383,87,295
1238,384,87,296
1235,385,87,297
1232,386,87,298
1229,387,87,299
1226,388,87,300
1223,382,81,296
1216,383,85,296
1209,384,89,296
1202,385,93,296
1195,386,97,296
1188,387,101,296
1181,388,105,296
1174,389,109,296
1167,390,113,296
1160,391,117,296
1153,392,121,296
1146,393,125,296
1139,394,129,296
1132,395,133,296
1125,396,137,296
1124,394,136,290
1120,395,135,291
1116,396,134,292
1112,397,133,293
1108,398,132,294
1104,399,131,295
1100,400,130,296
1096,401,129,297
1092,402,128,298
1088,403,127,299
1084,404,126,300
1080,405,125,301
1076,406,124,302
1072,407,123,303
1068,408,122,304
1067,414,115,306
1059,414,118,306
1051,414,121,306
1043,414,124,306
1035,414,127,306
1027,414,130,306
1019,414,133,306
1011,414,136,306
1003,414,139,306
995,414,142,306
987,414,145,306
979,414,148,306
971,414,151,306
963,414,154,306
955,414,157,306
951,418,166,310
943,417,167,310
935,416,168,310
927,415,169,310
919,414,170,310
911,413,171,310
903,412,172,310
895,411,173,310
887,410,174,310
879,409,175,310
871,408,176,310
863,407,177,310
855,406,178,310
847,405,179,310
839,404,180,310
831,398,180,316
839,399,177,318
847,400,174,320
855,401,171,322
863,402,168,324
871,403,165,326
879,404,162,328
887,405,159,330
895,406,156,332
903,407,153,334
911,408,150,336
919,409,147,338
927,410,144,340
935,411,141,342
943,412,138,344
957,416,134,350
953,418,141,350
949,420,148,350
945,422,155,350
941,424,162,350
937,426,169,350
933,428,176,350
929,430,183,350
925,432,190,350
921,434,197,350
917,436,204,350
913,438,211,350
909,440,218,350
905,442,225,350
901,444,232,350
890,448,241,344
889,448,237,344
888,448,233,344
887,448,229,344
886,448,225,344
885,448,221,344
884,448,217,344
883,448,213,344
882,448,209,344
881,448,205,344
880,448,201,344
879,448,197,344
878,448,193,344
877,448,189,344
876,448,185,344
875,452,183,344
880,452,180,344
885,452,177,344
890,452,174,344
895,452,171,344
900,452,168,344
905,452,165,344
910,452,162,344
915,452,159,344
920,452,156,344
925,452,153,344
930,452,150,344
935,452,147,344
940,452,144,344
945,452,141,344
949,448,136,350
