1602,295,162,375
1603,295,163,375
1604,295,164,375
1605,295,165,375
1606,295,166,375
1607,295,167,375
1608,295,168,375
1609,295,169,375
1610,295,170,375
1611,295,171,375
1612,295,172,375
1613,295,173,375
1614,295,174,375
1615,295,175,375
1616,295,176,375
1613,301,182,381
1615,301,180,382
1617,301,178,383
1619,301,176,384
1621,301,174,385
1623,301,172,386
1625,301,170,387
1627,301,168,388
1629,301,166,389
1631,301,164,390
1633,301,162,391
1635,301,160,392
1637,301,158,393
1639,301,156,394
1641,301,154,395
1649,301,155,394
1649,301,153,394
1649,301,151,394
1649,301,149,394
1649,301,147,394
1649,301,145,394
1649,301,143,394
1649,301,141,394
1649,301,139,394
1649,301,137,394
1649,301,135,394
1649,301,133,394
1649,301,131,394
1649,301,129,394
1649,301,127,394
1648,301,132,398
1648,301,130,398
1648,301,128,398
1648,301,126,398
1648,301,124,398
1648,301,122,398
1648,301,120,398
1648,301,118,398
1648,301,116,398
1648,301,114,398
1648,301,112,398
1648,301,110,398
1648,301,108,398
1648,301,106,398
1648,301,104,398
1655,306,107,394
1649,305,110,395
1643,304,113,396
1637,303,116,397
1631,302,119,398
1625,301,122,399
1619,300,125,400
1613,299,128,401
1607,298,131,402
1601,297,134,403
1595,296,137,404
1589,295,140,405
1583,294,143,406
1577,293,146,407
1571,292,149,408
1558,294,156,403
1555,292,154,402
1552,290,152,401
1549,288,150,400
1546,286,148,399
1543,284,146,398
1540,282,144,397
1537,280,142,396
1534,278,140,395
1531,276,138,394
1528,274,136,393
1525,272,134,392
1522,270,132,391
1519,268,130,390
1516,266,128,389
1514,270,125,385
1508,269,126,384
1502,268,127,383
1496,267,128,382
1490,266,129,381
1484,265,130,380
1478,264,131,379
1472,263,132,378
1466,262,133,377
1460,261,134,376
1454,260,135,375
1448,259,136,374
1442,258,137,373
1436,257,138,372
1430,256,139,371
1429,256,134,370
1419,255,138,371
1409,254,142,372
1399,253,146,373
1389,252,150,374
1379,251,154,375
1369,250,158,376
1359,249,162,377
1349,248,166,378
1339,247,170,379
1329,246,174,380
1319,245,178,381
1309,244,182,382
1299,243,186,383
1289,242,190,384
1279,245,194,387
1272,244,194,385
1265,243,194,383
1258,242,194,381
1251,241,194,379
1244,240,194,377
1237,239,194,375
1230,238,194,373
1223,237,194,371
1216,236,194,369
1209,235,194,367
1202,234,194,365
1195,233,194,363
1188,232,194,361
1181,231,194,359
1168,229,192,361
1160,228,190,361
1152,227,188,361
1144,226,186,361
1136,225,184,361
1128,224,182,361
1120,223,180,361
1112,222,178,361
1104,221,176,361
1096,220,174,361
1088,219,172,361
1080,218,170,361
1072,217,168,361
1064,216,166,361
1056,215,164,361
1047,214,162,364
1042,213,159,364
1037,212,156,364
1032,211,153,364
1027,210,150,364
1022,209,147,364
1017,208,144,364
1012,207,141,364
1007,206,138,364
1002,205,135,364
997,204,132,364
992,203,129,364
987,202,126,364
982,201,123,364
977,200,120,364
965,194,118,364
956,193,117,364
947,192,116,364
938,191,115,364
929,190,114,364
920,189,113,364
911,188,112,364
902,187,111,364
893,186,110,364
884,185,109,364
875,184,108,364
866,183,107,364
857,182,106,364
848,181,105,364
839,180,104,364
828,180,96,360
812,180,103,358
796,180,110,356
780,180,117,354
764,180,124,352
748,180,131,350
732,180,138,348
716,180,145,346
700,180,152,344
684,180,159,342
668,180,166,340
652,180,173,338
636,180,180,336
620,180,187,334
604,180,194,332
593,182,196,334
575,181,198,334
557,180,200,334
539,179,202,334
521,178,204,334
503,177,206,334
485,176,208,334
467,175,210,334
449,174,212,334
431,173,214,334
413,172,216,334
395,171,218,334
377,170,220,334
359,169,222,334
341,168,224,334
326,165,233,339
327,165,226,337
328,165,219,335
329,165,212,333
330,165,205,331
331,165,198,329
332,165,191,327
333,165,184,325
334,165,177,323
335,165,170,321
336,165,163,319
337,165,156,317
338,165,149,315
339,165,142,313
340,165,135,311
346,160,131,304
349,161,131,304
352,162,131,304
355,163,131,304
358,164,131,304
361,165,131,304
364,166,131,304
367,167,131,304
370,168,131,304
373,169,131,304
376,170,131,304
379,171,131,304
382,172,131,304
385,173,131,304
388,174,131,304
392,171,130,297
398,171,135,297
404,171,140,297
410,171,145,297
416,171,150,297
422,171,155,297
428,171,160,297
434,171,165,297
440,171,170,297
446,171,175,297
452,171,180,297
458,171,185,297
464,171,190,297
470,171,195,297
476,171,200,297
478,176,201,304
476,178,202,306
474,180,203,308
472,182,204,310
470,184,205,312
468,186,206,314
466,188,207,316
464,190,208,318
462,192,209,320
460,194,210,322
458,196,211,324
456,198,212,326
454,200,213,328
452,202,214,330
450,204,215,332
452,200,215,331
457,202,212,334
462,204,209,337
467,206,206,340
472,208,203,343
477,210,200,346
482,212,197,349
487,214,194,352
492,216,191,355
497,218,188,358
502,220,185,361
507,222,182,364
512,224,179,367
517,226,176,370
522,228,173,373
521,229,177,383
515,230,178,384
509,231,179,385
503,232,180,386
497,233,181,387
491,234,182,388
485,235,183,389
479,236,184,390
473,237,185,391
467,238,186,392
461,239,187,393
455,240,188,394
449,241,189,395
443,242,190,396
437,243,191,397
436,239,192,393
422,240,191,394
408,241,190,395
394,242,189,396
380,243,188,397
366,244,187,398
352,245,186,399
338,246,185,400
324,247,184,401
310,248,183,402
296,249,182,403
282,250,181,404
268,251,180,405
254,252,179,406
240,253,178,407
222,247,182,410
216,250,182,408
210,253,182,406
204,256,182,404
198,259,182,402
192,262,182,400
186,265,182,398
180,268,182,396
174,271,182,394
168,274,182,392
162,277,182,390
156,280,182,388
150,283,182,386
144,286,182,384
138,289,182,382
138,290,175,376
145,291,175,381
152,292,175,386
159,293,175,391
166,294,175,396
173,295,175,401
180,296,175,406
187,297,175,411
194,298,175,416
201,299,175,421
208,300,175,426
215,301,175,431
222,302,175,436
229,303,175,441
236,304,175,446
244,304,173,458
258,303,173,458
272,302,173,458
286,301,173,458
300,300,173,458
314,299,173,458
328,298,173,458
342,297,173,458
356,296,173,458
370,295,173,458
384,294,173,458
398,293,173,458
412,292,173,458
426,291,173,458
440,290,173,458
456,286,178,452
463,288,180,453
470,290,182,454
477,292,184,455
484,294,186,456
491,296,188,457
498,298,190,458
505,300,192,459
512,302,194,460
519,304,196,461
526,306,198,462
533,308,200,463
540,310,202,464
547,312,204,465
554,314,206,466
560,322,205,467
556,324,210,470
552,326,215,473
548,328,220,476
544,330,225,479
540,332,230,482
536,334,235,485
532,336,240,488
528,338,245,491
524,340,250,494
520,342,255,497
516,344,260,500
512,346,265,503
508,348,270,506
504,350,275,509
501,353,277,506
492,358,275,501
483,363,273,496
474,368,271,491
465,373,269,486
456,378,267,481
447,383,265,476
438,388,263,471
429,393,261,466
420,398,259,461
411,403,257,456
402,408,255,451
393,413,253,446
384,418,251,441
375,423,249,436
361,425,245,436
362,421,250,441
363,417,255,446
364,413,260,451
365,409,265,456
366,405,270,461
367,401,275,466
368,397,280,471
369,393,285,476
370,389,290,481
371,385,295,486
372,381,300,491
373,377,305,496
374,373,310,501
375,369,315,506
370,362,319,512
384,363,312,506
398,364,305,500
412,365,298,494
426,366,291,488
440,367,284,482
454,368,277,476
468,369,270,470
482,370,263,464
496,371,256,458
510,372,249,452
524,373,242,446
538,374,235,440
552,375,228,434
566,376,221,428
584,373,207,421
595,377,204,424
606,381,201,427
617,385,198,430
628,389,195,433
639,393,192,436
650,397,189,439
661,401,186,442
672,405,183,445
683,409,180,448
694,413,177,451
705,417,174,454
716,421,171,457
727,425,168,460
738,429,165,463
751,431,166,471
