1437,372,85,272
1437,372,86,272
1437,372,87,272
1437,372,88,272
1437,372,89,272
1437,372,90,272
1437,372,91,272
1437,372,92,272
1437,372,93,272
1437,372,94,272
1437,372,95,272
1437,372,96,272
1437,372,97,272
1437,372,98,272
1437,372,99,272
1433,377,93,268
1433,377,94,268
1433,377,95,268
1433,377,96,268
1433,377,97,268
1433,377,98,268
1433,377,99,268
1433,377,100,268
1433,377,101,268
1433,377,102,268
1433,377,103,268
1433,377,104,268
1433,377,105,268
1433,377,106,268
1433,377,107,268
1437,379,114,271
1439,379,112,272
1441,379,110,273
1443,379,108,274
1445,379,106,275
1447,379,104,276
1449,379,102,277
1451,379,100,278
1453,379,98,279
1455,379,96,280
1457,379,94,281
1459,379,92,282
1461,379,90,283
1463,379,88,284
1465,379,86,285
1469,382,86,282
1468,382,85,282
1467,382,84,282
1466,382,83,282
1465,382,82,282
1464,382,81,282
1463,382,80,282
1462,382,79,282
1461,382,78,282
1460,382,77,282
1459,382,76,282
1458,382,75,282
1457,382,74,282
1456,382,73,282
1455,382,72,282
1460,381,74,281
1457,381,75,280
1454,381,76,279
1451,381,77,278
1448,381,78,277
1445,381,79,276
1442,381,80,275
1439,381,81,274
1436,381,82,273
1433,381,83,272
1430,381,84,271
1427,381,85,270
1424,381,86,269
1421,381,87,268
1418,381,88,267
1419,387,94,272
1417,386,94,273
1415,385,94,274
1413,384,94,275
1411,383,94,276
1409,382,94,277
1407,381,94,278
1405,380,94,279
1403,379,94,280
1401,378,94,281
1399,377,94,282
1397,376,94,283
1395,375,94,284
1393,374,94,285
1391,373,94,286
1392,370,94,287
1385,370,97,285
1378,370,100,283
1371,370,103,281
1364,370,106,279
1357,370,109,277
1350,370,112,275
1343,370,115,273
1336,370,118,271
1329,370,121,269
1322,370,124,267
1315,370,127,265
1308,370,130,263
1301,370,133,261
1294,370,136,259
1290,372,140,263
1285,371,139,263
1280,370,138,263
1275,369,137,263
1270,368,136,263
1265,367,135,263
1260,366,134,263
1255,365,133,263
1250,364,132,263
1245,363,131,263
1240,362,130,263
1235,361,129,263
1230,360,128,263
1225,359,127,263
1220,358,126,263
1215,364,132,269
1208,363,133,268
1201,362,134,267
1194,361,135,266
1187,360,136,265
1180,359,137,264
1173,358,138,263
1166,357,139,262
1159,356,140,261
1152,355,141,260
1145,354,142,259
1138,353,143,258
1131,352,144,257
1124,351,145,256
1117,350,146,255
1113,352,140,257
1108,352,139,257
1103,352,138,257
1098,352,137,257
1093,352,136,257
1088,352,135,257
1083,352,134,257
1078,352,133,257
1073,352,132,257
1068,352,131,257
1063,352,130,257
1058,352,129,257
1053,352,128,257
1048,352,127,257
1043,352,126,257
1033,348,118,263
1025,348,119,262
1017,348,120,261
1009,348,121,260
1001,348,122,259
993,348,123,258
985,348,124,257
977,348,125,256
969,348,126,255
961,348,127,254
953,348,128,253
945,348,129,252
937,348,130,251
929,348,131,250
921,348,132,249
917,345,136,249
910,345,136,249
903,345,136,249
896,345,136,249
889,345,136,249
882,345,136,249
875,345,136,249
868,345,136,249
861,345,136,249
854,345,136,249
847,345,136,249
840,345,136,249
833,345,136,249
826,345,136,249
819,345,136,249
809,347,138,247
797,347,137,246
785,347,136,245
773,347,135,244
761,347,134,243
749,347,133,242
737,347,132,241
725,347,131,240
713,347,130,239
701,347,129,238
689,347,128,237
677,347,127,236
665,347,126,235
653,347,125,234
641,347,124,233
636,347,117,232
626,347,120,231
616,347,123,230
606,347,126,229
596,347,129,228
586,347,132,227
576,347,135,226
566,347,138,225
556,347,141,224
546,347,144,223
536,347,147,222
526,347,150,221
516,347,153,220
506,347,156,219
496,347,159,218
492,350,155,212
496,349,150,212
500,348,145,212
504,347,140,212
508,346,135,212
512,345,130,212
516,344,125,212
520,343,120,212
524,342,115,212
528,341,110,212
532,340,105,212
536,339,100,212
540,338,95,212
544,337,90,212
548,336,85,212
548,336,85,212
551,336,90,212
554,336,95,212
557,336,100,212
560,336,105,212
563,336,110,212
566,336,115,212
569,336,120,212
572,336,125,212
575,336,130,212
578,336,135,212
581,336,140,212
584,336,145,212
587,336,150,212
590,336,155,212
598,338,166,217
599,339,166,218
600,340,166,219
601,341,166,220
602,342,166,221
603,343,166,222
604,344,166,223
605,345,166,224
606,346,166,225
607,347,166,226
608,348,166,227
609,349,166,228
610,350,166,229
611,351,166,230
612,352,166,231
606,352,170,232
609,354,168,234
612,356,166,236
615,358,164,238
618,360,162,240
621,362,160,242
624,364,158,244
627,366,156,246
630,368,154,248
633,370,152,250
636,372,150,252
639,374,148,254
642,376,146,256
645,378,144,258
648,380,142,260
654,379,137,263
648,379,135,265
642,379,133,267
636,379,131,269
630,379,129,271
624,379,127,273
618,379,125,275
612,379,123,277
606,379,121,279
600,379,119,281
594,379,117,283
588,379,115,285
582,379,113,287
576,379,111,289
570,379,109,291
571,384,101,288
559,385,103,287
547,386,105,286
535,387,107,285
523,388,109,284
511,389,111,283
499,390,113,282
487,391,115,281
475,392,117,280
463,393,119,279
451,394,121,278
439,395,123,277
427,396,125,276
415,397,127,275
403,398,129,274
384,401,136,277
387,402,135,278
390,403,134,279
393,404,133,280
396,405,132,281
399,406,131,282
402,407,130,283
405,408,129,284
408,409,128,285
411,410,127,286
414,411,126,287
417,412,125,288
420,413,124,289
423,414,123,290
426,415,122,291
432,421,126,299
439,421,131,301
446,421,136,303
453,421,141,305
460,421,146,307
467,421,151,309
474,421,156,311
481,421,161,313
488,421,166,315
495,421,171,317
502,421,176,319
509,421,181,321
516,421,186,323
523,421,191,325
530,421,196,327
544,428,195,324
553,428,193,325
562,428,191,326
571,428,189,327
580,428,187,328
589,428,185,329
598,428,183,330
607,428,181,331
616,428,179,332
625,428,177,333
634,428,175,334
643,428,173,335
652,428,171,336
661,428,169,337
670,428,167,338
681,435,172,333
679,436,176,335
677,437,180,337
675,438,184,339
673,439,188,341
671,440,192,343
669,441,196,345
667,442,200,347
665,443,204,349
663,444,208,351
661,445,212,353
659,446,216,355
657,447,220,357
655,448,224,359
653,449,228,361
644,454,234,360
638,457,231,358
632,460,228,356
626,463,225,354
620,466,222,352
614,469,219,350
608,472,216,348
602,475,213,346
596,478,210,344
590,481,207,342
584,484,204,340
578,487,201,338
572,490,198,336
566,493,195,334
560,496,192,332
559,506,188,323
561,504,192,325
563,502,196,327
565,500,200,329
567,498,204,331
569,496,208,333
571,494,212,335
573,492,216,337
575,490,220,339
577,488,224,341
579,486,228,343
581,484,232,345
583,482,236,347
585,480,240,349
587,478,244,351
594,471,243,358
