1216,245,119,353
1215,246,120,352
1214,247,121,351
1213,248,122,350
1212,249,123,349
1211,250,124,348
1210,251,125,347
1209,252,126,346
1208,253,127,345
1207,254,128,344
1206,255,129,343
1205,256,130,342
1204,257,131,341
1203,258,132,340
1202,259,133,339
1208,258,140,340
1208,258,139,341
1208,258,138,342
1208,258,137,343
1208,258,136,344
1208,258,135,345
1208,258,134,346
1208,258,133,347
1208,258,132,348
1208,258,131,349
1208,258,130,350
1208,258,129,351
1208,258,128,352
1208,258,127,353
1208,258,126,354
1206,261,119,357
1206,262,120,358
1206,263,121,359
1206,264,122,360
1206,265,123,361
1206,266,124,362
1206,267,125,363
1206,268,126,364
1206,269,127,365
1206,270,128,366
1206,271,129,367
1206,272,130,368
1206,273,131,369
1206,274,132,370
1206,275,133,371
1210,270,140,367
1209,271,139,367
1208,272,138,367
1207,273,137,367
1206,274,136,367
1205,275,135,367
1204,276,134,367
1203,277,133,367
1202,278,132,367
1201,279,131,367
1200,280,130,367
1199,281,129,367
1198,282,128,367
1197,283,127,367
1196,284,126,367
1198,281,129,371
1198,281,129,372
1198,281,129,373
1198,281,129,374
1198,281,129,375
1198,281,129,376
1198,281,129,377
1198,281,129,378
1198,281,129,379
1198,281,129,380
1198,281,129,381
1198,281,129,382
1198,281,129,383
1198,281,129,384
1198,281,129,385
1198,286,131,382
1195,287,134,383
1192,288,137,384
1189,289,140,385
1186,290,143,386
1183,291,146,387
1180,292,149,388
1177,293,152,389
1174,294,155,390
1171,295,158,391
1168,296,161,392
1165,297,164,393
1162,298,167,394
1159,299,170,395
1156,300,173,396
1149,295,178,401
1145,295,177,401
1141,295,176,401
1137,295,175,401
1133,295,174,401
1129,295,173,401
1125,295,172,401
1121,295,171,401
1117,295,170,401
1113,295,169,401
1109,295,168,401
1105,295,167,401
1101,295,166,401
1097,295,165,401
1093,295,164,401
1085,294,158,402
1078,294,159,401
1071,294,160,400
1064,294,161,399
1057,294,162,398
1050,294,163,397
1043,294,164,396
1036,294,165,395
1029,294,166,394
1022,294,167,393
1015,294,168,392
1008,294,169,391
1001,294,170,390
994,294,171,389
987,294,172,388
975,295,178,382
970,294,174,383
965,293,170,384
960,292,166,385
955,291,162,386
950,290,158,387
945,289,154,388
940,288,150,389
935,287,146,390
930,286,142,391
925,285,138,392
920,284,134,393
915,283,130,394
910,282,126,395
905,281,122,396
898,286,116,396
889,286,117,396
880,286,118,396
871,286,119,396
862,286,120,396
853,286,121,396
844,286,122,396
835,286,123,396
826,286,124,396
817,286,125,396
808,286,126,396
799,286,127,396
790,286,128,396
781,286,129,396
772,286,130,396
759,292,136,392
748,292,139,392
737,292,142,392
726,292,145,392
715,292,148,392
704,292,151,392
693,292,154,392
682,292,157,392
671,292,160,392
660,292,163,392
649,292,166,392
638,292,169,392
627,292,172,392
616,292,175,392
605,292,178,392
587,295,175,392
572,297,179,391
557,299,183,390
542,301,187,389
527,303,191,388
512,305,195,387
497,307,199,386
482,309,203,385
467,311,207,384
452,313,211,383
437,315,215,382
422,317,219,381
407,319,223,380
392,321,227,379
377,323,231,378
369,330,233,372
358,329,226,369
347,328,219,366
336,327,212,363
325,326,205,360
314,325,198,357
303,324,191,354
292,323,184,351
281,322,177,348
270,321,170,345
259,320,163,342
248,319,156,339
237,318,149,336
226,317,142,333
215,316,135,330
197,312,125,322
194,310,128,322
191,308,131,322
188,306,134,322
185,304,137,322
182,302,140,322
179,300,143,322
176,298,146,322
173,296,149,322
170,294,152,322
167,292,155,322
164,290,158,322
161,288,161,322
158,286,164,322
155,284,167,322
148,285,170,324
146,285,166,325
144,285,162,326
142,285,158,327
140,285,154,328
138,285,150,329
136,285,146,330
134,285,142,331
132,285,138,332
130,285,134,333
128,285,130,334
126,285,126,335
124,285,122,336
122,285,118,337
120,285,114,338
118,290,110,333
122,290,112,333
126,290,114,333
130,290,116,333
134,290,118,333
138,290,120,333
142,290,122,333
146,290,124,333
150,290,126,333
154,290,128,333
158,290,130,333
162,290,132,333
166,290,134,333
170,290,136,333
174,290,138,333
174,285,134,333
183,286,135,334
192,287,136,335
201,288,137,336
210,289,138,337
219,290,139,338
228,291,140,339
237,292,141,340
246,293,142,341
255,294,143,342
264,295,144,343
273,296,145,344
282,297,146,345
291,298,147,346
300,299,148,347
305,301,154,352
317,302,155,355
329,303,156,358
341,304,157,361
353,305,158,364
365,306,159,367
377,307,160,370
389,308,161,373
401,309,162,376
413,310,163,379
425,311,164,382
437,312,165,385
449,313,166,388
461,314,167,391
473,315,168,394
490,322,174,401
504,324,175,403
518,326,176,405
532,328,177,407
546,330,178,409
560,332,179,411
574,334,180,413
588,336,181,415
602,338,182,417
616,340,183,419
630,342,184,421
644,344,185,423
658,346,186,425
672,348,187,427
686,350,188,429
705,351,188,432
713,352,190,431
721,353,192,430
729,354,194,429
737,355,196,428
745,356,198,427
753,357,200,426
761,358,202,425
769,359,204,424
777,360,206,423
785,361,208,422
793,362,210,421
801,363,212,420
809,364,214,419
817,365,216,418
830,360,224,412
836,359,221,411
842,358,218,410
848,357,215,409
854,356,212,408
860,355,209,407
866,354,206,406
872,353,203,405
878,352,200,404
884,351,197,403
890,350,194,402
896,349,191,401
902,348,188,400
908,347,185,399
914,346,182,398
922,346,180,401
919,343,178,398
916,340,176,395
913,337,174,392
910,334,172,389
907,331,170,386
904,328,168,383
901,325,166,380
898,322,164,377
895,319,162,374
892,316,160,371
889,313,158,368
886,310,156,365
883,307,154,362
880,304,152,359
884,295,144,353
878,295,144,349
872,295,144,345
866,295,144,341
860,295,144,337
854,295,144,333
848,295,144,329
842,295,144,325
836,295,144,321
830,295,144,317
824,295,144,313
818,295,144,309
812,295,144,305
806,295,144,301
800,295,144,297
800,301,149,295
796,299,150,295
792,297,151,295
788,295,152,295
784,293,153,295
780,291,154,295
776,289,155,295
772,287,156,295
768,285,157,295
764,283,158,295
760,281,159,295
756,279,160,295
752,277,161,295
748,275,162,295
744,273,163,295
743,267,162,293
738,267,160,293
733,267,158,293
728,267,156,293
723,267,154,293
718,267,152,293
713,267,150,293
708,267,148,293
703,267,146,293
698,267,144,293
693,267,142,293
688,267,140,293
683,267,138,293
678,267,136,293
673,267,134,293
675,260,138,295
672,262,143,293
669,264,148,291
666,266,153,289
663,268,158,287
660,270,163,285
657,272,168,283
654,274,173,281
651,276,178,279
648,278,183,277
645,280,188,275
642,282,193,273
639,284,198,271
636,286,203,269
633,288,208,267
627,283,212,272
635,283,214,273
643,283,216,274
651,283,218,275
659,283,220,276
667,283,222,277
675,283,224,278
683,283,226,279
691,283,228,280
699,283,230,281
707,283,232,282
715,283,234,283
723,283,236,284
731,283,238,285
739,283,240,286
745,286,243,290
758,285,234,293
771,284,225,296
784,283,216,299
797,282,207,302
810,281,198,305
823,280,189,308
836,279,180,311
849,278,171,314
862,277,162,317
875,276,153,320
888,275,144,323
901,274,135,326
914,273,126,329
927,272,117,332
940,270,114,331
938,270,116,330
936,270,118,329
934,270,120,328
932,270,122,327
930,270,124,326
928,270,126,325
926,270,128,324
924,270,130,323
922,270,132,322
920,270,134,321
918,270,136,320
916,270,138,319
914,270,140,318
912,270,142,317
914,263,150,320
904,262,153,321
894,261,156,322
884,260,159,323
874,259,162,324
864,258,165,325
854,257,168,326
844,256,171,327
834,255,174,328
824,254,177,329
814,253,180,330
804,252,183,331
794,251,186,332
784,250,189,333
774,249,192,334
768,243,189,333
