514,328,98,300
515,328,97,299
516,328,96,298
517,328,95,297
518,328,94,296
519,328,93,295
520,328,92,294
521,328,91,293
522,328,90,292
523,328,89,291
524,328,88,290
525,328,87,289
526,328,86,288
527,328,85,287
528,328,84,286
523,331,89,291
522,331,90,291
521,331,91,291
520,331,92,291
519,331,93,291
518,331,94,291
517,331,95,291
516,331,96,291
515,331,97,291
514,331,98,291
513,331,99,291
512,331,100,291
511,331,101,291
510,331,102,291
509,331,103,291
512,326,100,289
512,326,102,288
512,326,104,287
512,326,106,286
512,326,108,285
512,326,110,284
512,326,112,283
512,326,114,282
512,326,116,281
512,326,118,280
512,326,120,279
512,326,122,278
512,326,124,277
512,326,126,276
512,326,128,275
517,328,135,279
518,328,134,280
519,328,133,281
520,328,132,282
521,328,131,283
522,328,130,284
523,328,129,285
524,328,128,286
525,328,127,287
526,328,126,288
527,328,125,289
528,328,124,290
529,328,123,291
530,328,122,292
531,328,121,293
535,321,124,287
535,321,123,287
535,321,122,287
535,321,121,287
535,321,120,287
535,321,119,287
535,321,118,287
535,321,117,287
535,321,116,287
535,321,115,287
535,321,114,287
535,321,113,287
535,321,112,287
535,321,111,287
535,321,110,287
542,323,112,280
542,323,112,280
542,323,112,280
542,323,112,280
542,323,112,280
542,323,112,280
542,323,112,280
542,323,112,280
542,323,112,280
542,323,112,280
542,323,112,280
542,323,112,280
542,323,112,280
542,323,112,280
542,323,112,280
535,321,119,282
535,321,120,282
535,321,121,282
535,321,122,282
535,321,123,282
535,321,124,282
535,321,125,282
535,321,126,282
535,321,127,282
535,321,128,282
535,321,129,282
535,321,130,282
535,321,131,282
535,321,132,282
535,321,133,282
528,326,128,282
527,326,129,281
526,326,130,280
525,326,131,279
524,326,132,278
523,326,133,277
522,326,134,276
521,326,135,275
520,326,136,274
519,326,137,273
518,326,138,272
517,326,139,271
516,326,140,270
515,326,141,269
514,326,142,268
512,329,144,271
511,329,144,271
510,329,144,271
509,329,144,271
508,329,144,271
507,329,144,271
506,329,144,271
505,329,144,271
504,329,144,271
503,329,144,271
502,329,144,271
501,329,144,271
500,329,144,271
499,329,144,271
498,329,144,271
503,331,142,276
503,331,143,276
503,331,144,276
503,331,145,276
503,331,146,276
503,331,147,276
503,331,148,276
503,331,149,276
503,331,150,276
503,331,151,276
503,331,152,276
503,331,153,276
503,331,154,276
503,331,155,276
503,331,156,276
507,328,152,282
512,328,155,281
517,328,158,280
522,328,161,279
527,328,164,278
532,328,167,277
537,328,170,276
542,328,173,275
547,328,176,274
552,328,179,273
557,328,182,272
562,328,185,271
567,328,188,270
572,328,191,269
577,328,194,268
582,321,195,267
586,322,192,267
590,323,189,267
594,324,186,267
598,325,183,267
602,326,180,267
606,327,177,267
610,328,174,267
614,329,171,267
618,330,168,267
622,331,165,267
626,332,162,267
630,333,159,267
634,334,156,267
638,335,153,267
646,341,149,272
636,344,150,274
626,347,151,276
616,350,152,278
606,353,153,280
596,356,154,282
586,359,155,284
576,362,156,286
566,365,157,288
556,368,158,290
546,371,159,292
536,374,160,294
526,377,161,296
516,380,162,298
506,383,163,300
502,379,157,298
496,383,161,300
490,387,165,302
484,391,169,304
478,395,173,306
472,399,177,308
466,403,181,310
460,407,185,312
454,411,189,314
448,415,193,316
442,419,197,318
436,423,201,320
430,427,205,322
424,431,209,324
418,435,213,326
418,433,213,322
430,431,209,327
442,429,205,332
454,427,201,337
466,425,197,342
478,423,193,347
490,421,189,352
502,419,185,357
514,417,181,362
526,415,177,367
538,413,173,372
550,411,169,377
562,409,165,382
574,407,161,387
586,405,157,392
599,409,159,391
618,411,161,391
637,413,163,391
656,415,165,391
675,417,167,391
694,419,169,391
713,421,171,391
732,423,173,391
751,425,175,391
770,427,177,391
789,429,179,391
808,431,181,391
827,433,183,391
846,435,185,391
865,437,187,391
887,443,196,389
894,441,191,388
901,439,186,387
908,437,181,386
915,435,176,385
922,433,171,384
929,431,166,383
936,429,161,382
943,427,156,381
950,425,151,380
957,423,146,379
964,421,141,378
971,419,136,377
978,417,131,376
985,415,126,375
985,409,119,369
986,406,125,365
987,403,131,361
988,400,137,357
989,397,143,353
990,394,149,349
991,391,155,345
992,388,161,341
993,385,167,337
994,382,173,333
995,379,179,329
996,376,185,325
997,373,191,321
998,370,197,317
999,367,203,313
997,359,215,314
998,358,213,310
999,357,211,306
1000,356,209,302
1001,355,207,298
1002,354,205,294
1003,353,203,290
1004,352,201,286
1005,351,199,282
1006,350,197,278
1007,349,195,274
1008,348,193,270
1009,347,191,266
1010,346,189,262
1011,345,187,258
1006,349,183,256
1011,348,185,257
1016,347,187,258
1021,346,189,259
1026,345,191,260
1031,344,193,261
1036,343,195,262
1041,342,197,263
1046,341,199,264
1051,340,201,265
1056,339,203,266
1061,338,205,267
1066,337,207,268
1071,336,209,269
1076,335,211,270
1087,331,218,267
1097,332,214,266
1107,333,210,265
1117,334,206,264
1127,335,202,263
1137,336,198,262
1147,337,194,261
1157,338,190,260
1167,339,186,259
1177,340,182,258
1187,341,178,257
1197,342,174,256
1207,343,170,255
1217,344,166,254
1227,345,162,253
1244,341,157,257
1250,341,159,257
1256,341,161,257
1262,341,163,257
1268,341,165,257
1274,341,167,257
1280,341,169,257
1286,341,171,257
1292,341,173,257
1298,341,175,257
1304,341,177,257
1310,341,179,257
1316,341,181,257
1322,341,183,257
1328,341,185,257
1341,346,180,264
1328,345,182,265
1315,344,184,266
1302,343,186,267
1289,342,188,268
1276,341,190,269
1263,340,192,270
1250,339,194,271
1237,338,196,272
1224,337,198,273
1211,336,200,274
1198,335,202,275
1185,334,204,276
1172,333,206,277
1159,332,208,278
1150,328,208,274
