374,328,78,240
374,328,78,240
374,328,78,240
374,328,78,240
374,328,78,240
374,328,78,240
374,328,78,240
374,328,78,240
374,328,78,240
374,328,78,240
374,328,78,240
374,328,78,240
374,328,78,240
374,328,78,240
374,328,78,240
374,330,82,240
372,330,84,240
370,330,86,240
368,330,88,240
366,330,90,240
364,330,92,240
362,330,94,240
360,330,96,240
358,330,98,240
356,330,100,240
354,330,102,240
352,330,104,240
350,330,106,240
348,330,108,240
346,330,110,240
342,330,118,240
342,330,118,240
342,330,118,240
342,330,118,240
342,330,118,240
342,330,118,240
342,330,118,240
342,330,118,240
342,330,118,240
342,330,118,240
342,330,118,240
342,330,118,240
342,330,118,240
342,330,118,240
342,330,118,240
338,330,124,240
337,330,125,240
336,330,126,240
335,330,127,240
334,330,128,240
333,330,129,240
332,330,130,240
331,330,131,240
330,330,132,240
329,330,133,240
328,330,134,240
327,330,135,240
326,330,136,240
325,330,137,240
324,330,138,240
325,328,133,240
325,328,133,240
325,328,133,240
325,328,133,240
325,328,133,240
325,328,133,240
325,328,133,240
325,328,133,240
325,328,133,240
325,328,133,240
325,328,133,240
325,328,133,240
325,328,133,240
325,328,133,240
325,328,133,240
325,330,133,236
328,331,135,236
331,332,137,236
334,333,139,236
337,334,141,236
340,335,143,236
343,336,145,236
346,337,147,236
349,338,149,236
352,339,151,236
355,340,153,236
358,341,155,236
361,342,157,236
364,343,159,236
367,344,161,236
368,340,158,236
374,340,158,236
380,340,158,236
386,340,158,236
392,340,158,236
398,340,158,236
404,340,158,236
410,340,158,236
416,340,158,236
422,340,158,236
428,340,158,236
434,340,158,236
440,340,158,236
446,340,158,236
452,340,158,236
455,338,163,242
460,338,163,243
465,338,163,244
470,338,163,245
475,338,163,246
480,338,163,247
485,338,163,248
490,338,163,249
495,338,163,250
500,338,163,251
505,338,163,252
510,338,163,253
515,338,163,254
520,338,163,255
525,338,163,256
534,338,163,251
543,338,162,251
552,338,161,251
561,338,160,251
570,338,159,251
579,338,158,251
588,338,157,251
597,338,156,251
606,338,155,251
615,338,154,251
624,338,153,251
633,338,152,251
642,338,151,251
651,338,150,251
660,338,149,251
664,342,144,253
671,342,144,254
678,342,144,255
685,342,144,256
692,342,144,257
699,342,144,258
706,342,144,259
713,342,144,260
720,342,144,261
727,342,144,262
734,342,144,263
741,342,144,264
748,342,144,265
755,342,144,266
762,342,144,267
768,340,140,261
774,340,140,261
780,340,140,261
786,340,140,261
792,340,140,261
798,340,140,261
804,340,140,261
810,340,140,261
816,340,140,261
822,340,140,261
828,340,140,261
834,340,140,261
840,340,140,261
846,340,140,261
852,340,140,261
852,347,142,258
851,347,142,258
850,347,142,258
849,347,142,258
848,347,142,258
847,347,142,258
846,347,142,258
845,347,142,258
844,347,142,258
843,347,142,258
842,347,142,258
841,347,142,258
840,347,142,258
839,347,142,258
838,347,142,258
835,349,137,260
835,349,135,260
835,349,133,260
835,349,131,260
835,349,129,260
835,349,127,260
835,349,125,260
835,349,123,260
835,349,121,260
835,349,119,260
835,349,117,260
835,349,115,260
835,349,113,260
835,349,111,260
835,349,109,260
837,346,110,263
836,346,111,263
835,346,112,263
834,346,113,263
833,346,114,263
832,346,115,263
831,346,116,263
830,346,117,263
829,346,118,263
828,346,119,263
827,346,120,263
826,346,121,263
825,346,122,263
824,346,123,263
823,346,124,263
818,347,129,260
812,348,131,260
806,349,133,260
800,350,135,260
794,351,137,260
788,352,139,260
782,353,141,260
776,354,143,260
770,355,145,260
764,356,147,260
758,357,149,260
752,358,151,260
746,359,153,260
740,360,155,260
734,361,157,260
734,359,155,253
734,358,153,252
734,357,151,251
734,356,149,250
734,355,147,249
734,354,145,248
734,353,143,247
734,352,141,246
734,351,139,245
734,350,137,244
734,349,135,243
734,348,133,242
734,347,131,241
734,346,129,240
734,345,127,239
741,351,127,244
740,351,127,244
739,351,127,244
738,351,127,244
737,351,127,244
736,351,127,244
735,351,127,244
734,351,127,244
733,351,127,244
732,351,127,244
731,351,127,244
730,351,127,244
729,351,127,244
728,351,127,244
727,351,127,244
726,357,127,242
723,357,126,243
720,357,125,244
717,357,124,245
714,357,123,246
711,357,122,247
708,357,121,248
705,357,120,249
702,357,119,250
699,357,118,251
696,357,117,252
693,357,116,253
690,357,115,254
687,357,114,255
684,357,113,256
687,357,114,257
686,359,116,255
685,361,118,253
684,363,120,251
683,365,122,249
682,367,124,247
681,369,126,245
680,371,128,243
679,373,130,241
678,375,132,239
677,377,134,237
676,379,136,235
675,381,138,233
674,383,140,231
673,385,142,229
672,386,138,230
677,385,140,231
682,384,142,232
687,383,144,233
692,382,146,234
697,381,148,235
702,380,150,236
707,379,152,237
712,378,154,238
717,377,156,239
722,376,158,240
727,375,160,241
732,374,162,242
737,373,164,243
742,372,166,244
752,372,173,242
761,372,169,242
770,372,165,242
779,372,161,242
788,372,157,242
797,372,153,242
806,372,149,242
815,372,145,242
824,372,141,242
833,372,137,242
842,372,133,242
851,372,129,242
860,372,125,242
869,372,121,242
878,372,117,242
888,365,108,242
887,364,109,242
886,363,110,242
885,362,111,242
884,361,112,242
883,360,113,242
882,359,114,242
881,358,115,242
880,357,116,242
879,356,117,242
878,355,118,242
877,354,119,242
876,353,120,242
875,352,121,242
874,351,122,242
879,347,117,248
876,346,117,248
873,345,117,248
870,344,117,248
867,343,117,248
864,342,117,248
861,341,117,248
858,340,117,248
855,339,117,248
852,338,117,248
849,337,117,248
846,336,117,248
843,335,117,248
840,334,117,248
837,333,117,248
835,338,122,249
829,338,122,248
823,338,122,247
817,338,122,246
811,338,122,245
805,338,122,244
799,338,122,243
793,338,122,242
787,338,122,241
781,338,122,240
775,338,122,239
769,338,122,238
763,338,122,237
757,338,122,236
751,338,122,235
752,342,122,230
750,342,124,230
748,342,126,230
746,342,128,230
744,342,130,230
742,342,132,230
740,342,134,230
738,342,136,230
736,342,138,230
734,342,140,230
732,342,142,230
730,342,144,230
728,342,146,230
726,342,148,230
724,342,150,230
717,344,149,234
711,343,146,235
705,342,143,236
699,341,140,237
693,340,137,238
687,339,134,239
681,338,131,240
675,337,128,241
669,336,125,242
663,335,122,243
657,334,119,244
651,333,116,245
645,332,113,246
639,331,110,247
633,330,107,248
628,330,110,256
624,332,112,255
620,334,114,254
616,336,116,253
612,338,118,252
608,340,120,251
604,342,122,250
600,344,124,249
596,346,126,248
592,348,128,247
588,350,130,246
584,352,132,245
580,354,134,244
576,356,136,243
572,358,138,242
564,359,137,248
569,359,135,251
574,359,133,254
579,359,131,257
584,359,129,260
589,359,127,263
594,359,125,266
599,359,123,269
604,359,121,272
609,359,119,275
614,359,117,278
619,359,115,281
624,359,113,284
629,359,111,287
634,359,109,290
634,363,108,288
