1384,250,120,295
1384,250,120,295
1384,250,120,295
1384,250,120,295
1384,250,120,295
1384,250,120,295
1384,250,120,295
1384,250,120,295
1384,250,120,295
1384,250,120,295
1384,250,120,295
1384,250,120,295
1384,250,120,295
1384,250,120,295
1384,250,120,295
1382,248,113,291
1382,248,113,291
1382,248,113,291
1382,248,113,291
1382,248,113,291
1382,248,113,291
1382,248,113,291
1382,248,113,291
1382,248,113,291
1382,248,113,291
1382,248,113,291
1382,248,113,291
1382,248,113,291
1382,248,113,291
1382,248,113,291
1386,252,118,284
1385,252,119,284
1384,252,120,284
1383,252,121,284
1382,252,122,284
1381,252,123,284
1380,252,124,284
1379,252,125,284
1378,252,126,284
1377,252,127,284
1376,252,128,284
1375,252,129,284
1374,252,130,284
1373,252,131,284
1372,252,132,284
1366,254,138,287
1364,254,136,287
1362,254,134,287
1360,254,132,287
1358,254,130,287
1356,254,128,287
1354,254,126,287
1352,254,124,287
1350,254,122,287
1348,254,120,287
1346,254,118,287
1344,254,116,287
1342,254,114,287
1340,254,112,287
1338,254,110,287
1343,248,102,291
1337,249,104,291
1331,250,106,291
1325,251,108,291
1319,252,110,291
1313,253,112,291
1307,254,114,291
1301,255,116,291
1295,256,118,291
1289,257,120,291
1283,258,122,291
1277,259,124,291
1271,260,126,291
1265,261,128,291
1259,262,130,291
1258,256,135,291
1251,256,137,291
1244,256,139,291
1237,256,141,291
1230,256,143,291
1223,256,145,291
1216,256,147,291
1209,256,149,291
1202,256,151,291
1195,256,153,291
1188,256,155,291
1181,256,157,291
1174,256,159,291
1167,256,161,291
1160,256,163,291
1152,259,159,289
1146,259,158,290
1140,259,157,291
1134,259,156,292
1128,259,155,293
1122,259,154,294
1116,259,153,295
1110,259,152,296
1104,259,151,297
1098,259,150,298
1092,259,149,299
1086,259,148,300
1080,259,147,301
1074,259,146,302
1068,259,145,303
1066,252,139,298
1061,252,136,298
1056,252,133,298
1051,252,130,298
1046,252,127,298
1041,252,124,298
1036,252,121,298
1031,252,118,298
1026,252,115,298
1021,252,112,298
1016,252,109,298
1011,252,106,298
1006,252,103,298
1001,252,100,298
996,252,97,298
986,250,100,300
978,249,100,301
970,248,100,302
962,247,100,303
954,246,100,304
946,245,100,305
938,244,100,306
930,243,100,307
922,242,100,308
914,241,100,309
906,240,100,310
898,239,100,311
890,238,100,312
882,237,100,313
874,236,100,314
866,241,103,318
858,241,108,317
850,241,113,316
842,241,118,315
834,241,123,314
826,241,128,313
818,241,133,312
810,241,138,311
802,241,143,310
794,241,148,309
786,241,153,308
778,241,158,307
770,241,163,306
762,241,168,305
754,241,173,304
750,245,182,305
750,246,181,304
750,247,180,303
750,248,179,302
750,249,178,301
750,250,177,300
750,251,176,299
750,252,175,298
750,253,174,297
750,254,173,296
750,255,172,295
750,256,171,294
750,257,170,293
750,258,169,292
750,259,168,291
745,266,174,289
742,265,173,290
739,264,172,291
736,263,171,292
733,262,170,293
730,261,169,294
727,260,168,295
724,259,167,296
721,258,166,297
718,257,165,298
715,256,164,299
712,255,163,300
709,254,162,301
706,253,161,302
703,252,160,303
696,248,154,309
695,250,153,308
694,252,152,307
693,254,151,306
692,256,150,305
691,258,149,304
690,260,148,303
689,262,147,302
688,264,146,301
687,266,145,300
686,268,144,299
685,270,143,298
684,272,142,297
683,274,141,296
682,276,140,295
685,275,143,288
688,273,142,289
691,271,141,290
694,269,140,291
697,267,139,292
700,265,138,293
703,263,137,294
706,261,136,295
709,259,135,296
712,257,134,297
715,255,133,298
718,253,132,299
721,251,131,300
724,249,130,301
727,247,129,302
723,252,125,302
719,252,127,302
715,252,129,302
711,252,131,302
707,252,133,302
703,252,135,302
699,252,137,302
695,252,139,302
691,252,141,302
687,252,143,302
683,252,145,302
679,252,147,302
675,252,149,302
671,252,151,302
667,252,153,302
667,256,159,305
665,256,155,305
663,256,151,305
661,256,147,305
659,256,143,305
657,256,139,305
655,256,135,305
653,256,131,305
651,256,127,305
649,256,123,305
647,256,119,305
645,256,115,305
643,256,111,305
641,256,107,305
639,256,103,305
641,261,99,311
640,263,101,309
639,265,103,307
638,267,105,305
637,269,107,303
636,271,109,301
635,273,111,299
634,275,113,297
633,277,115,295
632,279,117,293
631,281,119,291
630,283,121,289
629,285,123,287
628,287,125,285
627,289,127,283
624,284,122,286
635,288,123,282
646,292,124,278
657,296,125,274
668,300,126,270
679,304,127,266
690,308,128,262
701,312,129,258
712,316,130,254
723,320,131,250
734,324,132,246
745,328,133,242
756,332,134,238
767,336,135,234
778,340,136,230
795,350,142,225
798,353,140,223
801,356,138,221
804,359,136,219
807,362,134,217
810,365,132,215
813,368,130,213
816,371,128,211
819,374,126,209
822,377,124,207
825,380,122,205
828,383,120,203
831,386,118,201
834,389,116,199
837,392,114,197
845,397,115,189
843,389,117,197
841,381,119,205
839,373,121,213
837,365,123,221
835,357,125,229
833,349,127,237
831,341,129,245
829,333,131,253
827,325,133,261
825,317,135,269
823,309,137,277
821,301,139,285
819,293,141,293
817,285,143,301
810,275,146,313
808,274,146,311
806,273,146,309
804,272,146,307
802,271,146,305
800,270,146,303
798,269,146,301
796,268,146,299
794,267,146,297
792,266,146,295
790,265,146,293
788,264,146,291
786,263,146,289
784,262,146,287
782,261,146,285
784,264,144,288
783,265,143,286
782,266,142,284
781,267,141,282
780,268,140,280
779,269,139,278
778,270,138,276
777,271,137,274
776,272,136,272
775,273,135,270
774,274,134,268
773,275,133,266
772,276,132,264
771,277,131,262
770,278,130,260
773,286,127,252
776,288,126,252
779,290,125,252
782,292,124,252
785,294,123,252
788,296,122,252
791,298,121,252
794,300,120,252
797,302,119,252
800,304,118,252
803,306,117,252
806,308,116,252
809,310,115,252
812,312,114,252
815,314,113,252
819,313,111,246
819,313,113,248
819,313,115,250
819,313,117,252
819,313,119,254
819,313,121,256
819,313,123,258
819,313,125,260
819,313,127,262
819,313,129,264
819,313,131,266
819,313,133,268
819,313,135,270
819,313,137,272
819,313,139,274
825,306,138,275
824,304,139,277
823,302,140,279
822,300,141,281
821,298,142,283
820,296,143,285
819,294,144,287
818,292,145,289
817,290,146,291
816,288,147,293
815,286,148,295
814,284,149,297
813,282,150,299
812,280,151,301
811,278,152,303
804,270,156,298
800,272,158,295
796,274,160,292
792,276,162,289
788,278,164,286
784,280,166,283
780,282,168,280
776,284,170,277
772,286,172,274
768,288,174,271
764,290,176,268
760,292,178,265
756,294,180,262
752,296,182,259
748,298,184,256
745,297,189,258
736,297,191,259
727,297,193,260
718,297,195,261
709,297,197,262
700,297,199,263
691,297,201,264
682,297,203,265
673,297,205,266
664,297,207,267
655,297,209,268
646,297,211,269
637,297,213,270
628,297,215,271
619,297,217,272
611,304,215,275
621,304,212,274
631,304,209,273
641,304,206,272
651,304,203,271
661,304,200,270
671,304,197,269
681,304,194,268
691,304,191,267
701,304,188,266
711,304,185,265
721,304,182,264
731,304,179,263
741,304,176,262
751,304,173,261
756,307,174,265
761,309,173,263
766,311,172,261
771,313,171,259
776,315,170,257
781,317,169,255
786,319,168,253
791,321,167,251
796,323,166,249
801,325,165,247
806,327,164,245
811,329,163,243
816,331,162,241
821,333,161,239
826,335,160,237
834,340,157,235
833,335,155,239
832,330,153,243
831,325,151,247
830,320,149,251
829,315,147,255
828,310,145,259
827,305,143,263
826,300,141,267
825,295,139,271
824,290,137,275
823,285,135,279
822,280,133,283
821,275,131,287
820,270,129,291
821,272,122,289
