400,315,79,244
398,315,81,244
396,315,83,244
394,315,85,244
392,315,87,244
390,315,89,244
388,315,91,244
386,315,93,244
384,315,95,244
382,315,97,244
380,315,99,244
378,315,101,244
376,315,103,244
374,315,105,244
372,315,107,244
367,322,115,239
366,322,116,238
365,322,117,237
364,322,118,236
363,322,119,235
362,322,120,234
361,322,121,233
360,322,122,232
359,322,123,231
358,322,124,230
357,322,125,229
356,322,126,228
355,322,127,227
354,322,128,226
353,322,129,225
354,324,125,230
354,324,125,230
354,324,125,230
354,324,125,230
354,324,125,230
354,324,125,230
354,324,125,230
354,324,125,230
354,324,125,230
354,324,125,230
354,324,125,230
354,324,125,230
354,324,125,230
354,324,125,230
354,324,125,230
356,326,125,233
359,326,127,233
362,326,129,233
365,326,131,233
368,326,133,233
371,326,135,233
374,326,137,233
377,326,139,233
380,326,141,233
383,326,143,233
386,326,145,233
389,326,147,233
392,326,149,233
395,326,151,233
398,326,153,233
396,332,149,229
404,331,148,231
412,330,147,233
420,329,146,235
428,328,145,237
436,327,144,239
444,326,143,241
452,325,142,243
460,324,141,245
468,323,140,247
476,322,139,249
484,321,138,251
492,320,137,253
500,319,136,255
508,318,135,257
520,324,132,253
529,323,132,253
538,322,132,253
547,321,132,253
556,320,132,253
565,319,132,253
574,318,132,253
583,317,132,253
592,316,132,253
601,315,132,253
610,314,132,253
619,313,132,253
628,312,132,253
637,311,132,253
646,310,132,253
653,315,132,258
663,315,132,259
673,315,132,260
683,315,132,261
693,315,132,262
703,315,132,263
713,315,132,264
723,315,132,265
733,315,132,266
743,315,132,267
753,315,132,268
763,315,132,269
773,315,132,270
783,315,132,271
793,315,132,272
798,315,134,276
805,315,132,275
812,315,130,274
819,315,128,273
826,315,126,272
833,315,124,271
840,315,122,270
847,315,120,269
854,315,118,268
861,315,116,267
868,315,114,266
875,315,112,265
882,315,110,264
889,315,108,263
896,315,106,262
897,317,105,262
895,317,107,263
893,317,109,264
891,317,111,265
889,317,113,266
887,317,115,267
885,317,117,268
883,317,119,269
881,317,121,270
879,317,123,271
877,317,125,272
875,317,127,273
873,317,129,274
871,317,131,275
869,317,133,276
862,324,140,271
863,324,138,270
864,324,136,269
865,324,134,268
866,324,132,267
867,324,130,266
868,324,128,265
869,324,126,264
870,324,124,263
871,324,122,262
872,324,120,261
873,324,118,260
874,324,116,259
875,324,114,258
876,324,112,257
870,324,104,259
862,325,107,259
854,326,110,259
846,327,113,259
838,328,116,259
830,329,119,259
822,330,122,259
814,331,125,259
806,332,128,259
798,333,131,259
790,334,134,259
782,335,137,259
774,336,140,259
766,337,143,259
758,338,146,259
756,338,153,257
757,338,151,256
758,338,149,255
759,338,147,254
760,338,145,253
761,338,143,252
762,338,141,251
763,338,139,250
764,338,137,249
765,338,135,248
766,338,133,247
767,338,131,246
768,338,129,245
769,338,127,244
770,338,125,243
771,336,129,247
768,336,127,247
765,336,125,247
762,336,123,247
759,336,121,247
756,336,119,247
753,336,117,247
750,336,115,247
747,336,113,247
744,336,111,247
741,336,109,247
738,336,107,247
735,336,105,247
732,336,103,247
729,336,101,247
727,336,98,251
725,337,102,251
723,338,106,251
721,339,110,251
719,340,114,251
717,341,118,251
715,342,122,251
713,343,126,251
711,344,130,251
709,345,134,251
707,346,138,251
705,347,142,251
703,348,146,251
701,349,150,251
699,350,154,251
699,352,155,254
703,352,158,254
707,352,161,254
711,352,164,254
715,352,167,254
719,352,170,254
723,352,173,254
727,352,176,254
731,352,179,254
735,352,182,254
739,352,185,254
743,352,188,254
747,352,191,254
751,352,194,254
755,352,197,254
760,356,197,248
771,353,192,249
782,350,187,250
793,347,182,251
804,344,177,252
815,341,172,253
826,338,167,254
837,335,162,255
848,332,157,256
859,329,152,257
870,326,147,258
881,323,142,259
892,320,137,260
903,317,132,261
914,314,127,262
918,315,123,270
916,315,122,270
914,315,121,270
912,315,120,270
910,315,119,270
908,315,118,270
906,315,117,270
904,315,116,270
902,315,115,270
900,315,114,270
898,315,113,270
896,315,112,270
894,315,111,270
892,315,110,270
890,315,109,270
893,311,102,270
885,311,105,269
877,311,108,268
869,311,111,267
861,311,114,266
853,311,117,265
845,311,120,264
837,311,123,263
829,311,126,262
821,311,129,261
813,311,132,260
805,311,135,259
797,311,138,258
789,311,141,257
781,311,144,256
771,307,151,256
770,308,149,255
769,309,147,254
768,310,145,253
767,311,143,252
766,312,141,251
765,313,139,250
764,314,137,249
763,315,135,248
762,316,133,247
761,317,131,246
760,318,129,245
759,319,127,244
758,320,125,243
757,321,123,242
761,324,125,241
752,324,123,243
743,324,121,245
734,324,119,247
725,324,117,249
716,324,115,251
707,324,113,253
698,324,111,255
689,324,109,257
680,324,107,259
671,324,105,261
662,324,103,263
653,324,101,265
644,324,99,267
635,324,97,269
624,322,98,265
622,325,99,264
620,328,100,263
618,331,101,262
616,334,102,261
614,337,103,260
612,340,104,259
610,343,105,258
608,346,106,257
606,349,107,256
604,352,108,255
602,355,109,254
600,358,110,253
598,361,111,252
596,364,112,251
592,367,111,247
598,366,109,251
604,365,107,255
610,364,105,259
616,363,103,263
622,362,101,267
628,361,99,271
634,360,97,275
640,359,95,279
646,358,93,283
652,357,91,287
658,356,89,291
664,355,87,295
670,354,85,299
676,353,83,303
685,346,83,301
685,346,85,299
685,346,87,297
685,346,89,295
685,346,91,293
685,346,93,291
685,346,95,289
685,346,97,287
685,346,99,285
685,346,101,283
685,346,103,281
685,346,105,279
685,346,107,277
685,346,109,275
685,346,111,273
687,352,110,276
