1674,242,143,359
1674,242,142,359
1674,242,141,359
1674,242,140,359
1674,242,139,359
1674,242,138,359
1674,242,137,359
1674,242,136,359
1674,242,135,359
1674,242,134,359
1674,242,133,359
1674,242,132,359
1674,242,131,359
1674,242,130,359
1674,242,129,359
1676,248,133,355
1676,248,134,355
1676,248,135,355
1676,248,136,355
1676,248,137,355
1676,248,138,355
1676,248,139,355
1676,248,140,355
1676,248,141,355
1676,248,142,355
1676,248,143,355
1676,248,144,355
1676,248,145,355
1676,248,146,355
1676,248,147,355
1670,248,147,351
1670,248,147,351
1670,248,147,351
1670,248,147,351
1670,248,147,351
1670,248,147,351
1670,248,147,351
1670,248,147,351
1670,248,147,351
1670,248,147,351
1670,248,147,351
1670,248,147,351
1670,248,147,351
1670,248,147,351
1670,248,147,351
1667,248,148,351
1664,247,147,351
1661,246,146,351
1658,245,145,351
1655,244,144,351
1652,243,143,351
1649,242,142,351
1646,241,141,351
1643,240,140,351
1640,239,139,351
1637,238,138,351
1634,237,137,351
1631,236,136,351
1628,235,135,351
1625,234,134,351
1621,240,129,356
1613,240,132,356
1605,240,135,356
1597,240,138,356
1589,240,141,356
1581,240,144,356
1573,240,147,356
1565,240,150,356
1557,240,153,356
1549,240,156,356
1541,240,159,356
1533,240,162,356
1525,240,165,356
1517,240,168,356
1509,240,171,356
1505,237,177,353
1498,237,176,353
1491,237,175,353
1484,237,174,353
1477,237,173,353
1470,237,172,353
1463,237,171,353
1456,237,170,353
1449,237,169,353
1442,237,168,353
1435,237,167,353
1428,237,166,353
1421,237,165,353
1414,237,164,353
1407,237,163,353
1407,235,167,357
1402,234,164,358
1397,233,161,359
1392,232,158,360
1387,231,155,361
1382,230,152,362
1377,229,149,363
1372,228,146,364
1367,227,143,365
1362,226,140,366
1357,225,137,367
1352,224,134,368
1347,223,131,369
1342,222,128,370
1337,221,125,371
1330,216,126,370
1323,216,125,370
1316,216,124,370
1309,216,123,370
1302,216,122,370
1295,216,121,370
1288,216,120,370
1281,216,119,370
1274,216,118,370
1267,216,117,370
1260,216,116,370
1253,216,115,370
1246,216,114,370
1239,216,113,370
1232,216,112,370
1218,214,106,365
1208,213,106,365
1198,212,106,365
1188,211,106,365
1178,210,106,365
1168,209,106,365
1158,208,106,365
1148,207,106,365
1138,206,106,365
1128,205,106,365
1118,204,106,365
1108,203,106,365
1098,202,106,365
1088,201,106,365
1078,200,106,365
1069,203,106,370
1060,203,111,371
1051,203,116,372
1042,203,121,373
1033,203,126,374
1024,203,131,375
1015,203,136,376
1006,203,141,377
997,203,146,378
988,203,151,379
979,203,156,380
970,203,161,381
961,203,166,382
952,203,171,383
943,203,176,384
933,199,188,378
931,199,188,377
929,199,188,376
927,199,188,375
925,199,188,374
923,199,188,373
921,199,188,372
919,199,188,371
917,199,188,370
915,199,188,369
913,199,188,368
911,199,188,367
909,199,188,366
907,199,188,365
905,199,188,364
905,205,183,361
902,204,182,363
899,203,181,365
896,202,180,367
893,201,179,369
890,200,178,371
887,199,177,373
884,198,176,375
881,197,175,377
878,196,174,379
875,195,173,381
872,194,172,383
869,193,171,385
866,192,170,387
863,191,169,389
863,195,165,389
864,197,162,387
865,199,159,385
866,201,156,383
867,203,153,381
868,205,150,379
869,207,147,377
870,209,144,375
871,211,141,373
872,213,138,371
873,215,135,369
874,217,132,367
875,219,129,365
876,221,126,363
877,223,123,361
874,227,117,357
873,226,119,358
872,225,121,359
871,224,123,360
870,223,125,361
869,222,127,362
868,221,129,363
867,220,131,364
866,219,133,365
865,218,135,366
864,217,137,367
863,216,139,368
862,215,141,369
861,214,143,370
860,213,145,371
859,205,152,374
854,204,155,374
849,203,158,374
844,202,161,374
839,201,164,374
834,200,167,374
829,199,170,374
824,198,173,374
819,197,176,374
814,196,179,374
809,195,182,374
804,194,185,374
799,193,188,374
794,192,191,374
789,191,194,374
786,195,190,380
783,195,186,380
780,195,182,380
777,195,178,380
774,195,174,380
771,195,170,380
768,195,166,380
765,195,162,380
762,195,158,380
759,195,154,380
756,195,150,380
753,195,146,380
750,195,142,380
747,195,138,380
744,195,134,380
745,199,137,385
741,201,143,384
737,203,149,383
733,205,155,382
729,207,161,381
725,209,167,380
721,211,173,379
717,213,179,378
713,215,185,377
709,217,191,376
705,219,197,375
701,221,203,374
697,223,209,373
693,225,215,372
689,227,221,371
681,229,220,365
697,234,216,360
713,239,212,355
729,244,208,350
745,249,204,345
761,254,200,340
777,259,196,335
793,264,192,330
809,269,188,325
825,274,184,320
841,279,180,315
857,284,176,310
873,289,172,305
889,294,168,300
905,299,164,295
927,306,154,284
931,311,154,281
935,316,154,278
939,321,154,275
943,326,154,272
947,331,154,269
951,336,154,266
955,341,154,263
959,346,154,260
963,351,154,257
967,356,154,254
971,361,154,251
975,366,154,248
979,371,154,245
983,376,154,242
984,387,161,239
984,377,161,249
984,367,161,259
984,357,161,269
984,347,161,279
984,337,161,289
984,327,161,299
984,317,161,309
984,307,161,319
984,297,161,329
984,287,161,339
984,277,161,349
984,267,161,359
984,257,161,369
984,247,161,379
981,231,161,395
978,230,162,393
975,229,163,391
972,228,164,389
969,227,165,387
966,226,166,385
963,225,167,383
960,224,168,381
957,223,169,379
954,222,170,377
951,221,171,375
948,220,172,373
945,219,173,371
942,218,174,369
939,217,175,367
942,222,170,370
941,223,169,367
940,224,168,364
939,225,167,361
938,226,166,358
937,227,165,355
936,228,164,352
935,229,163,349
934,230,162,346
933,231,161,343
932,232,160,340
931,233,159,337
930,234,158,334
929,235,157,331
928,236,156,328
922,233,150,327
926,235,149,327
930,237,148,327
934,239,147,327
938,241,146,327
942,243,145,327
946,245,144,327
950,247,143,327
954,249,142,327
958,251,141,327
962,253,140,327
966,255,139,327
970,257,138,327
974,259,137,327
978,261,136,327
988,267,135,334
989,268,136,334
990,269,137,334
991,270,138,334
992,271,139,334
993,272,140,334
994,273,141,334
995,274,142,334
996,275,143,334
997,276,144,334
998,277,145,334
999,278,146,334
1000,279,147,334
1001,280,148,334
1002,281,149,334
1010,280,146,331
1009,276,146,334
1008,272,146,337
1007,268,146,340
1006,264,146,343
1005,260,146,346
1004,256,146,349
1003,252,146,352
1002,248,146,355
1001,244,146,358
1000,240,146,361
999,236,146,364
998,232,146,367
997,228,146,370
996,224,146,373
990,216,150,376
984,218,155,374
978,220,160,372
972,222,165,370
966,224,170,368
960,226,175,366
954,228,180,364
948,230,185,362
942,232,190,360
936,234,195,358
930,236,200,356
924,238,205,354
918,240,210,352
912,242,215,350
906,244,220,348
900,242,218,348
889,243,221,347
878,244,224,346
867,245,227,345
856,246,230,344
845,247,233,343
834,248,236,342
823,249,239,341
812,250,242,340
801,251,245,339
790,252,248,338
779,253,251,337
768,254,254,336
757,255,257,335
746,256,260,334
732,259,270,331
742,260,266,331
752,261,262,331
762,262,258,331
772,263,254,331
782,264,250,331
792,265,246,331
802,266,242,331
812,267,238,331
822,268,234,331
832,269,230,331
842,270,226,331
852,271,222,331
862,272,218,331
872,273,214,331
883,272,209,331
889,275,210,328
895,278,211,325
901,281,212,322
907,284,213,319
913,287,214,316
919,290,215,313
925,293,216,310
931,296,217,307
937,299,218,304
943,302,219,301
949,305,220,298
955,308,221,295
961,311,222,292
967,314,223,289
966,315,229,292
970,310,224,297
974,305,219,302
978,300,214,307
982,295,209,312
986,290,204,317
990,285,199,322
994,280,194,327
998,275,189,332
1002,270,184,337
1006,265,179,342
1010,260,174,347
1014,255,169,352
1018,250,164,357
1022,245,159,362
1019,233,161,368
