165,260,137,315
165,260,138,315
165,260,139,315
165,260,140,315
165,260,141,315
165,260,142,315
165,260,143,315
165,260,144,315
165,260,145,315
165,260,146,315
165,260,147,315
165,260,148,315
165,260,149,315
165,260,150,315
165,260,151,315
159,264,149,309
158,264,149,309
157,264,149,309
156,264,149,309
155,264,149,309
154,264,149,309
153,264,149,309
152,264,149,309
151,264,149,309
150,264,149,309
149,264,149,309
148,264,149,309
147,264,149,309
146,264,149,309
145,264,149,309
140,271,145,307
140,271,143,307
140,271,141,307
140,271,139,307
140,271,137,307
140,271,135,307
140,271,133,307
140,271,131,307
140,271,129,307
140,271,127,307
140,271,125,307
140,271,123,307
140,271,121,307
140,271,119,307
140,271,117,307
144,276,108,313
144,276,108,316
144,276,108,319
144,276,108,322
144,276,108,325
144,276,108,328
144,276,108,331
144,276,108,334
144,276,108,337
144,276,108,340
144,276,108,343
144,276,108,346
144,276,108,349
144,276,108,352
144,276,108,355
144,276,108,352
142,277,110,352
140,278,112,352
138,279,114,352
136,280,116,352
134,281,118,352
132,282,120,352
130,283,122,352
128,284,124,352
126,285,126,352
124,286,128,352
122,287,130,352
120,288,132,352
118,289,134,352
116,290,136,352
117,296,135,348
117,296,138,348
117,296,141,348
117,296,144,348
117,296,147,348
117,296,150,348
117,296,153,348
117,296,156,348
117,296,159,348
117,296,162,348
117,296,165,348
117,296,168,348
117,296,171,348
117,296,174,348
117,296,177,348
115,298,177,344
118,297,175,344
121,296,173,344
124,295,171,344
127,294,169,344
130,293,167,344
133,292,165,344
136,291,163,344
139,290,161,344
142,289,159,344
145,288,157,344
148,287,155,344
151,286,153,344
154,285,151,344
157,284,149,344
154,289,140,350
156,289,139,352
158,289,138,354
160,289,137,356
162,289,136,358
164,289,135,360
166,289,134,362
168,289,133,364
170,289,132,366
172,289,131,368
174,289,130,370
176,289,129,372
178,289,128,374
180,289,127,376
182,289,126,378
186,287,124,377
189,287,125,377
192,287,126,377
195,287,127,377
198,287,128,377
201,287,129,377
204,287,130,377
207,287,131,377
210,287,132,377
213,287,133,377
216,287,134,377
219,287,135,377
222,287,136,377
225,287,137,377
228,287,138,377
230,289,135,373
231,290,136,372
232,291,137,371
233,292,138,370
234,293,139,369
235,294,140,368
236,295,141,367
237,296,142,366
238,297,143,365
239,298,144,364
240,299,145,363
241,300,146,362
242,301,147,361
243,302,148,360
244,303,149,359
242,301,156,361
246,301,157,362
250,301,158,363
254,301,159,364
258,301,160,365
262,301,161,366
266,301,162,367
270,301,163,368
274,301,164,369
278,301,165,370
282,301,166,371
286,301,167,372
290,301,168,373
294,301,169,374
298,301,170,375
309,294,175,380
314,294,173,380
319,294,171,380
324,294,169,380
329,294,167,380
334,294,165,380
339,294,163,380
344,294,161,380
349,294,159,380
354,294,157,380
359,294,155,380
364,294,153,380
369,294,151,380
374,294,149,380
379,294,147,380
385,294,141,386
390,294,138,389
395,294,135,392
400,294,132,395
405,294,129,398
410,294,126,401
415,294,123,404
420,294,120,407
425,294,117,410
430,294,114,413
435,294,111,416
440,294,108,419
445,294,105,422
450,294,102,425
455,294,99,428
454,294,99,432
457,294,105,429
460,294,111,426
463,294,117,423
466,294,123,420
469,294,129,417
472,294,135,414
475,294,141,411
478,294,147,408
481,294,153,405
484,294,159,402
487,294,165,399
490,294,171,396
493,294,177,393
496,294,183,390
492,296,195,380
493,296,194,380
494,296,193,380
495,296,192,380
496,296,191,380
497,296,190,380
498,296,189,380
499,296,188,380
500,296,187,380
501,296,186,380
502,296,185,380
503,296,184,380
504,296,183,380
505,296,182,380
506,296,181,380
500,298,185,373
489,299,184,375
478,300,183,377
467,301,182,379
456,302,181,381
445,303,180,383
434,304,179,385
423,305,178,387
412,306,177,389
401,307,176,391
390,308,175,393
379,309,174,395
368,310,173,397
357,311,172,399
346,312,171,401
332,317,175,402
324,317,175,399
316,317,175,396
308,317,175,393
300,317,175,390
292,317,175,387
284,317,175,384
276,317,175,381
268,317,175,378
260,317,175,375
252,317,175,372
244,317,175,369
236,317,175,366
228,317,175,363
220,317,175,360
205,319,170,352
207,319,173,356
209,319,176,360
211,319,179,364
213,319,182,368
215,319,185,372
217,319,188,376
219,319,191,380
221,319,194,384
223,319,197,388
225,319,200,392
227,319,203,396
229,319,206,400
231,319,209,404
233,319,212,408
230,319,208,405
233,319,206,405
236,319,204,405
239,319,202,405
242,319,200,405
245,319,198,405
248,319,196,405
251,319,194,405
254,319,192,405
257,319,190,405
260,319,188,405
263,319,186,405
266,319,184,405
269,319,182,405
272,319,180,405
280,326,175,400
278,328,177,402
276,330,179,404
274,332,181,406
272,334,183,408
270,336,185,410
268,338,187,412
266,340,189,414
264,342,191,416
262,344,193,418
260,346,195,420
258,348,197,422
256,350,199,424
254,352,201,426
252,354,203,428
257,351,210,423
258,351,207,421
259,351,204,419
260,351,201,417
261,351,198,415
262,351,195,413
263,351,192,411
264,351,189,409
265,351,186,407
266,351,183,405
267,351,180,403
268,351,177,401
269,351,174,399
270,351,171,397
271,351,168,395
278,355,160,389
277,354,166,388
276,353,172,387
275,352,178,386
274,351,184,385
273,350,190,384
272,349,196,383
271,348,202,382
270,347,208,381
269,346,214,380
268,345,220,379
267,344,226,378
266,343,232,377
265,342,238,376
264,341,244,375
265,335,244,380
268,335,242,380
271,335,240,380
274,335,238,380
277,335,236,380
280,335,234,380
283,335,232,380
286,335,230,380
289,335,228,380
292,335,226,380
295,335,224,380
298,335,222,380
301,335,220,380
304,335,218,380
307,335,216,380
305,328,208,378
297,329,208,378
289,330,208,378
281,331,208,378
273,332,208,378
265,333,208,378
257,334,208,378
249,335,208,378
241,336,208,378
233,337,208,378
225,338,208,378
217,339,208,378
209,340,208,378
201,341,208,378
193,342,208,378
180,346,204,382
179,347,204,382
178,348,204,382
177,349,204,382
176,350,204,382
175,351,204,382
174,352,204,382
173,353,204,382
172,354,204,382
171,355,204,382
170,356,204,382
169,357,204,382
168,358,204,382
167,359,204,382
166,360,204,382
163,358,206,379
161,361,210,378
159,364,214,377
157,367,218,376
155,370,222,375
153,373,226,374
151,376,230,373
149,379,234,372
147,382,238,371
145,385,242,370
143,388,246,369
141,391,250,368
139,394,254,367
137,397,258,366
135,400,262,365
140,401,273,364
136,402,277,363
132,403,281,362
128,404,285,361
124,405,289,360
120,406,293,359
116,407,297,358
112,408,301,357
108,409,305,356
104,410,309,355
100,411,313,354
96,412,317,353
92,413,321,352
88,414,325,351
84,415,329,350
85,410,332,355
88,409,327,355
91,408,322,355
94,407,317,355
97,406,312,355
100,405,307,355
103,404,302,355
106,403,297,355
109,402,292,355
112,401,287,355
115,400,282,355
118,399,277,355
121,398,272,355
124,397,267,355
127,396,262,355
125,397,257,361
122,399,262,358
119,401,267,355
116,403,272,352
113,405,277,349
110,407,282,346
107,409,287,343
104,411,292,340
101,413,297,337
98,415,302,334
95,417,307,331
92,419,312,328
89,421,317,325
86,423,322,322
83,425,327,319
79,433,330,311
79,433,329,312
79,433,328,313
79,433,327,314
79,433,326,315
79,433,325,316
79,433,324,317
79,433,323,318
79,433,322,319
79,433,321,320
79,433,320,321
79,433,319,322
79,433,318,323
79,433,317,324
79,433,316,325
77,428,313,325
