405,342,131,279
404,342,132,279
403,342,133,279
402,342,134,279
401,342,135,279
400,342,136,279
399,342,137,279
398,342,138,279
397,342,139,279
396,342,140,279
395,342,141,279
394,342,142,279
393,342,143,279
392,342,144,279
391,342,145,279
392,342,141,283
392,343,139,284
392,344,137,285
392,345,135,286
392,346,133,287
392,347,131,288
392,348,129,289
392,349,127,290
392,350,125,291
392,351,123,292
392,352,121,293
392,353,119,294
392,354,117,295
392,355,115,296
392,356,113,297
388,350,116,295
388,350,115,297
388,350,114,299
388,350,113,301
388,350,112,303
388,350,111,305
388,350,110,307
388,350,109,309
388,350,108,311
388,350,107,313
388,350,106,315
388,350,105,317
388,350,104,319
388,350,103,321
388,350,102,323
392,355,97,324
390,356,99,324
388,357,101,324
386,358,103,324
384,359,105,324
382,360,107,324
380,361,109,324
378,362,111,324
376,363,113,324
374,364,115,324
372,365,117,324
370,366,119,324
368,367,121,324
366,368,123,324
364,369,125,324
365,370,131,322
367,370,132,322
369,370,133,322
371,370,134,322
373,370,135,322
375,370,136,322
377,370,137,322
379,370,138,322
381,370,139,322
383,370,140,322
385,370,141,322
387,370,142,322
389,370,143,322
391,370,144,322
393,370,145,322
394,370,142,316
397,370,139,317
400,370,136,318
403,370,133,319
406,370,130,320
409,370,127,321
412,370,124,322
415,370,121,323
418,370,118,324
421,370,115,325
424,370,112,326
427,370,109,327
430,370,106,328
433,370,103,329
436,370,100,330
443,364,104,328
445,365,106,328
447,366,108,328
449,367,110,328
451,368,112,328
453,369,114,328
455,370,116,328
457,371,118,328
459,372,120,328
461,373,122,328
463,374,124,328
465,375,126,328
467,376,128,328
469,377,130,328
471,378,132,328
477,374,130,332
480,374,134,332
483,374,138,332
486,374,142,332
489,374,146,332
492,374,150,332
495,374,154,332
498,374,158,332
501,374,162,332
504,374,166,332
507,374,170,332
510,374,174,332
513,374,178,332
516,374,182,332
519,374,186,332
521,374,184,325
527,373,181,326
533,372,178,327
539,371,175,328
545,370,172,329
551,369,169,330
557,368,166,331
563,367,163,332
569,366,160,333
575,365,157,334
581,364,154,335
587,363,151,336
593,362,148,337
599,361,145,338
605,360,142,339
617,366,136,344
622,366,135,345
627,366,134,346
632,366,133,347
637,366,132,348
642,366,131,349
647,366,130,350
652,366,129,351
657,366,128,352
662,366,127,353
667,366,126,354
672,366,125,355
677,366,124,356
682,366,123,357
687,366,122,358
686,366,128,352
689,366,132,351
692,366,136,350
695,366,140,349
698,366,144,348
701,366,148,347
704,366,152,346
707,366,156,345
710,366,160,344
713,366,164,343
716,366,168,342
719,366,172,341
722,366,176,340
725,366,180,339
728,366,184,338
735,364,183,341
727,365,182,342
719,366,181,343
711,367,180,344
703,368,179,345
695,369,178,346
687,370,177,347
679,371,176,348
671,372,175,349
663,373,174,350
655,374,173,351
647,375,172,352
639,376,171,353
631,377,170,354
623,378,169,355
617,379,163,351
603,380,165,350
589,381,167,349
575,382,169,348
561,383,171,347
547,384,173,346
533,385,175,345
519,386,177,344
505,387,179,343
491,388,181,342
477,389,183,341
463,390,185,340
449,391,187,339
435,392,189,338
421,393,191,337
414,392,200,338
419,392,199,339
424,392,198,340
429,392,197,341
434,392,196,342
439,392,195,343
444,392,194,344
449,392,193,345
454,392,192,346
459,392,191,347
464,392,190,348
469,392,189,349
474,392,188,350
479,392,187,351
484,392,186,352
488,392,190,355
489,393,191,357
490,394,192,359
491,395,193,361
492,396,194,363
493,397,195,365
494,398,196,367
495,399,197,369
496,400,198,371
497,401,199,373
498,402,200,375
499,403,201,377
500,404,202,379
501,405,203,381
502,406,204,383
499,409,201,381
501,410,197,379
503,411,193,377
505,412,189,375
507,413,185,373
509,414,181,371
511,415,177,369
513,416,173,367
515,417,169,365
517,418,165,363
519,419,161,361
521,420,157,359
523,421,153,357
525,422,149,355
527,423,145,353
528,418,146,353
529,417,150,351
530,416,154,349
531,415,158,347
532,414,162,345
533,413,166,343
534,412,170,341
535,411,174,339
536,410,178,337
537,409,182,335
538,408,186,333
539,407,190,331
540,406,194,329
541,405,198,327
542,404,202,325
548,409,203,323
542,410,206,323
536,411,209,323
530,412,212,323
524,413,215,323
518,414,218,323
512,415,221,323
506,416,224,323
500,417,227,323
494,418,230,323
488,419,233,323
482,420,236,323
476,421,239,323
470,422,242,323
464,423,245,323
465,420,246,322
461,421,243,323
457,422,240,324
453,423,237,325
449,424,234,326
445,425,231,327
441,426,228,328
437,427,225,329
433,428,222,330
429,429,219,331
425,430,216,332
421,431,213,333
417,432,210,334
413,433,207,335
409,434,204,336
403,431,199,337
400,433,206,337
397,435,213,337
394,437,220,337
391,439,227,337
388,441,234,337
385,443,241,337
382,445,248,337
379,447,255,337
376,449,262,337
373,451,269,337
370,453,276,337
367,455,283,337
364,457,290,337
361,459,297,337
354,463,299,332
353,463,297,332
352,463,295,332
351,463,293,332
350,463,291,332
349,463,289,332
348,463,287,332
347,463,285,332
346,463,283,332
345,463,281,332
344,463,279,332
343,463,277,332
342,463,275,332
341,463,273,332
340,463,271,332
339,470,275,327
339,471,277,324
339,472,279,321
339,473,281,318
339,474,283,315
339,475,285,312
339,476,287,309
339,477,289,306
339,478,291,303
339,479,293,300
339,480,295,297
339,481,297,294
339,482,299,291
339,483,301,288
339,484,303,285
343,489,304,288
343,490,303,287
343,491,302,286
343,492,301,285
343,493,300,284
343,494,299,283
343,495,298,282
343,496,297,281
343,497,296,280
343,498,295,279
343,499,294,278
343,500,293,277
343,501,292,276
343,502,291,275
343,503,290,274
337,498,288,277
