412,344,114,280
412,344,115,280
412,344,116,280
412,344,117,280
412,344,118,280
412,344,119,280
412,344,120,280
412,344,121,280
412,344,122,280
412,344,123,280
412,344,124,280
412,344,125,280
412,344,126,280
412,344,127,280
412,344,128,280
405,348,124,280
405,348,124,280
405,348,124,280
405,348,124,280
405,348,124,280
405,348,124,280
405,348,124,280
405,348,124,280
405,348,124,280
405,348,124,280
405,348,124,280
405,348,124,280
405,348,124,280
405,348,124,280
405,348,124,280
402,346,124,276
401,347,124,276
400,348,124,276
399,349,124,276
398,350,124,276
397,351,124,276
396,352,124,276
395,353,124,276
394,354,124,276
393,355,124,276
392,356,124,276
391,357,124,276
390,358,124,276
389,359,124,276
388,360,124,276
391,355,128,269
392,355,126,270
393,355,124,271
394,355,122,272
395,355,120,273
396,355,118,274
397,355,116,275
398,355,114,276
399,355,112,277
400,355,110,278
401,355,108,279
402,355,106,280
403,355,104,281
404,355,102,282
405,355,100,283
400,357,102,290
400,357,102,291
400,357,102,292
400,357,102,293
400,357,102,294
400,357,102,295
400,357,102,296
400,357,102,297
400,357,102,298
400,357,102,299
400,357,102,300
400,357,102,301
400,357,102,302
400,357,102,303
400,357,102,304
393,361,102,309
392,362,103,309
391,363,104,309
390,364,105,309
389,365,106,309
388,366,107,309
387,367,108,309
386,368,109,309
385,369,110,309
384,370,111,309
383,371,112,309
382,372,113,309
381,373,114,309
380,374,115,309
379,375,116,309
378,375,117,305
378,375,119,305
378,375,121,305
378,375,123,305
378,375,125,305
378,375,127,305
378,375,129,305
378,375,131,305
378,375,133,305
378,375,135,305
378,375,137,305
378,375,139,305
378,375,141,305
378,375,143,305
378,375,145,305
374,378,148,305
376,378,147,305
378,378,146,305
380,378,145,305
382,378,144,305
384,378,143,305
386,378,142,305
388,378,141,305
390,378,140,305
392,378,139,305
394,378,138,305
396,378,137,305
398,378,136,305
400,378,135,305
402,378,134,305
409,371,128,309
411,371,126,311
413,371,124,313
415,371,122,315
417,371,120,317
419,371,118,319
421,371,116,321
423,371,114,323
425,371,112,325
427,371,110,327
429,371,108,329
431,371,106,331
433,371,104,333
435,371,102,335
437,371,100,337
445,365,97,334
447,366,100,334
449,367,103,334
451,368,106,334
453,369,109,334
455,370,112,334
457,371,115,334
459,372,118,334
461,373,121,334
463,374,124,334
465,375,127,334
467,376,130,334
469,377,133,334
471,378,136,334
473,379,139,334
474,377,135,329
477,377,133,329
480,377,131,329
483,377,129,329
486,377,127,329
489,377,125,329
492,377,123,329
495,377,121,329
498,377,119,329
501,377,117,329
504,377,115,329
507,377,113,329
510,377,111,329
513,377,109,329
516,377,107,329
514,380,108,328
517,380,111,328
520,380,114,328
523,380,117,328
526,380,120,328
529,380,123,328
532,380,126,328
535,380,129,328
538,380,132,328
541,380,135,328
544,380,138,328
547,380,141,328
550,380,144,328
553,380,147,328
556,380,150,328
554,386,153,332
559,385,151,333
564,384,149,334
569,383,147,335
574,382,145,336
579,381,143,337
584,380,141,338
589,379,139,339
594,378,137,340
599,377,135,341
604,376,133,342
609,375,131,343
614,374,129,344
619,373,127,345
624,372,125,346
628,375,121,347
632,375,121,346
636,375,121,345
640,375,121,344
644,375,121,343
648,375,121,342
652,375,121,341
656,375,121,340
660,375,121,339
664,375,121,338
668,375,121,337
672,375,121,336
676,375,121,335
680,375,121,334
684,375,121,333
691,378,119,338
694,379,121,337
697,380,123,336
700,381,125,335
703,382,127,334
706,383,129,333
709,384,131,332
712,385,133,331
715,386,135,330
718,387,137,329
721,388,139,328
724,389,141,327
727,390,143,326
730,391,145,325
733,392,147,324
739,388,149,322
738,388,150,322
737,388,151,322
736,388,152,322
735,388,153,322
734,388,154,322
733,388,155,322
732,388,156,322
731,388,157,322
730,388,158,322
729,388,159,322
728,388,160,322
727,388,161,322
726,388,162,322
725,388,163,322
724,386,169,326
715,388,166,326
706,390,163,326
697,392,160,326
688,394,157,326
679,396,154,326
670,398,151,326
661,400,148,326
652,402,145,326
643,404,142,326
634,406,139,326
625,408,136,326
616,410,133,326
607,412,130,326
598,414,127,326
590,411,122,330
581,410,124,330
572,409,126,330
563,408,128,330
554,407,130,330
545,406,132,330
536,405,134,330
527,404,136,330
518,403,138,330
509,402,140,330
500,401,142,330
491,400,144,330
482,399,146,330
473,398,148,330
464,397,150,330
451,403,158,336
454,403,160,337
457,403,162,338
460,403,164,339
463,403,166,340
466,403,168,341
469,403,170,342
472,403,172,343
475,403,174,344
478,403,176,345
481,403,178,346
484,403,180,347
487,403,182,348
490,403,184,349
493,403,186,350
501,403,181,348
504,404,179,347
507,405,177,346
510,406,175,345
513,407,173,344
516,408,171,343
519,409,169,342
522,410,167,341
525,411,165,340
528,412,163,339
531,413,161,338
534,414,159,337
537,415,157,336
540,416,155,335
543,417,153,334
541,415,150,332
540,416,152,334
539,417,154,336
538,418,156,338
537,419,158,340
536,420,160,342
535,421,162,344
534,422,164,346
533,423,166,348
532,424,168,350
531,425,170,352
530,426,172,354
529,427,174,356
528,428,176,358
527,429,178,360
527,425,176,366
528,426,173,364
529,427,170,362
530,428,167,360
531,429,164,358
532,430,161,356
533,431,158,354
534,432,155,352
535,433,152,350
536,434,149,348
537,435,146,346
538,436,143,344
539,437,140,342
540,438,137,340
541,439,134,338
548,434,137,340
547,433,141,338
546,432,145,336
545,431,149,334
544,430,153,332
543,429,157,330
542,428,161,328
541,427,165,326
540,426,169,324
539,425,173,322
538,424,177,320
537,423,181,318
536,422,185,316
535,421,189,314
534,420,193,312
537,423,203,316
536,422,202,317
535,421,201,318
534,420,200,319
533,419,199,320
532,418,198,321
531,417,197,322
530,416,196,323
529,415,195,324
528,414,194,325
527,413,193,326
526,412,192,327
525,411,191,328
524,410,190,329
523,409,189,330
516,411,195,336
509,413,195,335
502,415,195,334
495,417,195,333
488,419,195,332
481,421,195,331
474,423,195,330
467,425,195,329
460,427,195,328
453,429,195,327
446,431,195,326
439,433,195,325
432,435,195,324
425,437,195,323
418,439,195,322
405,438,191,328
404,438,194,329
403,438,197,330
402,438,200,331
401,438,203,332
400,438,206,333
399,438,209,334
398,438,212,335
397,438,215,336
396,438,218,337
395,438,221,338
394,438,224,339
393,438,227,340
392,438,230,341
391,438,233,342
389,440,238,340
387,442,241,339
385,444,244,338
383,446,247,337
381,448,250,336
379,450,253,335
377,452,256,334
375,454,259,333
373,456,262,332
371,458,265,331
369,460,268,330
367,462,271,329
365,464,274,328
363,466,277,327
361,468,280,326
360,469,282,330
359,471,281,327
358,473,280,324
357,475,279,321
356,477,278,318
355,479,277,315
354,481,276,312
353,483,275,309
352,485,274,306
351,487,273,303
350,489,272,300
349,491,271,297
348,493,270,294
347,495,269,291
346,497,268,288
342,494,274,291
346,492,271,292
350,490,268,293
354,488,265,294
358,486,262,295
362,484,259,296
366,482,256,297
370,480,253,298
374,478,250,299
378,476,247,300
382,474,244,301
386,472,241,302
390,470,238,303
394,468,235,304
398,466,232,305
400,467,234,309
395,469,240,306
390,471,246,303
385,473,252,300
380,475,258,297
375,477,264,294
370,479,270,291
365,481,276,288
360,483,282,285
355,485,288,282
350,487,294,279
345,489,300,276
340,491,306,273
335,493,312,270
330,495,318,267
320,502,322,268
