1342,200,176,444
1342,200,176,444
1342,200,176,444
1342,200,176,444
1342,200,176,444
1342,200,176,444
1342,200,176,444
1342,200,176,444
1342,200,176,444
1342,200,176,444
1342,200,176,444
1342,200,176,444
1342,200,176,444
1342,200,176,444
1342,200,176,444
1339,202,183,442
1340,202,182,442
1341,202,181,442
1342,202,180,442
1343,202,179,442
1344,202,178,442
1345,202,177,442
1346,202,176,442
1347,202,175,442
1348,202,174,442
1349,202,173,442
1350,202,172,442
1351,202,171,442
1352,202,170,442
1353,202,169,442
1351,207,173,440
1351,207,173,441
1351,207,173,442
1351,207,173,443
1351,207,173,444
1351,207,173,445
1351,207,173,446
1351,207,173,447
1351,207,173,448
1351,207,173,449
1351,207,173,450
1351,207,173,451
1351,207,173,452
1351,207,173,453
1351,207,173,454
1351,207,173,448
1351,207,173,448
1351,207,173,448
1351,207,173,448
1351,207,173,448
1351,207,173,448
1351,207,173,448
1351,207,173,448
1351,207,173,448
1351,207,173,448
1351,207,173,448
1351,207,173,448
1351,207,173,448
1351,207,173,448
1351,207,173,448
1346,208,176,441
1345,208,175,441
1344,208,174,441
1343,208,173,441
1342,208,172,441
1341,208,171,441
1340,208,170,441
1339,208,169,441
1338,208,168,441
1337,208,167,441
1336,208,166,441
1335,208,165,441
1334,208,164,441
1333,208,163,441
1332,208,162,441
1337,204,165,437
1338,204,162,437
1339,204,159,437
1340,204,156,437
1341,204,153,437
1342,204,150,437
1343,204,147,437
1344,204,144,437
1345,204,141,437
1346,204,138,437
1347,204,135,437
1348,204,132,437
1349,204,129,437
1350,204,126,437
1351,204,123,437
1348,202,121,432
1346,202,122,431
1344,202,123,430
1342,202,124,429
1340,202,125,428
1338,202,126,427
1336,202,127,426
1334,202,128,425
1332,202,129,424
1330,202,130,423
1328,202,131,422
1326,202,132,421
1324,202,133,420
1322,202,134,419
1320,202,135,418
1322,197,141,421
1319,197,143,421
1316,197,145,421
1313,197,147,421
1310,197,149,421
1307,197,151,421
1304,197,153,421
1301,197,155,421
1298,197,157,421
1295,197,159,421
1292,197,161,421
1289,197,163,421
1286,197,165,421
1283,197,167,421
1280,197,169,421
1274,194,169,420
1274,194,167,419
1274,194,165,418
1274,194,163,417
1274,194,161,416
1274,194,159,415
1274,194,157,414
1274,194,155,413
1274,194,153,412
1274,194,151,411
1274,194,149,410
1274,194,147,409
1274,194,145,408
1274,194,143,407
1274,194,141,406
1267,200,135,406
1264,201,136,405
1261,202,137,404
1258,203,138,403
1255,204,139,402
1252,205,140,401
1249,206,141,400
1246,207,142,399
1243,208,143,398
1240,209,144,397
1237,210,145,396
1234,211,146,395
1231,212,147,394
1228,213,148,393
1225,214,149,392
1217,218,154,396
1216,216,153,398
1215,214,152,400
1214,212,151,402
1213,210,150,404
1212,208,149,406
1211,206,148,408
1210,204,147,410
1209,202,146,412
1208,200,145,414
1207,198,144,416
1206,196,143,418
1205,194,142,420
1204,192,141,422
1203,190,140,424
1198,192,140,421
1194,192,142,422
1190,192,144,423
1186,192,146,424
1182,192,148,425
1178,192,150,426
1174,192,152,427
1170,192,154,428
1166,192,156,429
1162,192,158,430
1158,192,160,431
1154,192,162,432
1150,192,164,433
1146,192,166,434
1142,192,168,435
1132,189,163,440
1132,190,160,439
1132,191,157,438
1132,192,154,437
1132,193,151,436
1132,194,148,435
1132,195,145,434
1132,196,142,433
1132,197,139,432
1132,198,136,431
1132,199,133,430
1132,200,130,429
1132,201,127,428
1132,202,124,427
1132,203,121,426
1126,199,121,428
1120,199,124,429
1114,199,127,430
1108,199,130,431
1102,199,133,432
1096,199,136,433
1090,199,139,434
1084,199,142,435
1078,199,145,436
1072,199,148,437
1066,199,151,438
1060,199,154,439
1054,199,157,440
1048,199,160,441
1042,199,163,442
1042,195,172,441
1042,195,170,441
1042,195,168,441
1042,195,166,441
1042,195,164,441
1042,195,162,441
1042,195,160,441
1042,195,158,441
1042,195,156,441
1042,195,154,441
1042,195,152,441
1042,195,150,441
1042,195,148,441
1042,195,146,441
1042,195,144,441
1047,192,136,437
1040,191,137,437
1033,190,138,437
1026,189,139,437
1019,188,140,437
1012,187,141,437
1005,186,142,437
998,185,143,437
991,184,144,437
984,183,145,437
977,182,146,437
970,181,147,437
963,180,148,437
956,179,149,437
949,178,150,437
940,176,158,443
940,178,164,444
940,180,170,445
940,182,176,446
940,184,182,447
940,186,188,448
940,188,194,449
940,190,200,450
940,192,206,451
940,194,212,452
940,196,218,453
940,198,224,454
940,200,230,455
940,202,236,456
940,204,242,457
946,208,250,456
947,208,249,457
948,208,248,458
949,208,247,459
950,208,246,460
951,208,245,461
952,208,244,462
953,208,243,463
954,208,242,464
955,208,241,465
956,208,240,466
957,208,239,467
958,208,238,468
959,208,237,469
960,208,236,470
966,210,241,467
960,209,235,468
954,208,229,469
948,207,223,470
942,206,217,471
936,205,211,472
930,204,205,473
924,203,199,474
918,202,193,475
912,201,187,476
906,200,181,477
900,199,175,478
894,198,169,479
888,197,163,480
882,196,157,481
877,190,147,479
862,191,150,479
847,192,153,479
832,193,156,479
817,194,159,479
802,195,162,479
787,196,165,479
772,197,168,479
757,198,171,479
742,199,174,479
727,200,177,479
712,201,180,479
697,202,183,479
682,203,186,479
667,204,189,479
647,210,196,472
639,213,200,471
631,216,204,470
623,219,208,469
615,222,212,468
607,225,216,467
599,228,220,466
591,231,224,465
583,234,228,464
575,237,232,463
567,240,236,462
559,243,240,461
551,246,244,460
543,249,248,459
535,252,252,458
523,248,254,458
520,253,251,460
517,258,248,462
514,263,245,464
511,268,242,466
508,273,239,468
505,278,236,470
502,283,233,472
499,288,230,474
496,293,227,476
493,298,224,478
490,303,221,480
487,308,218,482
484,313,215,484
481,318,212,486
485,324,215,486
480,330,216,482
475,336,217,478
470,342,218,474
465,348,219,470
460,354,220,466
455,360,221,462
450,366,222,458
445,372,223,454
440,378,224,450
435,384,225,446
430,390,226,442
425,396,227,438
420,402,228,434
415,408,229,430
413,416,229,425
408,416,231,419
403,416,233,413
398,416,235,407
393,416,237,401
388,416,239,395
383,416,241,389
378,416,243,383
373,416,245,377
368,416,247,371
363,416,249,365
358,416,251,359
353,416,253,353
348,416,255,347
343,416,257,341
331,422,265,339
332,421,263,340
333,420,261,341
334,419,259,342
335,418,257,343
336,417,255,344
337,416,253,345
338,415,251,346
339,414,249,347
340,413,247,348
341,412,245,349
342,411,243,350
343,410,241,351
344,409,239,352
345,408,237,353
346,404,234,353
347,400,236,353
348,396,238,353
349,392,240,353
350,388,242,353
351,384,244,353
352,380,246,353
353,376,248,353
354,372,250,353
355,368,252,353
356,364,254,353
357,360,256,353
358,356,258,353
359,352,260,353
360,348,262,353
365,350,263,360
371,352,266,362
377,354,269,364
383,356,272,366
389,358,275,368
395,360,278,370
401,362,281,372
407,364,284,374
413,366,287,376
419,368,290,378
425,370,293,380
431,372,296,382
437,374,299,384
443,376,302,386
449,378,305,388
451,378,311,389
445,376,319,391
439,374,327,393
433,372,335,395
427,370,343,397
421,368,351,399
415,366,359,401
409,364,367,403
403,362,375,405
397,360,383,407
391,358,391,409
385,356,399,411
379,354,407,413
373,352,415,415
367,350,423,417
354,348,425,418
347,349,416,420
340,350,407,422
333,351,398,424
326,352,389,426
319,353,380,428
312,354,371,430
305,355,362,432
298,356,353,434
291,357,344,436
284,358,335,438
277,359,326,440
270,360,317,442
263,361,308,444
256,362,299,446
248,370,287,448
235,373,284,444
222,376,281,440
209,379,278,436
196,382,275,432
183,385,272,428
170,388,269,424
157,391,266,420
144,394,263,416
131,397,260,412
118,400,257,408
105,403,254,404
92,406,251,400
79,409,248,396
66,412,245,392
60,413,245,390
