1229,340,108,295
1229,340,107,294
1229,340,106,293
1229,340,105,292
1229,340,104,291
1229,340,103,290
1229,340,102,289
1229,340,101,288
1229,340,100,287
1229,340,99,286
1229,340,98,285
1229,340,97,284
1229,340,96,283
1229,340,95,282
1229,340,94,281
1235,340,98,279
1235,340,98,280
1235,340,98,281
1235,340,98,282
1235,340,98,283
1235,340,98,284
1235,340,98,285
1235,340,98,286
1235,340,98,287
1235,340,98,288
1235,340,98,289
1235,340,98,290
1235,340,98,291
1235,340,98,292
1235,340,98,293
1229,337,99,291
1229,337,98,291
1229,337,97,291
1229,337,96,291
1229,337,95,291
1229,337,94,291
1229,337,93,291
1229,337,92,291
1229,337,91,291
1229,337,90,291
1229,337,89,291
1229,337,88,291
1229,337,87,291
1229,337,86,291
1229,337,85,291
1233,337,91,294
1233,337,91,293
1233,337,91,292
1233,337,91,291
1233,337,91,290
1233,337,91,289
1233,337,91,288
1233,337,91,287
1233,337,91,286
1233,337,91,285
1233,337,91,284
1233,337,91,283
1233,337,91,282
1233,337,91,281
1233,337,91,280
1237,342,93,281
1236,342,95,281
1235,342,97,281
1234,342,99,281
1233,342,101,281
1232,342,103,281
1231,342,105,281
1230,342,107,281
1229,342,109,281
1228,342,111,281
1227,342,113,281
1226,342,115,281
1225,342,117,281
1224,342,119,281
1223,342,121,281
1216,345,121,283
1216,345,120,283
1216,345,119,283
1216,345,118,283
1216,345,117,283
1216,345,116,283
1216,345,115,283
1216,345,114,283
1216,345,113,283
1216,345,112,283
1216,345,111,283
1216,345,110,283
1216,345,109,283
1216,345,108,283
1216,345,107,283
1222,345,113,288
1222,345,112,288
1222,345,111,288
1222,345,110,288
1222,345,109,288
1222,345,108,288
1222,345,107,288
1222,345,106,288
1222,345,105,288
1222,345,104,288
1222,345,103,288
1222,345,102,288
1222,345,101,288
1222,345,100,288
1222,345,99,288
1220,340,104,283
1220,340,102,283
1220,340,100,283
1220,340,98,283
1220,340,96,283
1220,340,94,283
1220,340,92,283
1220,340,90,283
1220,340,88,283
1220,340,86,283
1220,340,84,283
1220,340,82,283
1220,340,80,283
1220,340,78,283
1220,340,76,283
1220,342,76,277
1219,342,77,277
1218,342,78,277
1217,342,79,277
1216,342,80,277
1215,342,81,277
1214,342,82,277
1213,342,83,277
1212,342,84,277
1211,342,85,277
1210,342,86,277
1209,342,87,277
1208,342,88,277
1207,342,89,277
1206,342,90,277
1205,337,93,284
1204,337,93,284
1203,337,93,284
1202,337,93,284
1201,337,93,284
1200,337,93,284
1199,337,93,284
1198,337,93,284
1197,337,93,284
1196,337,93,284
1195,337,93,284
1194,337,93,284
1193,337,93,284
1192,337,93,284
1191,337,93,284
1186,342,89,277
1185,342,89,277
1184,342,89,277
1183,342,89,277
1182,342,89,277
1181,342,89,277
1180,342,89,277
1179,342,89,277
1178,342,89,277
1177,342,89,277
1176,342,89,277
1175,342,89,277
1174,342,89,277
1173,342,89,277
1172,342,89,277
1178,345,82,274
1176,345,83,274
1174,345,84,274
1172,345,85,274
1170,345,86,274
1168,345,87,274
1166,345,88,274
1164,345,89,274
1162,345,90,274
1160,345,91,274
1158,345,92,274
1156,345,93,274
1154,345,94,274
1152,345,95,274
1150,345,96,274
1154,342,91,279
1153,342,90,279
1152,342,89,279
1151,342,88,279
1150,342,87,279
1149,342,86,279
1148,342,85,279
1147,342,84,279
1146,342,83,279
1145,342,82,279
1144,342,81,279
1143,342,80,279
1142,342,79,279
1141,342,78,279
1140,342,77,279
1141,340,76,276
1139,340,76,277
1137,340,76,278
1135,340,76,279
1133,340,76,280
1131,340,76,281
1129,340,76,282
1127,340,76,283
1125,340,76,284
1123,340,76,285
1121,340,76,286
1119,340,76,287
1117,340,76,288
1115,340,76,289
1113,340,76,290
1107,347,80,284
1105,347,81,284
1103,347,82,284
1101,347,83,284
1099,347,84,284
1097,347,85,284
1095,347,86,284
1093,347,87,284
1091,347,88,284
1089,347,89,284
1087,347,90,284
1085,347,91,284
1083,347,92,284
1081,347,93,284
1079,347,94,284
1079,345,89,290
1076,346,90,289
1073,347,91,288
1070,348,92,287
1067,349,93,286
1064,350,94,285
1061,351,95,284
1058,352,96,283
1055,353,97,282
1052,354,98,281
1049,355,99,280
1046,356,100,279
1043,357,101,278
1040,358,102,277
1037,359,103,276
1036,357,106,274
1034,356,105,275
1032,355,104,276
1030,354,103,277
1028,353,102,278
1026,352,101,279
1024,351,100,280
1022,350,99,281
1020,349,98,282
1018,348,97,283
1016,347,96,284
1014,346,95,285
1012,345,94,286
1010,344,93,287
1008,343,92,288
1002,342,95,291
999,342,96,290
996,342,97,289
993,342,98,288
990,342,99,287
987,342,100,286
984,342,101,285
981,342,102,284
978,342,103,283
975,342,104,282
972,342,105,281
969,342,106,280
966,342,107,279
963,342,108,278
960,342,109,277
964,345,110,283
966,347,113,283
968,349,116,283
970,351,119,283
972,353,122,283
974,355,125,283
976,357,128,283
978,359,131,283
980,361,134,283
982,363,137,283
984,365,140,283
986,367,143,283
988,369,146,283
990,371,149,283
992,373,152,283
989,371,155,289
988,371,156,289
987,371,157,289
986,371,158,289
985,371,159,289
984,371,160,289
983,371,161,289
982,371,162,289
981,371,163,289
980,371,164,289
979,371,165,289
978,371,166,289
977,371,167,289
976,371,168,289
975,371,169,289
972,369,168,291
965,368,164,293
958,367,160,295
951,366,156,297
944,365,152,299
937,364,148,301
930,363,144,303
923,362,140,305
916,361,136,307
909,360,132,309
902,359,128,311
895,358,124,313
888,357,120,315
881,356,116,317
874,355,112,319
865,350,110,322
857,352,113,320
849,354,116,318
841,356,119,316
833,358,122,314
825,360,125,312
817,362,128,310
809,364,131,308
801,366,134,306
793,368,137,304
785,370,140,302
777,372,143,300
769,374,146,298
761,376,149,296
753,378,152,294
744,381,148,291
742,383,146,291
740,385,144,291
738,387,142,291
736,389,140,291
734,391,138,291
732,393,136,291
730,395,134,291
728,397,132,291
726,399,130,291
724,401,128,291
722,403,126,291
720,405,124,291
718,407,122,291
716,409,120,291
714,415,114,293
711,417,118,295
708,419,122,297
705,421,126,299
702,423,130,301
699,425,134,303
696,427,138,305
693,429,142,307
690,431,146,309
687,433,150,311
684,435,154,313
681,437,158,315
678,439,162,317
675,441,166,319
672,443,170,321
667,444,176,317
661,452,178,309
655,460,180,301
649,468,182,293
643,476,184,285
637,484,186,277
631,492,188,269
625,500,190,261
619,508,192,253
613,516,194,245
607,524,196,237
601,532,198,229
595,540,200,221
589,548,202,213
583,556,204,205
573,557,201,202
573,553,199,205
573,549,197,208
573,545,195,211
573,541,193,214
573,537,191,217
573,533,189,220
573,529,187,223
573,525,185,226
573,521,183,229
573,517,181,232
573,513,179,235
573,509,177,238
573,505,175,241
573,501,173,244
573,494,165,243
575,493,164,242
577,492,163,241
579,491,162,240
581,490,161,239
583,489,160,238
585,488,159,237
587,487,158,236
589,486,157,235
591,485,156,234
593,484,155,233
595,483,154,232
597,482,153,231
599,481,152,230
601,480,151,229
602,485,149,225
601,482,152,228
600,479,155,231
599,476,158,234
598,473,161,237
597,470,164,240
596,467,167,243
595,464,170,246
594,461,173,249
593,458,176,252
592,455,179,255
591,452,182,258
590,449,185,261
589,446,188,264
588,443,191,267
587,446,200,269
589,448,203,267
591,450,206,265
593,452,209,263
595,454,212,261
597,456,215,259
599,458,218,257
601,460,221,255
603,462,224,253
605,464,227,251
607,466,230,249
609,468,233,247
611,470,236,245
613,472,239,243
615,474,242,241
611,478,238,240
609,478,236,243
607,478,234,246
605,478,232,249
603,478,230,252
601,478,228,255
599,478,226,258
597,478,224,261
595,478,222,264
593,478,220,267
591,478,218,270
589,478,216,273
587,478,214,276
585,478,212,279
583,478,210,282
585,485,215,283
