1120,238,112,354
1120,238,111,354
1120,238,110,354
1120,238,109,354
1120,238,108,354
1120,238,107,354
1120,238,106,354
1120,238,105,354
1120,238,104,354
1120,238,103,354
1120,238,102,354
1120,238,101,354
1120,238,100,354
1120,238,99,354
1120,238,98,354
1117,238,104,354
1117,238,104,354
1117,238,104,354
1117,238,104,354
1117,238,104,354
1117,238,104,354
1117,238,104,354
1117,238,104,354
1117,238,104,354
1117,238,104,354
1117,238,104,354
1117,238,104,354
1117,238,104,354
1117,238,104,354
1117,238,104,354
1117,238,111,348
1116,238,112,348
1115,238,113,348
1114,238,114,348
1113,238,115,348
1112,238,116,348
1111,238,117,348
1110,238,118,348
1109,238,119,348
1108,238,120,348
1107,238,121,348
1106,238,122,348
1105,238,123,348
1104,238,124,348
1103,238,125,348
1106,244,124,354
1106,245,124,354
1106,246,124,354
1106,247,124,354
1106,248,124,354
1106,249,124,354
1106,250,124,354
1106,251,124,354
1106,252,124,354
1106,253,124,354
1106,254,124,354
1106,255,124,354
1106,256,124,354
1106,257,124,354
1106,258,124,354
1100,253,119,349
1100,253,119,349
1100,253,119,349
1100,253,119,349
1100,253,119,349
1100,253,119,349
1100,253,119,349
1100,253,119,349
1100,253,119,349
1100,253,119,349
1100,253,119,349
1100,253,119,349
1100,253,119,349
1100,253,119,349
1100,253,119,349
1093,249,126,351
1093,249,126,350
1093,249,126,349
1093,249,126,348
1093,249,126,347
1093,249,126,346
1093,249,126,345
1093,249,126,344
1093,249,126,343
1093,249,126,342
1093,249,126,341
1093,249,126,340
1093,249,126,339
1093,249,126,338
1093,249,126,337
1095,251,119,339
1095,251,119,339
1095,251,119,339
1095,251,119,339
1095,251,119,339
1095,251,119,339
1095,251,119,339
1095,251,119,339
1095,251,119,339
1095,251,119,339
1095,251,119,339
1095,251,119,339
1095,251,119,339
1095,251,119,339
1095,251,119,339
1093,249,115,337
1092,249,116,337
1091,249,117,337
1090,249,118,337
1089,249,119,337
1088,249,120,337
1087,249,121,337
1086,249,122,337
1085,249,123,337
1084,249,124,337
1083,249,125,337
1082,249,126,337
1081,249,127,337
1080,249,128,337
1079,249,129,337
1078,248,127,338
1077,248,127,338
1076,248,127,338
1075,248,127,338
1074,248,127,338
1073,248,127,338
1072,248,127,338
1071,248,127,338
1070,248,127,338
1069,248,127,338
1068,248,127,338
1067,248,127,338
1066,248,127,338
1065,248,127,338
1064,248,127,338
1057,255,124,335
1056,255,122,335
1055,255,120,335
1054,255,118,335
1053,255,116,335
1052,255,114,335
1051,255,112,335
1050,255,110,335
1049,255,108,335
1048,255,106,335
1047,255,104,335
1046,255,102,335
1045,255,100,335
1044,255,98,335
1043,255,96,335
1040,251,101,333
1038,251,101,333
1036,251,101,333
1034,251,101,333
1032,251,101,333
1030,251,101,333
1028,251,101,333
1026,251,101,333
1024,251,101,333
1022,251,101,333
1020,251,101,333
1018,251,101,333
1016,251,101,333
1014,251,101,333
1012,251,101,333
1015,255,103,337
1013,255,104,338
1011,255,105,339
1009,255,106,340
1007,255,107,341
1005,255,108,342
1003,255,109,343
1001,255,110,344
999,255,111,345
997,255,112,346
995,255,113,347
993,255,114,348
991,255,115,349
989,255,116,350
987,255,117,351
979,248,117,350
977,248,116,349
975,248,115,348
973,248,114,347
971,248,113,346
969,248,112,345
967,248,111,344
965,248,110,343
963,248,109,342
961,248,108,341
959,248,107,340
957,248,106,339
955,248,105,338
953,248,104,337
951,248,103,336
951,255,107,341
949,256,107,341
947,257,107,341
945,258,107,341
943,259,107,341
941,260,107,341
939,261,107,341
937,262,107,341
935,263,107,341
933,264,107,341
931,265,107,341
929,266,107,341
927,267,107,341
925,268,107,341
923,269,107,341
922,265,103,342
919,264,104,343
916,263,105,344
913,262,106,345
910,261,107,346
907,260,108,347
904,259,109,348
901,258,110,349
898,257,111,350
895,256,112,351
892,255,113,352
889,254,114,353
886,253,115,354
883,252,116,355
880,251,117,356
879,249,124,360
876,249,123,359
873,249,122,358
870,249,121,357
867,249,120,356
864,249,119,355
861,249,118,354
858,249,117,353
855,249,116,352
852,249,115,351
849,249,114,350
846,249,113,349
843,249,112,348
840,249,111,347
837,249,110,346
828,248,110,352
826,248,109,351
824,248,108,350
822,248,107,349
820,248,106,348
818,248,105,347
816,248,104,346
814,248,103,345
812,248,102,344
810,248,101,343
808,248,100,342
806,248,99,341
804,248,98,340
802,248,97,339
800,248,96,338
801,244,97,342
804,244,99,342
807,244,101,342
810,244,103,342
813,244,105,342
816,244,107,342
819,244,109,342
822,244,111,342
825,244,113,342
828,244,115,342
831,244,117,342
834,244,119,342
837,244,121,342
840,244,123,342
843,244,125,342
850,251,131,343
847,253,132,344
844,255,133,345
841,257,134,346
838,259,135,347
835,261,136,348
832,263,137,349
829,265,138,350
826,267,139,351
823,269,140,352
820,271,141,353
817,273,142,354
814,275,143,355
811,277,144,356
808,279,145,357
801,288,151,352
793,286,148,354
785,284,145,356
777,282,142,358
769,280,139,360
761,278,136,362
753,276,133,364
745,274,130,366
737,272,127,368
729,270,124,370
721,268,121,372
713,266,118,374
705,264,115,376
697,262,112,378
689,260,109,380
677,263,110,384
666,265,116,381
655,267,122,378
644,269,128,375
633,271,134,372
622,273,140,369
611,275,146,366
600,277,152,363
589,279,158,360
578,281,164,357
567,283,170,354
556,285,176,351
545,287,182,348
534,289,188,345
523,291,194,342
514,297,195,339
511,301,192,339
508,305,189,339
505,309,186,339
502,313,183,339
499,317,180,339
496,321,177,339
493,325,174,339
490,329,171,339
487,333,168,339
484,337,165,339
481,341,162,339
478,345,159,339
475,349,156,339
472,353,153,339
470,351,143,340
467,352,146,341
464,353,149,342
461,354,152,343
458,355,155,344
455,356,158,345
452,357,161,346
449,358,164,347
446,359,167,348
443,360,170,349
440,361,173,350
437,362,176,351
434,363,179,352
431,364,182,353
428,365,185,354
423,364,193,358
420,373,192,350
417,382,191,342
414,391,190,334
411,400,189,326
408,409,188,318
405,418,187,310
402,427,186,302
399,436,185,294
396,445,184,286
393,454,183,278
390,463,182,270
387,472,181,262
384,481,180,254
381,490,179,246
376,505,173,232
374,499,172,235
372,493,171,238
370,487,170,241
368,481,169,244
366,475,168,247
364,469,167,250
362,463,166,253
360,457,165,256
358,451,164,259
356,445,163,262
354,439,162,265
352,433,161,268
350,427,160,271
348,421,159,274
345,421,157,280
345,420,159,278
345,419,161,276
345,418,163,274
345,417,165,272
345,416,167,270
345,415,169,268
345,414,171,266
345,413,173,264
345,412,175,262
345,411,177,260
345,410,179,258
345,409,181,256
345,408,183,254
345,407,185,252
350,410,185,255
352,407,184,258
354,404,183,261
356,401,182,264
358,398,181,267
360,395,180,270
362,392,179,273
364,389,178,276
366,386,177,279
368,383,176,282
370,380,175,285
372,377,174,288
374,374,173,291
376,371,172,294
378,368,171,297
376,370,177,302
378,372,180,303
380,374,183,304
382,376,186,305
384,378,189,306
386,380,192,307
388,382,195,308
390,384,198,309
392,386,201,310
394,388,204,311
396,390,207,312
398,392,210,313
400,394,213,314
402,396,216,315
404,398,219,316
399,394,228,318
396,394,227,319
393,394,226,320
390,394,225,321
387,394,224,322
384,394,223,323
381,394,222,324
378,394,221,325
375,394,220,326
372,394,219,327
369,394,218,328
366,394,217,329
363,394,216,330
360,394,215,331
357,394,214,332
356,396,220,326
346,399,217,325
336,402,214,324
326,405,211,323
316,408,208,322
306,411,205,321
296,414,202,320
286,417,199,319
276,420,196,318
266,423,193,317
256,426,190,316
246,429,187,315
236,432,184,314
226,435,181,313
216,438,178,312
212,446,177,304
