1457,355,89,244
1457,355,89,244
1457,355,89,244
1457,355,89,244
1457,355,89,244
1457,355,89,244
1457,355,89,244
1457,355,89,244
1457,355,89,244
1457,355,89,244
1457,355,89,244
1457,355,89,244
1457,355,89,244
1457,355,89,244
1457,355,89,244
1457,355,87,241
1457,355,86,241
1457,355,85,241
1457,355,84,241
1457,355,83,241
1457,355,82,241
1457,355,81,241
1457,355,80,241
1457,355,79,241
1457,355,78,241
1457,355,77,241
1457,355,76,241
1457,355,75,241
1457,355,74,241
1457,355,73,241
1464,353,77,241
1463,353,77,241
1462,353,77,241
1461,353,77,241
1460,353,77,241
1459,353,77,241
1458,353,77,241
1457,353,77,241
1456,353,77,241
1455,353,77,241
1454,353,77,241
1453,353,77,241
1452,353,77,241
1451,353,77,241
1450,353,77,241
1452,350,83,244
1453,350,82,244
1454,350,81,244
1455,350,80,244
1456,350,79,244
1457,350,78,244
1458,350,77,244
1459,350,76,244
1460,350,75,244
1461,350,74,244
1462,350,73,244
1463,350,72,244
1464,350,71,244
1465,350,70,244
1466,350,69,244
1461,355,74,246
1461,355,74,246
1461,355,74,246
1461,355,74,246
1461,355,74,246
1461,355,74,246
1461,355,74,246
1461,355,74,246
1461,355,74,246
1461,355,74,246
1461,355,74,246
1461,355,74,246
1461,355,74,246
1461,355,74,246
1461,355,74,246
1457,355,80,246
1457,355,80,246
1457,355,80,246
1457,355,80,246
1457,355,80,246
1457,355,80,246
1457,355,80,246
1457,355,80,246
1457,355,80,246
1457,355,80,246
1457,355,80,246
1457,355,80,246
1457,355,80,246
1457,355,80,246
1457,355,80,246
1457,357,75,244
1453,357,78,244
1449,357,81,244
1445,357,84,244
1441,357,87,244
1437,357,90,244
1433,357,93,244
1429,357,96,244
1425,357,99,244
1421,357,102,244
1417,357,105,244
1413,357,108,244
1409,357,111,244
1405,357,114,244
1401,357,117,244
1403,359,116,246
1405,359,113,246
1407,359,110,246
1409,359,107,246
1411,359,104,246
1413,359,101,246
1415,359,98,246
1417,359,95,246
1419,359,92,246
1421,359,89,246
1423,359,86,246
1425,359,83,246
1427,359,80,246
1429,359,77,246
1431,359,74,246
1435,355,73,241
1436,355,72,241
1437,355,71,241
1438,355,70,241
1439,355,69,241
1440,355,68,241
1441,355,67,241
1442,355,66,241
1443,355,65,241
1444,355,64,241
1445,355,63,241
1446,355,62,241
1447,355,61,241
1448,355,60,241
1449,355,59,241
1450,353,55,248
1449,353,57,248
1448,353,59,248
1447,353,61,248
1446,353,63,248
1445,353,65,248
1444,353,67,248
1443,353,69,248
1442,353,71,248
1441,353,73,248
1440,353,75,248
1439,353,77,248
1438,353,79,248
1437,353,81,248
1436,353,83,248
1432,357,84,244
1432,357,84,244
1432,357,84,244
1432,357,84,244
1432,357,84,244
1432,357,84,244
1432,357,84,244
1432,357,84,244
1432,357,84,244
1432,357,84,244
1432,357,84,244
1432,357,84,244
1432,357,84,244
1432,357,84,244
1432,357,84,244
1425,359,91,251
1423,359,91,251
1421,359,91,251
1419,359,91,251
1417,359,91,251
1415,359,91,251
1413,359,91,251
1411,359,91,251
1409,359,91,251
1407,359,91,251
1405,359,91,251
1403,359,91,251
1401,359,91,251
1399,359,91,251
1397,359,91,251
1394,366,93,255
1389,366,94,255
1384,366,95,255
1379,366,96,255
1374,366,97,255
1369,366,98,255
1364,366,99,255
1359,366,100,255
1354,366,101,255
1349,366,102,255
1344,366,103,255
1339,366,104,255
1334,366,105,255
1329,366,106,255
1324,366,107,255
1322,371,114,259
1314,372,116,259
1306,373,118,259
1298,374,120,259
1290,375,122,259
1282,376,124,259
1274,377,126,259
1266,378,128,259
1258,379,130,259
1250,380,132,259
1242,381,134,259
1234,382,136,259
1226,383,138,259
1218,384,140,259
1210,385,142,259
1207,380,139,264
1201,380,140,266
1195,380,141,268
1189,380,142,270
1183,380,143,272
1177,380,144,274
1171,380,145,276
1165,380,146,278
1159,380,147,280
1153,380,148,282
1147,380,149,284
1141,380,150,286
1135,380,151,288
1129,380,152,290
1123,380,153,292
1112,379,161,293
1104,380,160,293
1096,381,159,293
1088,382,158,293
1080,383,157,293
1072,384,156,293
1064,385,155,293
1056,386,154,293
1048,387,153,293
1040,388,152,293
1032,389,151,293
1024,390,150,293
1016,391,149,293
1008,392,148,293
1000,393,147,293
986,388,148,295
980,388,148,295
974,388,148,295
968,388,148,295
962,388,148,295
956,388,148,295
950,388,148,295
944,388,148,295
938,388,148,295
932,388,148,295
926,388,148,295
920,388,148,295
914,388,148,295
908,388,148,295
902,388,148,295
897,384,154,302
903,384,150,300
909,384,146,298
915,384,142,296
921,384,138,294
927,384,134,292
933,384,130,290
939,384,126,288
945,384,122,286
951,384,118,284
957,384,114,282
963,384,110,280
969,384,106,278
975,384,102,276
981,384,98,274
989,380,98,277
993,381,100,278
997,382,102,279
1001,383,104,280
1005,384,106,281
1009,385,108,282
1013,386,110,283
1017,387,112,284
1021,388,114,285
1025,389,116,286
1029,390,118,287
1033,391,120,288
1037,392,122,289
1041,393,124,290
1045,394,126,291
1043,390,122,291
1051,393,124,292
1059,396,126,293
1067,399,128,294
1075,402,130,295
1083,405,132,296
1091,408,134,297
1099,411,136,298
1107,414,138,299
1115,417,140,300
1123,420,142,301
1131,423,144,302
1139,426,146,303
1147,429,148,304
1155,432,150,305
1164,428,146,305
1156,427,150,304
1148,426,154,303
1140,425,158,302
1132,424,162,301
1124,423,166,300
1116,422,170,299
1108,421,174,298
1100,420,178,297
1092,419,182,296
1084,418,186,295
1076,417,190,294
1068,416,194,293
1060,415,198,292
1052,414,202,291
1038,420,199,286
1034,422,196,289
1030,424,193,292
1026,426,190,295
1022,428,187,298
1018,430,184,301
1014,432,181,304
1010,434,178,307
1006,436,175,310
1002,438,172,313
998,440,169,316
994,442,166,319
990,444,163,322
986,446,160,325
982,448,157,328
975,444,161,338
971,443,160,339
967,442,159,340
963,441,158,341
959,440,157,342
955,439,156,343
951,438,155,344
947,437,154,345
943,436,153,346
939,435,152,347
935,434,151,348
931,433,150,349
927,432,149,350
923,431,148,351
919,430,147,352
908,435,140,347
908,435,140,346
908,435,140,345
908,435,140,344
908,435,140,343
908,435,140,342
908,435,140,341
908,435,140,340
908,435,140,339
908,435,140,338
908,435,140,337
908,435,140,336
908,435,140,335
908,435,140,334
908,435,140,333
901,433,145,335
902,436,147,336
903,439,149,337
904,442,151,338
905,445,153,339
906,448,155,340
907,451,157,341
908,454,159,342
909,457,161,343
910,460,163,344
911,463,165,345
912,466,167,346
913,469,169,347
914,472,171,348
915,475,173,349
923,477,173,347
918,475,172,345
913,473,171,343
908,471,170,341
903,469,169,339
898,467,168,337
893,465,167,335
888,463,166,333
883,461,165,331
878,459,164,329
873,457,163,327
868,455,162,325
863,453,161,323
858,451,160,321
853,449,159,319
845,449,163,324
849,447,161,323
853,445,159,322
857,443,157,321
861,441,155,320
865,439,153,319
869,437,151,318
873,435,149,317
877,433,147,316
881,431,145,315
885,429,143,314
889,427,141,313
893,425,139,312
897,423,137,311
901,421,135,310
903,415,134,313
0,0,0,0
0,0,0,0
0,0,0,0
0,0,0,0
0,0,0,0
0,0,0,0
0,0,0,0
0,0,0,0
0,0,0,0
0,0,0,0
0,0,0,0
0,0,0,0
0,0,0,0
0,0,0,0
0,0,0,0
0,0,0,0
0,0,0,0
0,0,0,0
0,0,0,0
0,0,0,0
0,0,0,0
0,0,0,0
0,0,0,0
0,0,0,0
0,0,0,0
0,0,0,0
0,0,0,0
0,0,0,0
0,0,0,0
0,0,0,0
0,0,0,0
0,0,0,0
0,0,0,0
0,0,0,0
0,0,0,0
0,0,0,0
0,0,0,0
0,0,0,0
0,0,0,0
0,0,0,0
0,0,0,0
0,0,0,0
0,0,0,0
0,0,0,0
