1412,262,80,287
1412,262,80,288
1412,262,80,289
1412,262,80,290
1412,262,80,291
1412,262,80,292
1412,262,80,293
1412,262,80,294
1412,262,80,295
1412,262,80,296
1412,262,80,297
1412,262,80,298
1412,262,80,299
1412,262,80,300
1412,262,80,301
1410,255,82,298
1410,256,82,298
1410,257,82,298
1410,258,82,298
1410,259,82,298
1410,260,82,298
1410,261,82,298
1410,262,82,298
1410,263,82,298
1410,264,82,298
1410,265,82,298
1410,266,82,298
1410,267,82,298
1410,268,82,298
1410,269,82,298
1412,263,80,291
1412,263,80,291
1412,263,80,291
1412,263,80,291
1412,263,80,291
1412,263,80,291
1412,263,80,291
1412,263,80,291
1412,263,80,291
1412,263,80,291
1412,263,80,291
1412,263,80,291
1412,263,80,291
1412,263,80,291
1412,263,80,291
1412,260,78,296
1411,260,78,296
1410,260,78,296
1409,260,78,296
1408,260,78,296
1407,260,78,296
1406,260,78,296
1405,260,78,296
1404,260,78,296
1403,260,78,296
1402,260,78,296
1401,260,78,296
1400,260,78,296
1399,260,78,296
1398,260,78,296
1401,262,82,291
1395,262,87,292
1389,262,92,293
1383,262,97,294
1377,262,102,295
1371,262,107,296
1365,262,112,297
1359,262,117,298
1353,262,122,299
1347,262,127,300
1341,262,132,301
1335,262,137,302
1329,262,142,303
1323,262,147,304
1317,262,152,305
1318,258,163,304
1320,258,159,304
1322,258,155,304
1324,258,151,304
1326,258,147,304
1328,258,143,304
1330,258,139,304
1332,258,135,304
1334,258,131,304
1336,258,127,304
1338,258,123,304
1340,258,119,304
1342,258,115,304
1344,258,111,304
1346,258,107,304
1352,255,110,299
1354,255,108,299
1356,255,106,299
1358,255,104,299
1360,255,102,299
1362,255,100,299
1364,255,98,299
1366,255,96,299
1368,255,94,299
1370,255,92,299
1372,255,90,299
1374,255,88,299
1376,255,86,299
1378,255,84,299
1380,255,82,299
1384,260,78,294
1383,260,78,294
1382,260,78,294
1381,260,78,294
1380,260,78,294
1379,260,78,294
1378,260,78,294
1377,260,78,294
1376,260,78,294
1375,260,78,294
1374,260,78,294
1373,260,78,294
1372,260,78,294
1371,260,78,294
1370,260,78,294
1375,263,85,294
1374,263,86,294
1373,263,87,294
1372,263,88,294
1371,263,89,294
1370,263,90,294
1369,263,91,294
1368,263,92,294
1367,263,93,294
1366,263,94,294
1365,263,95,294
1364,263,96,294
1363,263,97,294
1362,263,98,294
1361,263,99,294
1360,267,104,290
1356,267,106,291
1352,267,108,292
1348,267,110,293
1344,267,112,294
1340,267,114,295
1336,267,116,296
1332,267,118,297
1328,267,120,298
1324,267,122,299
1320,267,124,300
1316,267,126,301
1312,267,128,302
1308,267,130,303
1304,267,132,304
1305,271,136,303
1304,271,134,303
1303,271,132,303
1302,271,130,303
1301,271,128,303
1300,271,126,303
1299,271,124,303
1298,271,122,303
1297,271,120,303
1296,271,118,303
1295,271,116,303
1294,271,114,303
1293,271,112,303
1292,271,110,303
1291,271,108,303
1283,273,108,304
1277,273,108,305
1271,273,108,306
1265,273,108,307
1259,273,108,308
1253,273,108,309
1247,273,108,310
1241,273,108,311
1235,273,108,312
1229,273,108,313
1223,273,108,314
1217,273,108,315
1211,273,108,316
1205,273,108,317
1199,273,108,318
1189,280,115,313
1180,280,118,314
1171,280,121,315
1162,280,124,316
1153,280,127,317
1144,280,130,318
1135,280,133,319
1126,280,136,320
1117,280,139,321
1108,280,142,322
1099,280,145,323
1090,280,148,324
1081,280,151,325
1072,280,154,326
1063,280,157,327
1055,283,167,322
1046,284,169,323
1037,285,171,324
1028,286,173,325
1019,287,175,326
1010,288,177,327
1001,289,179,328
992,290,181,329
983,291,183,330
974,292,185,331
965,293,187,332
956,294,189,333
947,295,191,334
938,296,193,335
929,297,195,336
914,302,191,330
902,303,195,330
890,304,199,330
878,305,203,330
866,306,207,330
854,307,211,330
842,308,215,330
830,309,219,330
818,310,223,330
806,311,227,330
794,312,231,330
782,313,235,330
770,314,239,330
758,315,243,330
746,316,247,330
730,312,249,329
727,311,246,330
724,310,243,331
721,309,240,332
718,308,237,333
715,307,234,334
712,306,231,335
709,305,228,336
706,304,225,337
703,303,222,338
700,302,219,339
697,301,216,340
694,300,213,341
691,299,210,342
688,298,207,343
685,301,197,343
695,301,192,340
705,301,187,337
715,301,182,334
725,301,177,331
735,301,172,328
745,301,167,325
755,301,162,322
765,301,157,319
775,301,152,316
785,301,147,313
795,301,142,310
805,301,137,307
815,301,132,304
825,301,127,301
830,306,119,302
832,307,123,305
834,308,127,308
836,309,131,311
838,310,135,314
840,311,139,317
842,312,143,320
844,313,147,323
846,314,151,326
848,315,155,329
850,316,159,332
852,317,163,335
854,318,167,338
856,319,171,341
858,320,175,344
854,314,178,346
864,316,179,347
874,318,180,348
884,320,181,349
894,322,182,350
904,324,183,351
914,326,184,352
924,328,185,353
934,330,186,354
944,332,187,355
954,334,188,356
964,336,189,357
974,338,190,358
984,340,191,359
994,342,192,360
999,351,187,364
991,351,189,362
983,351,191,360
975,351,193,358
967,351,195,356
959,351,197,354
951,351,199,352
943,351,201,350
935,351,203,348
927,351,205,346
919,351,207,344
911,351,209,342
903,351,211,340
895,351,213,338
887,351,215,336
877,350,219,328
868,351,221,332
859,352,223,336
850,353,225,340
841,354,227,344
832,355,229,348
823,356,231,352
814,357,233,356
805,358,235,360
796,359,237,364
787,360,239,368
778,361,241,372
769,362,243,376
760,363,245,380
751,364,247,384
747,363,244,395
744,364,238,395
741,365,232,395
738,366,226,395
735,367,220,395
732,368,214,395
729,369,208,395
726,370,202,395
723,371,196,395
720,372,190,395
717,373,184,395
714,374,178,395
711,375,172,395
708,376,166,395
705,377,160,395
702,377,157,394
702,375,156,393
702,373,155,392
702,371,154,391
702,369,153,390
702,367,152,389
702,365,151,388
702,363,150,387
702,361,149,386
702,359,148,385
702,357,147,384
702,355,146,383
702,353,145,382
702,351,144,381
702,349,143,380
702,353,148,372
704,354,149,375
706,355,150,378
708,356,151,381
710,357,152,384
712,358,153,387
714,359,154,390
716,360,155,393
718,361,156,396
720,362,157,399
722,363,158,402
724,364,159,405
726,365,160,408
728,366,161,411
730,367,162,414
725,372,170,422
720,371,172,421
715,370,174,420
710,369,176,419
705,368,178,418
700,367,180,417
695,366,182,416
690,365,184,415
685,364,186,414
680,363,188,413
675,362,190,412
670,361,192,411
665,360,194,410
660,359,196,409
655,358,198,408
651,350,206,408
651,348,205,408
651,346,204,408
651,344,203,408
651,342,202,408
651,340,201,408
651,338,200,408
651,336,199,408
651,334,198,408
651,332,197,408
651,330,196,408
651,328,195,408
651,326,194,408
651,324,193,408
651,322,192,408
650,322,194,403
658,321,190,398
666,320,186,393
674,319,182,388
682,318,178,383
690,317,174,378
698,316,170,373
706,315,166,368
714,314,162,363
722,313,158,358
730,312,154,353
738,311,150,348
746,310,146,343
754,309,142,338
762,308,138,333
772,312,132,333
768,312,134,334
764,312,136,335
760,312,138,336
756,312,140,337
752,312,142,338
748,312,144,339
744,312,146,340
740,312,148,341
736,312,150,342
732,312,152,343
728,312,154,344
724,312,156,345
720,312,158,346
716,312,160,347
713,317,169,351
706,323,174,353
699,329,179,355
692,335,184,357
685,341,189,359
678,347,194,361
671,353,199,363
664,359,204,365
657,365,209,367
650,371,214,369
643,377,219,371
636,383,224,373
629,389,229,375
622,395,234,377
615,401,239,379
612,408,238,384
618,411,240,384
624,414,242,384
630,417,244,384
636,420,246,384
642,423,248,384
648,426,250,384
654,429,252,384
660,432,254,384
666,435,256,384
672,438,258,384
678,441,260,384
684,444,262,384
690,447,264,384
696,450,266,384
700,457,261,387
