1685,254,123,350
1685,254,123,351
1685,254,123,352
1685,254,123,353
1685,254,123,354
1685,254,123,355
1685,254,123,356
1685,254,123,357
1685,254,123,358
1685,254,123,359
1685,254,123,360
1685,254,123,361
1685,254,123,362
1685,254,123,363
1685,254,123,364
1682,250,124,364
1682,251,124,363
1682,252,124,362
1682,253,124,361
1682,254,124,360
1682,255,124,359
1682,256,124,358
1682,257,124,357
1682,258,124,356
1682,259,124,355
1682,260,124,354
1682,261,124,353
1682,262,124,352
1682,263,124,351
1682,264,124,350
1680,262,126,352
1680,261,126,353
1680,260,126,354
1680,259,126,355
1680,258,126,356
1680,257,126,357
1680,256,126,358
1680,255,126,359
1680,254,126,360
1680,253,126,361
1680,252,126,362
1680,251,126,363
1680,250,126,364
1680,249,126,365
1680,248,126,366
1685,254,119,368
1685,254,118,367
1685,254,117,366
1685,254,116,365
1685,254,115,364
1685,254,114,363
1685,254,113,362
1685,254,112,361
1685,254,111,360
1685,254,110,359
1685,254,109,358
1685,254,108,357
1685,254,107,356
1685,254,106,355
1685,254,105,354
1683,256,110,358
1677,256,116,358
1671,256,122,358
1665,256,128,358
1659,256,134,358
1653,256,140,358
1647,256,146,358
1641,256,152,358
1635,256,158,358
1629,256,164,358
1623,256,170,358
1617,256,176,358
1611,256,182,358
1605,256,188,358
1599,256,194,358
1597,258,194,360
1599,257,190,360
1601,256,186,360
1603,255,182,360
1605,254,178,360
1607,253,174,360
1609,252,170,360
1611,251,166,360
1613,250,162,360
1615,249,158,360
1617,248,154,360
1619,247,150,360
1621,246,146,360
1623,245,142,360
1625,244,138,360
1632,248,132,364
1633,248,131,364
1634,248,130,364
1635,248,129,364
1636,248,128,364
1637,248,127,364
1638,248,126,364
1639,248,125,364
1640,248,124,364
1641,248,123,364
1642,248,122,364
1643,248,121,364
1644,248,120,364
1645,248,119,364
1646,248,118,364
1654,248,110,366
1654,248,110,366
1654,248,110,366
1654,248,110,366
1654,248,110,366
1654,248,110,366
1654,248,110,366
1654,248,110,366
1654,248,110,366
1654,248,110,366
1654,248,110,366
1654,248,110,366
1654,248,110,366
1654,248,110,366
1654,248,110,366
1650,250,110,368
1650,251,111,367
1650,252,112,366
1650,253,113,365
1650,254,114,364
1650,255,115,363
1650,256,116,362
1650,257,117,361
1650,258,118,360
1650,259,119,359
1650,260,120,358
1650,261,121,357
1650,262,122,356
1650,263,123,355
1650,264,124,354
1643,260,121,356
1638,260,126,357
1633,260,131,358
1628,260,136,359
1623,260,141,360
1618,260,146,361
1613,260,151,362
1608,260,156,363
1603,260,161,364
1598,260,166,365
1593,260,171,366
1588,260,176,367
1583,260,181,368
1578,260,186,369
1573,260,191,370
1562,260,191,372
1560,260,188,372
1558,260,185,372
1556,260,182,372
1554,260,179,372
1552,260,176,372
1550,260,173,372
1548,260,170,372
1546,260,167,372
1544,260,164,372
1542,260,161,372
1540,260,158,372
1538,260,155,372
1536,260,152,372
1534,260,149,372
1536,256,150,374
1530,257,149,375
1524,258,148,376
1518,259,147,377
1512,260,146,378
1506,261,145,379
1500,262,144,380
1494,263,143,381
1488,264,142,382
1482,265,141,383
1476,266,140,384
1470,267,139,385
1464,268,138,386
1458,269,137,387
1452,270,136,388
1447,267,129,390
1436,266,134,391
1425,265,139,392
1414,264,144,393
1403,263,149,394
1392,262,154,395
1381,261,159,396
1370,260,164,397
1359,259,169,398
1348,258,174,399
1337,257,179,400
1326,256,184,401
1315,255,189,402
1304,254,194,403
1293,253,199,404
1278,256,204,401
1267,257,205,402
1256,258,206,403
1245,259,207,404
1234,260,208,405
1223,261,209,406
1212,262,210,407
1201,263,211,408
1190,264,212,409
1179,265,213,410
1168,266,214,411
1157,267,215,412
1146,268,216,413
1135,269,217,414
1124,270,218,415
1114,269,222,420
1099,270,227,420
1084,271,232,420
1069,272,237,420
1054,273,242,420
1039,274,247,420
1024,275,252,420
1009,276,257,420
994,277,262,420
979,278,267,420
964,279,272,420
949,280,277,420
934,281,282,420
919,282,287,420
904,283,292,420
888,279,295,417
886,277,289,418
884,275,283,419
882,273,277,420
880,271,271,421
878,269,265,422
876,267,259,423
874,265,253,424
872,263,247,425
870,261,241,426
868,259,235,427
866,257,229,428
864,255,223,429
862,253,217,430
860,251,211,431
855,252,202,433
862,253,200,430
869,254,198,427
876,255,196,424
883,256,194,421
890,257,192,418
897,258,190,415
904,259,188,412
911,260,186,409
918,261,184,406
925,262,182,403
932,263,180,400
939,264,178,397
946,265,176,394
953,266,174,391
966,264,167,381
972,265,169,385
978,266,171,389
984,267,173,393
990,268,175,397
996,269,177,401
1002,270,179,405
1008,271,181,409
1014,272,183,413
1020,273,185,417
1026,274,187,421
1032,275,189,425
1038,276,191,429
1044,277,193,433
1050,278,195,437
1051,281,193,435
1063,285,195,436
1075,289,197,437
1087,293,199,438
1099,297,201,439
1111,301,203,440
1123,305,205,441
1135,309,207,442
1147,313,209,443
1159,317,211,444
1171,321,213,445
1183,325,215,446
1195,329,217,447
1207,333,219,448
1219,337,221,449
1224,344,217,456
1216,343,218,453
1208,342,219,450
1200,341,220,447
1192,340,221,444
1184,339,222,441
1176,338,223,438
1168,337,224,435
1160,336,225,432
1152,335,226,429
1144,334,227,426
1136,333,228,423
1128,332,229,420
1120,331,230,417
1112,330,231,414
1101,336,227,404
1089,335,229,411
1077,334,231,418
1065,333,233,425
1053,332,235,432
1041,331,237,439
1029,330,239,446
1017,329,241,453
1005,328,243,460
993,327,245,467
981,326,247,474
969,325,249,481
957,324,251,488
945,323,253,495
933,322,255,502
925,328,261,510
920,331,258,508
915,334,255,506
910,337,252,504
905,340,249,502
900,343,246,500
895,346,243,498
890,349,240,496
885,352,237,494
880,355,234,492
875,358,231,490
870,361,228,488
865,364,225,486
860,367,222,484
855,370,219,482
850,375,211,482
849,372,210,481
848,369,209,480
847,366,208,479
846,363,207,478
845,360,206,477
844,357,205,476
843,354,204,475
842,351,203,474
841,348,202,473
840,345,201,472
839,342,200,471
838,339,199,470
837,336,198,469
836,333,197,468
842,326,202,467
844,328,204,471
846,330,206,475
848,332,208,479
850,334,210,483
852,336,212,487
854,338,214,491
856,340,216,495
858,342,218,499
860,344,220,503
862,346,222,507
864,348,224,511
866,350,226,515
868,352,228,519
870,354,230,523
866,358,239,523
861,356,240,521
856,354,241,519
851,352,242,517
846,350,243,515
841,348,244,513
836,346,245,511
831,344,246,509
826,342,247,507
821,340,248,505
816,338,249,503
811,336,250,501
806,334,251,499
801,332,252,497
796,330,253,495
798,330,256,494
798,327,253,495
798,324,250,496
798,321,247,497
798,318,244,498
798,315,241,499
798,312,238,500
798,309,235,501
798,306,232,502
798,303,229,503
798,300,226,504
798,297,223,505
798,294,220,506
798,291,217,507
798,288,214,508
804,289,204,511
812,288,201,505
820,287,198,499
828,286,195,493
836,285,192,487
844,284,189,481
852,283,186,475
860,282,183,469
868,281,180,463
876,280,177,457
884,279,174,451
892,278,171,445
900,277,168,439
908,276,165,433
916,275,162,427
925,275,162,427
922,276,163,428
919,277,164,429
916,278,165,430
913,279,166,431
910,280,167,432
907,281,168,433
904,282,169,434
901,283,170,435
898,284,171,436
895,285,172,437
892,286,173,438
889,287,174,439
886,288,175,440
883,289,176,441
883,283,180,435
873,291,188,438
863,299,196,441
853,307,204,444
843,315,212,447
833,323,220,450
823,331,228,453
813,339,236,456
803,347,244,459
793,355,252,462
783,363,260,465
773,371,268,468
763,379,276,471
753,387,284,474
743,395,292,477
739,401,307,484
748,405,308,484
757,409,309,484
766,413,310,484
775,417,311,484
784,421,312,484
793,425,313,484
802,429,314,484
811,433,315,484
820,437,316,484
829,441,317,484
838,445,318,484
847,449,319,484
856,453,320,484
865,457,321,484
868,462,317,484
