1326,237,98,278
1327,237,100,278
1328,237,102,278
1329,237,104,278
1330,237,106,278
1331,237,108,278
1332,237,110,278
1333,237,112,278
1334,237,114,278
1335,237,116,278
1336,237,118,278
1337,237,120,278
1338,237,122,278
1339,237,124,278
1340,237,126,278
1344,239,124,284
1346,238,123,284
1348,237,122,284
1350,236,121,284
1352,235,120,284
1354,234,119,284
1356,233,118,284
1358,232,117,284
1360,231,116,284
1362,230,115,284
1364,229,114,284
1366,228,113,284
1368,227,112,284
1370,226,111,284
1372,225,110,284
1371,231,115,286
1371,231,115,286
1371,231,115,286
1371,231,115,286
1371,231,115,286
1371,231,115,286
1371,231,115,286
1371,231,115,286
1371,231,115,286
1371,231,115,286
1371,231,115,286
1371,231,115,286
1371,231,115,286
1371,231,115,286
1371,231,115,286
1366,231,118,286
1367,231,117,286
1368,231,116,286
1369,231,115,286
1370,231,114,286
1371,231,113,286
1372,231,112,286
1373,231,111,286
1374,231,110,286
1375,231,109,286
1376,231,108,286
1377,231,107,286
1378,231,106,286
1379,231,105,286
1380,231,104,286
1383,230,109,281
1383,230,108,281
1383,230,107,281
1383,230,106,281
1383,230,105,281
1383,230,104,281
1383,230,103,281
1383,230,102,281
1383,230,101,281
1383,230,100,281
1383,230,99,281
1383,230,98,281
1383,230,97,281
1383,230,96,281
1383,230,95,281
1389,233,101,282
1389,233,101,282
1389,233,101,282
1389,233,101,282
1389,233,101,282
1389,233,101,282
1389,233,101,282
1389,233,101,282
1389,233,101,282
1389,233,101,282
1389,233,101,282
1389,233,101,282
1389,233,101,282
1389,233,101,282
1389,233,101,282
1385,231,103,284
1385,231,104,284
1385,231,105,284
1385,231,106,284
1385,231,107,284
1385,231,108,284
1385,231,109,284
1385,231,110,284
1385,231,111,284
1385,231,112,284
1385,231,113,284
1385,231,114,284
1385,231,115,284
1385,231,116,284
1385,231,117,284
1387,233,121,280
1387,233,121,280
1387,233,121,280
1387,233,121,280
1387,233,121,280
1387,233,121,280
1387,233,121,280
1387,233,121,280
1387,233,121,280
1387,233,121,280
1387,233,121,280
1387,233,121,280
1387,233,121,280
1387,233,121,280
1387,233,121,280
1387,235,117,278
1387,235,117,278
1387,235,117,278
1387,235,117,278
1387,235,117,278
1387,235,117,278
1387,235,117,278
1387,235,117,278
1387,235,117,278
1387,235,117,278
1387,235,117,278
1387,235,117,278
1387,235,117,278
1387,235,117,278
1387,235,117,278
1389,231,120,282
1389,231,120,282
1389,231,120,282
1389,231,120,282
1389,231,120,282
1389,231,120,282
1389,231,120,282
1389,231,120,282
1389,231,120,282
1389,231,120,282
1389,231,120,282
1389,231,120,282
1389,231,120,282
1389,231,120,282
1389,231,120,282
1389,233,113,277
1389,233,114,277
1389,233,115,277
1389,233,116,277
1389,233,117,277
1389,233,118,277
1389,233,119,277
1389,233,120,277
1389,233,121,277
1389,233,122,277
1389,233,123,277
1389,233,124,277
1389,233,125,277
1389,233,126,277
1389,233,127,277
1385,231,121,284
1385,231,121,284
1385,231,121,284
1385,231,121,284
1385,231,121,284
1385,231,121,284
1385,231,121,284
1385,231,121,284
1385,231,121,284
1385,231,121,284
1385,231,121,284
1385,231,121,284
1385,231,121,284
1385,231,121,284
1385,231,121,284
1383,237,121,280
1378,237,121,280
1373,237,121,280
1368,237,121,280
1363,237,121,280
1358,237,121,280
1353,237,121,280
1348,237,121,280
1343,237,121,280
1338,237,121,280
1333,237,121,280
1328,237,121,280
1323,237,121,280
1318,237,121,280
1313,237,121,280
1312,241,126,284
1306,242,126,284
1300,243,126,284
1294,244,126,284
1288,245,126,284
1282,246,126,284
1276,247,126,284
1270,248,126,284
1264,249,126,284
1258,250,126,284
1252,251,126,284
1246,252,126,284
1240,253,126,284
1234,254,126,284
1228,255,126,284
1223,260,132,287
1215,261,134,286
1207,262,136,285
1199,263,138,284
1191,264,140,283
1183,265,142,282
1175,266,144,281
1167,267,146,280
1159,268,148,279
1151,269,150,278
1143,270,152,277
1135,271,154,276
1127,272,156,275
1119,273,158,274
1111,274,160,273
1096,282,167,265
1077,281,167,268
1058,280,167,271
1039,279,167,274
1020,278,167,277
1001,277,167,280
982,276,167,283
963,275,167,286
944,274,167,289
925,273,167,292
906,272,167,295
887,271,167,298
868,270,167,301
849,269,167,304
830,268,167,307
808,273,167,303
793,274,165,306
778,275,163,309
763,276,161,312
748,277,159,315
733,278,157,318
718,279,155,321
703,280,153,324
688,281,151,327
673,282,149,330
658,283,147,333
643,284,145,336
628,285,143,339
613,286,141,342
598,287,139,345
583,282,144,345
572,281,142,345
561,280,140,345
550,279,138,345
539,278,136,345
528,277,134,345
517,276,132,345
506,275,130,345
495,274,128,345
484,273,126,345
473,272,124,345
462,271,122,345
451,270,120,345
440,269,118,345
429,268,116,345
422,269,121,344
411,270,119,340
400,271,117,336
389,272,115,332
378,273,113,328
367,274,111,324
356,275,109,320
345,276,107,316
334,277,105,312
323,278,103,308
312,279,101,304
301,280,99,300
290,281,97,296
279,282,95,292
268,283,93,288
262,282,98,288
262,284,102,286
262,286,106,284
262,288,110,282
262,290,114,280
262,292,118,278
262,294,122,276
262,296,126,274
262,298,130,272
262,300,134,270
262,302,138,268
262,304,142,266
262,306,146,264
262,308,150,262
262,310,154,260
260,305,165,259
261,304,162,260
262,303,159,261
263,302,156,262
264,301,153,263
265,300,150,264
266,299,147,265
267,298,144,266
268,297,141,267
269,296,138,268
270,295,135,269
271,294,132,270
272,293,129,271
273,292,126,272
274,291,123,273
270,296,122,278
274,295,121,278
278,294,120,278
282,293,119,278
286,292,118,278
290,291,117,278
294,290,116,278
298,289,115,278
302,288,114,278
306,287,113,278
310,286,112,278
314,285,111,278
318,284,110,278
322,283,109,278
326,282,108,278
323,286,106,284
322,286,108,285
321,286,110,286
320,286,112,287
319,286,114,288
318,286,116,289
317,286,118,290
316,286,120,291
315,286,122,292
314,286,124,293
313,286,126,294
312,286,128,295
311,286,130,296
310,286,132,297
309,286,134,298
311,288,132,303
315,289,131,304
319,290,130,305
323,291,129,306
327,292,128,307
331,293,127,308
335,294,126,309
339,295,125,310
343,296,124,311
347,297,123,312
351,298,122,313
355,299,121,314
359,300,120,315
363,301,119,316
367,302,118,317
373,307,122,316
388,305,123,316
403,303,124,316
418,301,125,316
433,299,126,316
448,297,127,316
463,295,128,316
478,293,129,316
493,291,130,316
508,289,131,316
523,287,132,316
538,285,133,316
553,283,134,316
568,281,135,316
583,279,136,316
599,271,144,314
603,270,146,314
607,269,148,314
611,268,150,314
615,267,152,314
619,266,154,314
623,265,156,314
627,264,158,314
631,263,160,314
635,262,162,314
639,261,164,314
643,260,166,314
647,259,168,314
651,258,170,314
655,257,172,314
663,258,167,310
663,258,167,309
663,258,167,308
663,258,167,307
663,258,167,306
663,258,167,305
663,258,167,304
663,258,167,303
663,258,167,302
663,258,167,301
663,258,167,300
663,258,167,299
663,258,167,298
663,258,167,297
663,258,167,296
659,265,173,299
655,265,176,300
651,265,179,301
647,265,182,302
643,265,185,303
639,265,188,304
635,265,191,305
631,265,194,306
627,265,197,307
623,265,200,308
619,265,203,309
615,265,206,310
611,265,209,311
607,265,212,312
603,265,215,313
603,260,212,308
607,260,210,310
611,260,208,312
615,260,206,314
619,260,204,316
623,260,202,318
627,260,200,320
631,260,198,322
635,260,196,324
639,260,194,326
643,260,192,328
647,260,190,330
651,260,188,332
655,260,186,334
659,260,184,336
657,256,185,331
665,257,183,332
673,258,181,333
681,259,179,334
689,260,177,335
697,261,175,336
705,262,173,337
713,263,171,338
721,264,169,339
729,265,167,340
737,266,165,341
745,267,163,342
753,268,161,343
761,269,159,344
769,270,157,345
772,267,158,341
