1427,339,70,221
1426,339,70,222
1425,339,70,223
1424,339,70,224
1423,339,70,225
1422,339,70,226
1421,339,70,227
1420,339,70,228
1419,339,70,229
1418,339,70,230
1417,339,70,231
1416,339,70,232
1415,339,70,233
1414,339,70,234
1413,339,70,235
1412,337,71,232
1411,337,71,232
1410,337,71,232
1409,337,71,232
1408,337,71,232
1407,337,71,232
1406,337,71,232
1405,337,71,232
1404,337,71,232
1403,337,71,232
1402,337,71,232
1401,337,71,232
1400,337,71,232
1399,337,71,232
1398,337,71,232
1398,337,76,234
1399,337,76,234
1400,337,76,234
1401,337,76,234
1402,337,76,234
1403,337,76,234
1404,337,76,234
1405,337,76,234
1406,337,76,234
1407,337,76,234
1408,337,76,234
1409,337,76,234
1410,337,76,234
1411,337,76,234
1412,337,76,234
1416,336,83,232
1417,336,83,232
1418,336,83,232
1419,336,83,232
1420,336,83,232
1421,336,83,232
1422,336,83,232
1423,336,83,232
1424,336,83,232
1425,336,83,232
1426,336,83,232
1427,336,83,232
1428,336,83,232
1429,336,83,232
1430,336,83,232
1430,333,81,233
1431,333,80,233
1432,333,79,233
1433,333,78,233
1434,333,77,233
1435,333,76,233
1436,333,75,233
1437,333,74,233
1438,333,73,233
1439,333,72,233
1440,333,71,233
1441,333,70,233
1442,333,69,233
1443,333,68,233
1444,333,67,233
1441,329,70,236
1441,329,71,236
1441,329,72,236
1441,329,73,236
1441,329,74,236
1441,329,75,236
1441,329,76,236
1441,329,77,236
1441,329,78,236
1441,329,79,236
1441,329,80,236
1441,329,81,236
1441,329,82,236
1441,329,83,236
1441,329,84,236
1443,333,79,230
1443,333,80,230
1443,333,81,230
1443,333,82,230
1443,333,83,230
1443,333,84,230
1443,333,85,230
1443,333,86,230
1443,333,87,230
1443,333,88,230
1443,333,89,230
1443,333,90,230
1443,333,91,230
1443,333,92,230
1443,333,93,230
1446,326,87,234
1446,326,87,234
1446,326,87,234
1446,326,87,234
1446,326,87,234
1446,326,87,234
1446,326,87,234
1446,326,87,234
1446,326,87,234
1446,326,87,234
1446,326,87,234
1446,326,87,234
1446,326,87,234
1446,326,87,234
1446,326,87,234
1441,328,90,234
1441,328,90,234
1441,328,90,234
1441,328,90,234
1441,328,90,234
1441,328,90,234
1441,328,90,234
1441,328,90,234
1441,328,90,234
1441,328,90,234
1441,328,90,234
1441,328,90,234
1441,328,90,234
1441,328,90,234
1441,328,90,234
1446,326,97,231
1446,326,98,231
1446,326,99,231
1446,326,100,231
1446,326,101,231
1446,326,102,231
1446,326,103,231
1446,326,104,231
1446,326,105,231
1446,326,106,231
1446,326,107,231
1446,326,108,231
1446,326,109,231
1446,326,110,231
1446,326,111,231
1441,331,108,231
1441,331,108,230
1441,331,108,229
1441,331,108,228
1441,331,108,227
1441,331,108,226
1441,331,108,225
1441,331,108,224
1441,331,108,223
1441,331,108,222
1441,331,108,221
1441,331,108,220
1441,331,108,219
1441,331,108,218
1441,331,108,217
1444,333,103,223
1444,333,102,223
1444,333,101,223
1444,333,100,223
1444,333,99,223
1444,333,98,223
1444,333,97,223
1444,333,96,223
1444,333,95,223
1444,333,94,223
1444,333,93,223
1444,333,92,223
1444,333,91,223
1444,333,90,223
1444,333,89,223
1448,329,93,227
1448,329,93,227
1448,329,93,227
1448,329,93,227
1448,329,93,227
1448,329,93,227
1448,329,93,227
1448,329,93,227
1448,329,93,227
1448,329,93,227
1448,329,93,227
1448,329,93,227
1448,329,93,227
1448,329,93,227
1448,329,93,227
1446,328,99,229
1446,328,97,229
1446,328,95,229
1446,328,93,229
1446,328,91,229
1446,328,89,229
1446,328,87,229
1446,328,85,229
1446,328,83,229
1446,328,81,229
1446,328,79,229
1446,328,77,229
1446,328,75,229
1446,328,73,229
1446,328,71,229
1444,333,74,235
1440,334,76,234
1436,335,78,233
1432,336,80,232
1428,337,82,231
1424,338,84,230
1420,339,86,229
1416,340,88,228
1412,341,90,227
1408,342,92,226
1404,343,94,225
1400,344,96,224
1396,345,98,223
1392,346,100,222
1388,347,102,221
1391,342,108,227
1388,343,108,228
1385,344,108,229
1382,345,108,230
1379,346,108,231
1376,347,108,232
1373,348,108,233
1370,349,108,234
1367,350,108,235
1364,351,108,236
1361,352,108,237
1358,353,108,238
1355,354,108,239
1352,355,108,240
1349,356,108,241
1343,351,101,235
1335,352,103,233
1327,353,105,231
1319,354,107,229
1311,355,109,227
1303,356,111,225
1295,357,113,223
1287,358,115,221
1279,359,117,219
1271,360,119,217
1263,361,121,215
1255,362,123,213
1247,363,125,211
1239,364,127,209
1231,365,129,207
1222,371,136,206
1209,371,133,209
1196,371,130,212
1183,371,127,215
1170,371,124,218
1157,371,121,221
1144,371,118,224
1131,371,115,227
1118,371,112,230
1105,371,109,233
1092,371,106,236
1079,371,103,239
1066,371,100,242
1053,371,97,245
1040,371,94,248
1030,370,95,253
1016,370,96,255
1002,370,97,257
988,370,98,259
974,370,99,261
960,370,100,263
946,370,101,265
932,370,102,267
918,370,103,269
904,370,104,271
890,370,105,273
876,370,106,275
862,370,107,277
848,370,108,279
834,370,109,281
822,366,107,279
811,366,106,277
800,366,105,275
789,366,104,273
778,366,103,271
767,366,102,269
756,366,101,267
745,366,100,265
734,366,99,263
723,366,98,261
712,366,97,259
701,366,96,257
690,366,95,255
679,366,94,253
668,366,93,251
663,360,94,250
653,360,93,250
643,360,92,250
633,360,91,250
623,360,90,250
613,360,89,250
603,360,88,250
593,360,87,250
583,360,86,250
573,360,85,250
563,360,84,250
553,360,83,250
543,360,82,250
533,360,81,250
523,360,80,250
508,363,80,253
506,365,84,251
504,367,88,249
502,369,92,247
500,371,96,245
498,373,100,243
496,375,104,241
494,377,108,239
492,379,112,237
490,381,116,235
488,383,120,233
486,385,124,231
484,387,128,229
482,389,132,227
480,391,136,225
471,387,142,218
473,387,139,218
475,387,136,218
477,387,133,218
479,387,130,218
481,387,127,218
483,387,124,218
485,387,121,218
487,387,118,218
489,387,115,218
491,387,112,218
493,387,109,218
495,387,106,218
497,387,103,218
499,387,100,218
496,380,99,220
499,380,98,220
502,380,97,220
505,380,96,220
508,380,95,220
511,380,94,220
514,380,93,220
517,380,92,220
520,380,91,220
523,380,90,220
526,380,89,220
529,380,88,220
532,380,87,220
535,380,86,220
538,380,85,220
540,379,89,224
540,379,89,225
540,379,89,226
540,379,89,227
540,379,89,228
540,379,89,229
540,379,89,230
540,379,89,231
540,379,89,232
540,379,89,233
540,379,89,234
540,379,89,235
540,379,89,236
540,379,89,237
540,379,89,238
537,377,93,237
540,378,93,238
543,379,93,239
546,380,93,240
549,381,93,241
552,382,93,242
555,383,93,243
558,384,93,244
561,385,93,245
564,386,93,246
567,387,93,247
570,388,93,248
573,389,93,249
576,390,93,250
579,391,93,251
588,393,98,250
600,391,99,251
612,389,100,252
624,387,101,253
636,385,102,254
648,383,103,255
660,381,104,256
672,379,105,257
684,377,106,258
696,375,107,259
708,373,108,260
720,371,109,261
732,369,110,262
744,367,111,263
756,365,112,264
774,368,107,262
780,368,108,262
786,368,109,262
792,368,110,262
798,368,111,262
804,368,112,262
810,368,113,262
816,368,114,262
822,368,115,262
828,368,116,262
834,368,117,262
840,368,118,262
846,368,119,262
852,368,120,262
858,368,121,262
861,365,124,255
861,365,125,255
861,365,126,255
861,365,127,255
861,365,128,255
861,365,129,255
861,365,130,255
861,365,131,255
861,365,132,255
861,365,133,255
861,365,134,255
861,365,135,255
861,365,136,255
861,365,137,255
861,365,138,255
854,362,134,254
851,362,135,255
848,362,136,256
845,362,137,257
842,362,138,258
839,362,139,259
836,362,140,260
833,362,141,261
830,362,142,262
827,362,143,263
824,362,144,264
821,362,145,265
818,362,146,266
815,362,147,267
812,362,148,268
811,357,149,266
