228,213,78,230
228,213,78,231
228,213,78,232
228,213,78,233
228,213,78,234
228,213,78,235
228,213,78,236
228,213,78,237
228,213,78,238
228,213,78,239
228,213,78,240
228,213,78,241
228,213,78,242
228,213,78,243
228,213,78,244
228,215,82,241
228,216,82,239
228,217,82,237
228,218,82,235
228,219,82,233
228,220,82,231
228,221,82,229
228,222,82,227
228,223,82,225
228,224,82,223
228,225,82,221
228,226,82,219
228,227,82,217
228,228,82,215
228,229,82,213
229,230,79,215
228,229,79,215
227,228,79,215
226,227,79,215
225,226,79,215
224,225,79,215
223,224,79,215
222,223,79,215
221,222,79,215
220,221,79,215
219,220,79,215
218,219,79,215
217,218,79,215
216,217,79,215
215,216,79,215
209,215,81,221
209,215,81,222
209,215,81,223
209,215,81,224
209,215,81,225
209,215,81,226
209,215,81,227
209,215,81,228
209,215,81,229
209,215,81,230
209,215,81,231
209,215,81,232
209,215,81,233
209,215,81,234
209,215,81,235
209,217,81,233
209,218,82,232
209,219,83,231
209,220,84,230
209,221,85,229
209,222,86,228
209,223,87,227
209,224,88,226
209,225,89,225
209,226,90,224
209,227,91,223
209,228,92,222
209,229,93,221
209,230,94,220
209,231,95,219
206,230,89,217
206,230,89,218
206,230,89,219
206,230,89,220
206,230,89,221
206,230,89,222
206,230,89,223
206,230,89,224
206,230,89,225
206,230,89,226
206,230,89,227
206,230,89,228
206,230,89,229
206,230,89,230
206,230,89,231
213,228,82,231
215,227,82,231
217,226,82,231
219,225,82,231
221,224,82,231
223,223,82,231
225,222,82,231
227,221,82,231
229,220,82,231
231,219,82,231
233,218,82,231
235,217,82,231
237,216,82,231
239,215,82,231
241,214,82,231
244,217,77,226
246,219,77,225
248,221,77,224
250,223,77,223
252,225,77,222
254,227,77,221
256,229,77,220
258,231,77,219
260,233,77,218
262,235,77,217
264,237,77,216
266,239,77,215
268,241,77,214
270,243,77,213
272,245,77,212
278,243,77,213
281,243,78,215
284,243,79,217
287,243,80,219
290,243,81,221
293,243,82,223
296,243,83,225
299,243,84,227
302,243,85,229
305,243,86,231
308,243,87,233
311,243,88,235
314,243,89,237
317,243,90,239
320,243,91,241
316,244,88,243
321,244,88,245
326,244,88,247
331,244,88,249
336,244,88,251
341,244,88,253
346,244,88,255
351,244,88,257
356,244,88,259
361,244,88,261
366,244,88,263
371,244,88,265
376,244,88,267
381,244,88,269
386,244,88,271
390,246,95,277
395,247,101,279
400,248,107,281
405,249,113,283
410,250,119,285
415,251,125,287
420,252,131,289
425,253,137,291
430,254,143,293
435,255,149,295
440,256,155,297
445,257,161,299
450,258,167,301
455,259,173,303
460,260,179,305
465,265,189,304
484,266,188,304
503,267,187,304
522,268,186,304
541,269,185,304
560,270,184,304
579,271,183,304
598,272,182,304
617,273,181,304
636,274,180,304
655,275,179,304
674,276,178,304
693,277,177,304
712,278,176,304
731,279,175,304
754,277,171,301
769,278,168,299
784,279,165,297
799,280,162,295
814,281,159,293
829,282,156,291
844,283,153,289
859,284,150,287
874,285,147,285
889,286,144,283
904,287,141,281
919,288,138,279
934,289,135,277
949,290,132,275
964,291,129,273
975,285,133,277
970,285,133,277
965,285,133,277
960,285,133,277
955,285,133,277
950,285,133,277
945,285,133,277
940,285,133,277
935,285,133,277
930,285,133,277
925,285,133,277
920,285,133,277
915,285,133,277
910,285,133,277
905,285,133,277
906,292,128,275
898,293,129,276
890,294,130,277
882,295,131,278
874,296,132,279
866,297,133,280
858,298,134,281
850,299,135,282
842,300,136,283
834,301,137,284
826,302,138,285
818,303,139,286
810,304,140,287
802,305,141,288
794,306,142,289
785,310,140,288
773,311,139,293
761,312,138,298
749,313,137,303
737,314,136,308
725,315,135,313
713,316,134,318
701,317,133,323
689,318,132,328
677,319,131,333
665,320,130,338
653,321,129,343
641,322,128,348
629,323,127,353
617,324,126,358
600,321,121,356
593,322,124,352
586,323,127,348
579,324,130,344
572,325,133,340
565,326,136,336
558,327,139,332
551,328,142,328
544,329,145,324
537,330,148,320
530,331,151,316
523,332,154,312
516,333,157,308
509,334,160,304
502,335,163,300
490,329,167,297
493,332,168,297
496,335,169,297
499,338,170,297
502,341,171,297
505,344,172,297
508,347,173,297
511,350,174,297
514,353,175,297
517,356,176,297
520,359,177,297
523,362,178,297
526,365,179,297
529,368,180,297
532,371,181,297
533,374,182,297
531,372,180,300
529,370,178,303
527,368,176,306
525,366,174,309
523,364,172,312
521,362,170,315
519,360,168,318
517,358,166,321
515,356,164,324
513,354,162,327
511,352,160,330
509,350,158,333
507,348,156,336
505,346,154,339
499,338,157,346
503,340,157,347
507,342,157,348
511,344,157,349
515,346,157,350
519,348,157,351
523,350,157,352
527,352,157,353
531,354,157,354
535,356,157,355
539,358,157,356
543,360,157,357
547,362,157,358
551,364,157,359
555,366,157,360
555,369,158,361
566,369,162,363
577,369,166,365
588,369,170,367
599,369,174,369
610,369,178,371
621,369,182,373
632,369,186,375
643,369,190,377
654,369,194,379
665,369,198,381
676,369,202,383
687,369,206,385
698,369,210,387
709,369,214,389
718,371,223,386
728,372,225,384
738,373,227,382
748,374,229,380
758,375,231,378
768,376,233,376
778,377,235,374
788,378,237,372
798,379,239,370
808,380,241,368
818,381,243,366
828,382,245,364
838,383,247,362
848,384,249,360
858,385,251,358
875,391,257,357
871,392,257,353
867,393,257,349
863,394,257,345
859,395,257,341
855,396,257,337
851,397,257,333
847,398,257,329
843,399,257,325
839,400,257,321
835,401,257,317
831,402,257,313
827,403,257,309
823,404,257,305
819,405,257,301
810,405,253,294
810,404,245,297
810,403,237,300
810,402,229,303
810,401,221,306
810,400,213,309
810,399,205,312
810,398,197,315
810,397,189,318
810,396,181,321
810,395,173,324
810,394,165,327
810,393,157,330
810,392,149,333
810,391,141,336
816,385,138,332
824,390,141,339
832,395,144,346
840,400,147,353
848,405,150,360
856,410,153,367
864,415,156,374
872,420,159,381
880,425,162,388
888,430,165,395
896,435,168,402
904,440,171,409
912,445,174,416
920,450,177,423
928,455,180,430
942,456,188,444
945,453,185,441
948,450,182,438
951,447,179,435
954,444,176,432
957,441,173,429
960,438,170,426
963,435,167,423
966,432,164,420
969,429,161,417
972,426,158,414
975,423,155,411
978,420,152,408
981,417,149,405
984,414,146,402
993,407,142,392
1004,407,141,393
1015,407,140,394
1026,407,139,395
1037,407,138,396
1048,407,137,397
1059,407,136,398
1070,407,135,399
1081,407,134,400
1092,407,133,401
1103,407,132,402
1114,407,131,403
1125,407,130,404
1136,407,129,405
1147,407,128,406
1165,402,120,405
1169,401,126,403
1173,400,132,401
1177,399,138,399
1181,398,144,397
1185,397,150,395
1189,396,156,393
1193,395,162,391
1197,394,168,389
1201,393,174,387
1205,392,180,385
1209,391,186,383
1213,390,192,381
1217,389,198,379
1221,388,204,377
1226,380,204,370
1220,376,200,365
1214,372,196,360
1208,368,192,355
1202,364,188,350
1196,360,184,345
1190,356,180,340
1184,352,176,335
1178,348,172,330
1172,344,168,325
1166,340,164,320
1160,336,160,315
1154,332,156,310
1148,328,152,305
1142,324,148,300
1131,327,140,302
1119,323,143,301
1107,319,146,300
1095,315,149,299
1083,311,152,298
1071,307,155,297
1059,303,158,296
1047,299,161,295
1035,295,164,294
1023,291,167,293
1011,287,170,292
999,283,173,291
987,279,176,290
975,275,179,289
963,271,182,288
955,274,186,293
