449,302,86,207
449,302,86,207
449,302,86,207
449,302,86,207
449,302,86,207
449,302,86,207
449,302,86,207
449,302,86,207
449,302,86,207
449,302,86,207
449,302,86,207
449,302,86,207
449,302,86,207
449,302,86,207
449,302,86,207
447,302,90,207
447,302,90,207
447,302,90,207
447,302,90,207
447,302,90,207
447,302,90,207
447,302,90,207
447,302,90,207
447,302,90,207
447,302,90,207
447,302,90,207
447,302,90,207
447,302,90,207
447,302,90,207
447,302,90,207
443,303,92,213
443,303,92,213
443,303,92,213
443,303,92,213
443,303,92,213
443,303,92,213
443,303,92,213
443,303,92,213
443,303,92,213
443,303,92,213
443,303,92,213
443,303,92,213
443,303,92,213
443,303,92,213
443,303,92,213
441,300,98,211
440,300,98,211
439,300,98,211
438,300,98,211
437,300,98,211
436,300,98,211
435,300,98,211
434,300,98,211
433,300,98,211
432,300,98,211
431,300,98,211
430,300,98,211
429,300,98,211
428,300,98,211
427,300,98,211
430,298,104,218
429,298,104,218
428,298,104,218
427,298,104,218
426,298,104,218
425,298,104,218
424,298,104,218
423,298,104,218
422,298,104,218
421,298,104,218
420,298,104,218
419,298,104,218
418,298,104,218
417,298,104,218
416,298,104,218
419,298,102,214
419,299,102,213
419,300,102,212
419,301,102,211
419,302,102,210
419,303,102,209
419,304,102,208
419,305,102,207
419,306,102,206
419,307,102,205
419,308,102,204
419,309,102,203
419,310,102,202
419,311,102,201
419,312,102,200
426,307,109,204
428,307,108,204
430,307,107,204
432,307,106,204
434,307,105,204
436,307,104,204
438,307,103,204
440,307,102,204
442,307,101,204
444,307,100,204
446,307,99,204
448,307,98,204
450,307,97,204
452,307,96,204
454,307,95,204
449,305,90,209
451,305,91,210
453,305,92,211
455,305,93,212
457,305,94,213
459,305,95,214
461,305,96,215
463,305,97,216
465,305,98,217
467,305,99,218
469,305,100,219
471,305,101,220
473,305,102,221
475,305,103,222
477,305,104,223
482,312,104,219
488,313,103,218
494,314,102,217
500,315,101,216
506,316,100,215
512,317,99,214
518,318,98,213
524,319,97,212
530,320,96,211
536,321,95,210
542,322,94,209
548,323,93,208
554,324,92,207
560,325,91,206
566,326,90,205
568,321,91,201
574,321,94,205
580,321,97,209
586,321,100,213
592,321,103,217
598,321,106,221
604,321,109,225
610,321,112,229
616,321,115,233
622,321,118,237
628,321,121,241
634,321,124,245
640,321,127,249
646,321,130,253
652,321,133,257
659,321,134,257
678,322,138,257
697,323,142,257
716,324,146,257
735,325,150,257
754,326,154,257
773,327,158,257
792,328,162,257
811,329,166,257
830,330,170,257
849,331,174,257
868,332,178,257
887,333,182,257
906,334,186,257
925,335,190,257
948,340,197,262
961,340,195,262
974,340,193,262
987,340,191,262
1000,340,189,262
1013,340,187,262
1026,340,185,262
1039,340,183,262
1052,340,181,262
1065,340,179,262
1078,340,177,262
1091,340,175,262
1104,340,173,262
1117,340,171,262
1130,340,169,262
1142,338,160,262
1135,339,161,262
1128,340,162,262
1121,341,163,262
1114,342,164,262
1107,343,165,262
1100,344,166,262
1093,345,167,262
1086,346,168,262
1079,347,169,262
1072,348,170,262
1065,349,171,262
1058,350,172,262
1051,351,173,262
1044,352,174,262
1036,350,178,266
1023,352,175,268
1010,354,172,270
997,356,169,272
984,358,166,274
971,360,163,276
958,362,160,278
945,364,157,280
932,366,154,282
919,368,151,284
906,370,148,286
893,372,145,288
880,374,142,290
867,376,139,292
854,378,136,294
848,386,140,303
840,387,142,301
832,388,144,299
824,389,146,297
816,390,148,295
808,391,150,293
800,392,152,291
792,393,154,289
784,394,156,287
776,395,158,285
768,396,160,283
760,397,162,281
752,398,164,279
744,399,166,277
736,400,168,275
728,399,167,280
731,399,166,279
734,399,165,278
737,399,164,277
740,399,163,276
743,399,162,275
746,399,161,274
749,399,160,273
752,399,159,272
755,399,158,271
758,399,157,270
761,399,156,269
764,399,155,268
767,399,154,267
770,399,153,266
768,402,151,266
767,402,152,268
766,402,153,270
765,402,154,272
764,402,155,274
763,402,156,276
762,402,157,278
761,402,158,280
760,402,159,282
759,402,160,284
758,402,161,286
757,402,162,288
756,402,163,290
755,402,164,292
754,402,165,294
747,404,165,303
759,404,168,306
771,404,171,309
783,404,174,312
795,404,177,315
807,404,180,318
819,404,183,321
831,404,186,324
843,404,189,327
855,404,192,330
867,404,195,333
879,404,198,336
891,404,201,339
903,404,204,342
915,404,207,345
933,411,203,347
943,413,202,341
953,415,201,335
963,417,200,329
973,419,199,323
983,421,198,317
993,423,197,311
1003,425,196,305
1013,427,195,299
1023,429,194,293
1033,431,193,287
1043,433,192,281
1053,435,191,275
1063,437,190,269
1073,439,189,263
1086,439,182,253
1080,442,183,253
1074,445,184,253
1068,448,185,253
1062,451,186,253
1056,454,187,253
1050,457,188,253
1044,460,189,253
1038,463,190,253
1032,466,191,253
1026,469,192,253
1020,472,193,253
1014,475,194,253
1008,478,195,253
1002,481,196,253
1002,487,195,250
1010,487,196,252
1018,487,197,254
1026,487,198,256
1034,487,199,258
1042,487,200,260
1050,487,201,262
1058,487,202,264
1066,487,203,266
1074,487,204,268
1082,487,205,270
1090,487,206,272
1098,487,207,274
1106,487,208,276
1114,487,209,278
1125,480,206,283
1130,477,202,287
1135,474,198,291
1140,471,194,295
1145,468,190,299
1150,465,186,303
1155,462,182,307
1160,459,178,311
1165,456,174,315
1170,453,170,319
1175,450,166,323
1180,447,162,327
1185,444,158,331
1190,441,154,335
1195,438,150,339
1206,435,144,340
1216,433,145,341
1226,431,146,342
1236,429,147,343
1246,427,148,344
1256,425,149,345
1266,423,150,346
1276,421,151,347
1286,419,152,348
1296,417,153,349
1306,415,154,350
1316,413,155,351
1326,411,156,352
1336,409,157,353
1346,407,158,354
1357,401,163,356
