443,322,92,212
443,322,91,211
443,322,90,210
443,322,89,209
443,322,88,208
443,322,87,207
443,322,86,206
443,322,85,205
443,322,84,204
443,322,83,203
443,322,82,202
443,322,81,201
443,322,80,200
443,322,79,199
443,322,78,198
447,325,73,199
447,324,73,201
447,323,73,203
447,322,73,205
447,321,73,207
447,320,73,209
447,319,73,211
447,318,73,213
447,317,73,215
447,316,73,217
447,315,73,219
447,314,73,221
447,313,73,223
447,312,73,225
447,311,73,227
443,316,77,226
443,316,77,225
443,316,77,224
443,316,77,223
443,316,77,222
443,316,77,221
443,316,77,220
443,316,77,219
443,316,77,218
443,316,77,217
443,316,77,216
443,316,77,215
443,316,77,214
443,316,77,213
443,316,77,212
445,318,79,218
445,318,79,218
445,318,79,218
445,318,79,218
445,318,79,218
445,318,79,218
445,318,79,218
445,318,79,218
445,318,79,218
445,318,79,218
445,318,79,218
445,318,79,218
445,318,79,218
445,318,79,218
445,318,79,218
441,322,79,219
441,322,78,219
441,322,77,219
441,322,76,219
441,322,75,219
441,322,74,219
441,322,73,219
441,322,72,219
441,322,71,219
441,322,70,219
441,322,69,219
441,322,68,219
441,322,67,219
441,322,66,219
441,322,65,219
438,325,68,214
437,325,69,213
436,325,70,212
435,325,71,211
434,325,72,210
433,325,73,209
432,325,74,208
431,325,75,207
430,325,76,206
429,325,77,205
428,325,78,204
427,325,79,203
426,325,80,202
425,325,81,201
424,325,82,200
427,325,81,200
427,325,80,200
427,325,79,200
427,325,78,200
427,325,77,200
427,325,76,200
427,325,75,200
427,325,74,200
427,325,73,200
427,325,72,200
427,325,71,200
427,325,70,200
427,325,69,200
427,325,68,200
427,325,67,200
429,325,70,194
429,325,70,195
429,325,70,196
429,325,70,197
429,325,70,198
429,325,70,199
429,325,70,200
429,325,70,201
429,325,70,202
429,325,70,203
429,325,70,204
429,325,70,205
429,325,70,206
429,325,70,207
429,325,70,208
432,322,77,203
434,323,76,201
436,324,75,199
438,325,74,197
440,326,73,195
442,327,72,193
444,328,71,191
446,329,70,189
448,330,69,187
450,331,68,185
452,332,67,183
454,333,66,181
456,334,65,179
458,335,64,177
460,336,63,175
456,337,66,178
457,337,67,179
458,337,68,180
459,337,69,181
460,337,70,182
461,337,71,183
462,337,72,184
463,337,73,185
464,337,74,186
465,337,75,187
466,337,76,188
467,337,77,189
468,337,78,190
469,337,79,191
470,337,80,192
478,334,80,186
481,334,80,187
484,334,80,188
487,334,80,189
490,334,80,190
493,334,80,191
496,334,80,192
499,334,80,193
502,334,80,194
505,334,80,195
508,334,80,196
511,334,80,197
514,334,80,198
517,334,80,199
520,334,80,200
519,327,76,207
524,328,76,208
529,329,76,209
534,330,76,210
539,331,76,211
544,332,76,212
549,333,76,213
554,334,76,214
559,335,76,215
564,336,76,216
569,337,76,217
574,338,76,218
579,339,76,219
584,340,76,220
589,341,76,221
592,340,77,216
597,341,80,217
602,342,83,218
607,343,86,219
612,344,89,220
617,345,92,221
622,346,95,222
627,347,98,223
632,348,101,224
637,349,104,225
642,350,107,226
647,351,110,227
652,352,113,228
657,353,116,229
662,354,119,230
666,362,115,235
679,364,118,234
692,366,121,233
705,368,124,232
718,370,127,231
731,372,130,230
744,374,133,229
757,376,136,228
770,378,139,227
783,380,142,226
796,382,145,225
809,384,148,224
822,386,151,223
835,388,154,222
848,390,157,221
865,393,166,226
882,393,163,226
899,393,160,226
916,393,157,226
933,393,154,226
950,393,151,226
967,393,148,226
984,393,145,226
1001,393,142,226
1018,393,139,226
1035,393,136,226
1052,393,133,226
1069,393,130,226
1086,393,127,226
1103,393,124,226
1121,388,118,221
1117,388,119,219
1113,388,120,217
1109,388,121,215
1105,388,122,213
1101,388,123,211
1097,388,124,209
1093,388,125,207
1089,388,126,205
1085,388,127,203
1081,388,128,201
1077,388,129,199
1073,388,130,197
1069,388,131,195
1065,388,132,193
1063,395,138,190
1057,396,139,191
1051,397,140,192
1045,398,141,193
1039,399,142,194
1033,400,143,195
1027,401,144,196
1021,402,145,197
1015,403,146,198
1009,404,147,199
1003,405,148,200
997,406,149,201
991,407,150,202
985,408,151,203
979,409,152,204
979,408,148,208
968,410,147,209
957,412,146,210
946,414,145,211
935,416,144,212
924,418,143,213
913,420,142,214
902,422,141,215
891,424,140,216
880,426,139,217
869,428,138,218
858,430,137,219
847,432,136,220
836,434,135,221
825,436,134,222
820,436,139,229
812,435,141,229
804,434,143,229
796,433,145,229
788,432,147,229
780,431,149,229
772,430,151,229
764,429,153,229
756,428,155,229
748,427,157,229
740,426,159,229
732,425,161,229
724,424,163,229
716,423,165,229
708,422,167,229
699,419,169,222
701,420,167,220
703,421,165,218
705,422,163,216
707,423,161,214
709,424,159,212
711,425,157,210
713,426,155,208
715,427,153,206
717,428,151,204
719,429,149,202
721,430,147,200
723,431,145,198
725,432,143,196
727,433,141,194
729,439,146,187
731,438,145,193
733,437,144,199
735,436,143,205
737,435,142,211
739,434,141,217
741,433,140,223
743,432,139,229
745,431,138,235
747,430,137,241
749,429,136,247
751,428,135,253
753,427,134,259
755,426,133,265
757,425,132,271
760,417,124,277
760,419,126,277
760,421,128,277
760,423,130,277
760,425,132,277
760,427,134,277
760,429,136,277
760,431,138,277
760,433,140,277
760,435,142,277
760,437,144,277
760,439,146,277
760,441,148,277
760,443,150,277
760,445,152,277
766,446,155,280
777,447,154,279
788,448,153,278
799,449,152,277
810,450,151,276
821,451,150,275
832,452,149,274
843,453,148,273
854,454,147,272
865,455,146,271
876,456,145,270
887,457,144,269
898,458,143,268
909,459,142,267
920,460,141,266
927,461,139,272
937,462,139,271
947,463,139,270
957,464,139,269
967,465,139,268
977,466,139,267
987,467,139,266
997,468,139,265
1007,469,139,264
1017,470,139,263
1027,471,139,262
1037,472,139,261
1047,473,139,260
1057,474,139,259
1067,475,139,258
1077,475,141,262
1075,477,141,259
1073,479,141,256
1071,481,141,253
1069,483,141,250
1067,485,141,247
1065,487,141,244
1063,489,141,241
1061,491,141,238
1059,493,141,235
1057,495,141,232
1055,497,141,229
1053,499,141,226
1051,501,141,223
1049,503,141,220
1045,499,144,219
1042,500,145,219
1039,501,146,219
1036,502,147,219
1033,503,148,219
1030,504,149,219
1027,505,150,219
1024,506,151,219
1021,507,152,219
1018,508,153,219
1015,509,154,219
1012,510,155,219
1009,511,156,219
1006,512,157,219
1003,513,158,219
1003,507,164,223
1010,505,161,227
1017,503,158,231
1024,501,155,235
1031,499,152,239
1038,497,149,243
1045,495,146,247
1052,493,143,251
1059,491,140,255
1066,489,137,259
1073,487,134,263
1080,485,131,267
1087,483,128,271
1094,481,125,275
1101,479,122,279
1115,483,123,284
1119,483,122,285
1123,483,121,286
1127,483,120,287
1131,483,119,288
1135,483,118,289
1139,483,117,290
1143,483,116,291
1147,483,115,292
1151,483,114,293
1155,483,113,294
1159,483,112,295
1163,483,111,296
1167,483,110,297
1171,483,109,298
1168,477,106,306
1175,476,106,307
1182,475,106,308
1189,474,106,309
1196,473,106,310
1203,472,106,311
1210,471,106,312
1217,470,106,313
1224,469,106,314
1231,468,106,315
1238,467,106,316
1245,466,106,317
1252,465,106,318
1259,464,106,319
1266,463,106,320
1271,466,108,322
1277,466,107,319
1283,466,106,316
1289,466,105,313
1295,466,104,310
1301,466,103,307
1307,466,102,304
1313,466,101,301
1319,466,100,298
1325,466,99,295
1331,466,98,292
1337,466,97,289
1343,466,96,286
1349,466,95,283
1355,466,94,280
1367,468,90,274
