197,99,92,341
196,100,93,340
195,101,94,339
194,102,95,338
193,103,96,337
192,104,97,336
191,105,98,335
190,106,99,334
189,107,100,333
188,108,101,332
187,109,102,331
186,110,103,330
185,111,104,329
184,112,105,328
183,113,106,327
189,109,100,333
190,109,100,332
191,109,100,331
192,109,100,330
193,109,100,329
194,109,100,328
195,109,100,327
196,109,100,326
197,109,100,325
198,109,100,324
199,109,100,323
200,109,100,322
201,109,100,321
202,109,100,320
203,109,100,319
198,113,96,325
197,113,96,326
196,113,96,327
195,113,96,328
194,113,96,329
193,113,96,330
192,113,96,331
191,113,96,332
190,113,96,333
189,113,96,334
188,113,96,335
187,113,96,336
186,113,96,337
185,113,96,338
184,113,96,339
178,111,100,335
177,111,101,335
176,111,102,335
175,111,103,335
174,111,104,335
173,111,105,335
172,111,106,335
171,111,107,335
170,111,108,335
169,111,109,335
168,111,110,335
167,111,111,335
166,111,112,335
165,111,113,335
164,111,114,335
164,109,110,335
164,109,110,335
164,109,110,335
164,109,110,335
164,109,110,335
164,109,110,335
164,109,110,335
164,109,110,335
164,109,110,335
164,109,110,335
164,109,110,335
164,109,110,335
164,109,110,335
164,109,110,335
164,109,110,335
158,107,107,331
158,107,108,331
158,107,109,331
158,107,110,331
158,107,111,331
158,107,112,331
158,107,113,331
158,107,114,331
158,107,115,331
158,107,116,331
158,107,117,331
158,107,118,331
158,107,119,331
158,107,120,331
158,107,121,331
160,109,118,335
162,108,116,336
164,107,114,337
166,106,112,338
168,105,110,339
170,104,108,340
172,103,106,341
174,102,104,342
176,101,102,343
178,100,100,344
180,99,98,345
182,98,96,346
184,97,94,347
186,96,92,348
188,95,90,349
195,101,94,351
198,102,95,352
201,103,96,353
204,104,97,354
207,105,98,355
210,106,99,356
213,107,100,357
216,108,101,358
219,109,102,359
222,110,103,360
225,111,104,361
228,112,105,362
231,113,106,363
234,114,107,364
237,115,108,365
235,111,112,365
239,111,113,365
243,111,114,365
247,111,115,365
251,111,116,365
255,111,117,365
259,111,118,365
263,111,119,365
267,111,120,365
271,111,121,365
275,111,122,365
279,111,123,365
283,111,124,365
287,111,125,365
291,111,126,365
293,115,124,368
299,115,123,370
305,115,122,372
311,115,121,374
317,115,120,376
323,115,119,378
329,115,118,380
335,115,117,382
341,115,116,384
347,115,115,386
353,115,114,388
359,115,113,390
365,115,112,392
371,115,111,394
377,115,110,396
377,122,109,403
385,124,110,403
393,126,111,403
401,128,112,403
409,130,113,403
417,132,114,403
425,134,115,403
433,136,116,403
441,138,117,403
449,140,118,403
457,142,119,403
465,144,120,403
473,146,121,403
481,148,122,403
489,150,123,403
501,148,124,410
513,153,139,409
525,158,154,408
537,163,169,407
549,168,184,406
561,173,199,405
573,178,214,404
585,183,229,403
597,188,244,402
609,193,259,401
621,198,274,400
633,203,289,399
645,208,304,398
657,213,319,397
669,218,334,396
688,221,344,392
715,221,337,391
742,221,330,390
769,221,323,389
796,221,316,388
823,221,309,387
850,221,302,386
877,221,295,385
904,221,288,384
931,221,281,383
958,221,274,382
985,221,267,381
1012,221,260,380
1039,221,253,379
1066,221,246,378
1093,223,243,384
1092,223,245,383
1091,223,247,382
1090,223,249,381
1089,223,251,380
1088,223,253,379
1087,223,255,378
1086,223,257,377
1085,223,259,376
1084,223,261,375
1083,223,263,374
1082,223,265,373
1081,223,267,372
1080,223,269,371
1079,223,271,370
1078,227,279,376
1069,230,281,377
1060,233,283,378
1051,236,285,379
1042,239,287,380
1033,242,289,381
1024,245,291,382
1015,248,293,383
1006,251,295,384
997,254,297,385
988,257,299,386
979,260,301,387
970,263,303,388
961,266,305,389
952,269,307,390
949,270,316,396
932,269,321,405
915,268,326,414
898,267,331,423
881,266,336,432
864,265,341,441
847,264,346,450
830,263,351,459
813,262,356,468
796,261,361,477
779,260,366,486
762,259,371,495
745,258,376,504
728,257,381,513
711,256,386,522
700,250,386,534
691,249,376,531
682,248,366,528
673,247,356,525
664,246,346,522
655,245,336,519
646,244,326,516
637,243,316,513
628,242,306,510
619,241,296,507
610,240,286,504
601,239,276,501
592,238,266,498
583,237,256,495
574,236,246,492
563,242,242,489
561,245,247,482
559,248,252,475
557,251,257,468
555,254,262,461
553,257,267,454
551,260,272,447
549,263,277,440
547,266,282,433
545,269,287,426
543,272,292,419
541,275,297,412
539,278,302,405
537,281,307,398
535,284,312,391
532,290,317,386
539,288,309,391
546,286,301,396
553,284,293,401
560,282,285,406
567,280,277,411
574,278,269,416
581,276,261,421
588,274,253,426
595,272,245,431
602,270,237,436
609,268,229,441
616,266,221,446
623,264,213,451
630,262,205,456
635,264,198,459
630,267,202,462
625,270,206,465
620,273,210,468
615,276,214,471
610,279,218,474
605,282,222,477
600,285,226,480
595,288,230,483
590,291,234,486
585,294,238,489
580,297,242,492
575,300,246,495
570,303,250,498
565,306,254,501
556,309,262,503
571,313,263,501
586,317,264,499
601,321,265,497
616,325,266,495
631,329,267,493
646,333,268,491
661,337,269,489
676,341,270,487
691,345,271,485
706,349,272,483
721,353,273,481
736,357,274,479
751,361,275,477
766,365,276,475
775,368,282,477
792,366,285,480
809,364,288,483
826,362,291,486
843,360,294,489
860,358,297,492
877,356,300,495
894,354,303,498
911,352,306,501
928,350,309,504
945,348,312,507
962,346,315,510
979,344,318,513
996,342,321,516
1013,340,324,519
1023,333,326,526
1020,340,330,516
1017,347,334,506
1014,354,338,496
1011,361,342,486
1008,368,346,476
1005,375,350,466
1002,382,354,456
999,389,358,446
996,396,362,436
993,403,366,426
990,410,370,416
987,417,374,406
984,424,378,396
981,431,382,386
972,435,390,375
970,433,381,378
968,431,372,381
966,429,363,384
964,427,354,387
962,425,345,390
960,423,336,393
958,421,327,396
956,419,318,399
954,417,309,402
952,415,300,405
950,413,291,408
948,411,282,411
946,409,273,414
944,407,264,417
945,404,253,418
956,402,249,427
967,400,245,436
978,398,241,445
989,396,237,454
1000,394,233,463
1011,392,229,472
1022,390,225,481
1033,388,221,490
1044,386,217,499
1055,384,213,508
1066,382,209,517
1077,380,205,526
1088,378,201,535
1099,376,197,544
1107,374,198,552
1115,378,198,550
1123,382,198,548
1131,386,198,546
1139,390,198,544
1147,394,198,542
1155,398,198,540
1163,402,198,538
1171,406,198,536
1179,410,198,534
1187,414,198,532
1195,418,198,530
1203,422,198,528
1211,426,198,526
1219,430,198,524
1230,439,203,517
1231,437,213,519
1232,435,223,521
1233,433,233,523
1234,431,243,525
1235,429,253,527
1236,427,263,529
1237,425,273,531
1238,423,283,533
1239,421,293,535
1240,419,303,537
1241,417,313,539
1242,415,323,541
1243,413,333,543
1244,411,343,545
1239,406,355,550
1257,405,344,546
1275,404,333,542
1293,403,322,538
1311,402,311,534
1329,401,300,530
1347,400,289,526
1365,399,278,522
1383,398,267,518
1401,397,256,514
1419,396,245,510
1437,395,234,506
1455,394,223,502
1473,393,212,498
1491,392,201,494
1505,388,195,493
1501,384,195,489
1497,380,195,485
1493,376,195,481
1489,372,195,477
1485,368,195,473
1481,364,195,469
1477,360,195,465
1473,356,195,461
1469,352,195,457
1465,348,195,453
1461,344,195,449
1457,340,195,445
1453,336,195,441
1449,332,195,437
1447,321,202,432
1435,316,199,429
1423,311,196,426
1411,306,193,423
1399,301,190,420
1387,296,187,417
1375,291,184,414
1363,286,181,411
1351,281,178,408
1339,276,175,405
1327,271,172,402
1315,266,169,399
1303,261,166,396
1291,256,163,393
1279,251,160,390
1262,240,158,391
