14,580,108,233
19,580,109,233
24,580,110,233
29,580,111,233
34,580,112,233
39,580,113,233
44,580,114,233
49,580,115,233
54,580,116,233
59,580,117,233
64,580,118,233
69,580,119,233
74,580,120,233
79,580,121,233
84,580,122,233
88,576,116,235
93,576,115,235
98,576,114,235
103,576,113,235
108,576,112,235
113,576,111,235
118,576,110,235
123,576,109,235
128,576,108,235
133,576,107,235
138,576,106,235
143,576,105,235
148,576,104,235
153,576,103,235
158,576,102,235
158,574,108,233
161,577,109,229
164,580,110,225
167,583,111,221
170,586,112,217
173,589,113,213
176,592,114,209
179,595,115,205
182,598,116,201
185,601,117,197
188,604,118,193
191,607,119,189
194,610,120,185
197,613,121,181
200,616,122,177
210,623,128,172
212,625,127,170
214,627,126,168
216,629,125,166
218,631,124,164
220,633,123,162
222,635,122,160
224,637,121,158
226,639,120,156
228,641,119,154
230,643,118,152
232,645,117,150
234,647,116,148
236,649,115,146
238,651,114,144
234,654,108,143
234,652,108,144
234,650,108,145
234,648,108,146
234,646,108,147
234,644,108,148
234,642,108,149
234,640,108,150
234,638,108,151
234,636,108,152
234,634,108,153
234,632,108,154
234,630,108,155
234,628,108,156
234,626,108,157
236,628,109,163
239,628,109,163
242,628,109,163
245,628,109,163
248,628,109,163
251,628,109,163
254,628,109,163
257,628,109,163
260,628,109,163
263,628,109,163
266,628,109,163
269,628,109,163
272,628,109,163
275,628,109,163
278,628,109,163
284,623,104,170
286,626,104,168
288,629,104,166
290,632,104,164
292,635,104,162
294,638,104,160
296,641,104,158
298,644,104,156
300,647,104,154
302,650,104,152
304,653,104,150
306,656,104,148
308,659,104,146
310,662,104,144
312,665,104,142
319,665,106,142
319,665,107,142
319,665,108,142
319,665,109,142
319,665,110,142
319,665,111,142
319,665,112,142
319,665,113,142
319,665,114,142
319,665,115,142
319,665,116,142
319,665,117,142
319,665,118,142
319,665,119,142
319,665,120,142
319,669,114,138
321,665,113,141
323,661,112,144
325,657,111,147
327,653,110,150
329,649,109,153
331,645,108,156
333,641,107,159
335,637,106,162
337,633,105,165
339,629,104,168
341,625,103,171
343,621,102,174
345,617,101,177
347,613,100,180
344,609,106,179
348,606,105,182
352,603,104,185
356,600,103,188
360,597,102,191
364,594,101,194
368,591,100,197
372,588,99,200
376,585,98,203
380,582,97,206
384,579,96,209
388,576,95,212
392,573,94,215
396,570,93,218
400,567,92,221
405,570,90,227
411,570,91,227
417,570,92,227
423,570,93,227
429,570,94,227
435,570,95,227
441,570,96,227
447,570,97,227
453,570,98,227
459,570,99,227
465,570,100,227
471,570,101,227
477,570,102,227
483,570,103,227
489,570,104,227
496,564,104,231
502,564,102,232
508,564,100,233
514,564,98,234
520,564,96,235
526,564,94,236
532,564,92,237
538,564,90,238
544,564,88,239
550,564,86,240
556,564,84,241
562,564,82,242
568,564,80,243
574,564,78,244
580,564,76,245
587,558,75,251
591,558,76,250
595,558,77,249
599,558,78,248
603,558,79,247
607,558,80,246
611,558,81,245
615,558,82,244
619,558,83,243
623,558,84,242
627,558,85,241
631,558,86,240
635,558,87,239
639,558,88,238
643,558,89,237
650,556,94,241
653,556,95,240
656,556,96,239
659,556,97,238
662,556,98,237
665,556,99,236
668,556,100,235
671,556,101,234
674,556,102,233
677,556,103,232
680,556,104,231
683,556,105,230
686,556,106,229
689,556,107,228
692,556,108,227
696,556,106,220
696,559,106,216
696,562,106,212
696,565,106,208
696,568,106,204
696,571,106,200
696,574,106,196
696,577,106,192
696,580,106,188
696,583,106,184
696,586,106,180
696,589,106,176
696,592,106,172
696,595,106,168
696,598,106,164
692,603,112,163
691,607,113,159
690,611,114,155
689,615,115,151
688,619,116,147
687,623,117,143
686,627,118,139
685,631,119,135
684,635,120,131
683,639,121,127
682,643,122,123
681,647,123,119
680,651,124,115
679,655,125,111
678,659,126,107
675,658,123,104
676,658,122,104
677,658,121,104
678,658,120,104
679,658,119,104
680,658,118,104
681,658,117,104
682,658,116,104
683,658,115,104
684,658,114,104
685,658,113,104
686,658,112,104
687,658,111,104
688,658,110,104
689,658,109,104
683,656,113,108
684,655,113,108
685,654,113,108
686,653,113,108
687,652,113,108
688,651,113,108
689,650,113,108
690,649,113,108
691,648,113,108
692,647,113,108
693,646,113,108
694,645,113,108
695,644,113,108
696,643,113,108
697,642,113,108
692,648,106,112
692,644,107,116
692,640,108,120
692,636,109,124
692,632,110,128
692,628,111,132
692,624,112,136
692,620,113,140
692,616,114,144
692,612,115,148
692,608,116,152
692,604,117,156
692,600,118,160
692,596,119,164
692,592,120,168
686,585,118,179
686,582,115,182
686,579,112,185
686,576,109,188
686,573,106,191
686,570,103,194
686,567,100,197
686,564,97,200
686,561,94,203
686,558,91,206
686,555,88,209
686,552,85,212
686,549,82,215
686,546,79,218
686,543,76,221
690,539,75,227
691,539,75,227
692,539,75,227
693,539,75,227
694,539,75,227
695,539,75,227
696,539,75,227
697,539,75,227
698,539,75,227
699,539,75,227
700,539,75,227
701,539,75,227
702,539,75,227
703,539,75,227
704,539,75,227
712,542,80,226
714,542,82,226
716,542,84,226
718,542,86,226
720,542,88,226
722,542,90,226
724,542,92,226
726,542,94,226
728,542,96,226
730,542,98,226
732,542,100,226
734,542,102,226
736,542,104,226
738,542,106,226
740,542,108,226
739,546,106,222
744,546,105,222
749,546,104,222
754,546,103,222
759,546,102,222
764,546,101,222
769,546,100,222
774,546,99,222
779,546,98,222
784,546,97,222
789,546,96,222
794,546,95,222
799,546,94,222
804,546,93,222
809,546,92,222
815,544,90,226
819,544,92,226
823,544,94,226
827,544,96,226
831,544,98,226
835,544,100,226
839,544,102,226
843,544,104,226
847,544,106,226
851,544,108,226
855,544,110,226
859,544,112,226
863,544,114,226
867,544,116,226
871,544,118,226
873,544,116,222
878,544,117,222
883,544,118,222
888,544,119,222
893,544,120,222
898,544,121,222
903,544,122,222
908,544,123,222
913,544,124,222
918,544,125,222
923,544,126,222
928,544,127,222
933,544,128,222
938,544,129,222
943,544,130,222
955,540,129,226
961,540,128,226
967,540,127,226
973,540,126,226
979,540,125,226
985,540,124,226
991,540,123,226
997,540,122,226
1003,540,121,226
1009,540,120,226
1015,540,119,226
1021,540,118,226
1027,540,117,226
1033,540,116,226
1039,540,115,226
1052,533,112,229
1057,533,112,229
1062,533,112,229
1067,533,112,229
1072,533,112,229
1077,533,112,229
1082,533,112,229
1087,533,112,229
1092,533,112,229
1097,533,112,229
1102,533,112,229
1107,533,112,229
1112,533,112,229
1117,533,112,229
1122,533,112,229
1122,531,115,223
1127,531,114,222
1132,531,113,221
1137,531,112,220
1142,531,111,219
1147,531,110,218
1152,531,109,217
1157,531,108,216
1162,531,107,215
1167,531,106,214
1172,531,105,213
1177,531,104,212
1182,531,103,211
1187,531,102,210
1192,531,101,209
1196,527,98,212
1200,527,97,212
1204,527,96,212
1208,527,95,212
1212,527,94,212
1216,527,93,212
1220,527,92,212
1224,527,91,212
1228,527,90,212
1232,527,89,212
1236,527,88,212
1240,527,87,212
1244,527,86,212
1248,527,85,212
1252,527,84,212
1262,525,88,206
1265,526,87,204
1268,527,86,202
1271,528,85,200
1274,529,84,198
1277,530,83,196
1280,531,82,194
1283,532,81,192
1286,533,80,190
1289,534,79,188
1292,535,78,186
1295,536,77,184
1298,537,76,182
1301,538,75,180
1304,539,74,178
1306,537,75,182
