0,450,56,296
2,451,58,295
4,452,60,294
6,453,62,293
8,454,64,292
10,455,66,291
12,456,68,290
14,457,70,289
16,458,72,288
18,459,74,287
20,460,76,286
22,461,78,285
24,462,80,284
26,463,82,283
28,464,84,282
28,461,89,280
31,466,91,274
34,471,93,268
37,476,95,262
40,481,97,256
43,486,99,250
46,491,101,244
49,496,103,238
52,501,105,232
55,506,107,226
58,511,109,220
61,516,111,214
64,521,113,208
67,526,115,202
70,531,117,196
76,534,125,197
76,536,124,195
76,538,123,193
76,540,122,191
76,542,121,189
76,544,120,187
76,546,119,185
76,548,118,183
76,550,117,181
76,552,116,179
76,554,115,177
76,556,114,175
76,558,113,173
76,560,112,171
76,562,111,169
83,562,116,169
83,559,119,172
83,556,122,175
83,553,125,178
83,550,128,181
83,547,131,184
83,544,134,187
83,541,137,190
83,538,140,193
83,535,143,196
83,532,146,199
83,529,149,202
83,526,152,205
83,523,155,208
83,520,158,211
85,510,154,219
90,513,153,216
95,516,152,213
100,519,151,210
105,522,150,207
110,525,149,204
115,528,148,201
120,531,147,198
125,534,146,195
130,537,145,192
135,540,144,189
140,543,143,186
145,546,142,183
150,549,141,180
155,552,140,177
160,559,136,174
161,561,136,174
162,563,136,174
163,565,136,174
164,567,136,174
165,569,136,174
166,571,136,174
167,573,136,174
168,575,136,174
169,577,136,174
170,579,136,174
171,581,136,174
172,583,136,174
173,585,136,174
174,587,136,174
179,588,135,171
178,587,137,171
177,586,139,171
176,585,141,171
175,584,143,171
174,583,145,171
173,582,147,171
172,581,149,171
171,580,151,171
170,579,153,171
169,578,155,171
168,577,157,171
167,576,159,171
166,575,161,171
165,574,163,171
169,574,169,178
174,568,167,184
179,562,165,190
184,556,163,196
189,550,161,202
194,544,159,208
199,538,157,214
204,532,155,220
209,526,153,226
214,520,151,232
219,514,149,238
224,508,147,244
229,502,145,250
234,496,143,256
239,490,141,262
244,477,142,275
251,476,143,277
258,475,144,279
265,474,145,281
272,473,146,283
279,472,147,285
286,471,148,287
293,470,149,289
300,469,150,291
307,468,151,293
314,467,152,295
321,466,153,297
328,465,154,299
335,464,155,301
342,463,156,303
343,464,159,300
352,464,156,302
361,464,153,304
370,464,150,306
379,464,147,308
388,464,144,310
397,464,141,312
406,464,138,314
415,464,135,316
424,464,132,318
433,464,129,320
442,464,126,322
451,464,123,324
460,464,120,326
469,464,117,328
471,470,114,324
475,470,117,324
479,470,120,324
483,470,123,324
487,470,126,324
491,470,129,324
495,470,132,324
499,470,135,324
503,470,138,324
507,470,141,324
511,470,144,324
515,470,147,324
519,470,150,324
523,470,153,324
527,470,156,324
538,477,157,317
545,478,155,316
552,479,153,315
559,480,151,314
566,481,149,313
573,482,147,312
580,483,145,311
587,484,143,310
594,485,141,309
601,486,139,308
608,487,137,307
615,488,135,306
622,489,133,305
629,490,131,304
636,491,129,303
646,485,133,295
647,486,132,293
648,487,131,291
649,488,130,289
650,489,129,287
651,490,128,285
652,491,127,283
653,492,126,281
654,493,125,279
655,494,124,277
656,495,123,275
657,496,122,273
658,497,121,271
659,498,120,269
660,499,119,267
664,505,117,259
662,511,118,253
660,517,119,247
658,523,120,241
656,529,121,235
654,535,122,229
652,541,123,223
650,547,124,217
648,553,125,211
646,559,126,205
644,565,127,199
642,571,128,193
640,577,129,187
638,583,130,181
636,589,131,175
639,592,133,162
638,594,133,160
637,596,133,158
636,598,133,156
635,600,133,154
634,602,133,152
633,604,133,150
632,606,133,148
631,608,133,146
630,610,133,144
629,612,133,142
628,614,133,140
627,616,133,138
626,618,133,136
625,620,133,134
631,615,135,137
631,615,135,137
631,615,135,137
631,615,135,137
631,615,135,137
631,615,135,137
631,615,135,137
631,615,135,137
631,615,135,137
631,615,135,137
631,615,135,137
631,615,135,137
631,615,135,137
631,615,135,137
631,615,135,137
637,611,131,139
637,608,131,143
637,605,131,147
637,602,131,151
637,599,131,155
637,596,131,159
637,593,131,163
637,590,131,167
637,587,131,171
637,584,131,175
637,581,131,179
637,578,131,183
637,575,131,187
637,572,131,191
637,569,131,195
639,560,133,192
640,555,132,197
641,550,131,202
642,545,130,207
643,540,129,212
644,535,128,217
645,530,127,222
646,525,126,227
647,520,125,232
648,515,124,237
649,510,123,242
650,505,122,247
651,500,121,252
652,495,120,257
653,490,119,262
650,478,116,270
650,477,114,271
650,476,112,272
650,475,110,273
650,474,108,274
650,473,106,275
650,472,104,276
650,471,102,277
650,470,100,278
650,469,98,279
650,468,96,280
650,467,94,281
650,466,92,282
650,465,90,283
650,464,88,284
656,464,87,286
657,465,90,285
658,466,93,284
659,467,96,283
660,468,99,282
661,469,102,281
662,470,105,280
663,471,108,279
664,472,111,278
665,473,114,277
666,474,117,276
667,475,120,275
668,476,123,274
669,477,126,273
670,478,129,272
664,477,134,278
670,477,136,279
676,477,138,280
682,477,140,281
688,477,142,282
694,477,144,283
700,477,146,284
706,477,148,285
712,477,150,286
718,477,152,287
724,477,154,288
730,477,156,289
736,477,158,290
742,477,160,291
748,477,162,292
750,482,163,286
756,482,162,286
762,482,161,286
768,482,160,286
774,482,159,286
780,482,158,286
786,482,157,286
792,482,156,286
798,482,155,286
804,482,154,286
810,482,153,286
816,482,152,286
822,482,151,286
828,482,150,286
834,482,149,286
843,489,148,284
851,490,146,284
859,491,144,284
867,492,142,284
875,493,140,284
883,494,138,284
891,495,136,284
899,496,134,284
907,497,132,284
915,498,130,284
923,499,128,284
931,500,126,284
939,501,124,284
947,502,122,284
955,503,120,284
958,499,113,284
965,499,113,284
972,499,113,284
979,499,113,284
986,499,113,284
993,499,113,284
1000,499,113,284
1007,499,113,284
1014,499,113,284
1021,499,113,284
1028,499,113,284
1035,499,113,284
1042,499,113,284
1049,499,113,284
1056,499,113,284
1068,503,120,282
1075,503,117,282
1082,503,114,282
1089,503,111,282
1096,503,108,282
1103,503,105,282
1110,503,102,282
1117,503,99,282
1124,503,96,282
1131,503,93,282
1138,503,90,282
1145,503,87,282
1152,503,84,282
1159,503,81,282
1166,503,78,282
1171,510,82,279
1176,511,83,278
1181,512,84,277
1186,513,85,276
1191,514,86,275
1196,515,87,274
1201,516,88,273
1206,517,89,272
1211,518,90,271
1216,519,91,270
1221,520,92,269
1226,521,93,268
1231,522,94,267
1236,523,95,266
1241,524,96,265
1248,519,96,264
1253,519,96,264
1258,519,96,264
1263,519,96,264
1268,519,96,264
1273,519,96,264
1278,519,96,264
1283,519,96,264
1288,519,96,264
1293,519,96,264
1298,519,96,264
1303,519,96,264
1308,519,96,264
1313,519,96,264
1318,519,96,264
1324,522,98,260
1329,523,98,259
1334,524,98,258
1339,525,98,257
1344,526,98,256
1349,527,98,255
1354,528,98,254
1359,529,98,253
1364,530,98,252
1369,531,98,251
1374,532,98,250
1379,533,98,249
1384,534,98,248
1389,535,98,247
1394,536,98,246
1395,531,94,245
1397,534,94,241
1399,537,94,237
1401,540,94,233
1403,543,94,229
1405,546,94,225
1407,549,94,221
1409,552,94,217
1411,555,94,213
1413,558,94,209
1415,561,94,205
1417,564,94,201
1419,567,94,197
1421,570,94,193
1423,573,94,189
1423,578,91,183
1423,581,91,179
1423,584,91,175
1423,587,91,171
1423,590,91,167
1423,593,91,163
1423,596,91,159
1423,599,91,155
1423,602,91,151
1423,605,91,147
1423,608,91,143
1423,611,91,139
1423,614,91,135
1423,617,91,131
1423,620,91,127
1427,630,98,129
