337,650,88,182
339,653,88,178
341,656,88,174
343,659,88,170
345,662,88,166
347,665,88,162
349,668,88,158
351,671,88,154
353,674,88,150
355,677,88,146
357,680,88,142
359,683,88,138
361,686,88,134
363,689,88,130
365,692,88,126
368,700,91,126
368,700,91,127
368,700,91,128
368,700,91,129
368,700,91,130
368,700,91,131
368,700,91,132
368,700,91,133
368,700,91,134
368,700,91,135
368,700,91,136
368,700,91,137
368,700,91,138
368,700,91,139
368,700,91,140
372,696,87,134
375,695,87,135
378,694,87,136
381,693,87,137
384,692,87,138
387,691,87,139
390,690,87,140
393,689,87,141
396,688,87,142
399,687,87,143
402,686,87,144
405,685,87,145
408,684,87,146
411,683,87,147
414,682,87,148
411,675,92,151
413,678,93,149
415,681,94,147
417,684,95,145
419,687,96,143
421,690,97,141
423,693,98,139
425,696,99,137
427,699,100,135
429,702,101,133
431,705,102,131
433,708,103,129
435,711,104,127
437,714,105,125
439,717,106,123
440,719,102,126
441,720,102,125
442,721,102,124
443,722,102,123
444,723,102,122
445,724,102,121
446,725,102,120
447,726,102,119
448,727,102,118
449,728,102,117
450,729,102,116
451,730,102,115
452,731,102,114
453,732,102,113
454,733,102,112
449,727,100,118
450,723,101,121
451,719,102,124
452,715,103,127
453,711,104,130
454,707,105,133
455,703,106,136
456,699,107,139
457,695,108,142
458,691,109,145
459,687,110,148
460,683,111,151
461,679,112,154
462,675,113,157
463,671,114,160
462,673,108,157
467,671,106,160
472,669,104,163
477,667,102,166
482,665,100,169
487,663,98,172
492,661,96,175
497,659,94,178
502,657,92,181
507,655,90,184
512,653,88,187
517,651,86,190
522,649,84,193
527,647,82,196
532,645,80,199
537,640,77,207
543,640,77,207
549,640,77,207
555,640,77,207
561,640,77,207
567,640,77,207
573,640,77,207
579,640,77,207
585,640,77,207
591,640,77,207
597,640,77,207
603,640,77,207
609,640,77,207
615,640,77,207
621,640,77,207
629,640,75,211
634,640,75,211
639,640,75,211
644,640,75,211
649,640,75,211
654,640,75,211
659,640,75,211
664,640,75,211
669,640,75,211
674,640,75,211
679,640,75,211
684,640,75,211
689,640,75,211
694,640,75,211
699,640,75,211
704,642,78,217
708,642,79,217
712,642,80,217
716,642,81,217
720,642,82,217
724,642,83,217
728,642,84,217
732,642,85,217
736,642,86,217
740,642,87,217
744,642,88,217
748,642,89,217
752,642,90,217
756,642,91,217
760,642,92,217
767,642,93,217
769,643,93,215
771,644,93,213
773,645,93,211
775,646,93,209
777,647,93,207
779,648,93,205
781,649,93,203
783,650,93,201
785,651,93,199
787,652,93,197
789,653,93,195
791,654,93,193
793,655,93,191
795,656,93,189
796,652,86,189
794,656,87,184
792,660,88,179
790,664,89,174
788,668,90,169
786,672,91,164
784,676,92,159
782,680,93,154
780,684,94,149
778,688,95,144
776,692,96,139
774,696,97,134
772,700,98,129
770,704,99,124
768,708,100,119
772,715,100,117
772,717,100,115
772,719,100,113
772,721,100,111
772,723,100,109
772,725,100,107
772,727,100,105
772,729,100,103
772,731,100,101
772,733,100,99
772,735,100,97
772,737,100,95
772,739,100,93
772,741,100,91
772,743,100,89
767,740,100,92
767,739,100,92
767,738,100,92
767,737,100,92
767,736,100,92
767,735,100,92
767,734,100,92
767,733,100,92
767,732,100,92
767,731,100,92
767,730,100,92
767,729,100,92
767,728,100,92
767,727,100,92
767,726,100,92
772,731,97,97
772,729,97,100
772,727,97,103
772,725,97,106
772,723,97,109
772,721,97,112
772,719,97,115
772,717,97,118
772,715,97,121
772,713,97,124
772,711,97,127
772,709,97,130
772,707,97,133
772,705,97,136
772,703,97,139
776,696,96,141
776,692,95,144
776,688,94,147
776,684,93,150
776,680,92,153
776,676,91,156
776,672,90,159
776,668,89,162
776,664,88,165
776,660,87,168
776,656,86,171
776,652,85,174
776,648,84,177
776,644,83,180
776,640,82,183
774,637,84,189
775,637,82,190
776,637,80,191
777,637,78,192
778,637,76,193
779,637,74,194
780,637,72,195
781,637,70,196
782,637,68,197
783,637,66,198
784,637,64,199
785,637,62,200
786,637,60,201
787,637,58,202
788,637,56,203
792,633,58,197
793,633,60,197
794,633,62,197
795,633,64,197
796,633,66,197
797,633,68,197
798,633,70,197
799,633,72,197
800,633,74,197
801,633,76,197
802,633,78,197
803,633,80,197
804,633,82,197
805,633,84,197
806,633,86,197
805,635,93,199
810,636,93,199
815,637,93,199
820,638,93,199
825,639,93,199
830,640,93,199
835,641,93,199
840,642,93,199
845,643,93,199
850,644,93,199
855,645,93,199
860,646,93,199
865,647,93,199
870,648,93,199
875,649,93,199
881,644,92,199
885,644,92,199
889,644,92,199
893,644,92,199
897,644,92,199
901,644,92,199
905,644,92,199
909,644,92,199
913,644,92,199
917,644,92,199
921,644,92,199
925,644,92,199
929,644,92,199
933,644,92,199
937,644,92,199
943,642,91,199
948,642,92,199
953,642,93,199
958,642,94,199
963,642,95,199
968,642,96,199
973,642,97,199
978,642,98,199
983,642,99,199
988,642,100,199
993,642,101,199
998,642,102,199
1003,642,103,199
1008,642,104,199
1013,642,105,199
1018,646,106,199
1024,646,105,199
1030,646,104,199
1036,646,103,199
1042,646,102,199
1048,646,101,199
1054,646,100,199
1060,646,99,199
1066,646,98,199
1072,646,97,199
1078,646,96,199
1084,646,95,199
1090,646,94,199
1096,646,93,199
1102,646,92,199
1105,644,96,197
1109,644,95,196
1113,644,94,195
1117,644,93,194
1121,644,92,193
1125,644,91,192
1129,644,90,191
1133,644,89,190
1137,644,88,189
1141,644,87,188
1145,644,86,187
1149,644,85,186
1153,644,84,185
1157,644,83,184
1161,644,82,183
1165,648,86,186
1170,648,85,186
1175,648,84,186
1180,648,83,186
1185,648,82,186
1190,648,81,186
1195,648,80,186
1200,648,79,186
1205,648,78,186
1210,648,77,186
1215,648,76,186
1220,648,75,186
1225,648,74,186
1230,648,73,186
1235,648,72,186
1237,644,78,184
1241,644,77,183
1245,644,76,182
1249,644,75,181
1253,644,74,180
1257,644,73,179
1261,644,72,178
1265,644,71,177
1269,644,70,176
1273,644,69,175
1277,644,68,174
1281,644,67,173
1285,644,66,172
1289,644,65,171
1293,644,64,170
1295,646,64,176
1297,648,64,173
1299,650,64,170
1301,652,64,167
1303,654,64,164
1305,656,64,161
1307,658,64,158
1309,660,64,155
1311,662,64,152
1313,664,64,149
1315,666,64,146
1317,668,64,143
1319,670,64,140
1321,672,64,137
1323,674,64,134
1319,671,66,136
1320,674,66,133
1321,677,66,130
1322,680,66,127
1323,683,66,124
1324,686,66,121
1325,689,66,118
1326,692,66,115
1327,695,66,112
1328,698,66,109
1329,701,66,106
1330,704,66,103
1331,707,66,100
1332,710,66,97
1333,713,66,94
1327,715,69,90
1327,715,69,90
1327,715,69,90
1327,715,69,90
1327,715,69,90
1327,715,69,90
1327,715,69,90
1327,715,69,90
1327,715,69,90
1327,715,69,90
1327,715,69,90
1327,715,69,90
1327,715,69,90
1327,715,69,90
1327,715,69,90
1325,710,69,93
