0,348,71,335
2,348,74,335
4,348,77,335
6,348,80,335
8,348,83,335
10,348,86,335
12,348,89,335
14,348,92,335
16,348,95,335
18,348,98,335
20,348,101,335
22,348,104,335
24,348,107,335
26,348,110,335
28,348,113,335
24,345,122,342
28,345,123,341
32,345,124,340
36,345,125,339
40,345,126,338
44,345,127,337
48,345,128,336
52,345,129,335
56,345,130,334
60,345,131,333
64,345,132,332
68,345,133,331
72,345,134,330
76,345,135,329
80,345,136,328
87,346,137,334
90,346,135,334
93,346,133,334
96,346,131,334
99,346,129,334
102,346,127,334
105,346,125,334
108,346,123,334
111,346,121,334
114,346,119,334
117,346,117,334
120,346,115,334
123,346,113,334
126,346,111,334
129,346,109,334
134,341,111,339
136,341,111,338
138,341,111,337
140,341,111,336
142,341,111,335
144,341,111,334
146,341,111,333
148,341,111,332
150,341,111,331
152,341,111,330
154,341,111,329
156,341,111,328
158,341,111,327
160,341,111,326
162,341,111,325
159,339,117,325
158,339,118,324
157,339,119,323
156,339,120,322
155,339,121,321
154,339,122,320
153,339,123,319
152,339,124,318
151,339,125,317
150,339,126,316
149,339,127,315
148,339,128,314
147,339,129,313
146,339,130,312
145,339,131,311
149,337,125,316
147,336,123,315
145,335,121,314
143,334,119,313
141,333,117,312
139,332,115,311
137,331,113,310
135,330,111,309
133,329,109,308
131,328,107,307
129,327,105,306
127,326,103,305
125,325,101,304
123,324,99,303
121,323,97,302
118,327,96,301
117,327,97,299
116,327,98,297
115,327,99,295
114,327,100,293
113,327,101,291
112,327,102,289
111,327,103,287
110,327,104,285
109,327,105,283
108,327,106,281
107,327,107,279
106,327,108,277
105,327,109,275
104,327,110,273
107,328,117,278
104,329,119,277
101,330,121,276
98,331,123,275
95,332,125,274
92,333,127,273
89,334,129,272
86,335,131,271
83,336,133,270
80,337,135,269
77,338,137,268
74,339,139,267
71,340,141,266
68,341,143,265
65,342,145,264
58,346,144,256
54,351,148,250
50,356,152,244
46,361,156,238
42,366,160,232
38,371,164,226
34,376,168,220
30,381,172,214
26,386,176,208
22,391,180,202
18,396,184,196
14,401,188,190
10,406,192,184
6,411,196,178
2,416,200,172
0,422,197,173
0,423,197,172
0,424,197,171
0,425,197,170
0,426,197,169
0,427,197,168
0,428,197,167
0,429,197,166
0,430,197,165
0,431,197,164
0,432,197,163
0,433,197,162
0,434,197,161
0,435,197,160
0,436,197,159
0,433,200,157
2,427,195,164
4,421,190,171
6,415,185,178
8,409,180,185
10,403,175,192
12,397,170,199
14,391,165,206
16,385,160,213
18,379,155,220
20,373,150,227
22,367,145,234
24,361,140,241
26,355,135,248
28,349,130,255
33,337,125,267
36,336,122,269
39,335,119,271
42,334,116,273
45,333,113,275
48,332,110,277
51,331,107,279
54,330,104,281
57,329,101,283
60,328,98,285
63,327,95,287
66,326,92,289
69,325,89,291
72,324,86,293
75,323,83,295
76,318,86,290
80,318,87,290
84,318,88,290
88,318,89,290
92,318,90,290
96,318,91,290
100,318,92,290
104,318,93,290
108,318,94,290
112,318,95,290
116,318,96,290
120,318,97,290
124,318,98,290
128,318,99,290
132,318,100,290
134,323,95,292
139,324,96,292
144,325,97,292
149,326,98,292
154,327,99,292
159,328,100,292
164,329,101,292
169,330,102,292
174,331,103,292
179,332,104,292
184,333,105,292
189,334,106,292
194,335,107,292
199,336,108,292
204,337,109,292
209,334,109,297
211,334,107,296
213,334,105,295
215,334,103,294
217,334,101,293
219,334,99,292
221,334,97,291
223,334,95,290
225,334,93,289
227,334,91,288
229,334,89,287
231,334,87,286
233,334,85,285
235,334,83,284
237,334,81,283
244,341,86,288
245,343,87,286
246,345,88,284
247,347,89,282
248,349,90,280
249,351,91,278
250,353,92,276
251,355,93,274
252,357,94,272
253,359,95,270
254,361,96,268
255,363,97,266
256,365,98,264
257,367,99,262
258,369,100,260
252,371,95,258
253,371,94,258
254,371,93,258
255,371,92,258
256,371,91,258
257,371,90,258
258,371,89,258
259,371,88,258
260,371,87,258
261,371,86,258
262,371,85,258
263,371,84,258
264,371,83,258
265,371,82,258
266,371,81,258
265,373,84,255
265,373,84,255
265,373,84,255
265,373,84,255
265,373,84,255
265,373,84,255
265,373,84,255
265,373,84,255
265,373,84,255
265,373,84,255
265,373,84,255
265,373,84,255
265,373,84,255
265,373,84,255
265,373,84,255
271,377,82,249
272,374,84,251
273,371,86,253
274,368,88,255
275,365,90,257
276,362,92,259
277,359,94,261
278,356,96,263
279,353,98,265
280,350,100,267
281,347,102,269
282,344,104,271
283,341,106,273
284,338,108,275
285,335,110,277
281,339,113,274
285,338,111,275
289,337,109,276
293,336,107,277
297,335,105,278
301,334,103,279
305,333,101,280
309,332,99,281
313,331,97,282
317,330,95,283
321,329,93,284
325,328,91,285
329,327,89,286
333,326,87,287
337,325,85,288
335,328,88,291
339,328,88,291
343,328,88,291
347,328,88,291
351,328,88,291
355,328,88,291
359,328,88,291
363,328,88,291
367,328,88,291
371,328,88,291
375,328,88,291
379,328,88,291
383,328,88,291
387,328,88,291
391,328,88,291
393,332,84,285
396,332,88,285
399,332,92,285
402,332,96,285
405,332,100,285
408,332,104,285
411,332,108,285
414,332,112,285
417,332,116,285
420,332,120,285
423,332,124,285
426,332,128,285
429,332,132,285
432,332,136,285
435,332,140,285
439,332,146,288
442,332,144,287
445,332,142,286
448,332,140,285
451,332,138,284
454,332,136,283
457,332,134,282
460,332,132,281
463,332,130,280
466,332,128,279
469,332,126,278
472,332,124,277
475,332,122,276
478,332,120,275
481,332,118,274
485,339,109,280
485,339,109,280
485,339,109,280
485,339,109,280
485,339,109,280
485,339,109,280
485,339,109,280
485,339,109,280
485,339,109,280
485,339,109,280
485,339,109,280
485,339,109,280
485,339,109,280
485,339,109,280
485,339,109,280
483,343,102,277
484,343,103,277
485,343,104,277
486,343,105,277
487,343,106,277
488,343,107,277
489,343,108,277
490,343,109,277
491,343,110,277
492,343,111,277
493,343,112,277
494,343,113,277
495,343,114,277
496,343,115,277
497,343,116,277
499,339,124,281
502,339,122,281
505,339,120,281
508,339,118,281
511,339,116,281
514,339,114,281
517,339,112,281
520,339,110,281
523,339,108,281
526,339,106,281
529,339,104,281
532,339,102,281
535,339,100,281
538,339,98,281
541,339,96,281
551,341,101,278
555,342,101,277
559,343,101,276
563,344,101,275
567,345,101,274
571,346,101,273
575,347,101,272
579,348,101,271
583,349,101,270
587,350,101,269
591,351,101,268
595,352,101,267
599,353,101,266
603,354,101,265
607,355,101,264
615,355,97,258
618,355,98,258
621,355,99,258
624,355,100,258
627,355,101,258
630,355,102,258
633,355,103,258
636,355,104,258
639,355,105,258
642,355,106,258
645,355,107,258
648,355,108,258
651,355,109,258
654,355,110,258
657,355,111,258
665,354,105,256
668,356,104,253
671,358,103,250
674,360,102,247
677,362,101,244
680,364,100,241
683,366,99,238
686,368,98,235
689,370,97,232
692,372,96,229
695,374,95,226
698,376,94,223
701,378,93,220
704,380,92,217
707,382,91,214
704,380,93,214
705,384,94,209
706,388,95,204
707,392,96,199
708,396,97,194
709,400,98,189
710,404,99,184
711,408,100,179
712,412,101,174
713,416,102,169
714,420,103,164
715,424,104,159
716,428,105,154
717,432,106,149
718,436,107,144
717,447,105,145
