289,512,88,243
294,512,86,242
299,512,84,241
304,512,82,240
309,512,80,239
314,512,78,238
319,512,76,237
324,512,74,236
329,512,72,235
334,512,70,234
339,512,68,233
344,512,66,232
349,512,64,231
354,512,62,230
359,512,60,229
360,516,65,233
363,516,67,233
366,516,69,233
369,516,71,233
372,516,73,233
375,516,75,233
378,516,77,233
381,516,79,233
384,516,81,233
387,516,83,233
390,516,85,233
393,516,87,233
396,516,89,233
399,516,91,233
402,516,93,233
404,514,92,237
405,514,92,237
406,514,92,237
407,514,92,237
408,514,92,237
409,514,92,237
410,514,92,237
411,514,92,237
412,514,92,237
413,514,92,237
414,514,92,237
415,514,92,237
416,514,92,237
417,514,92,237
418,514,92,237
422,508,94,230
423,508,94,230
424,508,94,230
425,508,94,230
426,508,94,230
427,508,94,230
428,508,94,230
429,508,94,230
430,508,94,230
431,508,94,230
432,508,94,230
433,508,94,230
434,508,94,230
435,508,94,230
436,508,94,230
430,508,88,228
428,508,87,227
426,508,86,226
424,508,85,225
422,508,84,224
420,508,83,223
418,508,82,222
416,508,81,221
414,508,80,220
412,508,79,219
410,508,78,218
408,508,77,217
406,508,76,216
404,508,75,215
402,508,74,214
398,505,73,208
398,505,74,207
398,505,75,206
398,505,76,205
398,505,77,204
398,505,78,203
398,505,79,202
398,505,80,201
398,505,81,200
398,505,82,199
398,505,83,198
398,505,84,197
398,505,85,196
398,505,86,195
398,505,87,194
392,503,81,200
389,504,83,198
386,505,85,196
383,506,87,194
380,507,89,192
377,508,91,190
374,509,93,188
371,510,95,186
368,511,97,184
365,512,99,182
362,513,101,180
359,514,103,178
356,515,105,176
353,516,107,174
350,517,109,172
354,520,107,177
351,524,110,173
348,528,113,169
345,532,116,165
342,536,119,161
339,540,122,157
336,544,125,153
333,548,128,149
330,552,131,145
327,556,134,141
324,560,137,137
321,564,140,133
318,568,143,129
315,572,146,125
312,576,149,121
305,574,156,123
305,574,155,123
305,574,154,123
305,574,153,123
305,574,152,123
305,574,151,123
305,574,150,123
305,574,149,123
305,574,148,123
305,574,147,123
305,574,146,123
305,574,145,123
305,574,144,123
305,574,143,123
305,574,142,123
303,567,146,126
305,562,142,132
307,557,138,138
309,552,134,144
311,547,130,150
313,542,126,156
315,537,122,162
317,532,118,168
319,527,114,174
321,522,110,180
323,517,106,186
325,512,102,192
327,507,98,198
329,502,94,204
331,497,90,210
340,495,89,210
344,495,88,210
348,495,87,210
352,495,86,210
356,495,85,210
360,495,84,210
364,495,83,210
368,495,82,210
372,495,81,210
376,495,80,210
380,495,79,210
384,495,78,210
388,495,77,210
392,495,76,210
396,495,75,210
396,501,81,204
400,501,82,205
404,501,83,206
408,501,84,207
412,501,85,208
416,501,86,209
420,501,87,210
424,501,88,211
428,501,89,212
432,501,90,213
436,501,91,214
440,501,92,215
444,501,93,216
448,501,94,217
452,501,95,218
450,501,94,217
452,502,92,216
454,503,90,215
456,504,88,214
458,505,86,213
460,506,84,212
462,507,82,211
464,508,80,210
466,509,78,209
468,510,76,208
470,511,74,207
472,512,72,206
474,513,70,205
476,514,68,204
478,515,66,203
485,510,69,207
486,511,69,205
487,512,69,203
488,513,69,201
489,514,69,199
490,515,69,197
491,516,69,195
492,517,69,193
493,518,69,191
494,519,69,189
495,520,69,187
496,521,69,185
497,522,69,183
498,523,69,181
499,524,69,179
497,532,73,183
498,532,72,183
499,532,71,183
500,532,70,183
501,532,69,183
502,532,68,183
503,532,67,183
504,532,66,183
505,532,65,183
506,532,64,183
507,532,63,183
508,532,62,183
509,532,61,183
510,532,60,183
511,532,59,183
505,537,65,178
505,537,65,178
505,537,65,178
505,537,65,178
505,537,65,178
505,537,65,178
505,537,65,178
505,537,65,178
505,537,65,178
505,537,65,178
505,537,65,178
505,537,65,178
505,537,65,178
505,537,65,178
505,537,65,178
509,537,63,178
510,535,64,179
511,533,65,180
512,531,66,181
513,529,67,182
514,527,68,183
515,525,69,184
516,523,70,185
517,521,71,186
518,519,72,187
519,517,73,188
520,515,74,189
521,513,75,190
522,511,76,191
523,509,77,192
525,507,85,200
528,507,85,201
531,507,85,202
534,507,85,203
537,507,85,204
540,507,85,205
543,507,85,206
546,507,85,207
549,507,85,208
552,507,85,209
555,507,85,210
558,507,85,211
561,507,85,212
564,507,85,213
567,507,85,214
571,503,82,208
574,503,83,208
577,503,84,208
580,503,85,208
583,503,86,208
586,503,87,208
589,503,88,208
592,503,89,208
595,503,90,208
598,503,91,208
601,503,92,208
604,503,93,208
607,503,94,208
610,503,95,208
613,503,96,208
621,503,102,210
623,503,101,209
625,503,100,208
627,503,99,207
629,503,98,206
631,503,97,205
633,503,96,204
635,503,95,203
637,503,94,202
639,503,93,201
641,503,92,200
643,503,91,199
645,503,90,198
647,503,89,197
649,503,88,196
656,510,83,197
657,510,82,197
658,510,81,197
659,510,80,197
660,510,79,197
661,510,78,197
662,510,77,197
663,510,76,197
664,510,75,197
665,510,74,197
666,510,73,197
667,510,72,197
668,510,71,197
669,510,70,197
670,510,69,197
664,514,71,191
664,514,72,191
664,514,73,191
664,514,74,191
664,514,75,191
664,514,76,191
664,514,77,191
664,514,78,191
664,514,79,191
664,514,80,191
664,514,81,191
664,514,82,191
664,514,83,191
664,514,84,191
664,514,85,191
668,512,89,195
671,512,88,195
674,512,87,195
677,512,86,195
680,512,85,195
683,512,84,195
686,512,83,195
689,512,82,195
692,512,81,195
695,512,80,195
698,512,79,195
701,512,78,195
704,512,77,195
707,512,76,195
710,512,75,195
714,510,73,195
717,511,74,194
720,512,75,193
723,513,76,192
726,514,77,191
729,515,78,190
732,516,79,189
735,517,80,188
738,518,81,187
741,519,82,186
744,520,83,185
747,521,84,184
750,522,85,183
753,523,86,182
756,524,87,181
758,518,84,179
761,518,83,179
764,518,82,179
767,518,81,179
770,518,80,179
773,518,79,179
776,518,78,179
779,518,77,179
782,518,76,179
785,518,75,179
788,518,74,179
791,518,73,179
794,518,72,179
797,518,71,179
800,518,70,179
801,518,73,179
802,520,73,176
803,522,73,173
804,524,73,170
805,526,73,167
806,528,73,164
807,530,73,161
808,532,73,158
809,534,73,155
810,536,73,152
811,538,73,149
812,540,73,146
813,542,73,143
814,544,73,140
815,546,73,137
819,549,75,137
