353,332,162,322
361,332,159,322
369,332,156,322
377,332,153,322
385,332,150,322
393,332,147,322
401,332,144,322
409,332,141,322
417,332,138,322
425,332,135,322
433,332,132,322
441,332,129,322
449,332,126,322
457,332,123,322
465,332,120,322
467,331,114,319
473,331,118,318
479,331,122,317
485,331,126,316
491,331,130,315
497,331,134,314
503,331,138,313
509,331,142,312
515,331,146,311
521,331,150,310
527,331,154,309
533,331,158,308
539,331,162,307
545,331,166,306
551,331,170,305
553,336,173,304
561,336,170,304
569,336,167,304
577,336,164,304
585,336,161,304
593,336,158,304
601,336,155,304
609,336,152,304
617,336,149,304
625,336,146,304
633,336,143,304
641,336,140,304
649,336,137,304
657,336,134,304
665,336,131,304
674,334,126,307
679,334,128,306
684,334,130,305
689,334,132,304
694,334,134,303
699,334,136,302
704,334,138,301
709,334,140,300
714,334,142,299
719,334,144,298
724,334,146,297
729,334,148,296
734,334,150,295
739,334,152,294
744,334,154,293
754,340,154,292
761,341,152,291
768,342,150,290
775,343,148,289
782,344,146,288
789,345,144,287
796,346,142,286
803,347,140,285
810,348,138,284
817,349,136,283
824,350,134,282
831,351,132,281
838,352,130,280
845,353,128,279
852,354,126,278
858,356,120,276
862,357,119,275
866,358,118,274
870,359,117,273
874,360,116,272
878,361,115,271
882,362,114,270
886,363,113,269
890,364,112,268
894,365,111,267
898,366,110,266
902,367,109,265
906,368,108,264
910,369,107,263
914,370,106,262
924,373,99,263
926,374,100,263
928,375,101,263
930,376,102,263
932,377,103,263
934,378,104,263
936,379,105,263
938,380,106,263
940,381,107,263
942,382,108,263
944,383,109,263
946,384,110,263
948,385,111,263
950,386,112,263
952,387,113,263
954,382,108,256
955,383,111,256
956,384,114,256
957,385,117,256
958,386,120,256
959,387,123,256
960,388,126,256
961,389,129,256
962,390,132,256
963,391,135,256
964,392,138,256
965,393,141,256
966,394,144,256
967,395,147,256
968,396,150,256
969,393,154,252
971,393,153,252
973,393,152,252
975,393,151,252
977,393,150,252
979,393,149,252
981,393,148,252
983,393,147,252
985,393,146,252
987,393,145,252
989,393,144,252
991,393,143,252
993,393,142,252
995,393,141,252
997,393,140,252
1003,396,141,249
1006,395,138,250
1009,394,135,251
1012,393,132,252
1015,392,129,253
1018,391,126,254
1021,390,123,255
1024,389,120,256
1027,388,117,257
1030,387,114,258
1033,386,111,259
1036,385,108,260
1039,384,105,261
1042,383,102,262
1045,382,99,263
1053,379,89,264
1053,379,92,265
1053,379,95,266
1053,379,98,267
1053,379,101,268
1053,379,104,269
1053,379,107,270
1053,379,110,271
1053,379,113,272
1053,379,116,273
1053,379,119,274
1053,379,122,275
1053,379,125,276
1053,379,128,277
1053,379,131,278
1055,375,128,277
1061,375,125,277
1067,375,122,277
1073,375,119,277
1079,375,116,277
1085,375,113,277
1091,375,110,277
1097,375,107,277
1103,375,104,277
1109,375,101,277
1115,375,98,277
1121,375,95,277
1127,375,92,277
1133,375,89,277
1139,375,86,277
1139,372,83,282
1142,372,83,282
1145,372,83,282
1148,372,83,282
1151,372,83,282
1154,372,83,282
1157,372,83,282
1160,372,83,282
1163,372,83,282
1166,372,83,282
1169,372,83,282
1172,372,83,282
1175,372,83,282
1178,372,83,282
1181,372,83,282
1180,370,86,282
1181,371,89,282
1182,372,92,282
1183,373,95,282
1184,374,98,282
1185,375,101,282
1186,376,104,282
1187,377,107,282
1188,378,110,282
1189,379,113,282
1190,380,116,282
1191,381,119,282
1192,382,122,282
1193,383,125,282
1194,384,128,282
1190,380,138,283
1195,381,134,283
1200,382,130,283
1205,383,126,283
1210,384,122,283
1215,385,118,283
1220,386,114,283
1225,387,110,283
1230,388,106,283
1235,389,102,283
1240,390,98,283
1245,391,94,283
1250,392,90,283
1255,393,86,283
1260,394,82,283
1272,389,83,284
1274,390,84,283
1276,391,85,282
1278,392,86,281
1280,393,87,280
1282,394,88,279
1284,395,89,278
1286,396,90,277
1288,397,91,276
1290,398,92,275
1292,399,93,274
1294,400,94,273
1296,401,95,272
1298,402,96,271
1300,403,97,270
1309,411,97,266
1314,410,96,267
1319,409,95,268
1324,408,94,269
1329,407,93,270
1334,406,92,271
1339,405,91,272
1344,404,90,273
1349,403,89,274
1354,402,88,275
1359,401,87,276
1364,400,86,277
1369,399,85,278
1374,398,84,279
1379,397,83,280
1386,402,89,277
1387,402,89,276
1388,402,89,275
1389,402,89,274
1390,402,89,273
1391,402,89,272
1392,402,89,271
1393,402,89,270
1394,402,89,269
1395,402,89,268
1396,402,89,267
1397,402,89,266
1398,402,89,265
1399,402,89,264
1400,402,89,263
1407,400,83,263
1408,401,84,260
1409,402,85,257
1410,403,86,254
1411,404,87,251
1412,405,88,248
1413,406,89,245
1414,407,90,242
1415,408,91,239
1416,409,92,236
1417,410,93,233
1418,411,94,230
1419,412,95,227
1420,413,96,224
1421,414,97,221
1415,420,99,225
1414,424,99,221
1413,428,99,217
1412,432,99,213
1411,436,99,209
1410,440,99,205
1409,444,99,201
1408,448,99,197
1407,452,99,193
1406,456,99,189
1405,460,99,185
1404,464,99,181
1403,468,99,177
1402,472,99,173
1401,476,99,169
1403,478,105,165
1403,479,104,164
1403,480,103,163
1403,481,102,162
1403,482,101,161
1403,483,100,160
1403,484,99,159
1403,485,98,158
1403,486,97,157
1403,487,96,156
1403,488,95,155
1403,489,94,154
1403,490,93,153
1403,491,92,152
1403,492,91,151
1407,498,91,143
1407,495,91,147
1407,492,91,151
1407,489,91,155
1407,486,91,159
1407,483,91,163
1407,480,91,167
1407,477,91,171
1407,474,91,175
1407,471,91,179
1407,468,91,183
1407,465,91,187
1407,462,91,191
1407,459,91,195
1407,456,91,199
1405,446,93,197
1405,442,94,200
1405,438,95,203
1405,434,96,206
1405,430,97,209
1405,426,98,212
1405,422,99,215
1405,418,100,218
1405,414,101,221
1405,410,102,224
1405,406,103,227
1405,402,104,230
1405,398,105,233
1405,394,106,236
1405,390,107,239
1407,389,103,245
1408,389,102,245
1409,389,101,245
1410,389,100,245
1411,389,99,245
1412,389,98,245
1413,389,97,245
1414,389,96,245
1415,389,95,245
1416,389,94,245
1417,389,93,245
1418,389,92,245
1419,389,91,245
1420,389,90,245
1421,389,89,245
1429,388,85,244
1430,388,85,244
1431,388,85,244
1432,388,85,244
1433,388,85,244
1434,388,85,244
1435,388,85,244
1436,388,85,244
1437,388,85,244
1438,388,85,244
1439,388,85,244
1440,388,85,244
1441,388,85,244
1442,388,85,244
1443,388,85,244
1440,388,88,248
1441,388,87,248
1442,388,86,248
1443,388,85,248
1444,388,84,248
1445,388,83,248
1446,388,82,248
1447,388,81,248
1448,388,80,248
1449,388,79,248
1450,388,78,248
1451,388,77,248
1452,388,76,248
1453,388,75,248
1454,388,74,248
1450,388,78,241
1451,388,78,241
1452,388,78,241
1453,388,78,241
1454,388,78,241
1455,388,78,241
1456,388,78,241
1457,388,78,241
1458,388,78,241
1459,388,78,241
1460,388,78,241
1461,388,78,241
1462,388,78,241
1463,388,78,241
1464,388,78,241
1458,384,77,245
1458,384,78,245
1458,384,79,245
1458,384,80,245
1458,384,81,245
1458,384,82,245
1458,384,83,245
1458,384,84,245
1458,384,85,245
1458,384,86,245
1458,384,87,245
1458,384,88,245
1458,384,89,245
1458,384,90,245
1458,384,91,245
1464,379,89,241
1465,379,90,241
1466,379,91,241
1467,379,92,241
1468,379,93,241
1469,379,94,241
1470,379,95,241
1471,379,96,241
1472,379,97,241
1473,379,98,241
1474,379,99,241
1475,379,100,241
1476,379,101,241
1477,379,102,241
1478,379,103,241
1485,384,99,236
1488,384,98,236
1491,384,97,236
1494,384,96,236
1497,384,95,236
1500,384,94,236
1503,384,93,236
1506,384,92,236
1509,384,91,236
1512,384,90,236
1515,384,89,236
1518,384,88,236
1521,384,87,236
1524,384,86,236
1527,384,85,236
1528,386,82,236
