532,431,118,261
538,431,116,261
544,431,114,261
550,431,112,261
556,431,110,261
562,431,108,261
568,431,106,261
574,431,104,261
580,431,102,261
586,431,100,261
592,431,98,261
598,431,96,261
604,431,94,261
610,431,92,261
616,431,90,261
617,425,91,260
623,424,90,260
629,423,89,260
635,422,88,260
641,421,87,260
647,420,86,260
653,419,85,260
659,418,84,260
665,417,83,260
671,416,82,260
677,415,81,260
683,414,80,260
689,413,79,260
695,412,78,260
701,411,77,260
703,416,78,254
709,416,77,253
715,416,76,252
721,416,75,251
727,416,74,250
733,416,73,249
739,416,72,248
745,416,71,247
751,416,70,246
757,416,69,245
763,416,68,244
769,416,67,243
775,416,66,242
781,416,65,241
787,416,64,240
788,420,70,246
793,420,70,245
798,420,70,244
803,420,70,243
808,420,70,242
813,420,70,241
818,420,70,240
823,420,70,239
828,420,70,238
833,420,70,237
838,420,70,236
843,420,70,235
848,420,70,234
853,420,70,233
858,420,70,232
861,414,70,238
865,414,71,237
869,414,72,236
873,414,73,235
877,414,74,234
881,414,75,233
885,414,76,232
889,414,77,231
893,414,78,230
897,414,79,229
901,414,80,228
905,414,81,227
909,414,82,226
913,414,83,225
917,414,84,224
922,421,89,230
926,421,89,229
930,421,89,228
934,421,89,227
938,421,89,226
942,421,89,225
946,421,89,224
950,421,89,223
954,421,89,222
958,421,89,221
962,421,89,220
966,421,89,219
970,421,89,218
974,421,89,217
978,421,89,216
985,423,94,220
987,424,93,219
989,425,92,218
991,426,91,217
993,427,90,216
995,428,89,215
997,429,88,214
999,430,87,213
1001,431,86,212
1003,432,85,211
1005,433,84,210
1007,434,83,209
1009,435,82,208
1011,436,81,207
1013,437,80,206
1022,437,78,210
1024,437,80,210
1026,437,82,210
1028,437,84,210
1030,437,86,210
1032,437,88,210
1034,437,90,210
1036,437,92,210
1038,437,94,210
1040,437,96,210
1042,437,98,210
1044,437,100,210
1046,437,102,210
1048,437,104,210
1050,437,106,210
1051,437,108,206
1052,437,108,206
1053,437,108,206
1054,437,108,206
1055,437,108,206
1056,437,108,206
1057,437,108,206
1058,437,108,206
1059,437,108,206
1060,437,108,206
1061,437,108,206
1062,437,108,206
1063,437,108,206
1064,437,108,206
1065,437,108,206
1066,439,112,202
1069,439,110,202
1072,439,108,202
1075,439,106,202
1078,439,104,202
1081,439,102,202
1084,439,100,202
1087,439,98,202
1090,439,96,202
1093,439,94,202
1096,439,92,202
1099,439,90,202
1102,439,88,202
1105,439,86,202
1108,439,84,202
1106,437,84,204
1107,436,83,205
1108,435,82,206
1109,434,81,207
1110,433,80,208
1111,432,79,209
1112,431,78,210
1113,430,77,211
1114,429,76,212
1115,428,75,213
1116,427,74,214
1117,426,73,215
1118,425,72,216
1119,424,71,217
1120,423,70,218
1122,423,70,220
1123,422,72,221
1124,421,74,222
1125,420,76,223
1126,419,78,224
1127,418,80,225
1128,417,82,226
1129,416,84,227
1130,415,86,228
1131,414,88,229
1132,413,90,230
1133,412,92,231
1134,411,94,232
1135,410,96,233
1136,409,98,234
1139,408,97,237
1143,408,95,237
1147,408,93,237
1151,408,91,237
1155,408,89,237
1159,408,87,237
1163,408,85,237
1167,408,83,237
1171,408,81,237
1175,408,79,237
1179,408,77,237
1183,408,75,237
1187,408,73,237
1191,408,71,237
1195,408,69,237
1197,412,68,233
1199,412,69,233
1201,412,70,233
1203,412,71,233
1205,412,72,233
1207,412,73,233
1209,412,74,233
1211,412,75,233
1213,412,76,233
1215,412,77,233
1217,412,78,233
1219,412,79,233
1221,412,80,233
1223,412,81,233
1225,412,82,233
1229,410,84,233
1231,410,84,233
1233,410,84,233
1235,410,84,233
1237,410,84,233
1239,410,84,233
1241,410,84,233
1243,410,84,233
1245,410,84,233
1247,410,84,233
1249,410,84,233
1251,410,84,233
1253,410,84,233
1255,410,84,233
1257,410,84,233
1258,414,91,229
1261,415,90,229
1264,416,89,229
1267,417,88,229
1270,418,87,229
1273,419,86,229
1276,420,85,229
1279,421,84,229
1282,422,83,229
1285,423,82,229
1288,424,81,229
1291,425,80,229
1294,426,79,229
1297,427,78,229
1300,428,77,229
1296,429,82,222
1298,429,83,222
1300,429,84,222
1302,429,85,222
1304,429,86,222
1306,429,87,222
1308,429,88,222
1310,429,89,222
1312,429,90,222
1314,429,91,222
1316,429,92,222
1318,429,93,222
1320,429,94,222
1322,429,95,222
1324,429,96,222
1333,433,97,218
1336,432,96,219
1339,431,95,220
1342,430,94,221
1345,429,93,222
1348,428,92,223
1351,427,91,224
1354,426,90,225
1357,425,89,226
1360,424,88,227
1363,423,87,228
1366,422,86,229
1369,421,85,230
1372,420,84,231
1375,419,83,232
1383,416,76,231
1384,416,76,230
1385,416,76,229
1386,416,76,228
1387,416,76,227
1388,416,76,226
1389,416,76,225
1390,416,76,224
1391,416,76,223
1392,416,76,222
1393,416,76,221
1394,416,76,220
1395,416,76,219
1396,416,76,218
1397,416,76,217
1404,416,74,217
1405,417,74,215
1406,418,74,213
1407,419,74,211
1408,420,74,209
1409,421,74,207
1410,422,74,205
1411,423,74,203
1412,424,74,201
1413,425,74,199
1414,426,74,197
1415,427,74,195
1416,428,74,193
1417,429,74,191
1418,430,74,189
1425,427,72,191
1425,430,72,187
1425,433,72,183
1425,436,72,179
1425,439,72,175
1425,442,72,171
1425,445,72,167
1425,448,72,163
1425,451,72,159
1425,454,72,155
1425,457,72,151
1425,460,72,147
1425,463,72,143
1425,466,72,139
1425,469,72,135
1421,477,74,137
1421,478,74,136
1421,479,74,135
1421,480,74,134
1421,481,74,133
1421,482,74,132
1421,483,74,131
1421,484,74,130
1421,485,74,129
1421,486,74,128
1421,487,74,127
1421,488,74,126
1421,489,74,125
1421,490,74,124
1421,491,74,123
1417,494,69,117
1417,491,69,120
1417,488,69,123
1417,485,69,126
1417,482,69,129
1417,479,69,132
1417,476,69,135
1417,473,69,138
1417,470,69,141
1417,467,69,144
1417,464,69,147
1417,461,69,150
1417,458,69,153
1417,455,69,156
1417,452,69,159
1417,450,74,162
1417,447,74,165
1417,444,74,168
1417,441,74,171
1417,438,74,174
1417,435,74,177
1417,432,74,180
1417,429,74,183
1417,426,74,186
1417,423,74,189
1417,420,74,192
1417,417,74,195
1417,414,74,198
1417,411,74,201
1417,408,74,204
1421,404,68,207
1422,404,67,207
1423,404,66,207
1424,404,65,207
1425,404,64,207
1426,404,63,207
1427,404,62,207
1428,404,61,207
1429,404,60,207
1430,404,59,207
1431,404,58,207
1432,404,57,207
1433,404,56,207
1434,404,55,207
1435,404,54,207
1440,401,53,206
1440,401,54,206
1440,401,55,206
1440,401,56,206
1440,401,57,206
1440,401,58,206
1440,401,59,206
1440,401,60,206
1440,401,61,206
1440,401,62,206
1440,401,63,206
1440,401,64,206
1440,401,65,206
1440,401,66,206
1440,401,67,206
1442,402,63,207
1443,402,62,207
1444,402,61,207
1445,402,60,207
1446,402,59,207
1447,402,58,207
1448,402,57,207
1449,402,56,207
1450,402,55,207
1451,402,54,207
1452,402,53,207
1453,402,52,207
1454,402,51,207
1455,402,50,207
1456,402,49,207
1458,397,49,202
1458,397,49,203
1458,397,49,204
1458,397,49,205
1458,397,49,206
1458,397,49,207
1458,397,49,208
1458,397,49,209
1458,397,49,210
1458,397,49,211
1458,397,49,212
1458,397,49,213
1458,397,49,214
1458,397,49,215
1458,397,49,216
1465,395,46,210
1465,395,47,209
1465,395,48,208
1465,395,49,207
1465,395,50,206
1465,395,51,205
1465,395,52,204
1465,395,53,203
1465,395,54,202
1465,395,55,201
1465,395,56,200
1465,395,57,199
1465,395,58,198
1465,395,59,197
1465,395,60,196
1465,391,67,201
1466,391,68,201
1467,391,69,201
1468,391,70,201
1469,391,71,201
1470,391,72,201
1471,391,73,201
1472,391,74,201
1473,391,75,201
1474,391,76,201
1475,391,77,201
1476,391,78,201
1477,391,79,201
1478,391,80,201
1479,391,81,201
1475,393,78,197
