115,405,70,219
118,405,70,219
121,405,70,219
124,405,70,219
127,405,70,219
130,405,70,219
133,405,70,219
136,405,70,219
139,405,70,219
142,405,70,219
145,405,70,219
148,405,70,219
151,405,70,219
154,405,70,219
157,405,70,219
167,407,64,219
169,407,66,220
171,407,68,221
173,407,70,222
175,407,72,223
177,407,74,224
179,407,76,225
181,407,78,226
183,407,80,227
185,407,82,228
187,407,84,229
189,407,86,230
191,407,88,231
193,407,90,232
195,407,92,233
195,407,101,227
196,408,100,226
197,409,99,225
198,410,98,224
199,411,97,223
200,412,96,222
201,413,95,221
202,414,94,220
203,415,93,219
204,416,92,218
205,417,91,217
206,418,90,216
207,419,89,215
208,420,88,214
209,421,87,213
216,415,93,207
217,416,95,206
218,417,97,205
219,418,99,204
220,419,101,203
221,420,103,202
222,421,105,201
223,422,107,200
224,423,109,199
225,424,111,198
226,425,113,197
227,426,115,196
228,427,117,195
229,428,119,194
230,429,121,193
232,432,119,187
235,431,118,188
238,430,117,189
241,429,116,190
244,428,115,191
247,427,114,192
250,426,113,193
253,425,112,194
256,424,111,195
259,423,110,196
262,422,109,197
265,421,108,198
268,420,107,199
271,419,106,200
274,418,105,201
270,422,102,197
273,421,102,198
276,420,102,199
279,419,102,200
282,418,102,201
285,417,102,202
288,416,102,203
291,415,102,204
294,414,102,205
297,413,102,206
300,412,102,207
303,411,102,208
306,410,102,209
309,409,102,210
312,408,102,211
321,401,99,218
325,401,100,218
329,401,101,218
333,401,102,218
337,401,103,218
341,401,104,218
345,401,105,218
349,401,106,218
353,401,107,218
357,401,108,218
361,401,109,218
365,401,110,218
369,401,111,218
373,401,112,218
377,401,113,218
386,397,120,222
392,397,119,222
398,397,118,222
404,397,117,222
410,397,116,222
416,397,115,222
422,397,114,222
428,397,113,222
434,397,112,222
440,397,111,222
446,397,110,222
452,397,109,222
458,397,108,222
464,397,107,222
470,397,106,222
472,397,101,220
476,397,103,220
480,397,105,220
484,397,107,220
488,397,109,220
492,397,111,220
496,397,113,220
500,397,115,220
504,397,117,220
508,397,119,220
512,397,121,220
516,397,123,220
520,397,125,220
524,397,127,220
528,397,129,220
539,390,127,219
545,390,125,219
551,390,123,219
557,390,121,219
563,390,119,219
569,390,117,219
575,390,115,219
581,390,113,219
587,390,111,219
593,390,109,219
599,390,107,219
605,390,105,219
611,390,103,219
617,390,101,219
623,390,99,219
635,390,104,223
640,390,103,223
645,390,102,223
650,390,101,223
655,390,100,223
660,390,99,223
665,390,98,223
670,390,97,223
675,390,96,223
680,390,95,223
685,390,94,223
690,390,93,223
695,390,92,223
700,390,91,223
705,390,90,223
709,392,91,219
713,393,92,218
717,394,93,217
721,395,94,216
725,396,95,215
729,397,96,214
733,398,97,213
737,399,98,212
741,400,99,211
745,401,100,210
749,402,101,209
753,403,102,208
757,404,103,207
761,405,104,206
765,406,105,205
768,409,99,206
770,410,98,205
772,411,97,204
774,412,96,203
776,413,95,202
778,414,94,201
780,415,93,200
782,416,92,199
784,417,91,198
786,418,90,197
788,419,89,196
790,420,88,195
792,421,87,194
794,422,86,193
796,423,85,192
795,424,85,191
796,424,84,191
797,424,83,191
798,424,82,191
799,424,81,191
800,424,80,191
801,424,79,191
802,424,78,191
803,424,77,191
804,424,76,191
805,424,75,191
806,424,74,191
807,424,73,191
808,424,72,191
809,424,71,191
812,426,70,189
813,425,73,190
814,424,76,191
815,423,79,192
816,422,82,193
817,421,85,194
818,420,88,195
819,419,91,196
820,418,94,197
821,417,97,198
822,416,100,199
823,415,103,200
824,414,106,201
825,413,109,202
826,412,112,203
820,407,110,206
822,408,110,205
824,409,110,204
826,410,110,203
828,411,110,202
830,412,110,201
832,413,110,200
834,414,110,199
836,415,110,198
838,416,110,197
840,417,110,196
842,418,110,195
844,419,110,194
846,420,110,193
848,421,110,192
849,415,115,194
851,415,114,194
853,415,113,194
855,415,112,194
857,415,111,194
859,415,110,194
861,415,109,194
863,415,108,194
865,415,107,194
867,415,106,194
869,415,105,194
871,415,104,194
873,415,103,194
875,415,102,194
877,415,101,194
879,419,99,192
879,419,99,192
879,419,99,192
879,419,99,192
879,419,99,192
879,419,99,192
879,419,99,192
879,419,99,192
879,419,99,192
879,419,99,192
879,419,99,192
879,419,99,192
879,419,99,192
879,419,99,192
879,419,99,192
875,419,103,190
878,418,101,192
881,417,99,194
884,416,97,196
887,415,95,198
890,414,93,200
893,413,91,202
896,412,89,204
899,411,87,206
902,410,85,208
905,409,83,210
908,408,81,212
911,407,79,214
914,406,77,216
917,405,75,218
923,399,74,214
925,399,73,214
927,399,72,214
929,399,71,214
931,399,70,214
933,399,69,214
935,399,68,214
937,399,67,214
939,399,66,214
941,399,65,214
943,399,64,214
945,399,63,214
947,399,62,214
949,399,61,214
951,399,60,214
948,399,64,214
950,399,65,214
952,399,66,214
954,399,67,214
956,399,68,214
958,399,69,214
960,399,70,214
962,399,71,214
964,399,72,214
966,399,73,214
968,399,74,214
970,399,75,214
972,399,76,214
974,399,77,214
976,399,78,214
982,392,80,221
984,392,80,221
986,392,80,221
988,392,80,221
990,392,80,221
992,392,80,221
994,392,80,221
996,392,80,221
998,392,80,221
1000,392,80,221
1002,392,80,221
1004,392,80,221
1006,392,80,221
1008,392,80,221
1010,392,80,221
1015,395,85,216
1018,395,85,216
1021,395,85,216
1024,395,85,216
1027,395,85,216
1030,395,85,216
1033,395,85,216
1036,395,85,216
1039,395,85,216
1042,395,85,216
1045,395,85,216
1048,395,85,216
1051,395,85,216
1054,395,85,216
1057,395,85,216
1057,393,81,214
1059,393,80,214
1061,393,79,214
1063,393,78,214
1065,393,77,214
1067,393,76,214
1069,393,75,214
1071,393,74,214
1073,393,73,214
1075,393,72,214
1077,393,71,214
1079,393,70,214
1081,393,69,214
1083,393,68,214
1085,393,67,214
1091,390,62,217
1093,390,63,216
1095,390,64,215
1097,390,65,214
1099,390,66,213
1101,390,67,212
1103,390,68,211
1105,390,69,210
1107,390,70,209
1109,390,71,208
1111,390,72,207
1113,390,73,206
1115,390,74,205
1117,390,75,204
1119,390,76,203
1114,393,70,208
1115,393,70,208
1116,393,70,208
1117,393,70,208
1118,393,70,208
1119,393,70,208
1120,393,70,208
1121,393,70,208
1122,393,70,208
1123,393,70,208
1124,393,70,208
1125,393,70,208
1126,393,70,208
1127,393,70,208
1128,393,70,208
1131,392,70,211
1133,392,71,211
1135,392,72,211
1137,392,73,211
1139,392,74,211
1141,392,75,211
1143,392,76,211
1145,392,77,211
1147,392,78,211
1149,392,79,211
1151,392,80,211
1153,392,81,211
1155,392,82,211
1157,392,83,211
1159,392,84,211
1158,388,78,217
1161,388,80,217
1164,388,82,217
1167,388,84,217
1170,388,86,217
1173,388,88,217
1176,388,90,217
1179,388,92,217
1182,388,94,217
1185,388,96,217
1188,388,98,217
1191,388,100,217
1194,388,102,217
1197,388,104,217
1200,388,106,217
1196,386,101,215
1201,386,99,214
1206,386,97,213
1211,386,95,212
1216,386,93,211
1221,386,91,210
1226,386,89,209
1231,386,87,208
1236,386,85,207
1241,386,83,206
1246,386,81,205
1251,386,79,204
1256,386,77,203
1261,386,75,202
1266,386,73,201
1267,382,76,204
1270,382,77,203
1273,382,78,202
1276,382,79,201
1279,382,80,200
1282,382,81,199
1285,382,82,198
1288,382,83,197
1291,382,84,196
1294,382,85,195
1297,382,86,194
1300,382,87,193
1303,382,88,192
1306,382,89,191
1309,382,90,190
1307,380,85,194
