18,310,91,268
19,311,95,266
20,312,99,264
21,313,103,262
22,314,107,260
23,315,111,258
24,316,115,256
25,317,119,254
26,318,123,252
27,319,127,250
28,320,131,248
29,321,135,246
30,322,139,244
31,323,143,242
32,324,147,240
38,327,144,244
41,327,144,244
44,327,144,244
47,327,144,244
50,327,144,244
53,327,144,244
56,327,144,244
59,327,144,244
62,327,144,244
65,327,144,244
68,327,144,244
71,327,144,244
74,327,144,244
77,327,144,244
80,327,144,244
77,325,142,244
81,323,141,246
85,321,140,248
89,319,139,250
93,317,138,252
97,315,137,254
101,313,136,256
105,311,135,258
109,309,134,260
113,307,133,262
117,305,132,264
121,303,131,266
125,301,130,268
129,299,129,270
133,297,128,272
142,297,126,274
147,297,127,274
152,297,128,274
157,297,129,274
162,297,130,274
167,297,131,274
172,297,132,274
177,297,133,274
182,297,134,274
187,297,135,274
192,297,136,274
197,297,137,274
202,297,138,274
207,297,139,274
212,297,140,274
220,295,146,279
227,295,145,279
234,295,144,279
241,295,143,279
248,295,142,279
255,295,141,279
262,295,140,279
269,295,139,279
276,295,138,279
283,295,137,279
290,295,136,279
297,295,135,279
304,295,134,279
311,295,133,279
318,295,132,279
324,299,126,277
329,299,128,277
334,299,130,277
339,299,132,277
344,299,134,277
349,299,136,277
354,299,138,277
359,299,140,277
364,299,142,277
369,299,144,277
374,299,146,277
379,299,148,277
384,299,150,277
389,299,152,277
394,299,154,277
406,295,152,272
414,295,150,272
422,295,148,272
430,295,146,272
438,295,144,272
446,295,142,272
454,295,140,272
462,295,138,272
470,295,136,272
478,295,134,272
486,295,132,272
494,295,130,272
502,295,128,272
510,295,126,272
518,295,124,272
526,302,124,276
532,303,123,276
538,304,122,276
544,305,121,276
550,306,120,276
556,307,119,276
562,308,118,276
568,309,117,276
574,310,116,276
580,311,115,276
586,312,114,276
592,313,113,276
598,314,112,276
604,315,111,276
610,316,110,276
622,314,116,279
626,315,118,278
630,316,120,277
634,317,122,276
638,318,124,275
642,319,126,274
646,320,128,273
650,321,130,272
654,322,132,271
658,323,134,270
662,324,136,269
666,325,138,268
670,326,140,267
674,327,142,266
678,328,144,265
686,336,144,265
688,337,142,264
690,338,140,263
692,339,138,262
694,340,136,261
696,341,134,260
698,342,132,259
700,343,130,258
702,344,128,257
704,345,126,256
706,346,124,255
708,347,122,254
710,348,120,253
712,349,118,252
714,350,116,251
723,357,117,246
725,358,116,245
727,359,115,244
729,360,114,243
731,361,113,242
733,362,112,241
735,363,111,240
737,364,110,239
739,365,109,238
741,366,108,237
743,367,107,236
745,368,106,235
747,369,105,234
749,370,104,233
751,371,103,232
749,366,95,237
750,365,97,238
751,364,99,239
752,363,101,240
753,362,103,241
754,361,105,242
755,360,107,243
756,359,109,244
757,358,111,245
758,357,113,246
759,356,115,247
760,355,117,248
761,354,119,249
762,353,121,250
763,352,123,251
765,348,120,253
767,349,122,252
769,350,124,251
771,351,126,250
773,352,128,249
775,353,130,248
777,354,132,247
779,355,134,246
781,356,136,245
783,357,138,244
785,358,140,243
787,359,142,242
789,360,144,241
791,361,146,240
793,362,148,239
790,361,152,240
792,361,151,240
794,361,150,240
796,361,149,240
798,361,148,240
800,361,147,240
802,361,146,240
804,361,145,240
806,361,144,240
808,361,143,240
810,361,142,240
812,361,141,240
814,361,140,240
816,361,139,240
818,361,138,240
825,368,140,233
825,368,140,233
825,368,140,233
825,368,140,233
825,368,140,233
825,368,140,233
825,368,140,233
825,368,140,233
825,368,140,233
825,368,140,233
825,368,140,233
825,368,140,233
825,368,140,233
825,368,140,233
825,368,140,233
827,366,138,235
832,365,135,237
837,364,132,239
842,363,129,241
847,362,126,243
852,361,123,245
857,360,120,247
862,359,117,249
867,358,114,251
872,357,111,253
877,356,108,255
882,355,105,257
887,354,102,259
892,353,99,261
897,352,96,263
896,344,91,266
898,344,90,266
900,344,89,266
902,344,88,266
904,344,87,266
906,344,86,266
908,344,85,266
910,344,84,266
912,344,83,266
914,344,82,266
916,344,81,266
918,344,80,266
920,344,79,266
922,344,78,266
924,344,77,266
929,344,70,272
931,344,73,272
933,344,76,272
935,344,79,272
937,344,82,272
939,344,85,272
941,344,88,272
943,344,91,272
945,344,94,272
947,344,97,272
949,344,100,272
951,344,103,272
953,344,106,272
955,344,109,272
957,344,112,272
957,338,114,278
961,339,114,277
965,340,114,276
969,341,114,275
973,342,114,274
977,343,114,273
981,344,114,272
985,345,114,271
989,346,114,270
993,347,114,269
997,348,114,268
1001,349,114,267
1005,350,114,266
1009,351,114,265
1013,352,114,264
1011,351,113,259
1014,351,113,259
1017,351,113,259
1020,351,113,259
1023,351,113,259
1026,351,113,259
1029,351,113,259
1032,351,113,259
1035,351,113,259
1038,351,113,259
1041,351,113,259
1044,351,113,259
1047,351,113,259
1050,351,113,259
1053,351,113,259
1056,348,113,266
1060,348,110,266
1064,348,107,266
1068,348,104,266
1072,348,101,266
1076,348,98,266
1080,348,95,266
1084,348,92,266
1088,348,89,266
1092,348,86,266
1096,348,83,266
1100,348,80,266
1104,348,77,266
1108,348,74,266
1112,348,71,266
1111,348,72,268
1112,348,73,268
1113,348,74,268
1114,348,75,268
1115,348,76,268
1116,348,77,268
1117,348,78,268
1118,348,79,268
1119,348,80,268
1120,348,81,268
1121,348,82,268
1122,348,83,268
1123,348,84,268
1124,348,85,268
1125,348,86,268
1127,351,85,263
1129,351,86,263
1131,351,87,263
1133,351,88,263
1135,351,89,263
1137,351,90,263
1139,351,91,263
1141,351,92,263
1143,351,93,263
1145,351,94,263
1147,351,95,263
1149,351,96,263
1151,351,97,263
1153,351,98,263
1155,351,99,263
1164,353,99,265
1167,354,100,265
1170,355,101,265
1173,356,102,265
1176,357,103,265
1179,358,104,265
1182,359,105,265
1185,360,106,265
1188,361,107,265
1191,362,108,265
1194,363,109,265
1197,364,110,265
1200,365,111,265
1203,366,112,265
1206,367,113,265
1203,361,121,262
1209,361,118,261
1215,361,115,260
1221,361,112,259
1227,361,109,258
1233,361,106,257
1239,361,103,256
1245,361,100,255
1251,361,97,254
1257,361,94,253
1263,361,91,252
1269,361,88,251
1275,361,85,250
1281,361,82,249
1287,361,79,248
1299,355,80,250
1303,355,80,250
1307,355,80,250
1311,355,80,250
1315,355,80,250
1319,355,80,250
1323,355,80,250
1327,355,80,250
1331,355,80,250
1335,355,80,250
1339,355,80,250
1343,355,80,250
1347,355,80,250
1351,355,80,250
1355,355,80,250
1364,357,83,244
1367,357,83,243
1370,357,83,242
1373,357,83,241
1376,357,83,240
1379,357,83,239
1382,357,83,238
1385,357,83,237
1388,357,83,236
1391,357,83,235
1394,357,83,234
1397,357,83,233
1400,357,83,232
1403,357,83,231
1406,357,83,230
1411,357,83,229
1413,358,84,228
1415,359,85,227
1417,360,86,226
1419,361,87,225
1421,362,88,224
1423,363,89,223
1425,364,90,222
1427,365,91,221
1429,366,92,220
1431,367,93,219
1433,368,94,218
1435,369,95,217
1437,370,96,216
1439,371,97,215
1444,366,95,216
1447,366,93,215
1450,366,91,214
1453,366,89,213
1456,366,87,212
1459,366,85,211
1462,366,83,210
1465,366,81,209
1468,366,79,208
1471,366,77,207
1474,366,75,206
1477,366,73,205
1480,366,71,204
1483,366,69,203
1486,366,67,202
1489,370,64,204
1490,370,65,204
1491,370,66,204
1492,370,67,204
1493,370,68,204
1494,370,69,204
1495,370,70,204
1496,370,71,204
1497,370,72,204
1498,370,73,204
1499,370,74,204
1500,370,75,204
1501,370,76,204
1502,370,77,204
1503,370,78,204
1505,368,81,205
