149,609,60,203
152,609,60,203
155,609,60,203
158,609,60,203
161,609,60,203
164,609,60,203
167,609,60,203
170,609,60,203
173,609,60,203
176,609,60,203
179,609,60,203
182,609,60,203
185,609,60,203
188,609,60,203
191,609,60,203
201,607,54,199
204,608,55,199
207,609,56,199
210,610,57,199
213,611,58,199
216,612,59,199
219,613,60,199
222,614,61,199
225,615,62,199
228,616,63,199
231,617,64,199
234,618,65,199
237,619,66,199
240,620,67,199
243,621,68,199
242,616,66,196
246,616,66,196
250,616,66,196
254,616,66,196
258,616,66,196
262,616,66,196
266,616,66,196
270,616,66,196
274,616,66,196
278,616,66,196
282,616,66,196
286,616,66,196
290,616,66,196
294,616,66,196
298,616,66,196
301,614,64,200
303,614,65,200
305,614,66,200
307,614,67,200
309,614,68,200
311,614,69,200
313,614,70,200
315,614,71,200
317,614,72,200
319,614,73,200
321,614,74,200
323,614,75,200
325,614,76,200
327,614,77,200
329,614,78,200
328,620,82,199
329,621,84,198
330,622,86,197
331,623,88,196
332,624,90,195
333,625,92,194
334,626,94,193
335,627,96,192
336,628,98,191
337,629,100,190
338,630,102,189
339,631,104,188
340,632,106,187
341,633,108,186
342,634,110,185
347,632,111,180
348,633,111,179
349,634,111,178
350,635,111,177
351,636,111,176
352,637,111,175
353,638,111,174
354,639,111,173
355,640,111,172
356,641,111,171
357,642,111,170
358,643,111,169
359,644,111,168
360,645,111,167
361,646,111,166
368,650,107,160
372,648,106,162
376,646,105,164
380,644,104,166
384,642,103,168
388,640,102,170
392,638,101,172
396,636,100,174
400,634,99,176
404,632,98,178
408,630,97,180
412,628,96,182
416,626,95,184
420,624,94,186
424,622,93,188
434,626,94,187
438,626,95,187
442,626,96,187
446,626,97,187
450,626,98,187
454,626,99,187
458,626,100,187
462,626,101,187
466,626,102,187
470,626,103,187
474,626,104,187
478,626,105,187
482,626,106,187
486,626,107,187
490,626,108,187
493,622,105,188
498,622,104,188
503,622,103,188
508,622,102,188
513,622,101,188
518,622,100,188
523,622,99,188
528,622,98,188
533,622,97,188
538,622,96,188
543,622,95,188
548,622,94,188
553,622,93,188
558,622,92,188
563,622,91,188
569,620,96,193
573,620,98,193
577,620,100,193
581,620,102,193
585,620,104,193
589,620,106,193
593,620,108,193
597,620,110,193
601,620,112,193
605,620,114,193
609,620,116,193
613,620,118,193
617,620,120,193
621,620,122,193
625,620,124,193
631,620,128,190
638,620,126,190
645,620,124,190
652,620,122,190
659,620,120,190
666,620,118,190
673,620,116,190
680,620,114,190
687,620,112,190
694,620,110,190
701,620,108,190
708,620,106,190
715,620,104,190
722,620,102,190
729,620,100,190
736,622,99,187
741,622,100,187
746,622,101,187
751,622,102,187
756,622,103,187
761,622,104,187
766,622,105,187
771,622,106,187
776,622,107,187
781,622,108,187
786,622,109,187
791,622,110,187
796,622,111,187
801,622,112,187
806,622,113,187
806,629,117,180
810,630,114,179
814,631,111,178
818,632,108,177
822,633,105,176
826,634,102,175
830,635,99,174
834,636,96,173
838,637,93,172
842,638,90,171
846,639,87,170
850,640,84,169
854,641,81,168
858,642,78,167
862,643,75,166
859,644,73,168
860,645,73,168
861,646,73,168
862,647,73,168
863,648,73,168
864,649,73,168
865,650,73,168
866,651,73,168
867,652,73,168
868,653,73,168
869,654,73,168
870,655,73,168
871,656,73,168
872,657,73,168
873,658,73,168
870,652,70,162
871,651,72,163
872,650,74,164
873,649,76,165
874,648,78,166
875,647,80,167
876,646,82,168
877,645,84,169
878,644,86,170
879,643,88,171
880,642,90,172
881,641,92,173
882,640,94,174
883,639,96,175
884,638,98,176
882,633,103,177
884,633,102,177
886,633,101,177
888,633,100,177
890,633,99,177
892,633,98,177
894,633,97,177
896,633,96,177
898,633,95,177
900,633,94,177
902,633,93,177
904,633,92,177
906,633,91,177
908,633,90,177
910,633,89,177
918,639,90,170
919,639,90,170
920,639,90,170
921,639,90,170
922,639,90,170
923,639,90,170
924,639,90,170
925,639,90,170
926,639,90,170
927,639,90,170
928,639,90,170
929,639,90,170
930,639,90,170
931,639,90,170
932,639,90,170
931,645,90,164
933,644,89,164
935,643,88,164
937,642,87,164
939,641,86,164
941,640,85,164
943,639,84,164
945,638,83,164
947,637,82,164
949,636,81,164
951,635,80,164
953,634,79,164
955,633,78,164
957,632,77,164
959,631,76,164
958,636,73,171
960,635,72,172
962,634,71,173
964,633,70,174
966,632,69,175
968,631,68,176
970,630,67,177
972,629,66,178
974,628,65,179
976,627,64,180
978,626,63,181
980,625,62,182
982,624,61,183
984,623,60,184
986,622,59,185
986,623,54,187
987,623,56,187
988,623,58,187
989,623,60,187
990,623,62,187
991,623,64,187
992,623,66,187
993,623,68,187
994,623,70,187
995,623,72,187
996,623,74,187
997,623,76,187
998,623,78,187
999,623,80,187
1000,623,82,187
1005,616,81,194
1008,616,80,194
1011,616,79,194
1014,616,78,194
1017,616,77,194
1020,616,76,194
1023,616,75,194
1026,616,74,194
1029,616,73,194
1032,616,72,194
1035,616,71,194
1038,616,70,194
1041,616,69,194
1044,616,68,194
1047,616,67,194
1052,617,72,193
1055,617,72,192
1058,617,72,191
1061,617,72,190
1064,617,72,189
1067,617,72,188
1070,617,72,187
1073,617,72,186
1076,617,72,185
1079,617,72,184
1082,617,72,183
1085,617,72,182
1088,617,72,181
1091,617,72,180
1094,617,72,179
1090,617,70,183
1093,617,69,183
1096,617,68,183
1099,617,67,183
1102,617,66,183
1105,617,65,183
1108,617,64,183
1111,617,63,183
1114,617,62,183
1117,617,61,183
1120,617,60,183
1123,617,59,183
1126,617,58,183
1129,617,57,183
1132,617,56,183
1128,616,58,179
1129,616,58,179
1130,616,58,179
1131,616,58,179
1132,616,58,179
1133,616,58,179
1134,616,58,179
1135,616,58,179
1136,616,58,179
1137,616,58,179
1138,616,58,179
1139,616,58,179
1140,616,58,179
1141,616,58,179
1142,616,58,179
1142,616,61,179
1143,616,63,180
1144,616,65,181
1145,616,67,182
1146,616,69,183
1147,616,71,184
1148,616,73,185
1149,616,75,186
1150,616,77,187
1151,616,79,188
1152,616,81,189
1153,616,83,190
1154,616,85,191
1155,616,87,192
1156,616,89,193
1157,610,84,188
1159,610,85,188
1161,610,86,188
1163,610,87,188
1165,610,88,188
1167,610,89,188
1169,610,90,188
1171,610,91,188
1173,610,92,188
1175,610,93,188
1177,610,94,188
1179,610,95,188
1181,610,96,188
1183,610,97,188
1185,610,98,188
1191,609,92,185
