1136,508,65,160
1134,508,64,160
1132,508,63,160
1130,508,62,160
1128,508,61,160
1126,508,60,160
1124,508,59,160
1122,508,58,160
1120,508,57,160
1118,508,56,160
1116,508,55,160
1114,508,54,160
1112,508,53,160
1110,508,52,160
1108,508,51,160
1101,510,51,167
1097,510,51,167
1093,510,51,167
1089,510,51,167
1085,510,51,167
1081,510,51,167
1077,510,51,167
1073,510,51,167
1069,510,51,167
1065,510,51,167
1061,510,51,167
1057,510,51,167
1053,510,51,167
1049,510,51,167
1045,510,51,167
1047,517,55,161
1043,517,56,162
1039,517,57,163
1035,517,58,164
1031,517,59,165
1027,517,60,166
1023,517,61,167
1019,517,62,168
1015,517,63,169
1011,517,64,170
1007,517,65,171
1003,517,66,172
999,517,67,173
995,517,68,174
991,517,69,175
980,519,70,170
975,519,69,171
970,519,68,172
965,519,67,173
960,519,66,174
955,519,65,175
950,519,64,176
945,519,63,177
940,519,62,178
935,519,61,179
930,519,60,180
925,519,59,181
920,519,58,182
915,519,57,183
910,519,56,184
911,514,61,184
906,515,62,183
901,516,63,182
896,517,64,181
891,518,65,180
886,519,66,179
881,520,67,178
876,521,68,177
871,522,69,176
866,523,70,175
861,524,71,174
856,525,72,173
851,526,73,172
846,527,74,171
841,528,75,170
835,527,75,173
832,530,76,170
829,533,77,167
826,536,78,164
823,539,79,161
820,542,80,158
817,545,81,155
814,548,82,152
811,551,83,149
808,554,84,146
805,557,85,143
802,560,86,140
799,563,87,137
796,566,88,134
793,569,89,131
792,574,90,123
791,576,90,121
790,578,90,119
789,580,90,117
788,582,90,115
787,584,90,113
786,586,90,111
785,588,90,109
784,590,90,107
783,592,90,105
782,594,90,103
781,596,90,101
780,598,90,99
779,600,90,97
778,602,90,95
781,604,92,94
781,604,92,94
781,604,92,94
781,604,92,94
781,604,92,94
781,604,92,94
781,604,92,94
781,604,92,94
781,604,92,94
781,604,92,94
781,604,92,94
781,604,92,94
781,604,92,94
781,604,92,94
781,604,92,94
779,599,94,98
779,597,94,100
779,595,94,102
779,593,94,104
779,591,94,106
779,589,94,108
779,587,94,110
779,585,94,112
779,583,94,114
779,581,94,116
779,579,94,118
779,577,94,120
779,575,94,122
779,573,94,124
779,571,94,126
779,571,98,127
779,569,98,129
779,567,98,131
779,565,98,133
779,563,98,135
779,561,98,137
779,559,98,139
779,557,98,141
779,555,98,143
779,553,98,145
779,551,98,147
779,549,98,149
779,547,98,151
779,545,98,153
779,543,98,155
773,544,91,151
773,546,91,150
773,548,91,149
773,550,91,148
773,552,91,147
773,554,91,146
773,556,91,145
773,558,91,144
773,560,91,143
773,562,91,142
773,564,91,141
773,566,91,140
773,568,91,139
773,570,91,138
773,572,91,137
773,574,96,141
773,574,96,140
773,574,96,139
773,574,96,138
773,574,96,137
773,574,96,136
773,574,96,135
773,574,96,134
773,574,96,133
773,574,96,132
773,574,96,131
773,574,96,130
773,574,96,129
773,574,96,128
773,574,96,127
766,579,98,132
766,576,97,135
766,573,96,138
766,570,95,141
766,567,94,144
766,564,93,147
766,561,92,150
766,558,91,153
766,555,90,156
766,552,89,159
766,549,88,162
766,546,87,165
766,543,86,168
766,540,85,171
766,537,84,174
764,530,79,182
761,529,80,183
758,528,81,184
755,527,82,185
752,526,83,186
749,525,84,187
746,524,85,188
743,523,86,189
740,522,87,190
737,521,88,191
734,520,89,192
731,519,90,193
728,518,91,194
725,517,92,195
722,516,93,196
714,513,90,191
709,514,93,190
704,515,96,189
699,516,99,188
694,517,102,187
689,518,105,186
684,519,108,185
679,520,111,184
674,521,114,183
669,522,117,182
664,523,120,181
659,524,123,180
654,525,126,179
649,526,129,178
644,527,132,177
639,521,128,182
635,521,125,182
631,521,122,182
627,521,119,182
623,521,116,182
619,521,113,182
615,521,110,182
611,521,107,182
607,521,104,182
603,521,101,182
599,521,98,182
595,521,95,182
591,521,92,182
587,521,89,182
583,521,86,182
583,525,89,179
582,526,89,179
581,527,89,179
580,528,89,179
579,529,89,179
578,530,89,179
577,531,89,179
576,532,89,179
575,533,89,179
574,534,89,179
573,535,89,179
572,536,89,179
571,537,89,179
570,538,89,179
569,539,89,179
570,536,85,173
569,536,85,174
568,536,85,175
567,536,85,176
566,536,85,177
565,536,85,178
564,536,85,179
563,536,85,180
562,536,85,181
561,536,85,182
560,536,85,183
559,536,85,184
558,536,85,185
557,536,85,186
556,536,85,187
559,531,92,181
559,532,92,180
559,533,92,179
559,534,92,178
559,535,92,177
559,536,92,176
559,537,92,175
559,538,92,174
559,539,92,173
559,540,92,172
559,541,92,171
559,542,92,170
559,543,92,169
559,544,92,168
559,545,92,167
557,539,91,172
555,539,92,171
553,539,93,170
551,539,94,169
549,539,95,168
547,539,96,167
545,539,97,166
543,539,98,165
541,539,99,164
539,539,100,163
537,539,101,162
535,539,102,161
533,539,103,160
531,539,104,159
529,539,105,158
529,534,100,163
526,534,98,163
523,534,96,163
520,534,94,163
517,534,92,163
514,534,90,163
511,534,88,163
508,534,86,163
505,534,84,163
502,534,82,163
499,534,80,163
496,534,78,163
493,534,76,163
490,534,74,163
487,534,72,163
488,531,76,163
487,531,76,163
486,531,76,163
485,531,76,163
484,531,76,163
483,531,76,163
482,531,76,163
481,531,76,163
480,531,76,163
479,531,76,163
478,531,76,163
477,531,76,163
476,531,76,163
475,531,76,163
474,531,76,163
475,531,81,166
475,531,81,166
475,531,81,166
475,531,81,166
475,531,81,166
475,531,81,166
475,531,81,166
475,531,81,166
475,531,81,166
475,531,81,166
475,531,81,166
475,531,81,166
475,531,81,166
475,531,81,166
475,531,81,166
472,533,84,162
471,533,84,162
470,533,84,162
469,533,84,162
468,533,84,162
467,533,84,162
466,533,84,162
465,533,84,162
464,533,84,162
463,533,84,162
462,533,84,162
461,533,84,162
460,533,84,162
459,533,84,162
458,533,84,162
455,531,85,164
452,533,88,162
449,535,91,160
446,537,94,158
443,539,97,156
440,541,100,154
437,543,103,152
434,545,106,150
431,547,109,148
428,549,112,146
425,551,115,144
422,553,118,142
419,555,121,140
416,557,124,138
413,559,127,136
410,559,128,141
410,561,128,139
410,563,128,137
410,565,128,135
410,567,128,133
410,569,128,131
410,571,128,129
410,573,128,127
410,575,128,125
410,577,128,123
410,579,128,121
410,581,128,119
410,583,128,117
410,585,128,115
410,587,128,113
416,587,133,113
415,587,134,113
414,587,135,113
413,587,136,113
412,587,137,113
411,587,138,113
410,587,139,113
409,587,140,113
408,587,141,113
407,587,142,113
406,587,143,113
405,587,144,113
404,587,145,113
403,587,146,113
402,587,147,113
399,580,150,118
397,578,147,121
395,576,144,124
393,574,141,127
391,572,138,130
389,570,135,133
387,568,132,136
385,566,129,139
383,564,126,142
381,562,123,145
379,560,120,148
377,558,117,151
375,556,114,154
373,554,111,157
371,552,108,160
369,545,109,158
