1050,401,79,194
1046,402,79,194
1042,403,79,194
1038,404,79,194
1034,405,79,194
1030,406,79,194
1026,407,79,194
1022,408,79,194
1018,409,79,194
1014,410,79,194
1010,411,79,194
1006,412,79,194
1002,413,79,194
998,414,79,194
994,415,79,194
987,412,79,189
982,412,80,190
977,412,81,191
972,412,82,192
967,412,83,193
962,412,84,194
957,412,85,195
952,412,86,196
947,412,87,197
942,412,88,198
937,412,89,199
932,412,90,200
927,412,91,201
922,412,92,202
917,412,93,203
910,412,88,203
905,412,88,203
900,412,88,203
895,412,88,203
890,412,88,203
885,412,88,203
880,412,88,203
875,412,88,203
870,412,88,203
865,412,88,203
860,412,88,203
855,412,88,203
850,412,88,203
845,412,88,203
840,412,88,203
832,417,83,209
826,418,83,208
820,419,83,207
814,420,83,206
808,421,83,205
802,422,83,204
796,423,83,203
790,424,83,202
784,425,83,201
778,426,83,200
772,427,83,199
766,428,83,198
760,429,83,197
754,430,83,196
748,431,83,195
746,435,87,196
743,438,89,193
740,441,91,190
737,444,93,187
734,447,95,184
731,450,97,181
728,453,99,178
725,456,101,175
722,459,103,172
719,462,105,169
716,465,107,166
713,468,109,163
710,471,111,160
707,474,113,157
704,477,115,154
703,485,110,149
702,487,110,146
701,489,110,143
700,491,110,140
699,493,110,137
698,495,110,134
697,497,110,131
696,499,110,128
695,501,110,125
694,503,110,122
693,505,110,119
692,507,110,116
691,509,110,113
690,511,110,110
689,513,110,107
691,520,107,111
691,520,108,111
691,520,109,111
691,520,110,111
691,520,111,111
691,520,112,111
691,520,113,111
691,520,114,111
691,520,115,111
691,520,116,111
691,520,117,111
691,520,118,111
691,520,119,111
691,520,120,111
691,520,121,111
691,522,115,113
691,521,115,114
691,520,115,115
691,519,115,116
691,518,115,117
691,517,115,118
691,516,115,119
691,515,115,120
691,514,115,121
691,513,115,122
691,512,115,123
691,511,115,124
691,510,115,125
691,509,115,126
691,508,115,127
687,503,115,128
686,500,114,131
685,497,113,134
684,494,112,137
683,491,111,140
682,488,110,143
681,485,109,146
680,482,108,149
679,479,107,152
678,476,106,155
677,473,105,158
676,470,104,161
675,467,103,164
674,464,102,167
673,461,101,170
679,454,107,174
678,456,108,174
677,458,109,174
676,460,110,174
675,462,111,174
674,464,112,174
673,466,113,174
672,468,114,174
671,470,115,174
670,472,116,174
669,474,117,174
668,476,118,174
667,478,119,174
666,480,120,174
665,482,121,174
671,478,119,174
671,480,119,172
671,482,119,170
671,484,119,168
671,486,119,166
671,488,119,164
671,490,119,162
671,492,119,160
671,494,119,158
671,496,119,156
671,498,119,154
671,500,119,152
671,502,119,150
671,504,119,148
671,506,119,146
667,503,117,147
667,500,116,150
667,497,115,153
667,494,114,156
667,491,113,159
667,488,112,162
667,485,111,165
667,482,110,168
667,479,109,171
667,476,108,174
667,473,107,177
667,470,106,180
667,467,105,183
667,464,104,186
667,461,103,189
661,460,109,193
659,458,110,195
657,456,111,197
655,454,112,199
653,452,113,201
651,450,114,203
649,448,115,205
647,446,116,207
645,444,117,209
643,442,118,211
641,440,119,213
639,438,120,215
637,436,121,217
635,434,122,219
633,432,123,221
638,433,128,217
634,433,127,217
630,433,126,217
626,433,125,217
622,433,124,217
618,433,123,217
614,433,122,217
610,433,121,217
606,433,120,217
602,433,119,217
598,433,118,217
594,433,117,217
590,433,116,217
586,433,115,217
582,433,114,217
573,430,113,220
568,431,112,219
563,432,111,218
558,433,110,217
553,434,109,216
548,435,108,215
543,436,107,214
538,437,106,213
533,438,105,212
528,439,104,211
523,440,103,210
518,441,102,209
513,442,101,208
508,443,100,207
503,444,99,206
493,451,103,204
490,451,103,203
487,451,103,202
484,451,103,201
481,451,103,200
478,451,103,199
475,451,103,198
472,451,103,197
469,451,103,196
466,451,103,195
463,451,103,194
460,451,103,193
457,451,103,192
454,451,103,191
451,451,103,190
446,455,107,195
445,456,107,195
444,457,107,195
443,458,107,195
442,459,107,195
441,460,107,195
440,461,107,195
439,462,107,195
438,463,107,195
437,464,107,195
436,465,107,195
435,466,107,195
434,467,107,195
433,468,107,195
432,469,107,195
438,463,101,199
437,463,102,199
436,463,103,199
435,463,104,199
434,463,105,199
433,463,106,199
432,463,107,199
431,463,108,199
430,463,109,199
429,463,110,199
428,463,111,199
427,463,112,199
426,463,113,199
425,463,114,199
424,463,115,199
430,464,109,197
430,464,109,197
430,464,109,197
430,464,109,197
430,464,109,197
430,464,109,197
430,464,109,197
430,464,109,197
430,464,109,197
430,464,109,197
430,464,109,197
430,464,109,197
430,464,109,197
430,464,109,197
430,464,109,197
428,470,113,191
426,470,114,191
424,470,115,191
422,470,116,191
420,470,117,191
418,470,118,191
416,470,119,191
414,470,120,191
412,470,121,191
410,470,122,191
408,470,123,191
406,470,124,191
404,470,125,191
402,470,126,191
400,470,127,191
393,469,128,184
390,469,126,184
387,469,124,184
384,469,122,184
381,469,120,184
378,469,118,184
375,469,116,184
372,469,114,184
369,469,112,184
366,469,110,184
363,469,108,184
360,469,106,184
357,469,104,184
354,469,102,184
351,469,100,184
350,469,99,186
349,469,99,186
348,469,99,186
347,469,99,186
346,469,99,186
345,469,99,186
344,469,99,186
343,469,99,186
342,469,99,186
341,469,99,186
340,469,99,186
339,469,99,186
338,469,99,186
337,469,99,186
336,469,99,186
340,470,101,183
340,470,102,183
340,470,103,183
340,470,104,183
340,470,105,183
340,470,106,183
340,470,107,183
340,470,108,183
340,470,109,183
340,470,110,183
340,470,111,183
340,470,112,183
340,470,113,183
340,470,114,183
340,470,115,183
336,473,109,180
335,473,109,180
334,473,109,180
333,473,109,180
332,473,109,180
331,473,109,180
330,473,109,180
329,473,109,180
328,473,109,180
327,473,109,180
326,473,109,180
325,473,109,180
324,473,109,180
323,473,109,180
322,473,109,180
318,469,105,187
315,471,108,186
312,473,111,185
309,475,114,184
306,477,117,183
303,479,120,182
300,481,123,181
297,483,126,180
294,485,129,179
291,487,132,178
288,489,135,177
285,491,138,176
282,493,141,175
279,495,144,174
276,497,147,173
275,500,146,168
275,502,147,166
275,504,148,164
275,506,149,162
275,508,150,160
275,510,151,158
275,512,152,156
275,514,153,154
275,516,154,152
275,518,155,150
275,520,156,148
275,522,157,146
275,524,158,144
275,526,159,142
275,528,160,140
269,532,168,137
269,532,168,137
269,532,168,137
269,532,168,137
269,532,168,137
269,532,168,137
269,532,168,137
269,532,168,137
269,532,168,137
269,532,168,137
269,532,168,137
269,532,168,137
269,532,168,137
269,532,168,137
269,532,168,137
265,535,170,136
262,533,167,138
259,531,164,140
256,529,161,142
253,527,158,144
250,525,155,146
247,523,152,148
244,521,149,150
241,519,146,152
238,517,143,154
235,515,140,156
232,513,137,158
229,511,134,160
226,509,131,162
223,507,128,164
224,501,119,165
221,498,118,168
218,495,117,171
215,492,116,174
212,489,115,177
209,486,114,180
206,483,113,183
203,480,112,186
200,477,111,189
197,474,110,192
194,471,109,195
191,468,108,198
188,465,107,201
185,462,106,204
182,459,105,207
181,460,111,214
177,460,112,214
173,460,113,214
169,460,114,214
165,460,115,214
161,460,116,214
157,460,117,214
153,460,118,214
149,460,119,214
145,460,120,214
141,460,121,214
137,460,122,214
133,460,123,214
129,460,124,214
125,460,125,214
122,455,129,217
