1217,374,112,221
1213,374,111,222
1209,374,110,223
1205,374,109,224
1201,374,108,225
1197,374,107,226
1193,374,106,227
1189,374,105,228
1185,374,104,229
1181,374,103,230
1177,374,102,231
1173,374,101,232
1169,374,100,233
1165,374,99,234
1161,374,98,235
1152,368,102,231
1150,368,100,231
1148,368,98,231
1146,368,96,231
1144,368,94,231
1142,368,92,231
1140,368,90,231
1138,368,88,231
1136,368,86,231
1134,368,84,231
1132,368,82,231
1130,368,80,231
1128,368,78,231
1126,368,76,231
1124,368,74,231
1126,365,76,238
1121,366,76,238
1116,367,76,238
1111,368,76,238
1106,369,76,238
1101,370,76,238
1096,371,76,238
1091,372,76,238
1086,373,76,238
1081,374,76,238
1076,375,76,238
1071,376,76,238
1066,377,76,238
1061,378,76,238
1056,379,76,238
1051,378,72,233
1045,378,74,234
1039,378,76,235
1033,378,78,236
1027,378,80,237
1021,378,82,238
1015,378,84,239
1009,378,86,240
1003,378,88,241
997,378,90,242
991,378,92,243
985,378,94,244
979,378,96,245
973,378,98,246
967,378,100,247
960,371,104,250
953,370,104,251
946,369,104,252
939,368,104,253
932,367,104,254
925,366,104,255
918,365,104,256
911,364,104,257
904,363,104,258
897,362,104,259
890,361,104,260
883,360,104,261
876,359,104,262
869,358,104,263
862,357,104,264
856,360,98,264
849,360,100,263
842,360,102,262
835,360,104,261
828,360,106,260
821,360,108,259
814,360,110,258
807,360,112,257
800,360,114,256
793,360,116,255
786,360,118,254
779,360,120,253
772,360,122,252
765,360,124,251
758,360,126,250
751,366,122,256
745,369,122,253
739,372,122,250
733,375,122,247
727,378,122,244
721,381,122,241
715,384,122,238
709,387,122,235
703,390,122,232
697,393,122,229
691,396,122,226
685,399,122,223
679,402,122,220
673,405,122,217
667,408,122,214
659,404,125,215
659,408,125,211
659,412,125,207
659,416,125,203
659,420,125,199
659,424,125,195
659,428,125,191
659,432,125,187
659,436,125,183
659,440,125,179
659,444,125,175
659,448,125,171
659,452,125,167
659,456,125,163
659,460,125,159
653,467,127,152
653,467,127,152
653,467,127,152
653,467,127,152
653,467,127,152
653,467,127,152
653,467,127,152
653,467,127,152
653,467,127,152
653,467,127,152
653,467,127,152
653,467,127,152
653,467,127,152
653,467,127,152
653,467,127,152
647,472,129,149
647,472,129,149
647,472,129,149
647,472,129,149
647,472,129,149
647,472,129,149
647,472,129,149
647,472,129,149
647,472,129,149
647,472,129,149
647,472,129,149
647,472,129,149
647,472,129,149
647,472,129,149
647,472,129,149
647,465,123,156
647,460,123,160
647,455,123,164
647,450,123,168
647,445,123,172
647,440,123,176
647,435,123,180
647,430,123,184
647,425,123,188
647,420,123,192
647,415,123,196
647,410,123,200
647,405,123,204
647,400,123,208
647,395,123,212
641,391,127,220
641,392,127,220
641,393,127,220
641,394,127,220
641,395,127,220
641,396,127,220
641,397,127,220
641,398,127,220
641,399,127,220
641,400,127,220
641,401,127,220
641,402,127,220
641,403,127,220
641,404,127,220
641,405,127,220
637,405,127,225
636,408,128,222
635,411,129,219
634,414,130,216
633,417,131,213
632,420,132,210
631,423,133,207
630,426,134,204
629,429,135,201
628,432,136,198
627,435,137,195
626,438,138,192
625,441,139,189
624,444,140,186
623,447,141,183
629,451,139,187
629,448,138,190
629,445,137,193
629,442,136,196
629,439,135,199
629,436,134,202
629,433,133,205
629,430,132,208
629,427,131,211
629,424,130,214
629,421,129,217
629,418,128,220
629,415,127,223
629,412,126,226
629,409,125,229
627,413,125,227
625,410,126,230
623,407,127,233
621,404,128,236
619,401,129,239
617,398,130,242
615,395,131,245
613,392,132,248
611,389,133,251
609,386,134,254
607,383,135,257
605,380,136,260
603,377,137,263
601,374,138,266
599,371,139,269
593,365,134,275
590,363,131,275
587,361,128,275
584,359,125,275
581,357,122,275
578,355,119,275
575,353,116,275
572,351,113,275
569,349,110,275
566,347,107,275
563,345,104,275
560,343,101,275
557,341,98,275
554,339,95,275
551,337,92,275
546,342,88,282
539,343,92,281
532,344,96,280
525,345,100,279
518,346,104,278
511,347,108,277
504,348,112,276
497,349,116,275
490,350,120,274
483,351,124,273
476,352,128,272
469,353,132,271
462,354,136,270
455,355,140,269
448,356,144,268
440,355,141,267
435,356,140,266
430,357,139,265
425,358,138,264
420,359,137,263
415,360,136,262
410,361,135,261
405,362,134,260
400,363,133,259
395,364,132,258
390,365,131,257
385,366,130,256
380,367,129,255
375,368,128,254
370,369,127,253
363,363,125,258
362,363,124,258
361,363,123,258
360,363,122,258
359,363,121,258
358,363,120,258
357,363,119,258
356,363,118,258
355,363,117,258
354,363,116,258
353,363,115,258
352,363,114,258
351,363,113,258
350,363,112,258
349,363,111,258
343,370,117,260
342,370,118,260
341,370,119,260
340,370,120,260
339,370,121,260
338,370,122,260
337,370,123,260
336,370,124,260
335,370,125,260
334,370,126,260
333,370,127,260
332,370,128,260
331,370,129,260
330,370,130,260
329,370,131,260
333,373,125,257
333,373,125,257
333,373,125,257
333,373,125,257
333,373,125,257
333,373,125,257
333,373,125,257
333,373,125,257
333,373,125,257
333,373,125,257
333,373,125,257
333,373,125,257
333,373,125,257
333,373,125,257
333,373,125,257
329,378,129,252
326,378,130,251
323,378,131,250
320,378,132,249
317,378,133,248
314,378,134,247
311,378,135,246
308,378,136,245
305,378,137,244
302,378,138,243
299,378,139,242
296,378,140,241
293,378,141,240
290,378,142,239
287,378,143,238
282,374,143,230
279,373,141,231
276,372,139,232
273,371,137,233
270,370,135,234
267,369,133,235
264,368,131,236
261,367,129,237
258,366,127,238
255,365,125,239
252,364,123,240
249,363,121,241
246,362,119,242
243,361,117,243
240,360,115,244
238,366,108,238
236,366,108,238
234,366,108,238
232,366,108,238
230,366,108,238
228,366,108,238
226,366,108,238
224,366,108,238
222,366,108,238
220,366,108,238
218,366,108,238
216,366,108,238
214,366,108,238
212,366,108,238
210,366,108,238
213,368,113,238
213,368,113,238
213,368,113,238
213,368,113,238
213,368,113,238
213,368,113,238
213,368,113,238
213,368,113,238
213,368,113,238
213,368,113,238
213,368,113,238
213,368,113,238
213,368,113,238
213,368,113,238
213,368,113,238
209,370,115,236
208,370,115,236
207,370,115,236
206,370,115,236
205,370,115,236
204,370,115,236
203,370,115,236
202,370,115,236
201,370,115,236
200,370,115,236
199,370,115,236
198,370,115,236
197,370,115,236
196,370,115,236
195,370,115,236
199,366,109,237
195,368,112,235
191,370,115,233
187,372,118,231
183,374,121,229
179,376,124,227
175,378,127,225
171,380,130,223
167,382,133,221
163,384,136,219
159,386,139,217
155,388,142,215
151,390,145,213
147,392,148,211
143,394,151,209
142,396,154,212
141,399,157,209
140,402,160,206
139,405,163,203
138,408,166,200
137,411,169,197
136,414,172,194
135,417,175,191
134,420,178,188
133,423,181,185
132,426,184,182
131,429,187,179
130,432,190,176
129,435,193,173
128,438,196,170
126,439,192,173
126,440,192,172
126,441,192,171
126,442,192,170
126,443,192,169
126,444,192,168
126,445,192,167
126,446,192,166
126,447,192,165
126,448,192,164
126,449,192,163
126,450,192,162
126,451,192,161
126,452,192,160
126,453,192,159
122,454,194,158
119,451,190,161
116,448,186,164
113,445,182,167
110,442,178,170
107,439,174,173
104,436,170,176
101,433,166,179
98,430,162,182
95,427,158,185
92,424,154,188
89,421,150,191
86,418,146,194
83,415,142,197
80,412,138,200
78,402,140,210
