0,340,103,320
3,340,101,321
6,340,99,322
9,340,97,323
12,340,95,324
15,340,93,325
18,340,91,326
21,340,89,327
24,340,87,328
27,340,85,329
30,340,83,330
33,340,81,331
36,340,79,332
39,340,77,333
42,340,75,334
38,338,69,342
38,338,71,342
38,338,73,342
38,338,75,342
38,338,77,342
38,338,79,342
38,338,81,342
38,338,83,342
38,338,85,342
38,338,87,342
38,338,89,342
38,338,91,342
38,338,93,342
38,338,95,342
38,338,97,342
40,338,101,346
39,338,102,346
38,338,103,346
37,338,104,346
36,338,105,346
35,338,106,346
34,338,107,346
33,338,108,346
32,338,109,346
31,338,110,346
30,338,111,346
29,338,112,346
28,338,113,346
27,338,114,346
26,338,115,346
30,338,111,347
29,338,112,347
28,338,113,347
27,338,114,347
26,338,115,347
25,338,116,347
24,338,117,347
23,338,118,347
22,338,119,347
21,338,120,347
20,338,121,347
19,338,122,347
18,338,123,347
17,338,124,347
16,338,125,347
18,336,119,340
20,336,119,340
22,336,119,340
24,336,119,340
26,336,119,340
28,336,119,340
30,336,119,340
32,336,119,340
34,336,119,340
36,336,119,340
38,336,119,340
40,336,119,340
42,336,119,340
44,336,119,340
46,336,119,340
44,336,121,338
47,336,118,337
50,336,115,336
53,336,112,335
56,336,109,334
59,336,106,333
62,336,103,332
65,336,100,331
68,336,97,330
71,336,94,329
74,336,91,328
77,336,88,327
80,336,85,326
83,336,82,325
86,336,79,324
90,333,79,330
91,333,80,329
92,333,81,328
93,333,82,327
94,333,83,326
95,333,84,325
96,333,85,324
97,333,86,323
98,333,87,322
99,333,88,321
100,333,89,320
101,333,90,319
102,333,91,318
103,333,92,317
104,333,93,316
104,333,96,308
105,333,96,308
106,333,96,308
107,333,96,308
108,333,96,308
109,333,96,308
110,333,96,308
111,333,96,308
112,333,96,308
113,333,96,308
114,333,96,308
115,333,96,308
116,333,96,308
117,333,96,308
118,333,96,308
124,329,94,307
121,331,96,304
118,333,98,301
115,335,100,298
112,337,102,295
109,339,104,292
106,341,106,289
103,343,108,286
100,345,110,283
97,347,112,280
94,349,114,277
91,351,116,274
88,353,118,271
85,355,120,268
82,357,122,265
82,360,130,260
82,364,130,256
82,368,130,252
82,372,130,248
82,376,130,244
82,380,130,240
82,384,130,236
82,388,130,232
82,392,130,228
82,396,130,224
82,400,130,220
82,404,130,216
82,408,130,212
82,412,130,208
82,416,130,204
80,426,124,194
80,425,124,195
80,424,124,196
80,423,124,197
80,422,124,198
80,421,124,199
80,420,124,200
80,419,124,201
80,418,124,202
80,417,124,203
80,416,124,204
80,415,124,205
80,414,124,206
80,413,124,207
80,412,124,208
84,410,120,211
83,407,121,214
82,404,122,217
81,401,123,220
80,398,124,223
79,395,125,226
78,392,126,229
77,389,127,232
76,386,128,235
75,383,129,238
74,380,130,241
73,377,131,244
72,374,132,247
71,371,133,250
70,368,134,253
70,360,140,261
69,359,141,262
68,358,142,263
67,357,143,264
66,356,144,265
65,355,145,266
64,354,146,267
63,353,147,268
62,352,148,269
61,351,149,270
60,350,150,271
59,349,151,272
58,348,152,273
57,347,153,274
56,346,154,275
60,340,148,280
64,339,144,281
68,338,140,282
72,337,136,283
76,336,132,284
80,335,128,285
84,334,124,286
88,333,120,287
92,332,116,288
96,331,112,289
100,330,108,290
104,329,104,291
108,328,100,292
112,327,96,293
116,326,92,294
124,320,92,296
129,321,93,295
134,322,94,294
139,323,95,293
144,324,96,292
149,325,97,291
154,326,98,290
159,327,99,289
164,328,100,288
169,329,101,287
174,330,102,286
179,331,103,285
184,332,104,284
189,333,105,283
194,334,106,282
193,335,105,286
198,335,106,287
203,335,107,288
208,335,108,289
213,335,109,290
218,335,110,291
223,335,111,292
228,335,112,293
233,335,113,294
238,335,114,295
243,335,115,296
248,335,116,297
253,335,117,298
258,335,118,299
263,335,119,300
263,340,113,296
265,344,114,292
267,348,115,288
269,352,116,284
271,356,117,280
273,360,118,276
275,364,119,272
277,368,120,268
279,372,121,264
281,376,122,260
283,380,123,256
285,384,124,252
287,388,125,248
289,392,126,244
291,396,127,240
289,406,130,243
290,411,131,239
291,416,132,235
292,421,133,231
293,426,134,227
294,431,135,223
295,436,136,219
296,441,137,215
297,446,138,211
298,451,139,207
299,456,140,203
300,461,141,199
301,466,142,195
302,471,143,191
303,476,144,187
307,474,148,186
308,472,149,188
309,470,150,190
310,468,151,192
311,466,152,194
312,464,153,196
313,462,154,198
314,460,155,200
315,458,156,202
316,456,157,204
317,454,158,206
318,452,159,208
319,450,160,210
320,448,161,212
321,446,162,214
323,450,166,219
326,444,165,224
329,438,164,229
332,432,163,234
335,426,162,239
338,420,161,244
341,414,160,249
344,408,159,254
347,402,158,259
350,396,157,264
353,390,156,269
356,384,155,274
359,378,154,279
362,372,153,284
365,366,152,289
371,366,146,299
376,364,145,300
381,362,144,301
386,360,143,302
391,358,142,303
396,356,141,304
401,354,140,305
406,352,139,306
411,350,138,307
416,348,137,308
421,346,136,309
426,344,135,310
431,342,134,311
436,340,133,312
441,338,132,313
452,338,134,316
455,338,133,314
458,338,132,312
461,338,131,310
464,338,130,308
467,338,129,306
470,338,128,304
473,338,127,302
476,338,126,300
479,338,125,298
482,338,124,296
485,338,123,294
488,338,122,292
491,338,121,290
494,338,120,288
504,336,122,287
505,336,121,287
506,336,120,287
507,336,119,287
508,336,118,287
509,336,117,287
510,336,116,287
511,336,115,287
512,336,114,287
513,336,113,287
514,336,112,287
515,336,111,287
516,336,110,287
517,336,109,287
518,336,108,287
520,333,112,287
522,333,112,287
524,333,112,287
526,333,112,287
528,333,112,287
530,333,112,287
532,333,112,287
534,333,112,287
536,333,112,287
538,333,112,287
540,333,112,287
542,333,112,287
544,333,112,287
546,333,112,287
548,333,112,287
552,329,110,281
555,330,110,281
558,331,110,281
561,332,110,281
564,333,110,281
567,334,110,281
570,335,110,281
573,336,110,281
576,337,110,281
579,338,110,281
582,339,110,281
585,340,110,281
588,341,110,281
591,342,110,281
594,343,110,281
595,342,111,276
597,343,113,275
599,344,115,274
601,345,117,273
603,346,119,272
605,347,121,271
607,348,123,270
609,349,125,269
611,350,127,268
613,351,129,267
615,352,131,266
617,353,133,265
619,354,135,264
621,355,137,263
623,356,139,262
625,362,148,258
629,361,146,259
633,360,144,260
637,359,142,261
641,358,140,262
645,357,138,263
649,356,136,264
653,355,134,265
657,354,132,266
661,353,130,267
665,352,128,268
669,351,126,269
673,350,124,270
677,349,122,271
681,348,120,272
687,347,122,276
689,347,122,276
691,347,122,276
693,347,122,276
695,347,122,276
697,347,122,276
699,347,122,276
701,347,122,276
703,347,122,276
705,347,122,276
707,347,122,276
709,347,122,276
711,347,122,276
713,347,122,276
715,347,122,276
721,340,128,270
725,340,127,270
729,340,126,270
733,340,125,270
737,340,124,270
741,340,123,270
745,340,122,270
749,340,121,270
753,340,120,270
757,340,119,270
761,340,118,270
765,340,117,270
769,340,116,270
773,340,115,270
777,340,114,270
780,340,113,270
782,340,111,269
784,340,109,268
786,340,107,267
788,340,105,266
790,340,103,265
792,340,101,264
794,340,99,263
796,340,97,262
798,340,95,261
800,340,93,260
802,340,91,259
804,340,89,258
806,340,87,257
808,340,85,256
810,338,77,261
