196,453,78,270
196,453,79,270
196,453,80,270
196,453,81,270
196,453,82,270
196,453,83,270
196,453,84,270
196,453,85,270
196,453,86,270
196,453,87,270
196,453,88,270
196,453,89,270
196,453,90,270
196,453,91,270
196,453,92,270
198,453,91,276
197,453,91,275
196,453,91,274
195,453,91,273
194,453,91,272
193,453,91,271
192,453,91,270
191,453,91,269
190,453,91,268
189,453,91,267
188,453,91,266
187,453,91,265
186,453,91,264
185,453,91,263
184,453,91,262
186,453,94,263
185,453,95,263
184,453,96,263
183,453,97,263
182,453,98,263
181,453,99,263
180,453,100,263
179,453,101,263
178,453,102,263
177,453,103,263
176,453,104,263
175,453,105,263
174,453,106,263
173,453,107,263
172,453,108,263
175,451,105,265
177,451,105,265
179,451,105,265
181,451,105,265
183,451,105,265
185,451,105,265
187,451,105,265
189,451,105,265
191,451,105,265
193,451,105,265
195,451,105,265
197,451,105,265
199,451,105,265
201,451,105,265
203,451,105,265
202,451,106,271
205,451,104,270
208,451,102,269
211,451,100,268
214,451,98,267
217,451,96,266
220,451,94,265
223,451,92,264
226,451,90,263
229,451,88,262
232,451,86,261
235,451,84,260
238,451,82,259
241,451,80,258
244,451,78,257
241,444,79,263
242,444,81,264
243,444,83,265
244,444,85,266
245,444,87,267
246,444,89,268
247,444,91,269
248,444,93,270
249,444,95,271
250,444,97,272
251,444,99,273
252,444,101,274
253,444,103,275
254,444,105,276
255,444,107,277
251,442,103,272
252,442,102,269
253,442,101,266
254,442,100,263
255,442,99,260
256,442,98,257
257,442,97,254
258,442,96,251
259,442,95,248
260,442,94,245
261,442,93,242
262,442,92,239
263,442,91,236
264,442,90,233
265,442,89,230
268,439,84,230
267,441,85,228
266,443,86,226
265,445,87,224
264,447,88,222
263,449,89,220
262,451,90,218
261,453,91,216
260,455,92,214
259,457,93,212
258,459,94,210
257,461,95,208
256,463,96,206
255,465,97,204
254,467,98,202
258,473,96,205
257,476,97,202
256,479,98,199
255,482,99,196
254,485,100,193
253,488,101,190
252,491,102,187
251,494,103,184
250,497,104,181
249,500,105,178
248,503,106,175
247,506,107,172
246,509,108,169
245,512,109,166
244,515,110,163
237,520,107,158
237,519,108,160
237,518,109,162
237,517,110,164
237,516,111,166
237,515,112,168
237,514,113,170
237,513,114,172
237,512,115,174
237,511,116,176
237,510,117,178
237,509,118,180
237,508,119,182
237,507,120,184
237,506,121,186
239,500,116,182
238,498,117,184
237,496,118,186
236,494,119,188
235,492,120,190
234,490,121,192
233,488,122,194
232,486,123,196
231,484,124,198
230,482,125,200
229,480,126,202
228,478,127,204
227,476,128,206
226,474,129,208
225,472,130,210
218,468,130,208
218,467,130,209
218,466,130,210
218,465,130,211
218,464,130,212
218,463,130,213
218,462,130,214
218,461,130,215
218,460,130,216
218,459,130,217
218,458,130,218
218,457,130,219
218,456,130,220
218,455,130,221
218,454,130,222
218,451,130,222
222,450,126,223
226,449,122,224
230,448,118,225
234,447,114,226
238,446,110,227
242,445,106,228
246,444,102,229
250,443,98,230
254,442,94,231
258,441,90,232
262,440,86,233
266,439,82,234
270,438,78,235
274,437,74,236
283,433,67,238
287,433,68,239
291,433,69,240
295,433,70,241
299,433,71,242
303,433,72,243
307,433,73,244
311,433,74,245
315,433,75,246
319,433,76,247
323,433,77,248
327,433,78,249
331,433,79,250
335,433,80,251
339,433,81,252
343,437,79,247
346,437,80,246
349,437,81,245
352,437,82,244
355,437,83,243
358,437,84,242
361,437,85,241
364,437,86,240
367,437,87,239
370,437,88,238
373,437,89,237
376,437,90,236
379,437,91,235
382,437,92,234
385,437,93,233
383,437,97,238
384,441,98,235
385,445,99,232
386,449,100,229
387,453,101,226
388,457,102,223
389,461,103,220
390,465,104,217
391,469,105,214
392,473,106,211
393,477,107,208
394,481,108,205
395,485,109,202
396,489,110,199
397,493,111,196
402,491,108,200
403,494,110,197
404,497,112,194
405,500,114,191
406,503,116,188
407,506,118,185
408,509,120,182
409,512,122,179
410,515,124,176
411,518,126,173
412,521,128,170
413,524,130,167
414,527,132,164
415,530,134,161
416,533,136,158
415,542,131,161
417,540,131,163
419,538,131,165
421,536,131,167
423,534,131,169
425,532,131,171
427,530,131,173
429,528,131,175
431,526,131,177
433,524,131,179
435,522,131,181
437,520,131,183
439,518,131,185
441,516,131,187
443,514,131,189
443,513,124,185
446,508,122,189
449,503,120,193
452,498,118,197
455,493,116,201
458,488,114,205
461,483,112,209
464,478,110,213
467,473,108,217
470,468,106,221
473,463,104,225
476,458,102,229
479,453,100,233
482,448,98,237
485,443,96,241
483,442,97,238
487,441,98,239
491,440,99,240
495,439,100,241
499,438,101,242
503,437,102,243
507,436,103,244
511,435,104,245
515,434,105,246
519,433,106,247
523,432,107,248
527,431,108,249
531,430,109,250
535,429,110,251
539,428,111,252
541,422,111,256
543,422,110,255
545,422,109,254
547,422,108,253
549,422,107,252
551,422,106,251
553,422,105,250
555,422,104,249
557,422,103,248
559,422,102,247
561,422,101,246
563,422,100,245
565,422,99,244
567,422,98,243
569,422,97,242
572,419,102,241
573,419,101,241
574,419,100,241
575,419,99,241
576,419,98,241
577,419,97,241
578,419,96,241
579,419,95,241
580,419,94,241
581,419,93,241
582,419,92,241
583,419,91,241
584,419,90,241
585,419,89,241
586,419,88,241
592,417,92,234
593,417,92,234
594,417,92,234
595,417,92,234
596,417,92,234
597,417,92,234
598,417,92,234
599,417,92,234
600,417,92,234
601,417,92,234
602,417,92,234
603,417,92,234
604,417,92,234
605,417,92,234
606,417,92,234
609,412,92,228
611,412,92,227
613,412,92,226
615,412,92,225
617,412,92,224
619,412,92,223
621,412,92,222
623,412,92,221
625,412,92,220
627,412,92,219
629,412,92,218
631,412,92,217
633,412,92,216
635,412,92,215
637,412,92,214
643,419,94,219
646,419,95,219
649,419,96,219
652,419,97,219
655,419,98,219
658,419,99,219
661,419,100,219
664,419,101,219
667,419,102,219
670,419,103,219
673,419,104,219
676,419,105,219
679,419,106,219
682,419,107,219
685,419,108,219
683,417,105,220
685,417,105,219
687,417,105,218
689,417,105,217
691,417,105,216
693,417,105,215
695,417,105,214
697,417,105,213
699,417,105,212
701,417,105,211
703,417,105,210
705,417,105,209
707,417,105,208
709,417,105,207
711,417,105,206
711,419,103,210
713,418,103,211
715,417,103,212
717,416,103,213
719,415,103,214
721,414,103,215
723,413,103,216
725,412,103,217
727,411,103,218
729,410,103,219
731,409,103,220
733,408,103,221
735,407,103,222
737,406,103,223
739,405,103,224
747,408,99,220
750,408,98,220
753,408,97,220
756,408,96,220
759,408,95,220
762,408,94,220
765,408,93,220
768,408,92,220
771,408,91,220
774,408,90,220
777,408,89,220
780,408,88,220
783,408,87,220
786,408,86,220
789,408,85,220
792,404,90,213
794,404,88,213
796,404,86,213
798,404,84,213
800,404,82,213
802,404,80,213
804,404,78,213
806,404,76,213
808,404,74,213
810,404,72,213
812,404,70,213
814,404,68,213
816,404,66,213
818,404,64,213
820,404,62,213
821,397,63,216
821,397,65,215
821,397,67,214
821,397,69,213
821,397,71,212
821,397,73,211
821,397,75,210
821,397,77,209
821,397,79,208
821,397,81,207
821,397,83,206
821,397,85,205
821,397,87,204
821,397,89,203
821,397,91,202
819,399,95,207
