352,500,79,227
354,500,79,227
356,500,79,227
358,500,79,227
360,500,79,227
362,500,79,227
364,500,79,227
366,500,79,227
368,500,79,227
370,500,79,227
372,500,79,227
374,500,79,227
376,500,79,227
378,500,79,227
380,500,79,227
376,502,83,231
376,502,83,231
376,502,83,231
376,502,83,231
376,502,83,231
376,502,83,231
376,502,83,231
376,502,83,231
376,502,83,231
376,502,83,231
376,502,83,231
376,502,83,231
376,502,83,231
376,502,83,231
376,502,83,231
378,502,83,227
377,502,84,227
376,502,85,227
375,502,86,227
374,502,87,227
373,502,88,227
372,502,89,227
371,502,90,227
370,502,91,227
369,502,92,227
368,502,93,227
367,502,94,227
366,502,95,227
365,502,96,227
364,502,97,227
366,500,97,233
369,500,95,233
372,500,93,233
375,500,91,233
378,500,89,233
381,500,87,233
384,500,85,233
387,500,83,233
390,500,81,233
393,500,79,233
396,500,77,233
399,500,75,233
402,500,73,233
405,500,71,233
408,500,69,233
410,497,69,237
411,497,70,237
412,497,71,237
413,497,72,237
414,497,73,237
415,497,74,237
416,497,75,237
417,497,76,237
418,497,77,237
419,497,78,237
420,497,79,237
421,497,80,237
422,497,81,237
423,497,82,237
424,497,83,237
428,497,83,241
429,497,83,239
430,497,83,237
431,497,83,235
432,497,83,233
433,497,83,231
434,497,83,229
435,497,83,227
436,497,83,225
437,497,83,223
438,497,83,221
439,497,83,219
440,497,83,217
441,497,83,215
442,497,83,213
444,491,79,214
443,494,79,211
442,497,79,208
441,500,79,205
440,503,79,202
439,506,79,199
438,509,79,196
437,512,79,193
436,515,79,190
435,518,79,187
434,521,79,184
433,524,79,181
432,527,79,178
431,530,79,175
430,533,79,172
430,542,85,167
429,543,85,166
428,544,85,165
427,545,85,164
426,546,85,163
425,547,85,162
424,548,85,161
423,549,85,160
422,550,85,159
421,551,85,158
420,552,85,157
419,553,85,156
418,554,85,155
417,555,85,154
416,556,85,153
420,553,87,154
419,551,89,156
418,549,91,158
417,547,93,160
416,545,95,162
415,543,97,164
414,541,99,166
413,539,101,168
412,537,103,170
411,535,105,172
410,533,107,174
409,531,109,176
408,529,111,178
407,527,113,180
406,525,115,182
406,517,113,190
406,515,112,192
406,513,111,194
406,511,110,196
406,509,109,198
406,507,108,200
406,505,107,202
406,503,106,204
406,501,105,206
406,499,104,208
406,497,103,210
406,495,102,212
406,493,101,214
406,491,100,216
406,489,99,218
410,489,101,213
415,489,101,214
420,489,101,215
425,489,101,216
430,489,101,217
435,489,101,218
440,489,101,219
445,489,101,220
450,489,101,221
455,489,101,222
460,489,101,223
465,489,101,224
470,489,101,225
475,489,101,226
480,489,101,227
480,488,101,221
485,488,100,221
490,488,99,221
495,488,98,221
500,488,97,221
505,488,96,221
510,488,95,221
515,488,94,221
520,488,93,221
525,488,92,221
530,488,91,221
535,488,90,221
540,488,89,221
545,488,88,221
550,488,87,221
550,493,91,218
551,498,92,214
552,503,93,210
553,508,94,206
554,513,95,202
555,518,96,198
556,523,97,194
557,528,98,190
558,533,99,186
559,538,100,182
560,543,101,178
561,548,102,174
562,553,103,170
563,558,104,166
564,563,105,162
572,575,107,154
574,575,108,155
576,575,109,156
578,575,110,157
580,575,111,158
582,575,112,159
584,575,113,160
586,575,114,161
588,575,115,162
590,575,116,163
592,575,117,164
594,575,118,165
596,575,119,166
598,575,120,167
600,575,121,168
596,580,117,163
598,575,116,167
600,570,115,171
602,565,114,175
604,560,113,179
606,555,112,183
608,550,111,187
610,545,110,191
612,540,109,195
614,535,108,199
616,530,107,203
618,525,106,207
620,520,105,211
622,515,104,215
624,510,103,219
628,511,103,220
633,509,103,221
638,507,103,222
643,505,103,223
648,503,103,224
653,501,103,225
658,499,103,226
663,497,103,227
668,495,103,228
673,493,103,229
678,491,103,230
683,489,103,231
688,487,103,232
693,485,103,233
698,483,103,234
702,486,107,230
704,486,106,228
706,486,105,226
708,486,104,224
710,486,103,222
712,486,102,220
714,486,101,218
716,486,100,216
718,486,99,214
720,486,98,212
722,486,97,210
724,486,96,208
726,486,95,206
728,486,94,204
730,486,93,202
734,484,85,207
735,484,85,207
736,484,85,207
737,484,85,207
738,484,85,207
739,484,85,207
740,484,85,207
741,484,85,207
742,484,85,207
743,484,85,207
744,484,85,207
745,484,85,207
746,484,85,207
747,484,85,207
748,484,85,207
756,484,79,207
758,484,80,206
760,484,81,205
762,484,82,204
764,484,83,203
766,484,84,202
768,484,85,201
770,484,86,200
772,484,87,199
774,484,88,198
776,484,89,197
778,484,90,196
780,484,91,195
782,484,92,194
784,484,93,193
788,489,87,196
790,490,88,195
792,491,89,194
794,492,90,193
796,493,91,192
798,494,92,191
800,495,93,190
802,496,94,189
804,497,95,188
806,498,96,187
808,499,97,186
810,500,98,185
812,501,99,184
814,502,100,183
816,503,101,182
824,502,109,185
827,502,108,185
830,502,107,185
833,502,106,185
836,502,105,185
839,502,104,185
842,502,103,185
845,502,102,185
848,502,101,185
851,502,100,185
854,502,99,185
857,502,98,185
860,502,97,185
863,502,96,185
866,502,95,185
874,498,94,185
877,497,93,185
880,496,92,185
883,495,91,185
886,494,90,185
889,493,89,185
892,492,88,185
895,491,87,185
898,490,86,185
901,489,85,185
904,488,84,185
907,487,83,185
910,486,82,185
913,485,81,185
916,484,80,185
924,489,86,185
925,489,84,185
926,489,82,185
927,489,80,185
928,489,78,185
929,489,76,185
930,489,74,185
931,489,72,185
932,489,70,185
933,489,68,185
934,489,66,185
935,489,64,185
936,489,62,185
937,489,60,185
938,489,58,185
946,484,62,181
