347,503,66,233
348,503,66,233
349,503,66,233
350,503,66,233
351,503,66,233
352,503,66,233
353,503,66,233
354,503,66,233
355,503,66,233
356,503,66,233
357,503,66,233
358,503,66,233
359,503,66,233
360,503,66,233
361,503,66,233
361,505,70,231
361,505,71,231
361,505,72,231
361,505,73,231
361,505,74,231
361,505,75,231
361,505,76,231
361,505,77,231
361,505,78,231
361,505,79,231
361,505,80,231
361,505,81,231
361,505,82,231
361,505,83,231
361,505,84,231
363,505,78,238
362,505,79,238
361,505,80,238
360,505,81,238
359,505,82,238
358,505,83,238
357,505,84,238
356,505,85,238
355,505,86,238
354,505,87,238
353,505,88,238
352,505,89,238
351,505,90,238
350,505,91,238
349,505,92,238
345,505,94,238
346,505,94,238
347,505,94,238
348,505,94,238
349,505,94,238
350,505,94,238
351,505,94,238
352,505,94,238
353,505,94,238
354,505,94,238
355,505,94,238
356,505,94,238
357,505,94,238
358,505,94,238
359,505,94,238
355,505,101,236
358,505,99,236
361,505,97,236
364,505,95,236
367,505,93,236
370,505,91,236
373,505,89,236
376,505,87,236
379,505,85,236
382,505,83,236
385,505,81,236
388,505,79,236
391,505,77,236
394,505,75,236
397,505,73,236
393,502,65,229
394,502,65,228
395,502,65,227
396,502,65,226
397,502,65,225
398,502,65,224
399,502,65,223
400,502,65,222
401,502,65,221
402,502,65,220
403,502,65,219
404,502,65,218
405,502,65,217
406,502,65,216
407,502,65,215
406,500,70,210
407,500,70,210
408,500,70,210
409,500,70,210
410,500,70,210
411,500,70,210
412,500,70,210
413,500,70,210
414,500,70,210
415,500,70,210
416,500,70,210
417,500,70,210
418,500,70,210
419,500,70,210
420,500,70,210
418,499,68,214
417,499,69,213
416,499,70,212
415,499,71,211
414,499,72,210
413,499,73,209
412,499,74,208
411,499,75,207
410,499,76,206
409,499,77,205
408,499,78,204
407,499,79,203
406,499,80,202
405,499,81,201
404,499,82,200
400,503,90,197
399,507,90,193
398,511,90,189
397,515,90,185
396,519,90,181
395,523,90,177
394,527,90,173
393,531,90,169
392,535,90,165
391,539,90,161
390,543,90,157
389,547,90,153
388,551,90,149
387,555,90,145
386,559,90,141
385,563,93,136
385,562,93,137
385,561,93,138
385,560,93,139
385,559,93,140
385,558,93,141
385,557,93,142
385,556,93,143
385,555,93,144
385,554,93,145
385,553,93,146
385,552,93,147
385,551,93,148
385,550,93,149
385,549,93,150
387,555,95,150
387,553,96,152
387,551,97,154
387,549,98,156
387,547,99,158
387,545,100,160
387,543,101,162
387,541,102,164
387,539,103,166
387,537,104,168
387,535,105,170
387,533,106,172
387,531,107,174
387,529,108,176
387,527,109,178
385,523,103,181
384,522,104,182
383,521,105,183
382,520,106,184
381,519,107,185
380,518,108,186
379,517,109,187
378,516,110,188
377,515,111,189
376,514,112,190
375,513,113,191
374,512,114,192
373,511,115,193
372,510,116,194
371,509,117,195
369,508,111,194
372,507,109,195
375,506,107,196
378,505,105,197
381,504,103,198
384,503,101,199
387,502,99,200
390,501,97,201
393,500,95,202
396,499,93,203
399,498,91,204
402,497,89,205
405,496,87,206
408,495,85,207
411,494,83,208
408,495,78,204
411,495,79,204
414,495,80,204
417,495,81,204
420,495,82,204
423,495,83,204
426,495,84,204
429,495,85,204
432,495,86,204
435,495,87,204
438,495,88,204
441,495,89,204
444,495,90,204
447,495,91,204
450,495,92,204
453,499,96,198
457,499,95,199
461,499,94,200
465,499,93,201
469,499,92,202
473,499,91,203
477,499,90,204
481,499,89,205
485,499,88,206
489,499,87,207
493,499,86,208
497,499,85,209
501,499,84,210
505,499,83,211
509,499,82,212
520,503,82,209
521,506,83,207
522,509,84,205
523,512,85,203
524,515,86,201
525,518,87,199
526,521,88,197
527,524,89,195
528,527,90,193
529,530,91,191
530,533,92,189
531,536,93,187
532,539,94,185
533,542,95,183
534,545,96,181
536,547,91,176
537,551,92,173
538,555,93,170
539,559,94,167
540,563,95,164
541,567,96,161
542,571,97,158
543,575,98,155
544,579,99,152
545,583,100,149
546,587,101,146
547,591,102,143
548,595,103,140
549,599,104,137
550,603,105,134
552,601,105,132
553,600,106,134
554,599,107,136
555,598,108,138
556,597,109,140
557,596,110,142
558,595,111,144
559,594,112,146
560,593,113,148
561,592,114,150
562,591,115,152
563,590,116,154
564,589,117,156
565,588,118,158
566,587,119,160
571,584,113,157
574,579,110,161
577,574,107,165
580,569,104,169
583,564,101,173
586,559,98,177
589,554,95,181
592,549,92,185
595,544,89,189
598,539,86,193
601,534,83,197
604,529,80,201
607,524,77,205
610,519,74,209
613,514,71,213
619,516,75,217
622,515,75,216
625,514,75,215
628,513,75,214
631,512,75,213
634,511,75,212
637,510,75,211
640,509,75,210
643,508,75,209
646,507,75,208
649,506,75,207
652,505,75,206
655,504,75,205
658,503,75,204
661,502,75,203
666,503,81,204
667,503,81,203
668,503,81,202
669,503,81,201
670,503,81,200
671,503,81,199
672,503,81,198
673,503,81,197
674,503,81,196
675,503,81,195
676,503,81,194
677,503,81,193
678,503,81,192
679,503,81,191
680,503,81,190
687,502,86,195
688,502,85,195
689,502,84,195
690,502,83,195
691,502,82,195
692,502,81,195
693,502,80,195
694,502,79,195
695,502,78,195
696,502,77,195
697,502,76,195
698,502,75,195
699,502,74,195
700,502,73,195
701,502,72,195
701,497,76,200
702,497,76,199
703,497,76,198
704,497,76,197
705,497,76,196
706,497,76,195
707,497,76,194
708,497,76,193
709,497,76,192
710,497,76,191
711,497,76,190
712,497,76,189
713,497,76,188
714,497,76,187
715,497,76,186
717,499,70,190
719,499,71,190
721,499,72,190
723,499,73,190
725,499,74,190
727,499,75,190
729,499,76,190
731,499,77,190
733,499,78,190
735,499,79,190
737,499,80,190
739,499,81,190
741,499,82,190
743,499,83,190
745,499,84,190
748,502,84,194
750,503,85,193
752,504,86,192
754,505,87,191
756,506,88,190
758,507,89,189
760,508,90,188
762,509,91,187
764,510,92,186
766,511,93,185
768,512,94,184
770,513,95,183
772,514,96,182
774,515,97,181
776,516,98,180
776,518,93,178
779,517,92,178
782,516,91,178
785,515,90,178
788,514,89,178
791,513,88,178
794,512,87,178
797,511,86,178
800,510,85,178
803,509,84,178
806,508,83,178
809,507,82,178
812,506,81,178
815,505,80,178
818,504,79,178
815,510,84,181
817,509,84,182
819,508,84,183
821,507,84,184
823,506,84,185
825,505,84,186
827,504,84,187
829,503,84,188
831,502,84,189
833,501,84,190
835,500,84,191
837,499,84,192
839,498,84,193
841,497,84,194
843,496,84,195
841,500,87,191
843,500,86,190
845,500,85,189
847,500,84,188
849,500,83,187
851,500,82,186
853,500,81,185
855,500,80,184
857,500,79,183
859,500,78,182
861,500,77,181
863,500,76,180
865,500,75,179
867,500,74,178
869,500,73,177
878,505,78,178
879,504,77,178
880,503,76,178
881,502,75,178
882,501,74,178
883,500,73,178
884,499,72,178
885,498,71,178
886,497,70,178
887,496,69,178
888,495,68,178
889,494,67,178
890,493,66,178
891,492,65,178
892,491,64,178
890,497,64,182
891,497,64,182
892,497,64,182
893,497,64,182
894,497,64,182
895,497,64,182
896,497,64,182
897,497,64,182
898,497,64,182
899,497,64,182
900,497,64,182
901,497,64,182
902,497,64,182
903,497,64,182
904,497,64,182
900,499,71,176
