45,440,81,243
51,439,81,243
57,438,81,243
63,437,81,243
69,436,81,243
75,435,81,243
81,434,81,243
87,433,81,243
93,432,81,243
99,431,81,243
105,430,81,243
111,429,81,243
117,428,81,243
123,427,81,243
129,426,81,243
135,432,86,243
140,431,86,243
145,430,86,243
150,429,86,243
155,428,86,243
160,427,86,243
165,426,86,243
170,425,86,243
175,424,86,243
180,423,86,243
185,422,86,243
190,421,86,243
195,420,86,243
200,419,86,243
205,418,86,243
203,421,90,236
206,422,92,235
209,423,94,234
212,424,96,233
215,425,98,232
218,426,100,231
221,427,102,230
224,428,104,229
227,429,106,228
230,430,108,227
233,431,110,226
236,432,112,225
239,433,114,224
242,434,116,223
245,435,118,222
255,430,127,225
257,430,127,225
259,430,127,225
261,430,127,225
263,430,127,225
265,430,127,225
267,430,127,225
269,430,127,225
271,430,127,225
273,430,127,225
275,430,127,225
277,430,127,225
279,430,127,225
281,430,127,225
283,430,127,225
280,436,133,221
282,435,130,221
284,434,127,221
286,433,124,221
288,432,121,221
290,431,118,221
292,430,115,221
294,429,112,221
296,428,109,221
298,427,106,221
300,426,103,221
302,425,100,221
304,424,97,221
306,423,94,221
308,422,91,221
304,425,94,226
304,429,96,222
304,433,98,218
304,437,100,214
304,441,102,210
304,445,104,206
304,449,106,202
304,453,108,198
304,457,110,194
304,461,112,190
304,465,114,186
304,469,116,182
304,473,118,178
304,477,120,174
304,481,122,170
309,490,128,172
310,492,128,170
311,494,128,168
312,496,128,166
313,498,128,164
314,500,128,162
315,502,128,160
316,504,128,158
317,506,128,156
318,508,128,154
319,510,128,152
320,512,128,150
321,514,128,148
322,516,128,146
323,518,128,144
317,527,126,141
319,522,125,146
321,517,124,151
323,512,123,156
325,507,122,161
327,502,121,166
329,497,120,171
331,492,119,176
333,487,118,181
335,482,117,186
337,477,116,191
339,472,115,196
341,467,114,201
343,462,113,206
345,457,112,211
341,458,115,210
344,456,114,212
347,454,113,214
350,452,112,216
353,450,111,218
356,448,110,220
359,446,109,222
362,444,108,224
365,442,107,226
368,440,106,228
371,438,105,230
374,436,104,232
377,434,103,234
380,432,102,236
383,430,101,238
379,421,95,236
382,421,97,236
385,421,99,236
388,421,101,236
391,421,103,236
394,421,105,236
397,421,107,236
400,421,109,236
403,421,111,236
406,421,113,236
409,421,115,236
412,421,117,236
415,421,119,236
418,421,121,236
421,421,123,236
418,417,130,231
424,417,129,231
430,417,128,231
436,417,127,231
442,417,126,231
448,417,125,231
454,417,124,231
460,417,123,231
466,417,122,231
472,417,121,231
478,417,120,231
484,417,119,231
490,417,118,231
496,417,117,231
502,417,116,231
510,414,121,236
514,414,122,237
518,414,123,238
522,414,124,239
526,414,125,240
530,414,126,241
534,414,127,242
538,414,128,243
542,414,129,244
546,414,130,245
550,414,131,246
554,414,132,247
558,414,133,248
562,414,134,249
566,414,135,250
570,408,131,245
572,408,130,244
574,408,129,243
576,408,128,242
578,408,127,241
580,408,126,240
582,408,125,239
584,408,124,238
586,408,123,237
588,408,122,236
590,408,121,235
592,408,120,234
594,408,119,233
596,408,118,232
598,408,117,231
607,408,115,234
609,407,114,233
611,406,113,232
613,405,112,231
615,404,111,230
617,403,110,229
619,402,109,228
621,401,108,227
623,400,107,226
625,399,106,225
627,398,105,224
629,397,104,223
631,396,103,222
633,395,102,221
635,394,101,220
642,390,106,219
643,391,106,218
644,392,106,217
645,393,106,216
646,394,106,215
647,395,106,214
648,396,106,213
649,397,106,212
650,398,106,211
651,399,106,210
652,400,106,209
653,401,106,208
654,402,106,207
655,403,106,206
656,404,106,205
661,401,102,204
661,404,101,201
661,407,100,198
661,410,99,195
661,413,98,192
661,416,97,189
661,419,96,186
661,422,95,183
661,425,94,180
661,428,93,177
661,431,92,174
661,434,91,171
661,437,90,168
661,440,89,165
661,443,88,162
659,441,89,153
659,441,89,152
659,441,89,151
659,441,89,150
659,441,89,149
659,441,89,148
659,441,89,147
659,441,89,146
659,441,89,145
659,441,89,144
659,441,89,143
659,441,89,142
659,441,89,141
659,441,89,140
659,441,89,139
661,445,85,144
661,441,85,149
661,437,85,154
661,433,85,159
661,429,85,164
661,425,85,169
661,421,85,174
661,417,85,179
661,413,85,184
661,409,85,189
661,405,85,194
661,401,85,199
661,397,85,204
661,393,85,209
661,389,85,214
661,388,89,219
661,388,89,218
661,388,89,217
661,388,89,216
661,388,89,215
661,388,89,214
661,388,89,213
661,388,89,212
661,388,89,211
661,388,89,210
661,388,89,209
661,388,89,208
661,388,89,207
661,388,89,206
661,388,89,205
663,393,83,210
664,393,84,211
665,393,85,212
666,393,86,213
667,393,87,214
668,393,88,215
669,393,89,216
670,393,90,217
671,393,91,218
672,393,92,219
673,393,93,220
674,393,94,221
675,393,95,222
676,393,96,223
677,393,97,224
677,397,98,227
682,398,96,227
687,399,94,227
692,400,92,227
697,401,90,227
702,402,88,227
707,403,86,227
712,404,84,227
717,405,82,227
722,406,80,227
727,407,78,227
732,408,76,227
737,409,74,227
742,410,72,227
747,411,70,227
753,410,63,223
757,411,64,222
761,412,65,221
765,413,66,220
769,414,67,219
773,415,68,218
777,416,69,217
781,417,70,216
785,418,71,215
789,419,72,214
793,420,73,213
797,421,74,212
801,422,75,211
805,423,76,210
809,424,77,209
813,425,82,202
816,425,85,203
819,425,88,204
822,425,91,205
825,425,94,206
828,425,97,207
831,425,100,208
834,425,103,209
837,425,106,210
840,425,109,211
843,425,112,212
846,425,115,213
849,425,118,214
852,425,121,215
855,425,124,216
852,432,121,210
858,430,120,212
864,428,119,214
870,426,118,216
876,424,117,218
882,422,116,220
888,420,115,222
894,418,114,224
900,416,113,226
906,414,112,228
912,412,111,230
918,410,110,232
924,408,109,234
930,406,108,236
936,404,107,238
941,403,102,239
945,407,105,235
949,411,108,231
953,415,111,227
957,419,114,223
961,423,117,219
965,427,120,215
969,431,123,211
973,435,126,207
977,439,129,203
981,443,132,199
985,447,135,195
989,451,138,191
993,455,141,187
997,459,144,183
997,460,141,173
999,463,140,170
1001,466,139,167
1003,469,138,164
1005,472,137,161
1007,475,136,158
1009,478,135,155
1011,481,134,152
1013,484,133,149
1015,487,132,146
1017,490,131,143
1019,493,130,140
1021,496,129,137
1023,499,128,134
1025,502,127,131
1030,510,122,127
1031,506,124,132
1032,502,126,137
1033,498,128,142
1034,494,130,147
1035,490,132,152
1036,486,134,157
1037,482,136,162
1038,478,138,167
1039,474,140,172
1040,470,142,177
1041,466,144,182
1042,462,146,187
1043,458,148,192
1044,454,150,197
1042,443,157,197
1047,440,155,200
1052,437,153,203
1057,434,151,206
1062,431,149,209
1067,428,147,212
1072,425,145,215
1077,422,143,218
1082,419,141,221
1087,416,139,224
1092,413,137,227
1097,410,135,230
1102,407,133,233
1107,404,131,236
1112,401,129,239
1118,403,125,239
1124,402,123,239
1130,401,121,239
1136,400,119,239
1142,399,117,239
1148,398,115,239
1154,397,113,239
1160,396,111,239
1166,395,109,239
1172,394,107,239
1178,393,105,239
1184,392,103,239
1190,391,101,239
1196,390,99,239
1202,389,97,239
1203,392,91,232
1206,392,92,232
1209,392,93,232
1212,392,94,232
1215,392,95,232
1218,392,96,232
1221,392,97,232
1224,392,98,232
1227,392,99,232
1230,392,100,232
1233,392,101,232
1236,392,102,232
1239,392,103,232
1242,392,104,232
1245,392,105,232
1246,392,104,230
