106,493,108,214
113,493,107,215
120,493,106,216
127,493,105,217
134,493,104,218
141,493,103,219
148,493,102,220
155,493,101,221
162,493,100,222
169,493,99,223
176,493,98,224
183,493,97,225
190,493,96,226
197,493,95,227
204,493,94,228
215,488,93,224
222,488,92,224
229,488,91,224
236,488,90,224
243,488,89,224
250,488,88,224
257,488,87,224
264,488,86,224
271,488,85,224
278,488,84,224
285,488,83,224
292,488,82,224
299,488,81,224
306,488,80,224
313,488,79,224
326,485,74,224
331,485,77,223
336,485,80,222
341,485,83,221
346,485,86,220
351,485,89,219
356,485,92,218
361,485,95,217
366,485,98,216
371,485,101,215
376,485,104,214
381,485,107,213
386,485,110,212
391,485,113,211
396,485,116,210
408,485,118,215
410,486,119,214
412,487,120,213
414,488,121,212
416,489,122,211
418,490,123,210
420,491,124,209
422,492,125,208
424,493,126,207
426,494,127,206
428,495,128,205
430,496,129,204
432,497,130,203
434,498,131,202
436,499,132,201
433,505,137,197
436,504,134,197
439,503,131,197
442,502,128,197
445,501,125,197
448,500,122,197
451,499,119,197
454,498,116,197
457,497,113,197
460,496,110,197
463,495,107,197
466,494,104,197
469,493,101,197
472,492,98,197
475,491,95,197
473,495,89,204
473,500,92,201
473,505,95,198
473,510,98,195
473,515,101,192
473,520,104,189
473,525,107,186
473,530,110,183
473,535,113,180
473,540,116,177
473,545,119,174
473,550,122,171
473,555,125,168
473,560,128,165
473,565,131,162
475,571,129,159
477,570,129,159
479,569,129,159
481,568,129,159
483,567,129,159
485,566,129,159
487,565,129,159
489,564,129,159
491,563,129,159
493,562,129,159
495,561,129,159
497,560,129,159
499,559,129,159
501,558,129,159
503,557,129,159
498,560,122,165
500,555,120,169
502,550,118,173
504,545,116,177
506,540,114,181
508,535,112,185
510,530,110,189
512,525,108,193
514,520,106,197
516,515,104,201
518,510,102,205
520,505,100,209
522,500,98,213
524,495,96,217
526,490,94,221
533,485,96,222
537,485,97,223
541,485,98,224
545,485,99,225
549,485,100,226
553,485,101,227
557,485,102,228
561,485,103,229
565,485,104,230
569,485,105,231
573,485,106,232
577,485,107,233
581,485,108,234
585,485,109,235
589,485,110,236
600,488,108,234
607,488,107,233
614,488,106,232
621,488,105,231
628,488,104,230
635,488,103,229
642,488,102,228
649,488,101,227
656,488,100,226
663,488,99,225
670,488,98,224
677,488,97,223
684,488,96,222
691,488,95,221
698,488,94,220
701,487,91,225
706,487,91,225
711,487,91,225
716,487,91,225
721,487,91,225
726,487,91,225
731,487,91,225
736,487,91,225
741,487,91,225
746,487,91,225
751,487,91,225
756,487,91,225
761,487,91,225
766,487,91,225
771,487,91,225
772,488,89,229
774,487,89,228
776,486,89,227
778,485,89,226
780,484,89,225
782,483,89,224
784,482,89,223
786,481,89,222
788,480,89,221
790,479,89,220
792,478,89,219
794,477,89,218
796,476,89,217
798,475,89,216
800,474,89,215
795,475,85,215
795,476,85,213
795,477,85,211
795,478,85,209
795,479,85,207
795,480,85,205
795,481,85,203
795,482,85,201
795,483,85,199
795,484,85,197
795,485,85,195
795,486,85,193
795,487,85,191
795,488,85,189
795,489,85,187
801,488,83,189
801,491,82,186
801,494,81,183
801,497,80,180
801,500,79,177
801,503,78,174
801,506,77,171
801,509,76,168
801,512,75,165
801,515,74,162
801,518,73,159
801,521,72,156
801,524,71,153
801,527,70,150
801,530,69,147
799,533,75,139
799,529,75,143
799,525,75,147
799,521,75,151
799,517,75,155
799,513,75,159
799,509,75,163
799,505,75,167
799,501,75,171
799,497,75,175
799,493,75,179
799,489,75,183
799,485,75,187
799,481,75,191
799,477,75,195
801,473,77,204
802,473,77,204
803,473,77,204
804,473,77,204
805,473,77,204
806,473,77,204
807,473,77,204
808,473,77,204
809,473,77,204
810,473,77,204
811,473,77,204
812,473,77,204
813,473,77,204
814,473,77,204
815,473,77,204
810,478,76,211
812,479,77,210
814,480,78,209
816,481,79,208
818,482,80,207
820,483,81,206
822,484,82,205
824,485,83,204
826,486,84,203
828,487,85,202
830,488,86,201
832,489,87,200
834,490,88,199
836,491,89,198
838,492,90,197
839,493,93,202
845,493,93,202
851,493,93,202
857,493,93,202
863,493,93,202
869,493,93,202
875,493,93,202
881,493,93,202
887,493,93,202
893,493,93,202
899,493,93,202
905,493,93,202
911,493,93,202
917,493,93,202
923,493,93,202
929,490,91,200
933,490,92,200
937,490,93,200
941,490,94,200
945,490,95,200
949,490,96,200
953,490,97,200
957,490,98,200
961,490,99,200
965,490,100,200
969,490,101,200
973,490,102,200
977,490,103,200
981,490,104,200
985,490,105,200
990,492,108,198
998,493,106,197
1006,494,104,196
1014,495,102,195
1022,496,100,194
1030,497,98,193
1038,498,96,192
1046,499,94,191
1054,500,92,190
1062,501,90,189
1070,502,88,188
1078,503,86,187
1086,504,84,186
1094,505,82,185
1102,506,80,184
1115,513,73,186
1116,518,76,181
1117,523,79,176
1118,528,82,171
1119,533,85,166
1120,538,88,161
1121,543,91,156
1122,548,94,151
1123,553,97,146
1124,558,100,141
1125,563,103,136
1126,568,106,131
1127,573,109,126
1128,578,112,121
1129,583,115,116
1134,593,123,117
1136,589,124,121
1138,585,125,125
1140,581,126,129
1142,577,127,133
1144,573,128,137
1146,569,129,141
1148,565,130,145
1150,561,131,149
1152,557,132,153
1154,553,133,157
1156,549,134,161
1158,545,135,165
1160,541,136,169
1162,537,137,173
1157,528,144,182
1163,526,142,184
1169,524,140,186
1175,522,138,188
1181,520,136,190
1187,518,134,192
1193,516,132,194
1199,514,130,196
1205,512,128,198
1211,510,126,200
1217,508,124,202
1223,506,122,204
1229,504,120,206
1235,502,118,208
1241,500,116,210
1247,492,112,218
