0,309,131,298
5,309,132,297
10,309,133,296
15,309,134,295
20,309,135,294
25,309,136,293
30,309,137,292
35,309,138,291
40,309,139,290
45,309,140,289
50,309,141,288
55,309,142,287
60,309,143,286
65,309,144,285
70,309,145,284
82,311,153,290
83,312,155,289
84,313,157,288
85,314,159,287
86,315,161,286
87,316,163,285
88,317,165,284
89,318,167,283
90,319,169,282
91,320,171,281
92,321,173,280
93,322,175,279
94,323,177,278
95,324,179,277
96,325,181,276
93,333,188,278
97,332,184,279
101,331,180,280
105,330,176,281
109,329,172,282
113,328,168,283
117,327,164,284
121,326,160,285
125,325,156,286
129,324,152,287
133,323,148,288
137,322,144,289
141,321,140,290
145,320,136,291
149,319,132,292
157,322,124,287
157,325,125,285
157,328,126,283
157,331,127,281
157,334,128,279
157,337,129,277
157,340,130,275
157,343,131,273
157,346,132,271
157,349,133,269
157,352,134,267
157,355,135,265
157,358,136,263
157,361,137,261
157,364,138,259
162,362,139,260
162,368,140,255
162,374,141,250
162,380,142,245
162,386,143,240
162,392,144,235
162,398,145,230
162,404,146,225
162,410,147,220
162,416,148,215
162,422,149,210
162,428,150,205
162,434,151,200
162,440,152,195
162,446,153,190
167,445,156,191
167,443,158,193
167,441,160,195
167,439,162,197
167,437,164,199
167,435,166,201
167,433,168,203
167,431,170,205
167,429,172,207
167,427,174,209
167,425,176,211
167,423,178,213
167,421,180,215
167,419,182,217
167,417,184,219
171,420,180,228
175,414,176,234
179,408,172,240
183,402,168,246
187,396,164,252
191,390,160,258
195,384,156,264
199,378,152,270
203,372,148,276
207,366,144,282
211,360,140,288
215,354,136,294
219,348,132,300
223,342,128,306
227,336,124,312
233,325,123,311
236,324,126,311
239,323,129,311
242,322,132,311
245,321,135,311
248,320,138,311
251,319,141,311
254,318,144,311
257,317,147,311
260,316,150,311
263,315,153,311
266,314,156,311
269,313,159,311
272,312,162,311
275,311,165,311
285,317,162,314
292,317,159,314
299,317,156,314
306,317,153,314
313,317,150,314
320,317,147,314
327,317,144,314
334,317,141,314
341,317,138,314
348,317,135,314
355,317,132,314
362,317,129,314
369,317,126,314
376,317,123,314
383,317,120,314
389,322,120,315
395,323,119,314
401,324,118,313
407,325,117,312
413,326,116,311
419,327,115,310
425,328,114,309
431,329,113,308
437,330,112,307
443,331,111,306
449,332,110,305
455,333,109,304
461,334,108,303
467,335,107,302
473,336,106,301
481,330,110,306
486,330,110,306
491,330,110,306
496,330,110,306
501,330,110,306
506,330,110,306
511,330,110,306
516,330,110,306
521,330,110,306
526,330,110,306
531,330,110,306
536,330,110,306
541,330,110,306
546,330,110,306
551,330,110,306
553,331,112,311
555,331,113,310
557,331,114,309
559,331,115,308
561,331,116,307
563,331,117,306
565,331,118,305
567,331,119,304
569,331,120,303
571,331,121,302
573,331,122,301
575,331,123,300
577,331,124,299
579,331,125,298
581,331,126,297
587,325,120,289
589,325,119,288
591,325,118,287
593,325,117,286
595,325,116,285
597,325,115,284
599,325,114,283
601,325,113,282
603,325,112,281
605,325,111,280
607,325,110,279
609,325,109,278
611,325,108,277
613,325,107,276
615,325,106,275
617,320,104,267
617,322,104,264
617,324,104,261
617,326,104,258
617,328,104,255
617,330,104,252
617,332,104,249
617,334,104,246
617,336,104,243
617,338,104,240
617,340,104,237
617,342,104,234
617,344,104,231
617,346,104,228
617,348,104,225
610,348,100,227
609,351,100,224
608,354,100,221
607,357,100,218
606,360,100,215
605,363,100,212
604,366,100,209
603,369,100,206
602,372,100,203
601,375,100,200
600,378,100,197
599,381,100,194
598,384,100,191
597,387,100,188
596,390,100,185
602,400,105,176
603,396,105,181
604,392,105,186
605,388,105,191
606,384,105,196
607,380,105,201
608,376,105,206
609,372,105,211
610,368,105,216
611,364,105,221
612,360,105,226
613,356,105,231
614,352,105,236
615,348,105,241
616,344,105,246
610,333,102,245
610,332,102,246
610,331,102,247
610,330,102,248
610,329,102,249
610,328,102,250
610,327,102,251
610,326,102,252
610,325,102,253
610,324,102,254
610,323,102,255
610,322,102,256
610,321,102,257
610,320,102,258
610,319,102,259
615,320,104,259
616,321,104,261
617,322,104,263
618,323,104,265
619,324,104,267
620,325,104,269
621,326,104,271
622,327,104,273
623,328,104,275
624,329,104,277
625,330,104,279
626,331,104,281
627,332,104,283
628,333,104,285
629,334,104,287
632,331,105,286
634,332,107,287
636,333,109,288
638,334,111,289
640,335,113,290
642,336,115,291
644,337,117,292
646,338,119,293
648,339,121,294
650,340,123,295
652,341,125,296
654,342,127,297
656,343,129,298
658,344,131,299
660,345,133,300
657,342,137,295
661,343,139,294
665,344,141,293
669,345,143,292
673,346,145,291
677,347,147,290
681,348,149,289
685,349,151,288
689,350,153,287
693,351,155,286
697,352,157,285
701,353,159,284
705,354,161,283
709,355,163,282
713,356,165,281
718,358,167,275
726,359,165,275
734,360,163,275
742,361,161,275
750,362,159,275
758,363,157,275
766,364,155,275
774,365,153,275
782,366,151,275
790,367,149,275
798,368,147,275
806,369,145,275
814,370,143,275
822,371,141,275
830,372,139,275
842,366,140,282
849,366,138,283
856,366,136,284
863,366,134,285
870,366,132,286
877,366,130,287
884,366,128,288
891,366,126,289
898,366,124,290
905,366,122,291
912,366,120,292
919,366,118,293
926,366,116,294
933,366,114,295
940,366,112,296
944,370,116,297
950,373,116,295
956,376,116,293
962,379,116,291
968,382,116,289
974,385,116,287
980,388,116,285
986,391,116,283
992,394,116,281
998,397,116,279
1004,400,116,277
1010,403,116,275
1016,406,116,273
1022,409,116,271
1028,412,116,269
1027,408,120,272
1029,415,122,266
1031,422,124,260
1033,429,126,254
1035,436,128,248
1037,443,130,242
1039,450,132,236
1041,457,134,230
1043,464,136,224
1045,471,138,218
1047,478,140,212
1049,485,142,206
1051,492,144,200
1053,499,146,194
1055,506,148,188
1057,511,155,180
1057,510,159,181
1057,509,163,182
1057,508,167,183
1057,507,171,184
1057,506,175,185
1057,505,179,186
1057,504,183,187
1057,503,187,188
1057,502,191,189
1057,501,195,190
1057,500,199,191
1057,499,203,192
1057,498,207,193
1057,497,211,194
1053,492,220,199
1060,487,217,204
1067,482,214,209
1074,477,211,214
1081,472,208,219
1088,467,205,224
1095,462,202,229
1102,457,199,234
1109,452,196,239
1116,447,193,244
1123,442,190,249
1130,437,187,254
1137,432,184,259
1144,427,181,264
1151,422,178,269
1153,413,170,274
1160,412,168,275
1167,411,166,276
1174,410,164,277
1181,409,162,278
1188,408,160,279
1195,407,158,280
1202,406,156,281
1209,405,154,282
1216,404,152,283
1223,403,150,284
1230,402,148,285
1237,401,146,286
1244,400,144,287
1251,399,142,288
1252,395,133,292
1258,395,131,291
1264,395,129,290
1270,395,127,289
1276,395,125,288
1282,395,123,287
1288,395,121,286
1294,395,119,285
1300,395,117,284
1306,395,115,283
1312,395,113,282
1318,395,111,281
1324,395,109,280
1330,395,107,279
1336,395,105,278
1344,394,110,282
1347,393,110,282
1350,392,110,282
1353,391,110,282
1356,390,110,282
1359,389,110,282
1362,388,110,282
1365,387,110,282
1368,386,110,282
1371,385,110,282
1374,384,110,282
1377,383,110,282
1380,382,110,282
1383,381,110,282
1386,380,110,282
1387,386,112,276
1390,386,111,275
1393,386,110,274
1396,386,109,273
1399,386,108,272
1402,386,107,271
1405,386,106,270
1408,386,105,269
1411,386,104,268
1414,386,103,267
1417,386,102,266
1420,386,101,265
1423,386,100,264
1426,386,99,263
1429,386,98,262
1434,384,99,264
