55,426,81,225
58,426,81,225
61,426,81,225
64,426,81,225
67,426,81,225
70,426,81,225
73,426,81,225
76,426,81,225
79,426,81,225
82,426,81,225
85,426,81,225
88,426,81,225
91,426,81,225
94,426,81,225
97,426,81,225
100,422,88,221
105,422,87,222
110,422,86,223
115,422,85,224
120,422,84,225
125,422,83,226
130,422,82,227
135,422,81,228
140,422,80,229
145,422,79,230
150,422,78,231
155,422,77,232
160,422,76,233
165,422,75,234
170,422,74,235
169,419,80,232
171,419,82,232
173,419,84,232
175,419,86,232
177,419,88,232
179,419,90,232
181,419,92,232
183,419,94,232
185,419,96,232
187,419,98,232
189,419,100,232
191,419,102,232
193,419,104,232
195,419,106,232
197,419,108,232
198,417,111,236
201,417,111,236
204,417,111,236
207,417,111,236
210,417,111,236
213,417,111,236
216,417,111,236
219,417,111,236
222,417,111,236
225,417,111,236
228,417,111,236
231,417,111,236
234,417,111,236
237,417,111,236
240,417,111,236
243,419,105,234
244,419,104,233
245,419,103,232
246,419,102,231
247,419,101,230
248,419,100,229
249,419,99,228
250,419,98,227
251,419,97,226
252,419,96,225
253,419,95,224
254,419,94,223
255,419,93,222
256,419,92,221
257,419,91,220
264,412,90,225
266,412,92,225
268,412,94,225
270,412,96,225
272,412,98,225
274,412,100,225
276,412,102,225
278,412,104,225
280,412,106,225
282,412,108,225
284,412,110,225
286,412,112,225
288,412,114,225
290,412,116,225
292,412,118,225
289,412,113,227
290,412,112,227
291,412,111,227
292,412,110,227
293,412,109,227
294,412,108,227
295,412,107,227
296,412,106,227
297,412,105,227
298,412,104,227
299,412,103,227
300,412,102,227
301,412,101,227
302,412,100,227
303,412,99,227
304,410,98,225
302,411,99,224
300,412,100,223
298,413,101,222
296,414,102,221
294,415,103,220
292,416,104,219
290,417,105,218
288,418,106,217
286,419,107,216
284,420,108,215
282,421,109,214
280,422,110,213
278,423,111,212
276,424,112,211
268,420,113,205
268,420,113,204
268,420,113,203
268,420,113,202
268,420,113,201
268,420,113,200
268,420,113,199
268,420,113,198
268,420,113,197
268,420,113,196
268,420,113,195
268,420,113,194
268,420,113,193
268,420,113,192
268,420,113,191
272,426,114,195
275,425,111,197
278,424,108,199
281,423,105,201
284,422,102,203
287,421,99,205
290,420,96,207
293,419,93,209
296,418,90,211
299,417,87,213
302,416,84,215
305,415,81,217
308,414,78,219
311,413,75,221
314,412,72,223
320,405,72,222
324,405,73,222
328,405,74,222
332,405,75,222
336,405,76,222
340,405,77,222
344,405,78,222
348,405,79,222
352,405,80,222
356,405,81,222
360,405,82,222
364,405,83,222
368,405,84,222
372,405,85,222
376,405,86,222
380,398,80,216
383,398,81,216
386,398,82,216
389,398,83,216
392,398,84,216
395,398,85,216
398,398,86,216
401,398,87,216
404,398,88,216
407,398,89,216
410,398,90,216
413,398,91,216
416,398,92,216
419,398,93,216
422,398,94,216
426,399,99,222
430,399,99,222
434,399,99,222
438,399,99,222
442,399,99,222
446,399,99,222
450,399,99,222
454,399,99,222
458,399,99,222
462,399,99,222
466,399,99,222
470,399,99,222
474,399,99,222
478,399,99,222
482,399,99,222
490,403,105,217
494,406,106,214
498,409,107,211
502,412,108,208
506,415,109,205
510,418,110,202
514,421,111,199
518,424,112,196
522,427,113,193
526,430,114,190
530,433,115,187
534,436,116,184
538,439,117,181
542,442,118,178
546,445,119,175
557,452,125,166
558,454,124,164
559,456,123,162
560,458,122,160
561,460,121,158
562,462,120,156
563,464,119,154
564,466,118,152
565,468,117,150
566,470,116,148
567,472,115,146
568,474,114,144
569,476,113,142
570,478,112,140
571,480,111,138
576,487,111,134
576,485,113,136
576,483,115,138
576,481,117,140
576,479,119,142
576,477,121,144
576,475,123,146
576,473,125,148
576,471,127,150
576,469,129,152
576,467,131,154
576,465,133,156
576,463,135,158
576,461,137,160
576,459,139,162
582,457,142,166
587,454,140,169
592,451,138,172
597,448,136,175
602,445,134,178
607,442,132,181
612,439,130,184
617,436,128,187
622,433,126,190
627,430,124,193
632,427,122,196
637,424,120,199
642,421,118,202
647,418,116,205
652,415,114,208
652,413,105,215
656,412,105,216
660,411,105,217
664,410,105,218
668,409,105,219
672,408,105,220
676,407,105,221
680,406,105,222
684,405,105,223
688,404,105,224
692,403,105,225
696,402,105,226
700,401,105,227
704,400,105,228
708,399,105,229
706,398,111,234
709,398,109,235
712,398,107,236
715,398,105,237
718,398,103,238
721,398,101,239
724,398,99,240
727,398,97,241
730,398,95,242
733,398,93,243
736,398,91,244
739,398,89,245
742,398,87,246
745,398,85,247
748,398,83,248
750,398,84,243
752,398,85,241
754,398,86,239
756,398,87,237
758,398,88,235
760,398,89,233
762,398,90,231
764,398,91,229
766,398,92,227
768,398,93,225
770,398,94,223
772,398,95,221
774,398,96,219
776,398,97,217
778,398,98,215
781,401,101,219
784,401,100,219
787,401,99,219
790,401,98,219
793,401,97,219
796,401,96,219
799,401,95,219
802,401,94,219
805,401,93,219
808,401,92,219
811,401,91,219
814,401,90,219
817,401,89,219
820,401,88,219
823,401,87,219
833,403,84,217
837,403,85,217
841,403,86,217
845,403,87,217
849,403,88,217
853,403,89,217
857,403,90,217
861,403,91,217
865,403,92,217
869,403,93,217
873,403,94,217
877,403,95,217
881,403,96,217
885,403,97,217
889,403,98,217
887,401,101,213
892,401,101,214
897,401,101,215
902,401,101,216
907,401,101,217
912,401,101,218
917,401,101,219
922,401,101,220
927,401,101,221
932,401,101,222
937,401,101,223
942,401,101,224
947,401,101,225
952,401,101,226
957,401,101,227
959,394,101,226
963,394,100,226
967,394,99,226
971,394,98,226
975,394,97,226
979,394,96,226
983,394,95,226
987,394,94,226
991,394,93,226
995,394,92,226
999,394,91,226
1003,394,90,226
1007,394,89,226
1011,394,88,226
1015,394,87,226
1013,398,87,220
1015,398,87,219
1017,398,87,218
1019,398,87,217
1021,398,87,216
1023,398,87,215
1025,398,87,214
1027,398,87,213
1029,398,87,212
1031,398,87,211
1033,398,87,210
1035,398,87,209
1037,398,87,208
1039,398,87,207
1041,398,87,206
1038,403,86,211
1040,403,86,211
1042,403,86,211
1044,403,86,211
1046,403,86,211
1048,403,86,211
1050,403,86,211
1052,403,86,211
1054,403,86,211
1056,403,86,211
1058,403,86,211
1060,403,86,211
1062,403,86,211
1064,403,86,211
1066,403,86,211
1063,401,90,213
1065,403,91,212
1067,405,92,211
1069,407,93,210
1071,409,94,209
1073,411,95,208
1075,413,96,207
1077,415,97,206
1079,417,98,205
1081,419,99,204
1083,421,100,203
1085,423,101,202
1087,425,102,201
1089,427,103,200
1091,429,104,199
1097,429,111,191
1097,431,114,189
1097,433,117,187
1097,435,120,185
1097,437,123,183
1097,439,126,181
1097,441,129,179
1097,443,132,177
1097,445,135,175
1097,447,138,173
1097,449,141,171
1097,451,144,169
1097,453,147,167
1097,455,150,165
1097,457,153,163
1090,454,159,164
1095,450,153,167
1100,446,147,170
1105,442,141,173
1110,438,135,176
1115,434,129,179
1120,430,123,182
1125,426,117,185
1130,422,111,188
1135,418,105,191
1140,414,99,194
1145,410,93,197
1150,406,87,200
1155,402,81,203
1160,398,75,206
1171,398,70,213
1173,398,70,213
1175,398,70,213
1177,398,70,213
1179,398,70,213
1181,398,70,213
1183,398,70,213
1185,398,70,213
1187,398,70,213
1189,398,70,213
1191,398,70,213
1193,398,70,213
1195,398,70,213
1197,398,70,213
1199,398,70,213
1196,392,72,215
