0,309,135,309
4,309,134,308
8,309,133,307
12,309,132,306
16,309,131,305
20,309,130,304
24,309,129,303
28,309,128,302
32,309,127,301
36,309,126,300
40,309,125,299
44,309,124,298
48,309,123,297
52,309,122,296
56,309,121,295
55,311,127,299
57,311,126,299
59,311,125,299
61,311,124,299
63,311,123,299
65,311,122,299
67,311,121,299
69,311,120,299
71,311,119,299
73,311,118,299
75,311,117,299
77,311,116,299
79,311,115,299
81,311,114,299
83,311,113,299
83,307,112,294
86,307,112,294
89,307,112,294
92,307,112,294
95,307,112,294
98,307,112,294
101,307,112,294
104,307,112,294
107,307,112,294
110,307,112,294
113,307,112,294
116,307,112,294
119,307,112,294
122,307,112,294
125,307,112,294
123,309,117,288
123,309,117,288
123,309,117,288
123,309,117,288
123,309,117,288
123,309,117,288
123,309,117,288
123,309,117,288
123,309,117,288
123,309,117,288
123,309,117,288
123,309,117,288
123,309,117,288
123,309,117,288
123,309,117,288
121,311,119,284
118,311,120,283
115,311,121,282
112,311,122,281
109,311,123,280
106,311,124,279
103,311,125,278
100,311,126,277
97,311,127,276
94,311,128,275
91,311,129,274
88,311,130,273
85,311,131,272
82,311,132,271
79,311,133,270
83,315,135,270
84,316,135,269
85,317,135,268
86,318,135,267
87,319,135,266
88,320,135,265
89,321,135,264
90,322,135,263
91,323,135,262
92,324,135,261
93,325,135,260
94,326,135,259
95,327,135,258
96,328,135,257
97,329,135,256
91,326,136,257
95,325,134,258
99,324,132,259
103,323,130,260
107,322,128,261
111,321,126,262
115,320,124,263
119,319,122,264
123,318,120,265
127,317,118,266
131,316,116,267
135,315,114,268
139,314,112,269
143,313,110,270
147,312,108,271
158,309,99,274
163,308,98,274
168,307,97,274
173,306,96,274
178,305,95,274
183,304,94,274
188,303,93,274
193,302,92,274
198,301,91,274
203,300,90,274
208,299,89,274
213,298,88,274
218,297,87,274
223,296,86,274
228,295,85,274
234,297,89,278
238,297,90,279
242,297,91,280
246,297,92,281
250,297,93,282
254,297,94,283
258,297,95,284
262,297,96,285
266,297,97,286
270,297,98,287
274,297,99,288
278,297,100,289
282,297,101,290
286,297,102,291
290,297,103,292
294,299,102,290
299,301,103,288
304,303,104,286
309,305,105,284
314,307,106,282
319,309,107,280
324,311,108,278
329,313,109,276
334,315,110,274
339,317,111,272
344,319,112,270
349,321,113,268
354,323,114,266
359,325,115,264
364,327,116,262
373,322,110,265
378,327,113,261
383,332,116,257
388,337,119,253
393,342,122,249
398,347,125,245
403,352,128,241
408,357,131,237
413,362,134,233
418,367,137,229
423,372,140,225
428,377,143,221
433,382,146,217
438,387,149,213
443,392,152,209
444,400,152,199
445,401,152,198
446,402,152,197
447,403,152,196
448,404,152,195
449,405,152,194
450,406,152,193
451,407,152,192
452,408,152,191
453,409,152,190
454,410,152,189
455,411,152,188
456,412,152,187
457,413,152,186
458,414,152,185
454,415,155,190
457,413,156,192
460,411,157,194
463,409,158,196
466,407,159,198
469,405,160,200
472,403,161,202
475,401,162,204
478,399,163,206
481,397,164,208
484,395,165,210
487,393,166,212
490,391,167,214
493,389,168,216
496,387,169,218
493,386,167,217
497,383,165,221
501,380,163,225
505,377,161,229
509,374,159,233
513,371,157,237
517,368,155,241
521,365,153,245
525,362,151,249
529,359,149,253
533,356,147,257
537,353,145,261
541,350,143,265
545,347,141,269
549,344,139,273
559,336,138,276
565,335,137,278
571,334,136,280
577,333,135,282
583,332,134,284
589,331,133,286
595,330,132,288
601,329,131,290
607,328,130,292
613,327,129,294
619,326,128,296
625,325,127,298
631,324,126,300
637,323,125,302
643,322,124,304
642,324,127,302
646,325,125,301
650,326,123,300
654,327,121,299
658,328,119,298
662,329,117,297
666,330,115,296
670,331,113,295
674,332,111,294
678,333,109,293
682,334,107,292
686,335,105,291
690,336,103,290
694,337,101,289
698,338,99,288
698,332,101,294
700,332,104,293
702,332,107,292
704,332,110,291
706,332,113,290
708,332,116,289
710,332,119,288
712,332,122,287
714,332,125,286
716,332,128,285
718,332,131,284
720,332,134,283
722,332,137,282
724,332,140,281
726,332,143,280
724,336,144,276
729,337,142,275
734,338,140,274
739,339,138,273
744,340,136,272
749,341,134,271
754,342,132,270
759,343,130,269
764,344,128,268
769,345,126,267
774,346,124,266
779,347,122,265
784,348,120,264
789,349,118,263
794,350,116,262
803,344,112,268
808,344,112,268
813,344,112,268
818,344,112,268
823,344,112,268
828,344,112,268
833,344,112,268
838,344,112,268
843,344,112,268
848,344,112,268
853,344,112,268
858,344,112,268
863,344,112,268
868,344,112,268
873,344,112,268
877,346,106,274
884,346,106,275
891,346,106,276
898,346,106,277
905,346,106,278
912,346,106,279
919,346,106,280
926,346,106,281
933,346,106,282
940,346,106,283
947,346,106,284
954,346,106,285
961,346,106,286
968,346,106,287
975,346,106,288
980,348,105,282
983,348,105,281
986,348,105,280
989,348,105,279
992,348,105,278
995,348,105,277
998,348,105,276
1001,348,105,275
1004,348,105,274
1007,348,105,273
1010,348,105,272
1013,348,105,271
1016,348,105,270
1019,348,105,269
1022,348,105,268
1020,355,110,263
1023,355,109,263
1026,355,108,263
1029,355,107,263
1032,355,106,263
1035,355,105,263
1038,355,104,263
1041,355,103,263
1044,355,102,263
1047,355,101,263
1050,355,100,263
1053,355,99,263
1056,355,98,263
1059,355,97,263
1062,355,96,263
1065,355,97,265
1066,356,98,264
1067,357,99,263
1068,358,100,262
1069,359,101,261
1070,360,102,260
1071,361,103,259
1072,362,104,258
1073,363,105,257
1074,364,106,256
1075,365,107,255
1076,366,108,254
1077,367,109,253
1078,368,110,252
1079,369,111,251
1082,373,112,257
1083,376,116,254
1084,379,120,251
1085,382,124,248
1086,385,128,245
1087,388,132,242
1088,391,136,239
1089,394,140,236
1090,397,144,233
1091,400,148,230
1092,403,152,227
1093,406,156,224
1094,409,160,221
1095,412,164,218
1096,415,168,215
1097,425,174,216
1099,424,174,217
1101,423,174,218
1103,422,174,219
1105,421,174,220
1107,420,174,221
1109,419,174,222
1111,418,174,223
1113,417,174,224
1115,416,174,225
1117,415,174,226
1119,414,174,227
1121,413,174,228
1123,412,174,229
1125,411,174,230
1129,415,179,224
1135,412,172,227
1141,409,165,230
1147,406,158,233
1153,403,151,236
1159,400,144,239
1165,397,137,242
1171,394,130,245
1177,391,123,248
1183,388,116,251
1189,385,109,254
1195,382,102,257
1201,379,95,260
1207,376,88,263
1213,373,81,266
1223,367,78,265
1224,367,80,264
1225,367,82,263
1226,367,84,262
1227,367,86,261
1228,367,88,260
1229,367,90,259
1230,367,92,258
1231,367,94,257
1232,367,96,256
1233,367,98,255
1234,367,100,254
1235,367,102,253
1236,367,104,252
1237,367,106,251
1232,363,108,255
1236,363,108,255
1240,363,108,255
1244,363,108,255
1248,363,108,255
1252,363,108,255
1256,363,108,255
1260,363,108,255
1264,363,108,255
1268,363,108,255
1272,363,108,255
1276,363,108,255
1280,363,108,255
1284,363,108,255
1288,363,108,255
1285,363,112,251
1288,363,112,250
1291,363,112,249
1294,363,112,248
1297,363,112,247
1300,363,112,246
1303,363,112,245
1306,363,112,244
1309,363,112,243
1312,363,112,242
1315,363,112,241
1318,363,112,240
1321,363,112,239
1324,363,112,238
1327,363,112,237
1330,367,110,234
1335,367,109,233
1340,367,108,232
1345,367,107,231
1350,367,106,230
1355,367,105,229
1360,367,104,228
1365,367,103,227
1370,367,102,226
1375,367,101,225
1380,367,100,224
1385,367,99,223
1390,367,98,222
1395,367,97,221
1400,367,96,220
1411,371,99,216
