202,485,90,210
206,485,90,210
210,485,90,210
214,485,90,210
218,485,90,210
222,485,90,210
226,485,90,210
230,485,90,210
234,485,90,210
238,485,90,210
242,485,90,210
246,485,90,210
250,485,90,210
254,485,90,210
258,485,90,210
258,484,91,216
263,484,90,217
268,484,89,218
273,484,88,219
278,484,87,220
283,484,86,221
288,484,85,222
293,484,84,223
298,484,83,224
303,484,82,225
308,484,81,226
313,484,80,227
318,484,79,228
323,484,78,229
328,484,77,230
339,482,70,225
341,482,72,224
343,482,74,223
345,482,76,222
347,482,78,221
349,482,80,220
351,482,82,219
353,482,84,218
355,482,86,217
357,482,88,216
359,482,90,215
361,482,92,214
363,482,94,213
365,482,96,212
367,482,98,211
371,482,96,211
374,482,95,211
377,482,94,211
380,482,93,211
383,482,92,211
386,482,91,211
389,482,90,211
392,482,89,211
395,482,88,211
398,482,87,211
401,482,86,211
404,482,85,211
407,482,84,211
410,482,83,211
413,482,82,211
412,480,86,215
414,480,87,215
416,480,88,215
418,480,89,215
420,480,90,215
422,480,91,215
424,480,92,215
426,480,93,215
428,480,94,215
430,480,95,215
432,480,96,215
434,480,97,215
436,480,98,215
438,480,99,215
440,480,100,215
441,478,99,208
441,478,99,208
441,478,99,208
441,478,99,208
441,478,99,208
441,478,99,208
441,478,99,208
441,478,99,208
441,478,99,208
441,478,99,208
441,478,99,208
441,478,99,208
441,478,99,208
441,478,99,208
441,478,99,208
443,484,95,202
441,484,96,201
439,484,97,200
437,484,98,199
435,484,99,198
433,484,100,197
431,484,101,196
429,484,102,195
427,484,103,194
425,484,104,193
423,484,105,192
421,484,106,191
419,484,107,190
417,484,108,189
415,484,109,188
415,489,107,193
418,489,105,193
421,489,103,193
424,489,101,193
427,489,99,193
430,489,97,193
433,489,95,193
436,489,93,193
439,489,91,193
442,489,89,193
445,489,87,193
448,489,85,193
451,489,83,193
454,489,81,193
457,489,79,193
459,484,70,197
463,483,70,197
467,482,70,197
471,481,70,197
475,480,70,197
479,479,70,197
483,478,70,197
487,477,70,197
491,476,70,197
495,475,70,197
499,474,70,197
503,473,70,197
507,472,70,197
511,471,70,197
515,470,70,197
526,475,69,199
532,475,68,199
538,475,67,199
544,475,66,199
550,475,65,199
556,475,64,199
562,475,63,199
568,475,62,199
574,475,61,199
580,475,60,199
586,475,59,199
592,475,58,199
598,475,57,199
604,475,56,199
610,475,55,199
610,475,58,204
614,478,61,201
618,481,64,198
622,484,67,195
626,487,70,192
630,490,73,189
634,493,76,186
638,496,79,183
642,499,82,180
646,502,85,177
650,505,88,174
654,508,91,171
658,511,94,168
662,514,97,165
666,517,100,162
674,517,109,158
676,519,109,156
678,521,109,154
680,523,109,152
682,525,109,150
684,527,109,148
686,529,109,146
688,531,109,144
690,533,109,142
692,535,109,140
694,537,109,138
696,539,109,136
698,541,109,134
700,543,109,132
702,545,109,130
701,553,104,133
704,550,103,136
707,547,102,139
710,544,101,142
713,541,100,145
716,538,99,148
719,535,98,151
722,532,97,154
725,529,96,157
728,526,95,160
731,523,94,163
734,520,93,166
737,517,92,169
740,514,91,172
743,511,90,175
749,513,92,173
753,511,91,176
757,509,90,179
761,507,89,182
765,505,88,185
769,503,87,188
773,501,86,191
777,499,85,194
781,497,84,197
785,495,83,200
789,493,82,203
793,491,81,206
797,489,80,209
801,487,79,212
805,485,78,215
813,478,81,217
816,478,81,217
819,478,81,217
822,478,81,217
825,478,81,217
828,478,81,217
831,478,81,217
834,478,81,217
837,478,81,217
840,478,81,217
843,478,81,217
846,478,81,217
849,478,81,217
852,478,81,217
855,478,81,217
864,485,76,211
866,485,79,210
868,485,82,209
870,485,85,208
872,485,88,207
874,485,91,206
876,485,94,205
878,485,97,204
880,485,100,203
882,485,103,202
884,485,106,201
886,485,109,200
888,485,112,199
890,485,115,198
892,485,118,197
889,484,114,197
894,484,113,197
899,484,112,197
904,484,111,197
909,484,110,197
914,484,109,197
919,484,108,197
924,484,107,197
929,484,106,197
934,484,105,197
939,484,104,197
944,484,103,197
949,484,102,197
954,484,101,197
959,484,100,197
964,485,96,196
969,485,96,197
974,485,96,198
979,485,96,199
984,485,96,200
989,485,96,201
994,485,96,202
999,485,96,203
1004,485,96,204
1009,485,96,205
1014,485,96,206
1019,485,96,207
1024,485,96,208
1029,485,96,209
1034,485,96,210
1042,480,98,204
1046,480,96,203
1050,480,94,202
1054,480,92,201
1058,480,90,200
1062,480,88,199
1066,480,86,198
1070,480,84,197
1074,480,82,196
1078,480,80,195
1082,480,78,194
1086,480,76,193
1090,480,74,192
1094,480,72,191
1098,480,70,190
1104,485,74,194
1106,485,74,194
1108,485,74,194
1110,485,74,194
1112,485,74,194
1114,485,74,194
1116,485,74,194
1118,485,74,194
1120,485,74,194
1122,485,74,194
1124,485,74,194
1126,485,74,194
1128,485,74,194
1130,485,74,194
1132,485,74,194
1139,484,74,188
1141,485,76,187
1143,486,78,186
1145,487,80,185
1147,488,82,184
1149,489,84,183
1151,490,86,182
1153,491,88,181
1155,492,90,180
1157,493,92,179
1159,494,94,178
1161,495,96,177
1163,496,98,176
1165,497,100,175
1167,498,102,174
1165,499,101,178
1165,501,104,176
1165,503,107,174
1165,505,110,172
1165,507,113,170
1165,509,116,168
1165,511,119,166
1165,513,122,164
1165,515,125,162
1165,517,128,160
1165,519,131,158
1165,521,134,156
1165,523,137,154
1165,525,140,152
1165,527,143,150
1165,529,143,150
1170,525,138,153
1175,521,133,156
1180,517,128,159
1185,513,123,162
1190,509,118,165
1195,505,113,168
1200,501,108,171
1205,497,103,174
1210,493,98,177
1215,489,93,180
1220,485,88,183
1225,481,83,186
1230,477,78,189
1235,473,73,192
1238,475,73,200
