140,411,115,210
144,411,114,210
148,411,113,210
152,411,112,210
156,411,111,210
160,411,110,210
164,411,109,210
168,411,108,210
172,411,107,210
176,411,106,210
180,411,105,210
184,411,104,210
188,411,103,210
192,411,102,210
196,411,101,210
202,404,97,206
206,404,97,206
210,404,97,206
214,404,97,206
218,404,97,206
222,404,97,206
226,404,97,206
230,404,97,206
234,404,97,206
238,404,97,206
242,404,97,206
246,404,97,206
250,404,97,206
254,404,97,206
258,404,97,206
258,402,90,206
258,403,91,205
258,404,92,204
258,405,93,203
258,406,94,202
258,407,95,201
258,408,96,200
258,409,97,199
258,410,98,198
258,411,99,197
258,412,100,196
258,413,101,195
258,414,102,194
258,415,103,193
258,416,104,192
263,413,101,197
263,414,102,197
263,415,103,197
263,416,104,197
263,417,105,197
263,418,106,197
263,419,107,197
263,420,108,197
263,421,109,197
263,422,110,197
263,423,111,197
263,424,112,197
263,425,113,197
263,426,114,197
263,427,115,197
258,425,110,192
256,425,109,193
254,425,108,194
252,425,107,195
250,425,106,196
248,425,105,197
246,425,104,198
244,425,103,199
242,425,102,200
240,425,101,201
238,425,100,202
236,425,99,203
234,425,98,204
232,425,97,205
230,425,96,206
235,427,99,201
234,429,99,200
233,431,99,199
232,433,99,198
231,435,99,197
230,437,99,196
229,439,99,195
228,441,99,194
227,443,99,193
226,445,99,192
225,447,99,191
224,449,99,190
223,451,99,189
222,453,99,188
221,455,99,187
224,458,96,192
226,459,95,191
228,460,94,190
230,461,93,189
232,462,92,188
234,463,91,187
236,464,90,186
238,465,89,185
240,466,88,184
242,467,87,183
244,468,86,182
246,469,85,181
248,470,84,180
250,471,83,179
252,472,82,178
254,467,79,183
255,464,80,187
256,461,81,191
257,458,82,195
258,455,83,199
259,452,84,203
260,449,85,207
261,446,86,211
262,443,87,215
263,440,88,219
264,437,89,223
265,434,90,227
266,431,91,231
267,428,92,235
268,425,93,239
263,416,91,237
267,416,92,237
271,416,93,237
275,416,94,237
279,416,95,237
283,416,96,237
287,416,97,237
291,416,98,237
295,416,99,237
299,416,100,237
303,416,101,237
307,416,102,237
311,416,103,237
315,416,104,237
319,416,105,237
326,416,103,234
329,416,104,235
332,416,105,236
335,416,106,237
338,416,107,238
341,416,108,239
344,416,109,240
347,416,110,241
350,416,111,242
353,416,112,243
356,416,113,244
359,416,114,245
362,416,115,246
365,416,116,247
368,416,117,248
374,409,117,244
378,408,117,243
382,407,117,242
386,406,117,241
390,405,117,240
394,404,117,239
398,403,117,238
402,402,117,237
406,401,117,236
410,400,117,235
414,399,117,234
418,398,117,233
422,397,117,232
426,396,117,231
430,395,117,230
430,400,115,234
434,400,113,233
438,400,111,232
442,400,109,231
446,400,107,230
450,400,105,229
454,400,103,228
458,400,101,227
462,400,99,226
466,400,97,225
470,400,95,224
474,400,93,223
478,400,91,222
482,400,89,221
486,400,87,220
486,395,80,224
486,395,82,224
486,395,84,224
486,395,86,224
486,395,88,224
486,395,90,224
486,395,92,224
486,395,94,224
486,395,96,224
486,395,98,224
486,395,100,224
486,395,102,224
486,395,104,224
486,395,106,224
486,395,108,224
486,395,106,219
488,396,107,218
490,397,108,217
492,398,109,216
494,399,110,215
496,400,111,214
498,401,112,213
500,402,113,212
502,403,114,211
504,404,115,210
506,405,116,209
508,406,117,208
510,407,118,207
512,408,119,206
514,409,120,205
519,407,126,205
523,411,124,202
527,415,122,199
531,419,120,196
535,423,118,193
539,427,116,190
543,431,114,187
547,435,112,184
551,439,110,181
555,443,108,178
559,447,106,175
563,451,104,172
567,455,102,169
571,459,100,166
575,463,98,163
572,461,93,153
573,460,93,153
574,459,93,153
575,458,93,153
576,457,93,153
577,456,93,153
578,455,93,153
579,454,93,153
580,453,93,153
581,452,93,153
582,451,93,153
583,450,93,153
584,449,93,153
585,448,93,153
586,447,93,153
583,450,89,158
585,447,88,162
587,444,87,166
589,441,86,170
591,438,85,174
593,435,84,178
595,432,83,182
597,429,82,186
599,426,81,190
601,423,80,194
603,420,79,198
605,417,78,202
607,414,77,206
609,411,76,210
611,408,75,214
611,398,75,218
613,397,76,218
615,396,77,218
617,395,78,218
619,394,79,218
621,393,80,218
623,392,81,218
625,391,82,218
627,390,83,218
629,389,84,218
631,388,85,218
633,387,86,218
635,386,87,218
637,385,88,218
639,384,89,218
637,389,85,223
641,390,85,223
645,391,85,223
649,392,85,223
653,393,85,223
657,394,85,223
661,395,85,223
665,396,85,223
669,397,85,223
673,398,85,223
677,399,85,223
681,400,85,223
685,401,85,223
689,402,85,223
693,403,85,223
692,398,78,221
695,398,77,222
698,398,76,223
701,398,75,224
704,398,74,225
707,398,73,226
710,398,72,227
713,398,71,228
716,398,70,229
719,398,69,230
722,398,68,231
725,398,67,232
728,398,66,233
731,398,65,234
734,398,64,235
744,400,70,230
747,400,71,230
750,400,72,230
753,400,73,230
756,400,74,230
759,400,75,230
762,400,76,230
765,400,77,230
768,400,78,230
771,400,79,230
774,400,80,230
777,400,81,230
780,400,82,230
783,400,83,230
786,400,84,230
793,405,91,232
797,405,92,232
801,405,93,232
805,405,94,232
809,405,95,232
813,405,96,232
817,405,97,232
821,405,98,232
825,405,99,232
829,405,100,232
833,405,101,232
837,405,102,232
841,405,103,232
845,405,104,232
849,405,105,232
857,405,110,234
861,405,110,233
865,405,110,232
869,405,110,231
873,405,110,230
877,405,110,229
881,405,110,228
885,405,110,227
889,405,110,226
893,405,110,225
897,405,110,224
901,405,110,223
905,405,110,222
909,405,110,221
913,405,110,220
920,411,110,223
923,411,111,223
926,411,112,223
929,411,113,223
932,411,114,223
935,411,115,223
938,411,116,223
941,411,117,223
944,411,118,223
947,411,119,223
950,411,120,223
953,411,121,223
956,411,122,223
959,411,123,223
962,411,124,223
959,405,120,221
963,405,118,222
967,405,116,223
971,405,114,224
975,405,112,225
979,405,110,226
983,405,108,227
987,405,106,228
991,405,104,229
995,405,102,230
999,405,100,231
1003,405,98,232
1007,405,96,233
1011,405,94,234
1015,405,92,235
1017,402,95,232
1020,402,94,231
1023,402,93,230
1026,402,92,229
1029,402,91,228
1032,402,90,227
1035,402,89,226
1038,402,88,225
1041,402,87,224
1044,402,86,223
1047,402,85,222
1050,402,84,221
1053,402,83,220
1056,402,82,219
1059,402,81,218
1062,404,86,213
1064,404,86,213
1066,404,86,213
1068,404,86,213
1070,404,86,213
1072,404,86,213
1074,404,86,213
1076,404,86,213
1078,404,86,213
1080,404,86,213
1082,404,86,213
1084,404,86,213
1086,404,86,213
1088,404,86,213
1090,404,86,213
1087,398,82,212
1086,398,83,211
1085,398,84,210
1084,398,85,209
1083,398,86,208
1082,398,87,207
1081,398,88,206
1080,398,89,205
1079,398,90,204
1078,398,91,203
1077,398,92,202
1076,398,93,201
1075,398,94,200
1074,398,95,199
1073,398,96,198
1068,400,90,203
1068,400,90,203
1068,400,90,203
1068,400,90,203
1068,400,90,203
1068,400,90,203
1068,400,90,203
1068,400,90,203
1068,400,90,203
1068,400,90,203
1068,400,90,203
1068,400,90,203
1068,400,90,203
1068,400,90,203
1068,400,90,203
1061,396,94,207
1061,396,95,207
1061,396,96,207
1061,396,97,207
1061,396,98,207
1061,396,99,207
1061,396,100,207
1061,396,101,207
1061,396,102,207
1061,396,103,207
1061,396,104,207
1061,396,105,207
1061,396,106,207
1061,396,107,207
1061,396,108,207
1064,396,105,205
