7,295,115,273
11,295,116,273
15,295,117,273
19,295,118,273
23,295,119,273
27,295,120,273
31,295,121,273
35,295,122,273
39,295,123,273
43,295,124,273
47,295,125,273
51,295,126,273
55,295,127,273
59,295,128,273
63,295,129,273
64,300,130,270
65,301,129,269
66,302,128,268
67,303,127,267
68,304,126,266
69,305,125,265
70,306,124,264
71,307,123,263
72,308,122,262
73,309,121,261
74,310,120,260
75,311,119,259
76,312,118,258
77,313,117,257
78,314,116,256
80,316,116,258
79,317,117,258
78,318,118,258
77,319,119,258
76,320,120,258
75,321,121,258
74,322,122,258
73,323,123,258
72,324,124,258
71,325,125,258
70,326,126,258
69,327,127,258
68,328,128,258
67,329,129,258
66,330,130,258
62,327,127,253
60,327,125,254
58,327,123,255
56,327,121,256
54,327,119,257
52,327,117,258
50,327,115,259
48,327,113,260
46,327,111,261
44,327,109,262
42,327,107,263
40,327,105,264
38,327,103,265
36,327,101,266
34,327,99,267
37,329,103,270
37,332,104,267
37,335,105,264
37,338,106,261
37,341,107,258
37,344,108,255
37,347,109,252
37,350,110,249
37,353,111,246
37,356,112,243
37,359,113,240
37,362,114,237
37,365,115,234
37,368,116,231
37,371,117,228
35,378,118,230
37,376,117,232
39,374,116,234
41,372,115,236
43,370,114,238
45,368,113,240
47,366,112,242
49,364,111,244
51,362,110,246
53,360,109,248
55,358,108,250
57,356,107,252
59,354,106,254
61,352,105,256
63,350,104,258
58,354,105,258
61,351,104,261
64,348,103,264
67,345,102,267
70,342,101,270
73,339,100,273
76,336,99,276
79,333,98,279
82,330,97,282
85,327,96,285
88,324,95,288
91,321,94,291
94,318,93,294
97,315,92,297
100,312,91,300
109,312,84,309
114,312,85,309
119,312,86,309
124,312,87,309
129,312,88,309
134,312,89,309
139,312,90,309
144,312,91,309
149,312,92,309
154,312,93,309
159,312,94,309
164,312,95,309
169,312,96,309
174,312,97,309
179,312,98,309
178,312,103,311
182,312,105,311
186,312,107,311
190,312,109,311
194,312,111,311
198,312,113,311
202,312,115,311
206,312,117,311
210,312,119,311
214,312,121,311
218,312,123,311
222,312,125,311
226,312,127,311
230,312,129,311
234,312,131,311
235,310,128,310
239,309,128,310
243,308,128,310
247,307,128,310
251,306,128,310
255,305,128,310
259,304,128,310
263,303,128,310
267,302,128,310
271,301,128,310
275,300,128,310
279,299,128,310
283,298,128,310
287,297,128,310
291,296,128,310
297,300,129,304
301,299,126,304
305,298,123,304
309,297,120,304
313,296,117,304
317,295,114,304
321,294,111,304
325,293,108,304
329,292,105,304
333,291,102,304
337,290,99,304
341,289,96,304
345,288,93,304
349,287,90,304
353,286,87,304
358,291,85,298
358,291,87,297
358,291,89,296
358,291,91,295
358,291,93,294
358,291,95,293
358,291,97,292
358,291,99,291
358,291,101,290
358,291,103,289
358,291,105,288
358,291,107,287
358,291,109,286
358,291,111,285
358,291,113,284
362,297,122,283
366,300,122,281
370,303,122,279
374,306,122,277
378,309,122,275
382,312,122,273
386,315,122,271
390,318,122,269
394,321,122,267
398,324,122,265
402,327,122,263
406,330,122,261
410,333,122,259
414,336,122,257
418,339,122,255
423,336,122,249
426,340,122,245
429,344,122,241
432,348,122,237
435,352,122,233
438,356,122,229
441,360,122,225
444,364,122,221
447,368,122,217
450,372,122,213
453,376,122,209
456,380,122,205
459,384,122,201
462,388,122,197
465,392,122,193
462,399,115,185
463,396,115,188
464,393,115,191
465,390,115,194
466,387,115,197
467,384,115,200
468,381,115,203
469,378,115,206
470,375,115,209
471,372,115,212
472,369,115,215
473,366,115,218
474,363,115,221
475,360,115,224
476,357,115,227
472,352,116,233
474,349,115,236
476,346,114,239
478,343,113,242
480,340,112,245
482,337,111,248
484,334,110,251
486,331,109,254
488,328,108,257
490,325,107,260
492,322,106,263
494,319,105,266
496,316,104,269
498,313,103,272
500,310,102,275
499,306,107,283
502,306,108,283
505,306,109,283
508,306,110,283
511,306,111,283
514,306,112,283
517,306,113,283
520,306,114,283
523,306,115,283
526,306,116,283
529,306,117,283
532,306,118,283
535,306,119,283
538,306,120,283
541,306,121,283
550,312,117,283
555,313,118,284
560,314,119,285
565,315,120,286
570,316,121,287
575,317,122,288
580,318,123,289
585,319,124,290
590,320,125,291
595,321,126,292
600,322,127,293
605,323,128,294
610,324,129,295
615,325,130,296
620,326,131,297
619,325,136,295
625,325,135,295
631,325,134,295
637,325,133,295
643,325,132,295
649,325,131,295
655,325,130,295
661,325,129,295
667,325,128,295
673,325,127,295
679,325,126,295
685,325,125,295
691,325,124,295
697,325,123,295
703,325,122,295
711,331,126,298
717,331,125,299
723,331,124,300
729,331,123,301
735,331,122,302
741,331,121,303
747,331,120,304
753,331,119,305
759,331,118,306
765,331,117,307
771,331,116,308
777,331,115,309
783,331,114,310
789,331,113,311
795,331,112,312
801,336,116,316
806,337,118,315
811,338,120,314
816,339,122,313
821,340,124,312
826,341,126,311
831,342,128,310
836,343,130,309
841,344,132,308
846,345,134,307
851,346,136,306
856,347,138,305
861,348,140,304
866,349,142,303
871,350,144,302
883,354,140,298
887,354,139,298
891,354,138,298
895,354,137,298
899,354,136,298
903,354,135,298
907,354,134,298
911,354,133,298
915,354,132,298
919,354,131,298
923,354,130,298
927,354,129,298
931,354,128,298
935,354,127,298
939,354,126,298
942,350,120,296
945,350,121,295
948,350,122,294
951,350,123,293
954,350,124,292
957,350,125,291
960,350,126,290
963,350,127,289
966,350,128,288
969,350,129,287
972,350,130,286
975,350,131,285
978,350,132,284
981,350,133,283
984,350,134,282
983,357,128,287
988,357,127,287
993,357,126,287
998,357,125,287
1003,357,124,287
1008,357,123,287
1013,357,122,287
1018,357,121,287
1023,357,120,287
1028,357,119,287
1033,357,118,287
1038,357,117,287
1043,357,116,287
1048,357,115,287
1053,357,114,287
1065,357,109,280
1068,357,108,279
1071,357,107,278
1074,357,106,277
1077,357,105,276
1080,357,104,275
1083,357,103,274
1086,357,102,273
1089,357,101,272
1092,357,100,271
1095,357,99,270
1098,357,98,269
1101,357,97,268
1104,357,96,267
1107,357,95,266
1104,359,92,266
1101,359,94,266
1098,359,96,266
1095,359,98,266
1092,359,100,266
1089,359,102,266
1086,359,104,266
1083,359,106,266
1080,359,108,266
1077,359,110,266
1074,359,112,266
1071,359,114,266
1068,359,116,266
1065,359,118,266
1062,359,120,266
1065,354,119,264
1065,354,118,264
1065,354,117,264
1065,354,116,264
1065,354,115,264
1065,354,114,264
1065,354,113,264
1065,354,112,264
1065,354,111,264
1065,354,110,264
1065,354,109,264
1065,354,108,264
1065,354,107,264
1065,354,106,264
1065,354,105,264
1069,350,105,266
1069,350,107,266
1069,350,109,266
1069,350,111,266
1069,350,113,266
1069,350,115,266
1069,350,117,266
1069,350,119,266
1069,350,121,266
1069,350,123,266
1069,350,125,266
1069,350,127,266
1069,350,129,266
1069,350,131,266
1069,350,133,266
1067,348,134,266
