287,470,85,198
291,470,84,198
295,470,83,198
299,470,82,198
303,470,81,198
307,470,80,198
311,470,79,198
315,470,78,198
319,470,77,198
323,470,76,198
327,470,75,198
331,470,74,198
335,470,73,198
339,470,72,198
343,470,71,198
342,472,65,194
345,472,67,194
348,472,69,194
351,472,71,194
354,472,73,194
357,472,75,194
360,472,77,194
363,472,79,194
366,472,81,194
369,472,83,194
372,472,85,194
375,472,87,194
378,472,89,194
381,472,91,194
384,472,93,194
390,472,91,199
392,473,91,198
394,474,91,197
396,475,91,196
398,476,91,195
400,477,91,194
402,478,91,193
404,479,91,192
406,480,91,191
408,481,91,190
410,482,91,189
412,483,91,188
414,484,91,187
416,485,91,186
418,486,91,185
415,483,95,185
413,484,97,185
411,485,99,185
409,486,101,185
407,487,103,185
405,488,105,185
403,489,107,185
401,490,109,185
399,491,111,185
397,492,113,185
395,493,115,185
393,494,117,185
391,495,119,185
389,496,121,185
387,497,123,185
390,493,118,184
389,495,116,183
388,497,114,182
387,499,112,181
386,501,110,180
385,503,108,179
384,505,106,178
383,507,104,177
382,509,102,176
381,511,100,175
380,513,98,174
379,515,96,173
378,517,94,172
377,519,92,171
376,521,90,170
377,518,88,175
378,518,88,174
379,518,88,173
380,518,88,172
381,518,88,171
382,518,88,170
383,518,88,169
384,518,88,168
385,518,88,167
386,518,88,166
387,518,88,165
388,518,88,164
389,518,88,163
390,518,88,162
391,518,88,161
392,520,81,167
396,518,80,171
400,516,79,175
404,514,78,179
408,512,77,183
412,510,76,187
416,508,75,191
420,506,74,195
424,504,73,199
428,502,72,203
432,500,71,207
436,498,70,211
440,496,69,215
444,494,68,219
448,492,67,223
448,483,67,221
452,483,69,221
456,483,71,221
460,483,73,221
464,483,75,221
468,483,77,221
472,483,79,221
476,483,81,221
480,483,83,221
484,483,85,221
488,483,87,221
492,483,89,221
496,483,91,221
500,483,93,221
504,483,95,221
503,480,98,223
507,480,98,223
511,480,98,223
515,480,98,223
519,480,98,223
523,480,98,223
527,480,98,223
531,480,98,223
535,480,98,223
539,480,98,223
543,480,98,223
547,480,98,223
551,480,98,223
555,480,98,223
559,480,98,223
565,474,104,219
569,473,101,218
573,472,98,217
577,471,95,216
581,470,92,215
585,469,89,214
589,468,86,213
593,467,83,212
597,466,80,211
601,465,77,210
605,464,74,209
609,463,71,208
613,462,68,207
617,461,65,206
621,460,62,205
619,466,62,207
620,466,66,207
621,466,70,207
622,466,74,207
623,466,78,207
624,466,82,207
625,466,86,207
626,466,90,207
627,466,94,207
628,466,98,207
629,466,102,207
630,466,106,207
631,466,110,207
632,466,114,207
633,466,118,207
637,472,119,204
640,476,117,200
643,480,115,196
646,484,113,192
649,488,111,188
652,492,109,184
655,496,107,180
658,500,105,176
661,504,103,172
664,508,101,168
667,512,99,164
670,516,97,160
673,520,95,156
676,524,93,152
679,528,91,148
689,537,89,139
690,535,88,141
691,533,87,143
692,531,86,145
693,529,85,147
694,527,84,149
695,525,83,151
696,523,82,153
697,521,81,155
698,519,80,157
699,517,79,159
700,515,78,161
701,513,77,163
702,511,76,165
703,509,75,167
701,505,79,168
704,503,78,170
707,501,77,172
710,499,76,174
713,497,75,176
716,495,74,178
719,493,73,180
722,491,72,182
725,489,71,184
728,487,70,186
731,485,69,188
734,483,68,190
737,481,67,192
740,479,66,194
743,477,65,196
740,475,61,199
744,475,61,200
748,475,61,201
752,475,61,202
756,475,61,203
760,475,61,204
764,475,61,205
768,475,61,206
772,475,61,207
776,475,61,208
780,475,61,209
784,475,61,210
788,475,61,211
792,475,61,212
796,475,61,213
798,475,65,209
803,475,65,210
808,475,65,211
813,475,65,212
818,475,65,213
823,475,65,214
828,475,65,215
833,475,65,216
838,475,65,217
843,475,65,218
848,475,65,219
853,475,65,220
858,475,65,221
863,475,65,222
868,475,65,223
866,475,67,218
871,475,69,218
876,475,71,218
881,475,73,218
886,475,75,218
891,475,77,218
896,475,79,218
901,475,81,218
906,475,83,218
911,475,85,218
916,475,87,218
921,475,89,218
926,475,91,218
931,475,93,218
936,475,95,218
938,480,98,223
942,481,98,222
946,482,98,221
950,483,98,220
954,484,98,219
958,485,98,218
962,486,98,217
966,487,98,216
970,488,98,215
974,489,98,214
978,490,98,213
982,491,98,212
986,492,98,211
990,493,98,210
994,494,98,209
1002,488,104,215
1005,488,104,215
1008,488,104,215
1011,488,104,215
1014,488,104,215
1017,488,104,215
1020,488,104,215
1023,488,104,215
1026,488,104,215
1029,488,104,215
1032,488,104,215
1035,488,104,215
1038,488,104,215
1041,488,104,215
1044,488,104,215
1051,483,110,210
1055,483,109,209
1059,483,108,208
1063,483,107,207
1067,483,106,206
1071,483,105,205
1075,483,104,204
1079,483,103,203
1083,483,102,202
1087,483,101,201
1091,483,100,200
1095,483,99,199
1099,483,98,198
1103,483,97,197
1107,483,96,196
1117,486,88,198
1120,486,87,198
1123,486,86,198
1126,486,85,198
1129,486,84,198
1132,486,83,198
1135,486,82,198
1138,486,81,198
1141,486,80,198
1144,486,79,198
1147,486,78,198
1150,486,77,198
1153,486,76,198
1156,486,75,198
1159,486,74,198
1156,481,71,193
1155,481,72,193
1154,481,73,193
1153,481,74,193
1152,481,75,193
1151,481,76,193
1150,481,77,193
1149,481,78,193
1148,481,79,193
1147,481,80,193
1146,481,81,193
1145,481,82,193
1144,481,83,193
1143,481,84,193
1142,481,85,193
1138,481,87,187
1138,481,87,187
1138,481,87,187
1138,481,87,187
1138,481,87,187
1138,481,87,187
1138,481,87,187
1138,481,87,187
1138,481,87,187
1138,481,87,187
1138,481,87,187
1138,481,87,187
1138,481,87,187
1138,481,87,187
1138,481,87,187
1134,480,87,183
