404,482,106,197
402,482,106,196
400,482,106,195
398,482,106,194
396,482,106,193
394,482,106,192
392,482,106,191
390,482,106,190
388,482,106,189
386,482,106,188
384,482,106,187
382,482,106,186
380,482,106,185
378,482,106,184
376,482,106,183
375,486,101,187
375,486,101,187
375,486,101,187
375,486,101,187
375,486,101,187
375,486,101,187
375,486,101,187
375,486,101,187
375,486,101,187
375,486,101,187
375,486,101,187
375,486,101,187
375,486,101,187
375,486,101,187
375,486,101,187
377,487,97,186
378,487,97,186
379,487,97,186
380,487,97,186
381,487,97,186
382,487,97,186
383,487,97,186
384,487,97,186
385,487,97,186
386,487,97,186
387,487,97,186
388,487,97,186
389,487,97,186
390,487,97,186
391,487,97,186
395,491,97,183
396,491,96,182
397,491,95,181
398,491,94,180
399,491,93,179
400,491,92,178
401,491,91,177
402,491,90,176
403,491,89,175
404,491,88,174
405,491,87,173
406,491,86,172
407,491,85,171
408,491,84,170
409,491,83,169
413,496,79,175
414,496,79,175
415,496,79,175
416,496,79,175
417,496,79,175
418,496,79,175
419,496,79,175
420,496,79,175
421,496,79,175
422,496,79,175
423,496,79,175
424,496,79,175
425,496,79,175
426,496,79,175
427,496,79,175
422,499,86,177
421,501,88,175
420,503,90,173
419,505,92,171
418,507,94,169
417,509,96,167
416,511,98,165
415,513,100,163
414,515,102,161
413,517,104,159
412,519,106,157
411,521,108,155
410,523,110,153
409,525,112,151
408,527,114,149
413,532,115,144
411,534,118,142
409,536,121,140
407,538,124,138
405,540,127,136
403,542,130,134
401,544,133,132
399,546,136,130
397,548,139,128
395,550,142,126
393,552,145,124
391,554,148,122
389,556,151,120
387,558,154,118
385,560,157,116
378,564,154,112
378,563,154,113
378,562,154,114
378,561,154,115
378,560,154,116
378,559,154,117
378,558,154,118
378,557,154,119
378,556,154,120
378,555,154,121
378,554,154,122
378,553,154,123
378,552,154,124
378,551,154,125
378,550,154,126
384,552,155,124
390,548,150,127
396,544,145,130
402,540,140,133
408,536,135,136
414,532,130,139
420,528,125,142
426,524,120,145
432,520,115,148
438,516,110,151
444,512,105,154
450,508,100,157
456,504,95,160
462,500,90,163
468,496,85,166
469,497,79,176
472,497,80,176
475,497,81,176
478,497,82,176
481,497,83,176
484,497,84,176
487,497,85,176
490,497,86,176
493,497,87,176
496,497,88,176
499,497,89,176
502,497,90,176
505,497,91,176
508,497,92,176
511,497,93,176
513,497,98,172
515,497,96,172
517,497,94,172
519,497,92,172
521,497,90,172
523,497,88,172
525,497,86,172
527,497,84,172
529,497,82,172
531,497,80,172
533,497,78,172
535,497,76,172
537,497,74,172
539,497,72,172
541,497,70,172
549,497,75,171
549,495,76,173
549,493,77,175
549,491,78,177
549,489,79,179
549,487,80,181
549,485,81,183
549,483,82,185
549,481,83,187
549,479,84,189
549,477,85,191
549,475,86,193
549,473,87,195
549,471,88,197
549,469,89,199
556,474,86,195
558,475,86,194
560,476,86,193
562,477,86,192
564,478,86,191
566,479,86,190
568,480,86,189
570,481,86,188
572,482,86,187
574,483,86,186
576,484,86,185
578,485,86,184
580,486,86,183
582,487,86,182
584,488,86,181
580,487,93,181
584,486,93,181
588,485,93,181
592,484,93,181
596,483,93,181
600,482,93,181
604,481,93,181
608,480,93,181
612,479,93,181
616,478,93,181
620,477,93,181
624,476,93,181
628,475,93,181
632,474,93,181
636,473,93,181
634,478,88,180
636,478,88,181
638,478,88,182
640,478,88,183
642,478,88,184
644,478,88,185
646,478,88,186
648,478,88,187
650,478,88,188
652,478,88,189
654,478,88,190
656,478,88,191
658,478,88,192
660,478,88,193
662,478,88,194
670,478,83,188
673,478,83,189
676,478,83,190
679,478,83,191
682,478,83,192
685,478,83,193
688,478,83,194
691,478,83,195
694,478,83,196
697,478,83,197
700,478,83,198
703,478,83,199
706,478,83,200
709,478,83,201
712,478,83,202
714,473,79,196
717,473,79,196
720,473,79,196
723,473,79,196
726,473,79,196
729,473,79,196
732,473,79,196
735,473,79,196
738,473,79,196
741,473,79,196
744,473,79,196
747,473,79,196
750,473,79,196
753,473,79,196
756,473,79,196
759,468,86,193
761,468,88,193
763,468,90,193
765,468,92,193
767,468,94,193
769,468,96,193
771,468,98,193
773,468,100,193
775,468,102,193
777,468,104,193
779,468,106,193
781,468,108,193
783,468,110,193
785,468,112,193
787,468,114,193
783,471,113,200
788,472,112,199
793,473,111,198
798,474,110,197
803,475,109,196
808,476,108,195
813,477,107,194
818,478,106,193
823,479,105,192
828,480,104,191
833,481,103,190
838,482,102,189
843,483,101,188
848,484,100,187
853,485,99,186
853,486,98,188
855,487,97,188
857,488,96,188
859,489,95,188
861,490,94,188
863,491,93,188
865,492,92,188
867,493,91,188
869,494,90,188
871,495,89,188
873,496,88,188
875,497,87,188
877,498,86,188
879,499,85,188
881,500,84,188
888,496,90,188
889,496,90,188
890,496,90,188
891,496,90,188
892,496,90,188
893,496,90,188
894,496,90,188
895,496,90,188
896,496,90,188
897,496,90,188
898,496,90,188
899,496,90,188
900,496,90,188
901,496,90,188
902,496,90,188
897,501,83,183
898,501,84,183
899,501,85,183
900,501,86,183
901,501,87,183
902,501,88,183
903,501,89,183
904,501,90,183
905,501,91,183
906,501,92,183
907,501,93,183
908,501,94,183
909,501,95,183
910,501,96,183
911,501,97,183
906,499,92,185
909,499,91,186
912,499,90,187
915,499,89,188
918,499,88,189
921,499,87,190
924,499,86,191
927,499,85,192
930,499,84,193
933,499,83,194
936,499,82,195
939,499,81,196
942,499,80,197
945,499,79,198
948,499,78,199
944,497,75,194
945,498,76,193
946,499,77,192
947,500,78,191
948,501,79,190
949,502,80,189
950,503,81,188
951,504,82,187
952,505,83,186
953,506,84,185
954,507,85,184
955,508,86,183
956,509,87,182
957,510,88,181
958,511,89,180
964,506,84,180
965,505,84,181
966,504,84,182
967,503,84,183
968,502,84,184
969,501,84,185
970,500,84,186
971,499,84,187
972,498,84,188
973,497,84,189
974,496,84,190
975,495,84,191
976,494,84,192
977,493,84,193
978,492,84,194
982,491,86,193
983,492,86,192
984,493,86,191
985,494,86,190
986,495,86,189
987,496,86,188
988,497,86,187
989,498,86,186
990,499,86,185
991,500,86,184
992,501,86,183
993,502,86,182
994,503,86,181
995,504,86,180
996,505,86,179
993,501,92,177
995,501,92,177
997,501,92,177
999,501,92,177
1001,501,92,177
1003,501,92,177
1005,501,92,177
1007,501,92,177
1009,501,92,177
1011,501,92,177
1013,501,92,177
1015,501,92,177
1017,501,92,177
1019,501,92,177
1021,501,92,177
1020,496,92,183
1023,496,92,183
1026,496,92,183
1029,496,92,183
1032,496,92,183
1035,496,92,183
1038,496,92,183
1041,496,92,183
1044,496,92,183
1047,496,92,183
1050,496,92,183
1053,496,92,183
1056,496,92,183
1059,496,92,183
1062,496,92,183
1058,489,87,190
1061,489,88,190
1064,489,89,190
1067,489,90,190
1070,489,91,190
1073,489,92,190
1076,489,93,190
1079,489,94,190
1082,489,95,190
1085,489,96,190
1088,489,97,190
1091,489,98,190
1094,489,99,190
1097,489,100,190
1100,489,101,190
1107,487,103,186
1111,487,102,187
1115,487,101,188
1119,487,100,189
1123,487,99,190
1127,487,98,191
1131,487,97,192
1135,487,96,193
1139,487,95,194
1143,487,94,195
1147,487,93,196
1151,487,92,197
1155,487,91,198
1159,487,90,199
1163,487,89,200
1160,486,81,195
