232,409,118,197
232,409,118,198
232,409,118,199
232,409,118,200
232,409,118,201
232,409,118,202
232,409,118,203
232,409,118,204
232,409,118,205
232,409,118,206
232,409,118,207
232,409,118,208
232,409,118,209
232,409,118,210
232,409,118,211
231,402,122,209
234,404,119,207
237,406,116,205
240,408,113,203
243,410,110,201
246,412,107,199
249,414,104,197
252,416,101,195
255,418,98,193
258,420,95,191
261,422,92,189
264,424,89,187
267,426,86,185
270,428,83,183
273,430,80,181
275,431,75,178
276,432,75,177
277,433,75,176
278,434,75,175
279,435,75,174
280,436,75,173
281,437,75,172
282,438,75,171
283,439,75,170
284,440,75,169
285,441,75,168
286,442,75,167
287,443,75,166
288,444,75,165
289,445,75,164
284,439,77,165
284,439,78,166
284,439,79,167
284,439,80,168
284,439,81,169
284,439,82,170
284,439,83,171
284,439,84,172
284,439,85,173
284,439,86,174
284,439,87,175
284,439,88,176
284,439,89,177
284,439,90,178
284,439,91,179
280,436,95,178
277,439,99,175
274,442,103,172
271,445,107,169
268,448,111,166
265,451,115,163
262,454,119,160
259,457,123,157
256,460,127,154
253,463,131,151
250,466,135,148
247,469,139,145
244,472,143,142
241,475,147,139
238,478,151,136
237,481,162,127
237,482,162,126
237,483,162,125
237,484,162,124
237,485,162,123
237,486,162,122
237,487,162,121
237,488,162,120
237,489,162,119
237,490,162,118
237,491,162,117
237,492,162,116
237,493,162,115
237,494,162,114
237,495,162,113
242,499,156,105
245,497,154,107
248,495,152,109
251,493,150,111
254,491,148,113
257,489,146,115
260,487,144,117
263,485,142,119
266,483,140,121
269,481,138,123
272,479,136,125
275,477,134,127
278,475,132,129
281,473,130,131
284,471,128,133
294,472,124,139
299,467,120,144
304,462,116,149
309,457,112,154
314,452,108,159
319,447,104,164
324,442,100,169
329,437,96,174
334,432,92,179
339,427,88,184
344,422,84,189
349,417,80,194
354,412,76,199
359,407,72,204
364,402,68,209
362,400,67,209
366,400,69,208
370,400,71,207
374,400,73,206
378,400,75,205
382,400,77,204
386,400,79,203
390,400,81,202
394,400,83,201
398,400,85,200
402,400,87,199
406,400,89,198
410,400,91,197
414,400,93,196
418,400,95,195
415,404,99,199
417,403,97,199
419,402,95,199
421,401,93,199
423,400,91,199
425,399,89,199
427,398,87,199
429,397,85,199
431,396,83,199
433,395,81,199
435,394,79,199
437,393,77,199
439,392,75,199
441,391,73,199
443,390,71,199
442,392,71,202
442,393,73,202
442,394,75,202
442,395,77,202
442,396,79,202
442,397,81,202
442,398,83,202
442,399,85,202
442,400,87,202
442,401,89,202
442,402,91,202
442,403,93,202
442,404,95,202
442,405,97,202
442,406,99,202
445,400,107,208
446,399,107,208
447,398,107,208
448,397,107,208
449,396,107,208
450,395,107,208
451,394,107,208
452,393,107,208
453,392,107,208
454,391,107,208
455,390,107,208
456,389,107,208
457,388,107,208
458,387,107,208
459,386,107,208
465,390,111,211
470,390,109,212
475,390,107,213
480,390,105,214
485,390,103,215
490,390,101,216
495,390,99,217
500,390,97,218
505,390,95,219
510,390,93,220
515,390,91,221
520,390,89,222
525,390,87,223
530,390,85,224
535,390,83,225
533,389,88,219
536,389,88,219
539,389,88,219
542,389,88,219
545,389,88,219
548,389,88,219
551,389,88,219
554,389,88,219
557,389,88,219
560,389,88,219
563,389,88,219
566,389,88,219
569,389,88,219
572,389,88,219
575,389,88,219
575,385,90,216
580,385,88,216
585,385,86,216
590,385,84,216
595,385,82,216
600,385,80,216
605,385,78,216
610,385,76,216
615,385,74,216
620,385,72,216
625,385,70,216
630,385,68,216
635,385,66,216
640,385,64,216
645,385,62,216
653,379,59,209
654,380,64,209
655,381,69,209
656,382,74,209
657,383,79,209
658,384,84,209
659,385,89,209
660,386,94,209
661,387,99,209
662,388,104,209
663,389,109,209
664,390,114,209
665,391,119,209
666,392,124,209
667,393,129,209
661,394,131,207
666,394,129,207
671,394,127,207
676,394,125,207
681,394,123,207
686,394,121,207
691,394,119,207
696,394,117,207
701,394,115,207
706,394,113,207
711,394,111,207
716,394,109,207
721,394,107,207
726,394,105,207
731,394,103,207
733,387,102,204
736,389,101,203
739,391,100,202
742,393,99,201
745,395,98,200
748,397,97,199
751,399,96,198
754,401,95,197
757,403,94,196
760,405,93,195
763,407,92,194
766,409,91,193
769,411,90,192
772,413,89,191
775,415,88,190
771,420,89,186
773,420,88,186
775,420,87,186
777,420,86,186
779,420,85,186
781,420,84,186
783,420,83,186
785,420,82,186
787,420,81,186
789,420,80,186
791,420,79,186
793,420,78,186
795,420,77,186
797,420,76,186
799,420,75,186
806,424,79,182
807,424,79,181
808,424,79,180
809,424,79,179
810,424,79,178
811,424,79,177
812,424,79,176
813,424,79,175
814,424,79,174
815,424,79,173
816,424,79,172
817,424,79,171
818,424,79,170
819,424,79,169
820,424,79,168
814,427,78,174
815,426,79,175
816,425,80,176
817,424,81,177
818,423,82,178
819,422,83,179
820,421,84,180
821,420,85,181
822,419,86,182
823,418,87,183
824,417,88,184
825,416,89,185
826,415,90,186
827,414,91,187
828,413,92,188
826,415,89,186
830,416,89,185
834,417,89,184
838,418,89,183
842,419,89,182
846,420,89,181
850,421,89,180
854,422,89,179
858,423,89,178
862,424,89,177
866,425,89,176
870,426,89,175
874,427,89,174
878,428,89,173
882,429,89,172
886,431,84,172
887,431,83,172
888,431,82,172
889,431,81,172
890,431,80,172
891,431,79,172
892,431,78,172
893,431,77,172
894,431,76,172
895,431,75,172
896,431,74,172
897,431,73,172
898,431,72,172
899,431,71,172
900,431,70,172
899,431,72,172
900,431,73,172
901,431,74,172
902,431,75,172
903,431,76,172
904,431,77,172
905,431,78,172
906,431,79,172
907,431,80,172
908,431,81,172
909,431,82,172
910,431,83,172
911,431,84,172
912,431,85,172
913,431,86,172
907,431,89,177
908,431,89,177
909,431,89,177
910,431,89,177
911,431,89,177
912,431,89,177
913,431,89,177
914,431,89,177
915,431,89,177
916,431,89,177
917,431,89,177
918,431,89,177
919,431,89,177
920,431,89,177
921,431,89,177
927,431,94,175
930,430,93,175
933,429,92,175
936,428,91,175
939,427,90,175
942,426,89,175
945,425,88,175
948,424,87,175
951,423,86,175
954,422,85,175
957,421,84,175
960,420,83,175
963,419,82,175
966,418,81,175
969,417,80,175
975,420,81,178
978,420,81,178
981,420,81,178
984,420,81,178
987,420,81,178
990,420,81,178
993,420,81,178
996,420,81,178
999,420,81,178
1002,420,81,178
1005,420,81,178
1008,420,81,178
1011,420,81,178
1014,420,81,178
1017,420,81,178
1024,422,82,176
1027,423,82,175
1030,424,82,174
1033,425,82,173
1036,426,82,172
1039,427,82,171
1042,428,82,170
1045,429,82,169
1048,430,82,168
1051,431,82,167
1054,432,82,166
1057,433,82,165
1060,434,82,164
1063,435,82,163
1066,436,82,162
1073,432,80,164
1075,432,80,164
1077,432,80,164
1079,432,80,164
1081,432,80,164
1083,432,80,164
1085,432,80,164
1087,432,80,164
1089,432,80,164
1091,432,80,164
1093,432,80,164
1095,432,80,164
1097,432,80,164
1099,432,80,164
1101,432,80,164
1103,426,84,167
1106,426,82,167
1109,426,80,167
1112,426,78,167
1115,426,76,167
1118,426,74,167
1121,426,72,167
1124,426,70,167
1127,426,68,167
1130,426,66,167
1133,426,64,167
1136,426,62,167
1139,426,60,167
1142,426,58,167
1145,426,56,167
1148,427,59,161
