386,621,105,184
385,621,105,184
384,621,105,184
383,621,105,184
382,621,105,184
381,621,105,184
380,621,105,184
379,621,105,184
378,621,105,184
377,621,105,184
376,621,105,184
375,621,105,184
374,621,105,184
373,621,105,184
372,621,105,184
378,617,99,181
379,618,99,180
380,619,99,179
381,620,99,178
382,621,99,177
383,622,99,176
384,623,99,175
385,624,99,174
386,625,99,173
387,626,99,172
388,627,99,171
389,628,99,170
390,629,99,169
391,630,99,168
392,631,99,167
395,627,96,171
396,628,96,171
397,629,96,171
398,630,96,171
399,631,96,171
400,632,96,171
401,633,96,171
402,634,96,171
403,635,96,171
404,636,96,171
405,637,96,171
406,638,96,171
407,639,96,171
408,640,96,171
409,641,96,171
403,637,97,165
405,638,95,164
407,639,93,163
409,640,91,162
411,641,89,161
413,642,87,160
415,643,85,159
417,644,83,158
419,645,81,157
421,646,79,156
423,647,77,155
425,648,75,154
427,649,73,153
429,650,71,152
431,651,69,151
436,651,68,151
436,652,69,151
436,653,70,151
436,654,71,151
436,655,72,151
436,656,73,151
436,657,74,151
436,658,75,151
436,659,76,151
436,660,77,151
436,661,78,151
436,662,79,151
436,663,80,151
436,664,81,151
436,665,82,151
430,666,84,146
427,668,88,144
424,670,92,142
421,672,96,140
418,674,100,138
415,676,104,136
412,678,108,134
409,680,112,132
406,682,116,130
403,684,120,128
400,686,124,126
397,688,128,124
394,690,132,122
391,692,136,120
388,694,140,118
386,695,151,110
386,695,151,110
386,695,151,110
386,695,151,110
386,695,151,110
386,695,151,110
386,695,151,110
386,695,151,110
386,695,151,110
386,695,151,110
386,695,151,110
386,695,151,110
386,695,151,110
386,695,151,110
386,695,151,110
382,698,153,107
387,695,149,110
392,692,145,113
397,689,141,116
402,686,137,119
407,683,133,122
412,680,129,125
417,677,125,128
422,674,121,131
427,671,117,134
432,668,113,137
437,665,109,140
442,662,105,143
447,659,101,146
452,656,97,149
455,646,97,156
458,645,96,158
461,644,95,160
464,643,94,162
467,642,93,164
470,641,92,166
473,640,91,168
476,639,90,170
479,638,89,172
482,637,88,174
485,636,87,176
488,635,86,178
491,634,85,180
494,633,84,182
497,632,83,184
503,626,82,181
506,625,81,181
509,624,80,181
512,623,79,181
515,622,78,181
518,621,77,181
521,620,76,181
524,619,75,181
527,618,74,181
530,617,73,181
533,616,72,181
536,615,71,181
539,614,70,181
542,613,69,181
545,612,68,181
545,617,65,181
546,617,65,181
547,617,65,181
548,617,65,181
549,617,65,181
550,617,65,181
551,617,65,181
552,617,65,181
553,617,65,181
554,617,65,181
555,617,65,181
556,617,65,181
557,617,65,181
558,617,65,181
559,617,65,181
555,616,72,182
556,616,74,182
557,616,76,182
558,616,78,182
559,616,80,182
560,616,82,182
561,616,84,182
562,616,86,182
563,616,88,182
564,616,90,182
565,616,92,182
566,616,94,182
567,616,96,182
568,616,98,182
569,616,100,182
563,617,101,183
567,617,100,183
571,617,99,183
575,617,98,183
579,617,97,183
583,617,96,183
587,617,95,183
591,617,94,183
595,617,93,183
599,617,92,183
603,617,91,183
607,617,90,183
611,617,89,183
615,617,88,183
619,617,87,183
618,616,84,177
622,616,82,177
626,616,80,177
630,616,78,177
634,616,76,177
638,616,74,177
642,616,72,177
646,616,70,177
650,616,68,177
654,616,66,177
658,616,64,177
662,616,62,177
666,616,60,177
670,616,58,177
674,616,56,177
674,622,51,171
677,621,52,172
680,620,53,173
683,619,54,174
686,618,55,175
689,617,56,176
692,616,57,177
695,615,58,178
698,614,59,179
701,613,60,180
704,612,61,181
707,611,62,182
710,610,63,183
713,609,64,184
716,608,65,185
718,614,67,179
720,614,68,179
722,614,69,179
724,614,70,179
726,614,71,179
728,614,72,179
730,614,73,179
732,614,74,179
734,614,75,179
736,614,76,179
738,614,77,179
740,614,78,179
742,614,79,179
744,614,80,179
746,614,81,179
743,610,82,178
745,611,84,178
747,612,86,178
749,613,88,178
751,614,90,178
753,615,92,178
755,616,94,178
757,617,96,178
759,618,98,178
761,619,100,178
763,620,102,178
765,621,104,178
767,622,106,178
769,623,108,178
771,624,110,178
770,619,105,178
774,620,104,177
778,621,103,176
782,622,102,175
786,623,101,174
790,624,100,173
794,625,99,172
798,626,98,171
802,627,97,170
806,628,96,169
810,629,95,168
814,630,94,167
818,631,93,166
822,632,92,165
826,633,91,164
834,627,83,166
835,628,84,165
836,629,85,164
837,630,86,163
838,631,87,162
839,632,88,161
840,633,89,160
841,634,90,159
842,635,91,158
843,636,92,157
844,637,93,156
845,638,94,155
846,639,95,154
847,640,96,153
848,641,97,152
851,649,99,146
853,649,97,146
855,649,95,146
857,649,93,146
859,649,91,146
861,649,89,146
863,649,87,146
865,649,85,146
867,649,83,146
869,649,81,146
871,649,79,146
873,649,77,146
875,649,75,146
877,649,73,146
879,649,71,146
880,649,68,146
880,649,69,147
880,649,70,148
880,649,71,149
880,649,72,150
880,649,73,151
880,649,74,152
880,649,75,153
880,649,76,154
880,649,77,155
880,649,78,156
880,649,79,157
880,649,80,158
880,649,81,159
880,649,82,160
882,642,83,156
885,642,82,155
888,642,81,154
891,642,80,153
894,642,79,152
897,642,78,151
900,642,77,150
903,642,76,149
906,642,75,148
909,642,74,147
912,642,73,146
915,642,72,145
918,642,71,144
921,642,70,143
924,642,69,142
922,639,68,146
923,639,68,147
924,639,68,148
925,639,68,149
926,639,68,150
927,639,68,151
928,639,68,152
929,639,68,153
930,639,68,154
931,639,68,155
932,639,68,156
933,639,68,157
934,639,68,158
935,639,68,159
936,639,68,160
941,634,74,159
942,635,74,158
943,636,74,157
944,637,74,156
945,638,74,155
946,639,74,154
947,640,74,153
948,641,74,152
949,642,74,151
950,643,74,150
951,644,74,149
952,645,74,148
953,646,74,147
954,647,74,146
955,648,74,145
959,647,74,146
959,647,75,146
959,647,76,146
959,647,77,146
959,647,78,146
959,647,79,146
959,647,80,146
959,647,81,146
959,647,82,146
959,647,83,146
959,647,84,146
959,647,85,146
959,647,86,146
959,647,87,146
959,647,88,146
964,641,95,152
966,641,94,152
968,641,93,152
970,641,92,152
972,641,91,152
974,641,90,152
976,641,89,152
978,641,88,152
980,641,87,152
982,641,86,152
984,641,85,152
986,641,84,152
988,641,83,152
990,641,82,152
992,641,81,152
991,641,78,149
993,641,79,149
995,641,80,149
997,641,81,149
999,641,82,149
1001,641,83,149
1003,641,84,149
1005,641,85,149
1007,641,86,149
1009,641,87,149
1011,641,88,149
1013,641,89,149
1015,641,90,149
1017,641,91,149
1019,641,92,149
1018,636,99,156
1021,636,98,156
1024,636,97,156
1027,636,96,156
1030,636,95,156
1033,636,94,156
1036,636,93,156
1039,636,92,156
1042,636,91,156
1045,636,90,156
1048,636,89,156
1051,636,88,156
1054,636,87,156
1057,636,86,156
1060,636,85,156
1068,636,89,156
1071,636,89,156
1074,636,89,156
1077,636,89,156
1080,636,89,156
1083,636,89,156
1086,636,89,156
1089,636,89,156
1092,636,89,156
1095,636,89,156
1098,636,89,156
1101,636,89,156
1104,636,89,156
1107,636,89,156
1110,636,89,156
1112,637,84,150
1114,637,83,150
1116,637,82,150
1118,637,81,150
1120,637,80,150
1122,637,79,150
1124,637,78,150
1126,637,77,150
1128,637,76,150
1130,637,75,150
1132,637,74,150
1134,637,73,150
1136,637,72,150
1138,637,71,150
1140,637,70,150
1141,631,74,152
