218,471,85,314
223,471,88,314
228,471,91,314
233,471,94,314
238,471,97,314
243,471,100,314
248,471,103,314
253,471,106,314
258,471,109,314
263,471,112,314
268,471,115,314
273,471,118,314
278,471,121,314
283,471,124,314
288,471,127,314
293,473,134,310
300,474,133,310
307,475,132,310
314,476,131,310
321,477,130,310
328,478,129,310
335,479,128,310
342,480,127,310
349,481,126,310
356,482,125,310
363,483,124,310
370,484,123,310
377,485,122,310
384,486,121,310
391,487,120,310
395,487,114,306
403,487,115,306
411,487,116,306
419,487,117,306
427,487,118,306
435,487,119,306
443,487,120,306
451,487,121,306
459,487,122,306
467,487,123,306
475,487,124,306
483,487,125,306
491,487,126,306
499,487,127,306
507,487,128,306
521,485,136,302
528,485,136,302
535,485,136,302
542,485,136,302
549,485,136,302
556,485,136,302
563,485,136,302
570,485,136,302
577,485,136,302
584,485,136,302
591,485,136,302
598,485,136,302
605,485,136,302
612,485,136,302
619,485,136,302
627,489,140,298
632,489,138,298
637,489,136,298
642,489,134,298
647,489,132,298
652,489,130,298
657,489,128,298
662,489,126,298
667,489,124,298
672,489,122,298
677,489,120,298
682,489,118,298
687,489,116,298
692,489,114,298
697,489,112,298
708,487,111,300
712,487,111,299
716,487,111,298
720,487,111,297
724,487,111,296
728,487,111,295
732,487,111,294
736,487,111,293
740,487,111,292
744,487,111,291
748,487,111,290
752,487,111,289
756,487,111,288
760,487,111,287
764,487,111,286
769,491,109,282
772,493,107,280
775,495,105,278
778,497,103,276
781,499,101,274
784,501,99,272
787,503,97,270
790,505,95,268
793,507,93,266
796,509,91,264
799,511,89,262
802,513,87,260
805,515,85,258
808,517,83,256
811,519,81,254
818,519,73,250
819,521,76,248
820,523,79,246
821,525,82,244
822,527,85,242
823,529,88,240
824,531,91,238
825,533,94,236
826,535,97,234
827,537,100,232
828,539,103,230
829,541,106,228
830,543,109,226
831,545,112,224
832,547,115,222
827,556,125,227
827,557,125,226
827,558,125,225
827,559,125,224
827,560,125,223
827,561,125,222
827,562,125,221
827,563,125,220
827,564,125,219
827,565,125,218
827,566,125,217
827,567,125,216
827,568,125,215
827,569,125,214
827,570,125,213
831,570,121,215
831,571,121,214
831,572,121,213
831,573,121,212
831,574,121,211
831,575,121,210
831,576,121,209
831,577,121,208
831,578,121,207
831,579,121,206
831,580,121,205
831,581,121,204
831,582,121,203
831,583,121,202
831,584,121,201
827,584,127,201
827,584,127,201
827,584,127,201
827,584,127,201
827,584,127,201
827,584,127,201
827,584,127,201
827,584,127,201
827,584,127,201
827,584,127,201
827,584,127,201
827,584,127,201
827,584,127,201
827,584,127,201
827,584,127,201
834,580,122,207
834,580,122,207
834,580,122,207
834,580,122,207
834,580,122,207
834,580,122,207
834,580,122,207
834,580,122,207
834,580,122,207
834,580,122,207
834,580,122,207
834,580,122,207
834,580,122,207
834,580,122,207
834,580,122,207
836,578,118,211
836,578,119,211
836,578,120,211
836,578,121,211
836,578,122,211
836,578,123,211
836,578,124,211
836,578,125,211
836,578,126,211
836,578,127,211
836,578,128,211
836,578,129,211
836,578,130,211
836,578,131,211
836,578,132,211
829,576,127,211
830,576,126,211
831,576,125,211
832,576,124,211
833,576,123,211
834,576,122,211
835,576,121,211
836,576,120,211
837,576,119,211
838,576,118,211
839,576,117,211
840,576,116,211
841,576,115,211
842,576,114,211
843,576,113,211
838,580,114,205
838,580,114,205
838,580,114,205
838,580,114,205
838,580,114,205
838,580,114,205
838,580,114,205
838,580,114,205
838,580,114,205
838,580,114,205
838,580,114,205
838,580,114,205
838,580,114,205
838,580,114,205
838,580,114,205
836,586,116,199
836,587,116,198
836,588,116,197
836,589,116,196
836,590,116,195
836,591,116,194
836,592,116,193
836,593,116,192
836,594,116,191
836,595,116,190
836,596,116,189
836,597,116,188
836,598,116,187
836,599,116,186
836,600,116,185
834,596,120,189
834,596,120,189
834,596,120,189
834,596,120,189
834,596,120,189
834,596,120,189
834,596,120,189
834,596,120,189
834,596,120,189
834,596,120,189
834,596,120,189
834,596,120,189
834,596,120,189
834,596,120,189
834,596,120,189
836,596,116,189
836,596,116,190
836,596,116,191
836,596,116,192
836,596,116,193
836,596,116,194
836,596,116,195
836,596,116,196
836,596,116,197
836,596,116,198
836,596,116,199
836,596,116,200
836,596,116,201
836,596,116,202
836,596,116,203
834,590,120,197
834,590,120,197
834,590,120,197
834,590,120,197
834,590,120,197
834,590,120,197
834,590,120,197
834,590,120,197
834,590,120,197
834,590,120,197
834,590,120,197
834,590,120,197
834,590,120,197
834,590,120,197
834,590,120,197
838,588,116,197
838,588,116,197
838,588,116,197
838,588,116,197
838,588,116,197
838,588,116,197
838,588,116,197
838,588,116,197
838,588,116,197
838,588,116,197
838,588,116,197
838,588,116,197
838,588,116,197
838,588,116,197
838,588,116,197
834,586,120,201
834,586,120,202
834,586,120,203
834,586,120,204
834,586,120,205
834,586,120,206
834,586,120,207
834,586,120,208
834,586,120,209
834,586,120,210
834,586,120,211
834,586,120,212
834,586,120,213
834,586,120,214
834,586,120,215
832,580,122,209
832,580,122,209
832,580,122,209
832,580,122,209
832,580,122,209
832,580,122,209
832,580,122,209
832,580,122,209
832,580,122,209
832,580,122,209
832,580,122,209
832,580,122,209
832,580,122,209
832,580,122,209
832,580,122,209
834,584,122,203
834,584,122,203
834,584,122,203
834,584,122,203
834,584,122,203
834,584,122,203
834,584,122,203
834,584,122,203
834,584,122,203
834,584,122,203
834,584,122,203
834,584,122,203
834,584,122,203
834,584,122,203
834,584,122,203
832,586,124,197
832,586,124,197
832,586,124,197
832,586,124,197
832,586,124,197
832,586,124,197
832,586,124,197
832,586,124,197
832,586,124,197
832,586,124,197
832,586,124,197
832,586,124,197
832,586,124,197
832,586,124,197
832,586,124,197
832,586,122,199
832,585,122,200
832,584,122,201
832,583,122,202
832,582,122,203
832,581,122,204
832,580,122,205
832,579,122,206
832,578,122,207
832,577,122,208
832,576,122,209
832,575,122,210
832,574,122,211
832,573,122,212
832,572,122,213
831,574,125,213
831,573,125,214
831,572,125,215
831,571,125,216
831,570,125,217
831,569,125,218
831,568,125,219
831,567,125,220
831,566,125,221
831,565,125,222
831,564,125,223
831,563,125,224
831,562,125,225
831,561,125,226
831,560,125,227
834,562,122,225
834,559,122,227
834,556,122,229
834,553,122,231
834,550,122,233
834,547,122,235
834,544,122,237
834,541,122,239
834,538,122,241
834,535,122,243
834,532,122,245
834,529,122,247
834,526,122,249
834,523,122,251
834,520,122,253
834,519,127,258
836,517,128,260
838,515,129,262
840,513,130,264
842,511,131,266
844,509,132,268
846,507,133,270
848,505,134,272
850,503,135,274
852,501,136,276
854,499,137,278
856,497,138,280
858,495,139,282
860,493,140,284
862,491,141,286
860,493,135,286
865,493,134,286
870,493,133,286
875,493,132,286
880,493,131,286
885,493,130,286
890,493,129,286
895,493,128,286
900,493,127,286
905,493,126,286
910,493,125,286
915,493,124,286
920,493,123,286
925,493,122,286
930,493,121,286
931,497,121,280
935,498,123,280
939,499,125,280
943,500,127,280
947,501,129,280
951,502,131,280
955,503,133,280
959,504,135,280
963,505,137,280
967,506,139,280
971,507,141,280
975,508,143,280
979,509,145,280
983,510,147,280
987,511,149,280
990,507,157,282
