484,639,67,223
489,639,68,223
494,639,69,223
499,639,70,223
504,639,71,223
509,639,72,223
514,639,73,223
519,639,74,223
524,639,75,223
529,639,76,223
534,639,77,223
539,639,78,223
544,639,79,223
549,639,80,223
554,639,81,223
555,646,76,220
561,646,75,220
567,646,74,220
573,646,73,220
579,646,72,220
585,646,71,220
591,646,70,220
597,646,69,220
603,646,68,220
609,646,67,220
615,646,66,220
621,646,65,220
627,646,64,220
633,646,63,220
639,646,62,220
643,648,62,219
649,648,64,218
655,648,66,217
661,648,68,216
667,648,70,215
673,648,72,214
679,648,74,213
685,648,76,212
691,648,78,211
697,648,80,210
703,648,82,209
709,648,84,208
715,648,86,207
721,648,88,206
727,648,90,205
726,646,94,210
731,646,93,210
736,646,92,210
741,646,91,210
746,646,90,210
751,646,89,210
756,646,88,210
761,646,87,210
766,646,86,210
771,646,85,210
776,646,84,210
781,646,83,210
786,646,82,210
791,646,81,210
796,646,80,210
797,644,77,211
800,644,77,211
803,644,77,211
806,644,77,211
809,644,77,211
812,644,77,211
815,644,77,211
818,644,77,211
821,644,77,211
824,644,77,211
827,644,77,211
830,644,77,211
833,644,77,211
836,644,77,211
839,644,77,211
846,642,74,209
849,643,74,208
852,644,74,207
855,645,74,206
858,646,74,205
861,647,74,204
864,648,74,203
867,649,74,202
870,650,74,201
873,651,74,200
876,652,74,199
879,653,74,198
882,654,74,197
885,655,74,196
888,656,74,195
888,652,68,188
889,654,69,186
890,656,70,184
891,658,71,182
892,660,72,180
893,662,73,178
894,664,74,176
895,666,75,174
896,668,76,172
897,670,77,170
898,672,78,168
899,674,79,166
900,676,80,164
901,678,81,162
902,680,82,160
904,683,86,157
904,684,86,156
904,685,86,155
904,686,86,154
904,687,86,153
904,688,86,152
904,689,86,151
904,690,86,150
904,691,86,149
904,692,86,148
904,693,86,147
904,694,86,146
904,695,86,145
904,696,86,144
904,697,86,143
908,701,93,144
908,701,93,144
908,701,93,144
908,701,93,144
908,701,93,144
908,701,93,144
908,701,93,144
908,701,93,144
908,701,93,144
908,701,93,144
908,701,93,144
908,701,93,144
908,701,93,144
908,701,93,144
908,701,93,144
910,707,91,142
910,707,91,142
910,707,91,142
910,707,91,142
910,707,91,142
910,707,91,142
910,707,91,142
910,707,91,142
910,707,91,142
910,707,91,142
910,707,91,142
910,707,91,142
910,707,91,142
910,707,91,142
910,707,91,142
911,707,90,142
911,707,90,142
911,707,90,142
911,707,90,142
911,707,90,142
911,707,90,142
911,707,90,142
911,707,90,142
911,707,90,142
911,707,90,142
911,707,90,142
911,707,90,142
911,707,90,142
911,707,90,142
911,707,90,142
911,710,90,139
911,710,90,139
911,710,90,139
911,710,90,139
911,710,90,139
911,710,90,139
911,710,90,139
911,710,90,139
911,710,90,139
911,710,90,139
911,710,90,139
911,710,90,139
911,710,90,139
911,710,90,139
911,710,90,139
910,714,93,137
910,714,93,137
910,714,93,137
910,714,93,137
910,714,93,137
910,714,93,137
910,714,93,137
910,714,93,137
910,714,93,137
910,714,93,137
910,714,93,137
910,714,93,137
910,714,93,137
910,714,93,137
910,714,93,137
915,710,88,137
915,710,88,137
915,710,88,137
915,710,88,137
915,710,88,137
915,710,88,137
915,710,88,137
915,710,88,137
915,710,88,137
915,710,88,137
915,710,88,137
915,710,88,137
915,710,88,137
915,710,88,137
915,710,88,137
915,712,90,137
915,713,90,136
915,714,90,135
915,715,90,134
915,716,90,133
915,717,90,132
915,718,90,131
915,719,90,130
915,720,90,129
915,721,90,128
915,722,90,127
915,723,90,126
915,724,90,125
915,725,90,124
915,726,90,123
913,720,94,125
913,720,94,125
913,720,94,125
913,720,94,125
913,720,94,125
913,720,94,125
913,720,94,125
913,720,94,125
913,720,94,125
913,720,94,125
913,720,94,125
913,720,94,125
913,720,94,125
913,720,94,125
913,720,94,125
911,720,94,129
911,720,94,129
911,720,94,129
911,720,94,129
911,720,94,129
911,720,94,129
911,720,94,129
911,720,94,129
911,720,94,129
911,720,94,129
911,720,94,129
911,720,94,129
911,720,94,129
911,720,94,129
911,720,94,129
913,716,90,131
913,716,90,132
913,716,90,133
913,716,90,134
913,716,90,135
913,716,90,136
913,716,90,137
913,716,90,138
913,716,90,139
913,716,90,140
913,716,90,141
913,716,90,142
913,716,90,143
913,716,90,144
913,716,90,145
915,710,90,141
915,710,90,141
915,710,90,141
915,710,90,141
915,710,90,141
915,710,90,141
915,710,90,141
915,710,90,141
915,710,90,141
915,710,90,141
915,710,90,141
915,710,90,141
915,710,90,141
915,710,90,141
915,710,90,141
911,710,94,135
911,710,94,135
911,710,94,135
911,710,94,135
911,710,94,135
911,710,94,135
911,710,94,135
911,710,94,135
911,710,94,135
911,710,94,135
911,710,94,135
911,710,94,135
911,710,94,135
911,710,94,135
911,710,94,135
911,710,92,135
911,710,92,135
911,710,92,135
911,710,92,135
911,710,92,135
911,710,92,135
911,710,92,135
911,710,92,135
911,710,92,135
911,710,92,135
911,710,92,135
911,710,92,135
911,710,92,135
911,710,92,135
911,710,92,135
910,710,95,135
910,710,95,135
910,710,95,135
910,710,95,135
910,710,95,135
910,710,95,135
910,710,95,135
910,710,95,135
910,710,95,135
910,710,95,135
910,710,95,135
910,710,95,135
910,710,95,135
910,710,95,135
910,710,95,135
910,712,93,139
910,712,93,139
910,712,93,139
910,712,93,139
910,712,93,139
910,712,93,139
910,712,93,139
910,712,93,139
910,712,93,139
910,712,93,139
910,712,93,139
910,712,93,139
910,712,93,139
910,712,93,139
910,712,93,139
913,712,92,135
913,712,92,135
913,712,92,135
913,712,92,135
913,712,92,135
913,712,92,135
913,712,92,135
913,712,92,135
913,712,92,135
913,712,92,135
913,712,92,135
913,712,92,135
913,712,92,135
913,712,92,135
913,712,92,135
911,712,92,137
911,711,92,138
911,710,92,139
911,709,92,140
911,708,92,141
911,707,92,142
911,706,92,143
911,705,92,144
911,704,92,145
911,703,92,146
911,702,92,147
911,701,92,148
911,700,92,149
911,699,92,150
911,698,92,151
913,699,90,148
913,696,90,150
913,693,90,152
913,690,90,154
913,687,90,156
913,684,90,158
913,681,90,160
913,678,90,162
913,675,90,164
913,672,90,166
913,669,90,168
913,666,90,170
913,663,90,172
913,660,90,174
913,657,90,176
919,661,90,181
920,660,90,182
921,659,90,183
922,658,90,184
923,657,90,185
924,656,90,186
925,655,90,187
926,654,90,188
927,653,90,189
928,652,90,190
929,651,90,191
930,650,90,192
931,649,90,193
932,648,90,194
933,647,90,195
940,642,89,200
944,642,89,200
948,642,89,200
952,642,89,200
956,642,89,200
960,642,89,200
964,642,89,200
968,642,89,200
972,642,89,200
976,642,89,200
980,642,89,200
984,642,89,200
988,642,89,200
992,642,89,200
996,642,89,200
993,646,83,194
