350,442,99,249
349,442,100,248
348,442,101,247
347,442,102,246
346,442,103,245
345,442,104,244
344,442,105,243
343,442,106,242
342,442,107,241
341,442,108,240
340,442,109,239
339,442,110,238
338,442,111,237
337,442,112,236
336,442,113,235
338,440,112,240
339,440,111,240
340,440,110,240
341,440,109,240
342,440,108,240
343,440,107,240
344,440,106,240
345,440,105,240
346,440,104,240
347,440,103,240
348,440,102,240
349,440,101,240
350,440,100,240
351,440,99,240
352,440,98,240
358,437,92,239
358,437,92,238
358,437,92,237
358,437,92,236
358,437,92,235
358,437,92,234
358,437,92,233
358,437,92,232
358,437,92,231
358,437,92,230
358,437,92,229
358,437,92,228
358,437,92,227
358,437,92,226
358,437,92,225
352,440,95,230
352,442,97,227
352,444,99,224
352,446,101,221
352,448,103,218
352,450,105,215
352,452,107,212
352,454,109,209
352,456,111,206
352,458,113,203
352,460,115,200
352,462,117,197
352,464,119,194
352,466,121,191
352,468,123,188
350,469,124,191
352,470,122,190
354,471,120,189
356,472,118,188
358,473,116,187
360,474,114,186
362,475,112,185
364,476,110,184
366,477,108,183
368,478,106,182
370,479,104,181
372,480,102,180
374,481,100,179
376,482,98,178
378,483,96,177
377,480,97,182
381,479,97,183
385,478,97,184
389,477,97,185
393,476,97,186
397,475,97,187
401,474,97,188
405,473,97,189
409,472,97,190
413,471,97,191
417,470,97,192
421,469,97,193
425,468,97,194
429,467,97,195
433,466,97,196
431,468,90,194
435,469,93,193
439,470,96,192
443,471,99,191
447,472,102,190
451,473,105,189
455,474,108,188
459,475,111,187
463,476,114,186
467,477,117,185
471,478,120,184
475,479,123,183
479,480,126,182
483,481,129,181
487,482,132,180
484,480,130,179
486,482,128,177
488,484,126,175
490,486,124,173
492,488,122,171
494,490,120,169
496,492,118,167
498,494,116,165
500,496,114,163
502,498,112,161
504,500,110,159
506,502,108,157
508,504,106,155
510,506,104,153
512,508,102,151
516,507,102,149
516,507,102,149
516,507,102,149
516,507,102,149
516,507,102,149
516,507,102,149
516,507,102,149
516,507,102,149
516,507,102,149
516,507,102,149
516,507,102,149
516,507,102,149
516,507,102,149
516,507,102,149
516,507,102,149
511,510,109,146
511,510,109,146
511,510,109,146
511,510,109,146
511,510,109,146
511,510,109,146
511,510,109,146
511,510,109,146
511,510,109,146
511,510,109,146
511,510,109,146
511,510,109,146
511,510,109,146
511,510,109,146
511,510,109,146
514,508,106,149
514,508,106,149
514,508,106,149
514,508,106,149
514,508,106,149
514,508,106,149
514,508,106,149
514,508,106,149
514,508,106,149
514,508,106,149
514,508,106,149
514,508,106,149
514,508,106,149
514,508,106,149
514,508,106,149
512,508,109,151
512,508,109,151
512,508,109,151
512,508,109,151
512,508,109,151
512,508,109,151
512,508,109,151
512,508,109,151
512,508,109,151
512,508,109,151
512,508,109,151
512,508,109,151
512,508,109,151
512,508,109,151
512,508,109,151
516,508,107,148
516,509,107,147
516,510,107,146
516,511,107,145
516,512,107,144
516,513,107,143
516,514,107,142
516,515,107,141
516,516,107,140
516,517,107,139
516,518,107,138
516,519,107,137
516,520,107,136
516,521,107,135
516,522,107,134
514,519,104,137
514,519,104,137
514,519,104,137
514,519,104,137
514,519,104,137
514,519,104,137
514,519,104,137
514,519,104,137
514,519,104,137
514,519,104,137
514,519,104,137
514,519,104,137
514,519,104,137
514,519,104,137
514,519,104,137
514,521,106,136
514,521,106,136
514,521,106,136
514,521,106,136
514,521,106,136
514,521,106,136
514,521,106,136
514,521,106,136
514,521,106,136
514,521,106,136
514,521,106,136
514,521,106,136
514,521,106,136
514,521,106,136
514,521,106,136
511,518,110,141
511,517,110,141
511,516,110,141
511,515,110,141
511,514,110,141
511,513,110,141
511,512,110,141
511,511,110,141
511,510,110,141
511,509,110,141
511,508,110,141
511,507,110,141
511,506,110,141
511,505,110,141
511,504,110,141
514,510,106,146
514,510,106,146
514,510,106,146
514,510,106,146
514,510,106,146
514,510,106,146
514,510,106,146
514,510,106,146
514,510,106,146
514,510,106,146
514,510,106,146
514,510,106,146
514,510,106,146
514,510,106,146
514,510,106,146
512,510,106,144
512,510,106,144
512,510,106,144
512,510,106,144
512,510,106,144
512,510,106,144
512,510,106,144
512,510,106,144
512,510,106,144
512,510,106,144
512,510,106,144
512,510,106,144
512,510,106,144
512,510,106,144
512,510,106,144
514,510,104,147
514,510,104,147
514,510,104,147
514,510,104,147
514,510,104,147
514,510,104,147
514,510,104,147
514,510,104,147
514,510,104,147
514,510,104,147
514,510,104,147
514,510,104,147
514,510,104,147
514,510,104,147
514,510,104,147
516,505,102,152
516,505,103,152
516,505,104,152
516,505,105,152
516,505,106,152
516,505,107,152
516,505,108,152
516,505,109,152
516,505,110,152
516,505,111,152
516,505,112,152
516,505,113,152
516,505,114,152
516,505,115,152
516,505,116,152
509,508,112,151
509,509,112,151
509,510,112,151
509,511,112,151
509,512,112,151
509,513,112,151
509,514,112,151
509,515,112,151
509,516,112,151
509,517,112,151
509,518,112,151
509,519,112,151
509,520,112,151
509,521,112,151
509,522,112,151
512,516,108,144
512,516,108,144
512,516,108,144
512,516,108,144
512,516,108,144
512,516,108,144
512,516,108,144
512,516,108,144
512,516,108,144
512,516,108,144
512,516,108,144
512,516,108,144
512,516,108,144
512,516,108,144
512,516,108,144
518,513,102,144
518,513,102,144
518,513,102,144
518,513,102,144
518,513,102,144
518,513,102,144
518,513,102,144
518,513,102,144
518,513,102,144
518,513,102,144
518,513,102,144
518,513,102,144
518,513,102,144
518,513,102,144
518,513,102,144
516,511,104,145
516,511,104,145
516,511,104,145
516,511,104,145
516,511,104,145
516,511,104,145
516,511,104,145
516,511,104,145
516,511,104,145
516,511,104,145
516,511,104,145
516,511,104,145
516,511,104,145
516,511,104,145
516,511,104,145
514,511,104,146
514,511,104,147
514,511,104,148
514,511,104,149
514,511,104,150
514,511,104,151
514,511,104,152
514,511,104,153
514,511,104,154
514,511,104,155
514,511,104,156
514,511,104,157
514,511,104,158
514,511,104,159
514,511,104,160
514,504,106,155
514,501,106,158
514,498,106,161
514,495,106,164
514,492,106,167
514,489,106,170
514,486,106,173
514,483,106,176
514,480,106,179
514,477,106,182
514,474,106,185
514,471,106,188
514,468,106,191
514,465,106,194
514,462,106,197
512,462,108,195
513,460,107,197
514,458,106,199
515,456,105,201
516,454,104,203
517,452,103,205
518,450,102,207
519,448,101,209
520,446,100,211
521,444,99,213
522,442,98,215
523,440,97,217
524,438,96,219
525,436,95,221
526,434,94,223
530,431,90,229
530,431,90,229
530,431,90,229
530,431,90,229
530,431,90,229
530,431,90,229
530,431,90,229
530,431,90,229
530,431,90,229
530,431,90,229
530,431,90,229
530,431,90,229
530,431,90,229
530,431,90,229
530,431,90,229
530,425,93,235
531,425,93,235
532,425,93,235
533,425,93,235
534,425,93,235
535,425,93,235
536,425,93,235
537,425,93,235
538,425,93,235
539,425,93,235
540,425,93,235
541,425,93,235
542,425,93,235
543,425,93,235
544,425,93,235
539,427,86,240
540,427,89,240
541,427,92,240
542,427,95,240
543,427,98,240
544,427,101,240
545,427,104,240
546,427,107,240
547,427,110,240
548,427,113,240
549,427,116,240
550,427,119,240
551,427,122,240
552,427,125,240
553,427,128,240
547,428,126,239
