220,334,122,302
222,333,120,303
224,332,118,304
226,331,116,305
228,330,114,306
230,329,112,307
232,328,110,308
234,327,108,309
236,326,106,310
238,325,104,311
240,324,102,312
242,323,100,313
244,322,98,314
246,321,96,315
248,320,94,316
247,325,91,311
247,325,91,310
247,325,91,309
247,325,91,308
247,325,91,307
247,325,91,306
247,325,91,305
247,325,91,304
247,325,91,303
247,325,91,302
247,325,91,301
247,325,91,300
247,325,91,299
247,325,91,298
247,325,91,297
243,327,95,297
242,328,97,295
241,329,99,293
240,330,101,291
239,331,103,289
238,332,105,287
237,333,107,285
236,334,109,283
235,335,111,281
234,336,113,279
233,337,115,277
232,338,117,275
231,339,119,273
230,340,121,271
229,341,123,269
224,347,122,271
225,350,122,269
226,353,122,267
227,356,122,265
228,359,122,263
229,362,122,261
230,365,122,259
231,368,122,257
232,371,122,255
233,374,122,253
234,377,122,251
235,380,122,249
236,383,122,247
237,386,122,245
238,389,122,243
245,386,128,234
249,386,127,234
253,386,126,234
257,386,125,234
261,386,124,234
265,386,123,234
269,386,122,234
273,386,121,234
277,386,120,234
281,386,119,234
285,386,118,234
289,386,117,234
293,386,116,234
297,386,115,234
301,386,114,234
305,380,110,240
309,380,110,240
313,380,110,240
317,380,110,240
321,380,110,240
325,380,110,240
329,380,110,240
333,380,110,240
337,380,110,240
341,380,110,240
345,380,110,240
349,380,110,240
353,380,110,240
357,380,110,240
361,380,110,240
368,382,107,238
371,385,109,236
374,388,111,234
377,391,113,232
380,394,115,230
383,397,117,228
386,400,119,226
389,403,121,224
392,406,123,222
395,409,125,220
398,412,127,218
401,415,129,216
404,418,131,214
407,421,133,212
410,424,135,210
416,421,134,210
416,422,134,209
416,423,134,208
416,424,134,207
416,425,134,206
416,426,134,205
416,427,134,204
416,428,134,203
416,429,134,202
416,430,134,201
416,431,134,200
416,432,134,199
416,433,134,198
416,434,134,197
416,435,134,196
418,434,130,193
418,434,131,193
418,434,132,193
418,434,133,193
418,434,134,193
418,434,135,193
418,434,136,193
418,434,137,193
418,434,138,193
418,434,139,193
418,434,140,193
418,434,141,193
418,434,142,193
418,434,143,193
418,434,144,193
414,437,138,190
414,437,138,190
414,437,138,190
414,437,138,190
414,437,138,190
414,437,138,190
414,437,138,190
414,437,138,190
414,437,138,190
414,437,138,190
414,437,138,190
414,437,138,190
414,437,138,190
414,437,138,190
414,437,138,190
410,432,138,197
411,432,138,196
412,432,138,195
413,432,138,194
414,432,138,193
415,432,138,192
416,432,138,191
417,432,138,190
418,432,138,189
419,432,138,188
420,432,138,187
421,432,138,186
422,432,138,185
423,432,138,184
424,432,138,183
418,436,132,188
418,437,132,187
418,438,132,186
418,439,132,185
418,440,132,184
418,441,132,183
418,442,132,182
418,443,132,181
418,444,132,180
418,445,132,179
418,446,132,178
418,447,132,177
418,448,132,176
418,449,132,175
418,450,132,174
416,445,134,179
416,445,134,179
416,445,134,179
416,445,134,179
416,445,134,179
416,445,134,179
416,445,134,179
416,445,134,179
416,445,134,179
416,445,134,179
416,445,134,179
416,445,134,179
416,445,134,179
416,445,134,179
416,445,134,179
416,448,130,176
416,448,130,176
416,448,130,176
416,448,130,176
416,448,130,176
416,448,130,176
416,448,130,176
416,448,130,176
416,448,130,176
416,448,130,176
416,448,130,176
416,448,130,176
416,448,130,176
416,448,130,176
416,448,130,176
420,452,126,173
420,451,126,174
420,450,126,175
420,449,126,176
420,448,126,177
420,447,126,178
420,446,126,179
420,445,126,180
420,444,126,181
420,443,126,182
420,442,126,183
420,441,126,184
420,440,126,185
420,439,126,186
420,438,126,187
420,443,128,181
420,443,128,181
420,443,128,181
420,443,128,181
420,443,128,181
420,443,128,181
420,443,128,181
420,443,128,181
420,443,128,181
420,443,128,181
420,443,128,181
420,443,128,181
420,443,128,181
420,443,128,181
420,443,128,181
418,441,130,184
418,441,130,184
418,441,130,184
418,441,130,184
418,441,130,184
418,441,130,184
418,441,130,184
418,441,130,184
418,441,130,184
418,441,130,184
418,441,130,184
418,441,130,184
418,441,130,184
418,441,130,184
418,441,130,184
420,439,132,186
420,439,132,186
420,439,132,186
420,439,132,186
420,439,132,186
420,439,132,186
420,439,132,186
420,439,132,186
420,439,132,186
420,439,132,186
420,439,132,186
420,439,132,186
420,439,132,186
420,439,132,186
420,439,132,186
416,436,134,189
416,436,134,189
416,436,134,189
416,436,134,189
416,436,134,189
416,436,134,189
416,436,134,189
416,436,134,189
416,436,134,189
416,436,134,189
416,436,134,189
416,436,134,189
416,436,134,189
416,436,134,189
416,436,134,189
416,434,134,190
416,435,134,189
416,436,134,188
416,437,134,187
416,438,134,186
416,439,134,185
416,440,134,184
416,441,134,183
416,442,134,182
416,443,134,181
416,444,134,180
416,445,134,179
416,446,134,178
416,447,134,177
416,448,134,176
414,445,134,177
414,445,134,177
414,445,134,177
414,445,134,177
414,445,134,177
414,445,134,177
414,445,134,177
414,445,134,177
414,445,134,177
414,445,134,177
414,445,134,177
414,445,134,177
414,445,134,177
414,445,134,177
414,445,134,177
412,441,136,183
412,441,136,183
412,441,136,183
412,441,136,183
412,441,136,183
412,441,136,183
412,441,136,183
412,441,136,183
412,441,136,183
412,441,136,183
412,441,136,183
412,441,136,183
412,441,136,183
412,441,136,183
412,441,136,183
416,439,134,186
416,439,134,186
416,439,134,186
416,439,134,186
416,439,134,186
416,439,134,186
416,439,134,186
416,439,134,186
416,439,134,186
416,439,134,186
416,439,134,186
416,439,134,186
416,439,134,186
416,439,134,186
416,439,134,186
418,436,130,193
418,436,130,193
418,436,130,193
418,436,130,193
418,436,130,193
418,436,130,193
418,436,130,193
418,436,130,193
418,436,130,193
418,436,130,193
418,436,130,193
418,436,130,193
418,436,130,193
418,436,130,193
418,436,130,193
418,436,130,188
418,434,130,190
418,432,130,192
418,430,130,194
418,428,130,196
418,426,130,198
418,424,130,200
418,422,130,202
418,420,130,204
418,418,130,206
418,416,130,208
418,414,130,210
418,412,130,212
418,410,130,214
418,408,130,216
414,405,136,219
416,401,134,223
418,397,132,227
420,393,130,231
422,389,128,235
424,385,126,239
426,381,124,243
428,377,122,247
430,373,120,251
432,369,118,255
434,365,116,259
436,361,114,263
438,357,112,267
440,353,110,271
442,349,108,275
448,347,102,277
448,346,103,278
448,345,104,279
448,344,105,280
448,343,106,281
448,342,107,282
448,341,108,283
448,340,109,284
448,339,110,285
448,338,111,286
448,337,112,287
448,336,113,288
448,335,114,289
448,334,115,290
448,333,116,291
446,332,118,297
448,332,116,297
450,332,114,297
452,332,112,297
454,332,110,297
456,332,108,297
458,332,106,297
460,332,104,297
462,332,102,297
464,332,100,297
466,332,98,297
468,332,96,297
470,332,94,297
472,332,92,297
474,332,90,297
472,338,92,300
472,338,94,300
472,338,96,300
472,338,98,300
472,338,100,300
472,338,102,300
472,338,104,300
472,338,106,300
472,338,108,300
472,338,110,300
472,338,112,300
472,338,114,300
472,338,116,300
472,338,118,300
472,338,120,300
474,338,124,302
476,338,124,301
478,338,124,300
480,338,124,299
482,338,124,298
484,338,124,297
486,338,124,296
488,338,124,295
490,338,124,294
492,338,124,293
494,338,124,292
496,338,124,291
498,338,124,290
500,338,124,289
502,338,124,288
509,341,120,293
