469,505,96,226
470,505,96,226
471,505,96,226
472,505,96,226
473,505,96,226
474,505,96,226
475,505,96,226
476,505,96,226
477,505,96,226
478,505,96,226
479,505,96,226
480,505,96,226
481,505,96,226
482,505,96,226
483,505,96,226
480,508,89,219
480,508,89,219
480,508,89,219
480,508,89,219
480,508,89,219
480,508,89,219
480,508,89,219
480,508,89,219
480,508,89,219
480,508,89,219
480,508,89,219
480,508,89,219
480,508,89,219
480,508,89,219
480,508,89,219
477,505,84,216
478,505,83,215
479,505,82,214
480,505,81,213
481,505,80,212
482,505,79,211
483,505,78,210
484,505,77,209
485,505,76,208
486,505,75,207
487,505,74,206
488,505,73,205
489,505,72,204
490,505,71,203
491,505,70,202
493,505,65,208
492,506,67,207
491,507,69,206
490,508,71,205
489,509,73,204
488,510,75,203
487,511,77,202
486,512,79,201
485,513,81,200
484,514,83,199
483,515,85,198
482,516,87,197
481,517,89,196
480,518,91,195
479,519,93,194
477,514,88,195
478,516,88,193
479,518,88,191
480,520,88,189
481,522,88,187
482,524,88,185
483,526,88,183
484,528,88,181
485,530,88,179
486,532,88,177
487,534,88,175
488,536,88,173
489,538,88,171
490,540,88,169
491,542,88,167
495,546,90,164
498,546,89,164
501,546,88,164
504,546,87,164
507,546,86,164
510,546,85,164
513,546,84,164
516,546,83,164
519,546,82,164
522,546,81,164
525,546,80,164
528,546,79,164
531,546,78,164
534,546,77,164
537,546,76,164
542,541,77,166
546,542,79,166
550,543,81,166
554,544,83,166
558,545,85,166
562,546,87,166
566,547,89,166
570,548,91,166
574,549,93,166
578,550,95,166
582,551,97,166
586,552,99,166
590,553,101,166
594,554,103,166
598,555,105,166
596,549,110,160
597,551,109,158
598,553,108,156
599,555,107,154
600,557,106,152
601,559,105,150
602,561,104,148
603,563,103,146
604,565,102,144
605,567,101,142
606,569,100,140
607,571,99,138
608,573,98,136
609,575,97,134
610,577,96,132
618,576,96,136
618,576,96,136
618,576,96,136
618,576,96,136
618,576,96,136
618,576,96,136
618,576,96,136
618,576,96,136
618,576,96,136
618,576,96,136
618,576,96,136
618,576,96,136
618,576,96,136
618,576,96,136
618,576,96,136
620,579,97,133
620,579,97,133
620,579,97,133
620,579,97,133
620,579,97,133
620,579,97,133
620,579,97,133
620,579,97,133
620,579,97,133
620,579,97,133
620,579,97,133
620,579,97,133
620,579,97,133
620,579,97,133
620,579,97,133
614,577,101,136
614,577,101,136
614,577,101,136
614,577,101,136
614,577,101,136
614,577,101,136
614,577,101,136
614,577,101,136
614,577,101,136
614,577,101,136
614,577,101,136
614,577,101,136
614,577,101,136
614,577,101,136
614,577,101,136
618,576,99,134
618,577,99,134
618,578,99,134
618,579,99,134
618,580,99,134
618,581,99,134
618,582,99,134
618,583,99,134
618,584,99,134
618,585,99,134
618,586,99,134
618,587,99,134
618,588,99,134
618,589,99,134
618,590,99,134
622,586,95,127
622,586,95,127
622,586,95,127
622,586,95,127
622,586,95,127
622,586,95,127
622,586,95,127
622,586,95,127
622,586,95,127
622,586,95,127
622,586,95,127
622,586,95,127
622,586,95,127
622,586,95,127
622,586,95,127
620,585,94,125
620,585,94,125
620,585,94,125
620,585,94,125
620,585,94,125
620,585,94,125
620,585,94,125
620,585,94,125
620,585,94,125
620,585,94,125
620,585,94,125
620,585,94,125
620,585,94,125
620,585,94,125
620,585,94,125
620,588,94,121
620,588,94,121
620,588,94,121
620,588,94,121
620,588,94,121
620,588,94,121
620,588,94,121
620,588,94,121
620,588,94,121
620,588,94,121
620,588,94,121
620,588,94,121
620,588,94,121
620,588,94,121
620,588,94,121
618,582,99,128
618,582,99,128
618,582,99,128
618,582,99,128
618,582,99,128
618,582,99,128
618,582,99,128
618,582,99,128
618,582,99,128
618,582,99,128
618,582,99,128
618,582,99,128
618,582,99,128
618,582,99,128
618,582,99,128
616,580,99,135
616,580,99,135
616,580,99,135
616,580,99,135
616,580,99,135
616,580,99,135
616,580,99,135
616,580,99,135
616,580,99,135
616,580,99,135
616,580,99,135
616,580,99,135
616,580,99,135
616,580,99,135
616,580,99,135
614,576,100,134
614,576,100,134
614,576,100,134
614,576,100,134
614,576,100,134
614,576,100,134
614,576,100,134
614,576,100,134
614,576,100,134
614,576,100,134
614,576,100,134
614,576,100,134
614,576,100,134
614,576,100,134
614,576,100,134
620,580,95,130
620,580,95,130
620,580,95,130
620,580,95,130
620,580,95,130
620,580,95,130
620,580,95,130
620,580,95,130
620,580,95,130
620,580,95,130
620,580,95,130
620,580,95,130
620,580,95,130
620,580,95,130
620,580,95,130
620,583,99,129
620,583,99,129
620,583,99,129
620,583,99,129
620,583,99,129
620,583,99,129
620,583,99,129
620,583,99,129
620,583,99,129
620,583,99,129
620,583,99,129
620,583,99,129
620,583,99,129
620,583,99,129
620,583,99,129
618,582,99,130
618,582,99,130
618,582,99,130
618,582,99,130
618,582,99,130
618,582,99,130
618,582,99,130
618,582,99,130
618,582,99,130
618,582,99,130
618,582,99,130
618,582,99,130
618,582,99,130
618,582,99,130
618,582,99,130
620,580,92,133
620,580,92,133
620,580,92,133
620,580,92,133
620,580,92,133
620,580,92,133
620,580,92,133
620,580,92,133
620,580,92,133
620,580,92,133
620,580,92,133
620,580,92,133
620,580,92,133
620,580,92,133
620,580,92,133
620,577,99,133
620,577,99,133
620,577,99,133
620,577,99,133
620,577,99,133
620,577,99,133
620,577,99,133
620,577,99,133
620,577,99,133
620,577,99,133
620,577,99,133
620,577,99,133
620,577,99,133
620,577,99,133
620,577,99,133
618,577,97,133
618,574,97,136
618,571,97,139
618,568,97,142
618,565,97,145
618,562,97,148
618,559,97,151
618,556,97,154
618,553,97,157
618,550,97,160
618,547,97,163
618,544,97,166
618,541,97,169
618,538,97,172
618,535,97,175
618,531,97,179
619,529,96,181
620,527,95,183
621,525,94,185
622,523,93,187
623,521,92,189
624,519,91,191
625,517,90,193
626,515,89,195
627,513,88,197
628,511,87,199
629,509,86,201
630,507,85,203
631,505,84,205
632,503,83,207
638,507,77,208
639,507,75,208
640,507,73,208
641,507,71,208
642,507,69,208
643,507,67,208
644,507,65,208
645,507,63,208
646,507,61,208
647,507,59,208
648,507,57,208
649,507,55,208
650,507,53,208
651,507,51,208
652,507,49,208
659,505,53,214
