222,435,96,251
226,435,96,251
230,435,96,251
234,435,96,251
238,435,96,251
242,435,96,251
246,435,96,251
250,435,96,251
254,435,96,251
258,435,96,251
262,435,96,251
266,435,96,251
270,435,96,251
274,435,96,251
278,435,96,251
282,438,103,252
286,438,104,252
290,438,105,252
294,438,106,252
298,438,107,252
302,438,108,252
306,438,109,252
310,438,110,252
314,438,111,252
318,438,112,252
322,438,113,252
326,438,114,252
330,438,115,252
334,438,116,252
338,438,117,252
347,435,124,256
352,435,123,256
357,435,122,256
362,435,121,256
367,435,120,256
372,435,119,256
377,435,118,256
382,435,117,256
387,435,116,256
392,435,115,256
397,435,114,256
402,435,113,256
407,435,112,256
412,435,111,256
417,435,110,256
426,433,106,255
431,432,105,255
436,431,104,255
441,430,103,255
446,429,102,255
451,428,101,255
456,427,100,255
461,426,99,255
466,425,98,255
471,424,97,255
476,423,96,255
481,422,95,255
486,421,94,255
491,420,93,255
496,419,92,255
497,425,94,252
502,425,93,252
507,425,92,252
512,425,91,252
517,425,90,252
522,425,89,252
527,425,88,252
532,425,87,252
537,425,86,252
542,425,85,252
547,425,84,252
552,425,83,252
557,425,82,252
562,425,81,252
567,425,80,252
578,427,73,246
583,427,74,246
588,427,75,246
593,427,76,246
598,427,77,246
603,427,78,246
608,427,79,246
613,427,80,246
618,427,81,246
623,427,82,246
628,427,83,246
633,427,84,246
638,427,85,246
643,427,86,246
648,427,87,246
656,429,94,239
661,429,94,239
666,429,94,239
671,429,94,239
676,429,94,239
681,429,94,239
686,429,94,239
691,429,94,239
696,429,94,239
701,429,94,239
706,429,94,239
711,429,94,239
716,429,94,239
721,429,94,239
726,429,94,239
729,435,98,236
734,435,97,236
739,435,96,236
744,435,95,236
749,435,94,236
754,435,93,236
759,435,92,236
764,435,91,236
769,435,90,236
774,435,89,236
779,435,88,236
784,435,87,236
789,435,86,236
794,435,85,236
799,435,84,236
800,429,90,239
804,428,91,240
808,427,92,241
812,426,93,242
816,425,94,243
820,424,95,244
824,423,96,245
828,422,97,246
832,421,98,247
836,420,99,248
840,419,100,249
844,418,101,250
848,417,102,251
852,416,103,252
856,415,104,253
860,407,109,259
864,410,107,256
868,413,105,253
872,416,103,250
876,419,101,247
880,422,99,244
884,425,97,241
888,428,95,238
892,431,93,235
896,434,91,232
900,437,89,229
904,440,87,226
908,443,85,223
912,446,83,220
916,449,81,217
923,446,84,211
925,449,86,208
927,452,88,205
929,455,90,202
931,458,92,199
933,461,94,196
935,464,96,193
937,467,98,190
939,470,100,187
941,473,102,184
943,476,104,181
945,479,106,178
947,482,108,175
949,485,110,172
951,488,112,169
947,488,117,165
948,489,116,164
949,490,115,163
950,491,114,162
951,492,113,161
952,493,112,160
953,494,111,159
954,495,110,158
955,496,109,157
956,497,108,156
957,498,107,155
958,499,106,154
959,500,105,153
960,501,104,152
961,502,103,151
962,504,96,147
962,504,96,147
962,504,96,147
962,504,96,147
962,504,96,147
962,504,96,147
962,504,96,147
962,504,96,147
962,504,96,147
962,504,96,147
962,504,96,147
962,504,96,147
962,504,96,147
962,504,96,147
962,504,96,147
962,504,98,153
962,504,98,153
962,504,98,153
962,504,98,153
962,504,98,153
962,504,98,153
962,504,98,153
962,504,98,153
962,504,98,153
962,504,98,153
962,504,98,153
962,504,98,153
962,504,98,153
962,504,98,153
962,504,98,153
962,499,98,158
962,499,98,158
962,499,98,158
962,499,98,158
962,499,98,158
962,499,98,158
962,499,98,158
962,499,98,158
962,499,98,158
962,499,98,158
962,499,98,158
962,499,98,158
962,499,98,158
962,499,98,158
962,499,98,158
964,495,98,160
964,495,98,160
964,495,98,160
964,495,98,160
964,495,98,160
964,495,98,160
964,495,98,160
964,495,98,160
964,495,98,160
964,495,98,160
964,495,98,160
964,495,98,160
964,495,98,160
964,495,98,160
964,495,98,160
962,499,100,156
962,499,100,156
962,499,100,156
962,499,100,156
962,499,100,156
962,499,100,156
962,499,100,156
962,499,100,156
962,499,100,156
962,499,100,156
962,499,100,156
962,499,100,156
962,499,100,156
962,499,100,156
962,499,100,156
960,497,100,163
960,497,100,163
960,497,100,163
960,497,100,163
960,497,100,163
960,497,100,163
960,497,100,163
960,497,100,163
960,497,100,163
960,497,100,163
960,497,100,163
960,497,100,163
960,497,100,163
960,497,100,163
960,497,100,163
962,495,100,162
962,496,100,161
962,497,100,160
962,498,100,159
962,499,100,158
962,500,100,157
962,501,100,156
962,502,100,155
962,503,100,154
962,504,100,153
962,505,100,152
962,506,100,151
962,507,100,150
962,508,100,149
962,509,100,148
962,506,100,153
962,506,100,153
962,506,100,153
962,506,100,153
962,506,100,153
962,506,100,153
962,506,100,153
962,506,100,153
962,506,100,153
962,506,100,153
962,506,100,153
962,506,100,153
962,506,100,153
962,506,100,153
962,506,100,153
957,506,105,147
957,506,105,147
957,506,105,147
957,506,105,147
957,506,105,147
957,506,105,147
957,506,105,147
957,506,105,147
957,506,105,147
957,506,105,147
957,506,105,147
957,506,105,147
957,506,105,147
957,506,105,147
957,506,105,147
955,513,103,144
955,512,103,145
955,511,103,146
955,510,103,147
955,509,103,148
955,508,103,149
955,507,103,150
955,506,103,151
955,505,103,152
955,504,103,153
955,503,103,154
955,502,103,155
955,501,103,156
955,500,103,157
955,499,103,158
955,495,109,162
955,495,109,162
955,495,109,162
955,495,109,162
955,495,109,162
955,495,109,162
955,495,109,162
955,495,109,162
955,495,109,162
955,495,109,162
955,495,109,162
955,495,109,162
955,495,109,162
955,495,109,162
955,495,109,162
951,500,113,159
951,500,113,158
951,500,113,157
951,500,113,156
951,500,113,155
951,500,113,154
951,500,113,153
951,500,113,152
951,500,113,151
951,500,113,150
951,500,113,149
951,500,113,148
951,500,113,147
951,500,113,146
951,500,113,145
951,504,111,151
951,502,111,153
951,500,111,155
951,498,111,157
951,496,111,159
951,494,111,161
951,492,111,163
951,490,111,165
951,488,111,167
951,486,111,169
951,484,111,171
951,482,111,173
951,480,111,175
951,478,111,177
951,476,111,179
955,471,107,184
955,469,109,187
955,467,111,190
955,465,113,193
955,463,115,196
955,461,117,199
955,459,119,202
955,457,121,205
955,455,123,208
955,453,125,211
955,451,127,214
955,449,129,217
955,447,131,220
955,445,133,223
955,443,135,226
955,435,135,222
959,434,132,223
963,433,129,224
967,432,126,225
971,431,123,226
975,430,120,227
979,429,117,228
983,428,114,229
987,427,111,230
991,426,108,231
995,425,105,232
999,424,102,233
1003,423,99,234
1007,422,96,235
1011,421,93,236
1022,420,90,244
1025,420,91,244
1028,420,92,244
1031,420,93,244
1034,420,94,244
1037,420,95,244
1040,420,96,244
1043,420,97,244
1046,420,98,244
1049,420,99,244
1052,420,100,244
1055,420,101,244
1058,420,102,244
1061,420,103,244
1064,420,104,244
1063,420,112,250
1067,420,112,250
1071,420,112,250
1075,420,112,250
1079,420,112,250
1083,420,112,250
1087,420,112,250
1091,420,112,250
1095,420,112,250
1099,420,112,250
1103,420,112,250
1107,420,112,250
1111,420,112,250
1115,420,112,250
1119,420,112,250
1127,424,112,255
1133,423,109,255
1139,422,106,255
1145,421,103,255
1151,420,100,255
1157,419,97,255
1163,418,94,255
1169,417,91,255
1175,416,88,255
1181,415,85,255
1187,414,82,255
1193,413,79,255
1199,412,76,255
1205,411,73,255
1211,410,70,255
1216,416,70,250
