215,626,99,209
219,626,98,210
223,626,97,211
227,626,96,212
231,626,95,213
235,626,94,214
239,626,93,215
243,626,92,216
247,626,91,217
251,626,90,218
255,626,89,219
259,626,88,220
263,626,87,221
267,626,86,222
271,626,85,223
271,623,89,226
275,623,89,226
279,623,89,226
283,623,89,226
287,623,89,226
291,623,89,226
295,623,89,226
299,623,89,226
303,623,89,226
307,623,89,226
311,623,89,226
315,623,89,226
319,623,89,226
323,623,89,226
327,623,89,226
337,629,92,227
341,629,93,227
345,629,94,227
349,629,95,227
353,629,96,227
357,629,97,227
361,629,98,227
365,629,99,227
369,629,100,227
373,629,101,227
377,629,102,227
381,629,103,227
385,629,104,227
389,629,105,227
393,629,106,227
397,629,107,232
402,629,106,232
407,629,105,232
412,629,104,232
417,629,103,232
422,629,102,232
427,629,101,232
432,629,100,232
437,629,99,232
442,629,98,232
447,629,97,232
452,629,96,232
457,629,95,232
462,629,94,232
467,629,93,232
470,635,85,226
475,635,86,226
480,635,87,226
485,635,88,226
490,635,89,226
495,635,90,226
500,635,91,226
505,635,92,226
510,635,93,226
515,635,94,226
520,635,95,226
525,635,96,226
530,635,97,226
535,635,98,226
540,635,99,226
542,635,103,219
547,636,103,218
552,637,103,217
557,638,103,216
562,639,103,215
567,640,103,214
572,641,103,213
577,642,103,212
582,643,103,211
587,644,103,210
592,645,103,209
597,646,103,208
602,647,103,207
607,648,103,206
612,649,103,205
624,650,105,209
629,650,105,209
634,650,105,209
639,650,105,209
644,650,105,209
649,650,105,209
654,650,105,209
659,650,105,209
664,650,105,209
669,650,105,209
674,650,105,209
679,650,105,209
684,650,105,209
689,650,105,209
694,650,105,209
695,650,109,206
700,650,109,206
705,650,109,206
710,650,109,206
715,650,109,206
720,650,109,206
725,650,109,206
730,650,109,206
735,650,109,206
740,650,109,206
745,650,109,206
750,650,109,206
755,650,109,206
760,650,109,206
765,650,109,206
777,643,103,211
782,643,102,211
787,643,101,211
792,643,100,211
797,643,99,211
802,643,98,211
807,643,97,211
812,643,96,211
817,643,95,211
822,643,94,211
827,643,93,211
832,643,92,211
837,643,91,211
842,643,90,211
847,643,89,211
852,643,90,213
856,643,89,212
860,643,88,211
864,643,87,210
868,643,86,209
872,643,85,208
876,643,84,207
880,643,83,206
884,643,82,205
888,643,81,204
892,643,80,203
896,643,79,202
900,643,78,201
904,643,77,200
908,643,76,199
910,650,71,197
912,653,72,194
914,656,73,191
916,659,74,188
918,662,75,185
920,665,76,182
922,668,77,179
924,671,78,176
926,674,79,173
928,677,80,170
930,680,81,167
932,683,82,164
934,686,83,161
936,689,84,158
938,692,85,155
938,701,90,146
938,702,90,145
938,703,90,144
938,704,90,143
938,705,90,142
938,706,90,141
938,707,90,140
938,708,90,139
938,709,90,138
938,710,90,137
938,711,90,136
938,712,90,135
938,713,90,134
938,714,90,133
938,715,90,132
943,718,85,128
943,718,85,128
943,718,85,128
943,718,85,128
943,718,85,128
943,718,85,128
943,718,85,128
943,718,85,128
943,718,85,128
943,718,85,128
943,718,85,128
943,718,85,128
943,718,85,128
943,718,85,128
943,718,85,128
941,713,83,133
941,713,83,133
941,713,83,133
941,713,83,133
941,713,83,133
941,713,83,133
941,713,83,133
941,713,83,133
941,713,83,133
941,713,83,133
941,713,83,133
941,713,83,133
941,713,83,133
941,713,83,133
941,713,83,133
941,715,83,129
941,715,83,128
941,715,83,127
941,715,83,126
941,715,83,125
941,715,83,124
941,715,83,123
941,715,83,122
941,715,83,121
941,715,83,120
941,715,83,119
941,715,83,118
941,715,83,117
941,715,83,116
941,715,83,115
941,722,85,120
941,723,85,120
941,724,85,120
941,725,85,120
941,726,85,120
941,727,85,120
941,728,85,120
941,729,85,120
941,730,85,120
941,731,85,120
941,732,85,120
941,733,85,120
941,734,85,120
941,735,85,120
941,736,85,120
939,730,87,116
939,730,87,116
939,730,87,116
939,730,87,116
939,730,87,116
939,730,87,116
939,730,87,116
939,730,87,116
939,730,87,116
939,730,87,116
939,730,87,116
939,730,87,116
939,730,87,116
939,730,87,116
939,730,87,116
941,728,89,118
941,728,89,118
941,728,89,118
941,728,89,118
941,728,89,118
941,728,89,118
941,728,89,118
941,728,89,118
941,728,89,118
941,728,89,118
941,728,89,118
941,728,89,118
941,728,89,118
941,728,89,118
941,728,89,118
939,730,93,116
939,730,93,116
939,730,93,116
939,730,93,116
939,730,93,116
939,730,93,116
939,730,93,116
939,730,93,116
939,730,93,116
939,730,93,116
939,730,93,116
939,730,93,116
939,730,93,116
939,730,93,116
939,730,93,116
936,725,94,121
936,725,94,121
936,725,94,121
936,725,94,121
936,725,94,121
936,725,94,121
936,725,94,121
936,725,94,121
936,725,94,121
936,725,94,121
936,725,94,121
936,725,94,121
936,725,94,121
936,725,94,121
936,725,94,121
939,727,91,119
939,726,91,120
939,725,91,121
939,724,91,122
939,723,91,123
939,722,91,124
939,721,91,125
939,720,91,126
939,719,91,127
939,718,91,128
939,717,91,129
939,716,91,130
939,715,91,131
939,714,91,132
939,713,91,133
936,717,94,129
936,718,94,128
936,719,94,127
936,720,94,126
936,721,94,125
936,722,94,124
936,723,94,123
936,724,94,122
936,725,94,121
936,726,94,120
936,727,94,119
936,728,94,118
936,729,94,117
936,730,94,116
936,731,94,115
939,725,93,121
939,722,93,124
939,719,93,127
939,716,93,130
939,713,93,133
939,710,93,136
939,707,93,139
939,704,93,142
939,701,93,145
939,698,93,148
939,695,93,151
939,692,93,154
939,689,93,157
939,686,93,160
939,683,93,163
936,681,98,166
938,679,98,168
940,677,98,170
942,675,98,172
944,673,98,174
946,671,98,176
948,669,98,178
950,667,98,180
952,665,98,182
954,663,98,184
956,661,98,186
958,659,98,188
960,657,98,190
962,655,98,192
964,653,98,194
961,652,98,192
965,651,97,193
969,650,96,194
973,649,95,195
977,648,94,196
981,647,93,197
985,646,92,198
989,645,91,199
993,644,90,200
997,643,89,201
1001,642,88,202
1005,641,87,203
1009,640,86,204
1013,639,85,205
1017,638,84,206
1018,643,81,213
