228,337,124,303
235,338,122,303
242,339,120,303
249,340,118,303
256,341,116,303
263,342,114,303
270,343,112,303
277,344,110,303
284,345,108,303
291,346,106,303
298,347,104,303
305,348,102,303
312,349,100,303
319,350,98,303
326,351,96,303
338,354,96,298
343,355,97,297
348,356,98,296
353,357,99,295
358,358,100,294
363,359,101,293
368,360,102,292
373,361,103,291
378,362,104,290
383,363,105,289
388,364,106,288
393,365,107,287
398,366,108,286
403,367,109,285
408,368,110,284
417,369,108,280
425,369,109,278
433,369,110,276
441,369,111,274
449,369,112,272
457,369,113,270
465,369,114,268
473,369,115,266
481,369,116,264
489,369,117,262
497,369,118,260
505,369,119,258
513,369,120,256
521,369,121,254
529,369,122,252
538,373,126,257
543,373,123,256
548,373,120,255
553,373,117,254
558,373,114,253
563,373,111,252
568,373,108,251
573,373,105,250
578,373,102,249
583,373,99,248
588,373,96,247
593,373,93,246
598,373,90,245
603,373,87,244
608,373,84,243
614,379,83,240
617,381,84,237
620,383,85,234
623,385,86,231
626,387,87,228
629,389,88,225
632,391,89,222
635,393,90,219
638,395,91,216
641,397,92,213
644,399,93,210
647,401,94,207
650,403,95,204
653,405,96,201
656,407,97,198
652,407,94,199
653,408,93,198
654,409,92,197
655,410,91,196
656,411,90,195
657,412,89,194
658,413,88,193
659,414,87,192
660,415,86,191
661,416,85,190
662,417,84,189
663,418,83,188
664,419,82,187
665,420,81,186
666,421,80,185
670,416,82,190
670,416,82,190
670,416,82,190
670,416,82,190
670,416,82,190
670,416,82,190
670,416,82,190
670,416,82,190
670,416,82,190
670,416,82,190
670,416,82,190
670,416,82,190
670,416,82,190
670,416,82,190
670,416,82,190
668,419,85,187
668,419,85,187
668,419,85,187
668,419,85,187
668,419,85,187
668,419,85,187
668,419,85,187
668,419,85,187
668,419,85,187
668,419,85,187
668,419,85,187
668,419,85,187
668,419,85,187
668,419,85,187
668,419,85,187
668,419,85,188
668,419,85,188
668,419,85,188
668,419,85,188
668,419,85,188
668,419,85,188
668,419,85,188
668,419,85,188
668,419,85,188
668,419,85,188
668,419,85,188
668,419,85,188
668,419,85,188
668,419,85,188
668,419,85,188
668,419,84,187
668,419,84,187
668,419,84,187
668,419,84,187
668,419,84,187
668,419,84,187
668,419,84,187
668,419,84,187
668,419,84,187
668,419,84,187
668,419,84,187
668,419,84,187
668,419,84,187
668,419,84,187
668,419,84,187
672,416,83,186
672,416,84,186
672,416,85,186
672,416,86,186
672,416,87,186
672,416,88,186
672,416,89,186
672,416,90,186
672,416,91,186
672,416,92,186
672,416,93,186
672,416,94,186
672,416,95,186
672,416,96,186
672,416,97,186
668,417,91,190
668,417,91,189
668,417,91,188
668,417,91,187
668,417,91,186
668,417,91,185
668,417,91,184
668,417,91,183
668,417,91,182
668,417,91,181
668,417,91,180
668,417,91,179
668,417,91,178
668,417,91,177
668,417,91,176
666,424,93,182
666,424,92,182
666,424,91,182
666,424,90,182
666,424,89,182
666,424,88,182
666,424,87,182
666,424,86,182
666,424,85,182
666,424,84,182
666,424,83,182
666,424,82,182
666,424,81,182
666,424,80,182
666,424,79,182
670,428,83,178
670,428,84,178
670,428,85,178
670,428,86,178
670,428,87,178
670,428,88,178
670,428,89,178
670,428,90,178
670,428,91,178
670,428,92,178
670,428,93,178
670,428,94,178
670,428,95,178
670,428,96,178
670,428,97,178
668,426,91,180
668,426,91,180
668,426,91,180
668,426,91,180
668,426,91,180
668,426,91,180
668,426,91,180
668,426,91,180
668,426,91,180
668,426,91,180
668,426,91,180
668,426,91,180
668,426,91,180
668,426,91,180
668,426,91,180
672,421,87,186
672,421,87,186
672,421,87,186
672,421,87,186
672,421,87,186
672,421,87,186
672,421,87,186
672,421,87,186
672,421,87,186
672,421,87,186
672,421,87,186
672,421,87,186
672,421,87,186
672,421,87,186
672,421,87,186
665,417,88,187
665,415,88,189
665,413,88,191
665,411,88,193
665,409,88,195
665,407,88,197
665,405,88,199
665,403,88,201
665,401,88,203
665,399,88,205
665,397,88,207
665,395,88,209
665,393,88,211
665,391,88,213
665,389,88,215
666,385,93,222
666,385,93,222
666,385,93,222
666,385,93,222
666,385,93,222
666,385,93,222
666,385,93,222
666,385,93,222
666,385,93,222
666,385,93,222
666,385,93,222
666,385,93,222
666,385,93,222
666,385,93,222
666,385,93,222
670,383,99,224
670,384,100,223
670,385,101,222
670,386,102,221
670,387,103,220
670,388,104,219
670,389,105,218
670,390,106,217
670,391,107,216
670,392,108,215
670,393,109,214
670,394,110,213
670,395,111,212
670,396,112,211
670,397,113,210
670,395,111,211
670,395,112,211
670,395,113,211
670,395,114,211
670,395,115,211
670,395,116,211
670,395,117,211
670,395,118,211
670,395,119,211
670,395,120,211
670,395,121,211
670,395,122,211
670,395,123,211
670,395,124,211
670,395,125,211
663,397,124,209
663,396,123,210
663,395,122,211
663,394,121,212
663,393,120,213
663,392,119,214
663,391,118,215
663,390,117,216
663,389,116,217
663,388,115,218
663,387,114,219
663,386,113,220
663,385,112,221
663,384,111,222
663,383,110,223
665,383,116,223
665,382,116,224
665,381,116,225
665,380,116,226
665,379,116,227
665,378,116,228
665,377,116,229
665,376,116,230
665,375,116,231
665,374,116,232
665,373,116,233
665,372,116,234
665,371,116,235
665,370,116,236
665,369,116,237
665,367,111,239
665,367,110,239
665,367,109,239
665,367,108,239
665,367,107,239
665,367,106,239
665,367,105,239
665,367,104,239
665,367,103,239
665,367,102,239
665,367,101,239
665,367,100,239
665,367,99,239
665,367,98,239
665,367,97,239
658,361,102,246
657,360,101,247
656,359,100,248
655,358,99,249
654,357,98,250
653,356,97,251
652,355,96,252
651,354,95,253
650,353,94,254
649,352,93,255
648,351,92,256
647,350,91,257
646,349,90,258
645,348,89,259
644,347,88,260
647,342,87,265
646,342,88,266
645,342,89,267
644,342,90,268
643,342,91,269
642,342,92,270
641,342,93,271
640,342,94,272
639,342,95,273
638,342,96,274
637,342,97,275
636,342,98,276
635,342,99,277
634,342,100,278
633,342,101,279
628,338,106,280
624,339,109,279
620,340,112,278
616,341,115,277
612,342,118,276
608,343,121,275
604,344,124,274
600,345,127,273
596,346,130,272
592,347,133,271
588,348,136,270
584,349,139,269
580,350,142,268
576,351,145,267
572,352,148,266
565,347,150,269
559,347,150,269
553,347,150,269
547,347,150,269
541,347,150,269
535,347,150,269
529,347,150,269
523,347,150,269
517,347,150,269
511,347,150,269
505,347,150,269
499,347,150,269
493,347,150,269
487,347,150,269
481,347,150,269
473,349,144,265
468,348,142,266
463,347,140,267
458,346,138,268
453,345,136,269
448,344,134,270
443,343,132,271
438,342,130,272
433,341,128,273
428,340,126,274
423,339,124,275
418,338,122,276
413,337,120,277
408,336,118,278
403,335,116,279
396,340,117,281
