328,423,102,247
332,424,103,246
336,425,104,245
340,426,105,244
344,427,106,243
348,428,107,242
352,429,108,241
356,430,109,240
360,431,110,239
364,432,111,238
368,433,112,237
372,434,113,236
376,435,114,235
380,436,115,234
384,437,116,233
392,435,121,234
398,435,120,233
404,435,119,232
410,435,118,231
416,435,117,230
422,435,116,229
428,435,115,228
434,435,114,227
440,435,113,226
446,435,112,225
452,435,111,224
458,435,110,223
464,435,109,222
470,435,108,221
476,435,107,220
477,442,109,225
482,442,109,224
487,442,109,223
492,442,109,222
497,442,109,221
502,442,109,220
507,442,109,219
512,442,109,218
517,442,109,217
522,442,109,216
527,442,109,215
532,442,109,214
537,442,109,213
542,442,109,212
547,442,109,211
557,445,109,217
562,445,109,216
567,445,109,215
572,445,109,214
577,445,109,213
582,445,109,212
587,445,109,211
592,445,109,210
597,445,109,209
602,445,109,208
607,445,109,207
612,445,109,206
617,445,109,205
622,445,109,204
627,445,109,203
639,443,107,202
643,443,105,200
647,443,103,198
651,443,101,196
655,443,99,194
659,443,97,192
663,443,95,190
667,443,93,188
671,443,91,186
675,443,89,184
679,443,87,182
683,443,85,180
687,443,83,178
691,443,81,176
695,443,79,174
696,445,78,179
698,446,79,177
700,447,80,175
702,448,81,173
704,449,82,171
706,450,83,169
708,451,84,167
710,452,85,165
712,453,86,163
714,454,87,161
716,455,88,159
718,456,89,157
720,457,90,155
722,458,91,153
724,459,92,151
726,464,86,155
727,465,85,155
728,466,84,155
729,467,83,155
730,468,82,155
731,469,81,155
732,470,80,155
733,471,79,155
734,472,78,155
735,473,77,155
736,474,76,155
737,475,75,155
738,476,74,155
739,477,73,155
740,478,72,155
740,474,72,148
740,474,72,148
740,474,72,148
740,474,72,148
740,474,72,148
740,474,72,148
740,474,72,148
740,474,72,148
740,474,72,148
740,474,72,148
740,474,72,148
740,474,72,148
740,474,72,148
740,474,72,148
740,474,72,148
738,471,74,151
738,471,74,151
738,471,74,151
738,471,74,151
738,471,74,151
738,471,74,151
738,471,74,151
738,471,74,151
738,471,74,151
738,471,74,151
738,471,74,151
738,471,74,151
738,471,74,151
738,471,74,151
738,471,74,151
736,471,72,153
736,471,72,153
736,471,72,153
736,471,72,153
736,471,72,153
736,471,72,153
736,471,72,153
736,471,72,153
736,471,72,153
736,471,72,153
736,471,72,153
736,471,72,153
736,471,72,153
736,471,72,153
736,471,72,153
738,471,74,151
738,471,74,151
738,471,74,151
738,471,74,151
738,471,74,151
738,471,74,151
738,471,74,151
738,471,74,151
738,471,74,151
738,471,74,151
738,471,74,151
738,471,74,151
738,471,74,151
738,471,74,151
738,471,74,151
740,472,72,152
740,472,72,152
740,472,72,152
740,472,72,152
740,472,72,152
740,472,72,152
740,472,72,152
740,472,72,152
740,472,72,152
740,472,72,152
740,472,72,152
740,472,72,152
740,472,72,152
740,472,72,152
740,472,72,152
741,471,67,155
741,472,67,154
741,473,67,153
741,474,67,152
741,475,67,151
741,476,67,150
741,477,67,149
741,478,67,148
741,479,67,147
741,480,67,146
741,481,67,145
741,482,67,144
741,483,67,143
741,484,67,142
741,485,67,141
743,479,67,143
743,479,68,143
743,479,69,143
743,479,70,143
743,479,71,143
743,479,72,143
743,479,73,143
743,479,74,143
743,479,75,143
743,479,76,143
743,479,77,143
743,479,78,143
743,479,79,143
743,479,80,143
743,479,81,143
740,484,75,140
740,484,75,140
740,484,75,140
740,484,75,140
740,484,75,140
740,484,75,140
740,484,75,140
740,484,75,140
740,484,75,140
740,484,75,140
740,484,75,140
740,484,75,140
740,484,75,140
740,484,75,140
740,484,75,140
741,483,73,139
741,482,73,140
741,481,73,141
741,480,73,142
741,479,73,143
741,478,73,144
741,477,73,145
741,476,73,146
741,475,73,147
741,474,73,148
741,473,73,149
741,472,73,150
741,471,73,151
741,470,73,152
741,469,73,153
740,474,74,148
740,473,74,149
740,472,74,150
740,471,74,151
740,470,74,152
740,469,74,153
740,468,74,154
740,467,74,155
740,466,74,156
740,465,74,157
740,464,74,158
740,463,74,159
740,462,74,160
740,461,74,161
740,460,74,162
743,466,71,156
743,465,71,157
743,464,71,158
743,463,71,159
743,462,71,160
743,461,71,161
743,460,71,162
743,459,71,163
743,458,71,164
743,457,71,165
743,456,71,166
743,455,71,167
743,454,71,168
743,453,71,169
743,452,71,170
741,450,73,176
741,450,73,176
741,450,73,176
741,450,73,176
741,450,73,176
741,450,73,176
741,450,73,176
741,450,73,176
741,450,73,176
741,450,73,176
741,450,73,176
741,450,73,176
741,450,73,176
741,450,73,176
741,450,73,176
743,447,74,179
743,447,74,179
743,447,74,179
743,447,74,179
743,447,74,179
743,447,74,179
743,447,74,179
743,447,74,179
743,447,74,179
743,447,74,179
743,447,74,179
743,447,74,179
743,447,74,179
743,447,74,179
743,447,74,179
743,452,81,172
743,452,82,172
743,452,83,172
743,452,84,172
743,452,85,172
743,452,86,172
743,452,87,172
743,452,88,172
743,452,89,172
743,452,90,172
743,452,91,172
743,452,92,172
743,452,93,172
743,452,94,172
743,452,95,172
738,454,93,172
738,454,93,172
738,454,93,172
738,454,93,172
738,454,93,172
738,454,93,172
738,454,93,172
738,454,93,172
738,454,93,172
738,454,93,172
738,454,93,172
738,454,93,172
738,454,93,172
738,454,93,172
738,454,93,172
736,447,97,177
736,447,96,177
736,447,95,177
736,447,94,177
736,447,93,177
736,447,92,177
736,447,91,177
736,447,90,177
736,447,89,177
736,447,88,177
736,447,87,177
736,447,86,177
736,447,85,177
736,447,84,177
736,447,83,177
741,440,85,184
740,439,85,184
739,438,85,184
738,437,85,184
737,436,85,184
736,435,85,184
735,434,85,184
734,433,85,184
733,432,85,184
732,431,85,184
731,430,85,184
730,429,85,184
729,428,85,184
728,427,85,184
727,426,85,184
733,431,84,191
732,430,85,192
731,429,86,193
730,428,87,194
729,427,88,195
728,426,89,196
727,425,90,197
726,424,91,198
725,423,92,199
724,422,93,200
723,421,94,201
722,420,95,202
721,419,96,203
720,418,97,204
719,417,98,205
721,418,93,206
721,418,92,207
721,418,91,208
721,418,90,209
721,418,89,210
721,418,88,211
721,418,87,212
721,418,86,213
721,418,85,214
721,418,84,215
721,418,83,216
721,418,82,217
721,418,81,218
721,418,80,219
721,418,79,220
722,412,73,217
720,412,74,217
718,412,75,217
716,412,76,217
714,412,77,217
712,412,78,217
710,412,79,217
708,412,80,217
706,412,81,217
704,412,82,217
702,412,83,217
700,412,84,217
698,412,85,217
696,412,86,217
694,412,87,217
696,412,93,221
693,413,95,220
690,414,97,219
687,415,99,218
684,416,101,217
681,417,103,216
678,418,105,215
675,419,107,214
672,420,109,213
669,421,111,212
666,422,113,211
663,423,115,210
660,424,117,209
657,425,119,208
654,426,121,207
658,423,124,211
653,423,124,211
648,423,124,211
643,423,124,211
638,423,124,211
633,423,124,211
628,423,124,211
623,423,124,211
618,423,124,211
613,423,124,211
608,423,124,211
603,423,124,211
598,423,124,211
593,423,124,211
588,423,124,211
585,426,121,208
580,426,120,209
575,426,119,210
570,426,118,211
565,426,117,212
560,426,116,213
555,426,115,214
550,426,114,215
545,426,113,216
540,426,112,217
535,426,111,218
530,426,110,219
525,426,109,220
520,426,108,221
515,426,107,222
516,426,100,217
