419,636,58,216
420,637,61,216
421,638,64,216
422,639,67,216
423,640,70,216
424,641,73,216
425,642,76,216
426,643,79,216
427,644,82,216
428,645,85,216
429,646,88,216
430,647,91,216
431,648,94,216
432,649,97,216
433,650,100,216
441,645,101,216
445,646,101,215
449,647,101,214
453,648,101,213
457,649,101,212
461,650,101,211
465,651,101,210
469,652,101,209
473,653,101,208
477,654,101,207
481,655,101,206
485,656,101,205
489,657,101,204
493,658,101,203
497,659,101,202
508,654,108,204
513,654,108,204
518,654,108,204
523,654,108,204
528,654,108,204
533,654,108,204
538,654,108,204
543,654,108,204
548,654,108,204
553,654,108,204
558,654,108,204
563,654,108,204
568,654,108,204
573,654,108,204
578,654,108,204
589,659,105,197
594,659,104,197
599,659,103,197
604,659,102,197
609,659,101,197
614,659,100,197
619,659,99,197
624,659,98,197
629,659,97,197
634,659,96,197
639,659,95,197
644,659,94,197
649,659,93,197
654,659,92,197
659,659,91,197
665,662,92,196
671,662,91,194
677,662,90,192
683,662,89,190
689,662,88,188
695,662,87,186
701,662,86,184
707,662,85,182
713,662,84,180
719,662,83,178
725,662,82,176
731,662,81,174
737,662,80,172
743,662,79,170
749,662,78,168
756,666,74,169
758,667,75,168
760,668,76,167
762,669,77,166
764,670,78,165
766,671,79,164
768,672,80,163
770,673,81,162
772,674,82,161
774,675,83,160
776,676,84,159
778,677,85,158
780,678,86,157
782,679,87,156
784,680,88,155
793,674,87,147
795,675,85,146
797,676,83,145
799,677,81,144
801,678,79,143
803,679,77,142
805,680,75,141
807,681,73,140
809,682,71,139
811,683,69,138
813,684,67,137
815,685,65,136
817,686,63,135
819,687,61,134
821,688,59,133
816,688,64,133
816,688,64,133
816,688,64,133
816,688,64,133
816,688,64,133
816,688,64,133
816,688,64,133
816,688,64,133
816,688,64,133
816,688,64,133
816,688,64,133
816,688,64,133
816,688,64,133
816,688,64,133
816,688,64,133
816,690,62,133
816,690,62,133
816,690,62,133
816,690,62,133
816,690,62,133
816,690,62,133
816,690,62,133
816,690,62,133
816,690,62,133
816,690,62,133
816,690,62,133
816,690,62,133
816,690,62,133
816,690,62,133
816,690,62,133
814,692,64,131
814,692,64,131
814,692,64,131
814,692,64,131
814,692,64,131
814,692,64,131
814,692,64,131
814,692,64,131
814,692,64,131
814,692,64,131
814,692,64,131
814,692,64,131
814,692,64,131
814,692,64,131
814,692,64,131
814,690,64,133
814,690,64,133
814,690,64,133
814,690,64,133
814,690,64,133
814,690,64,133
814,690,64,133
814,690,64,133
814,690,64,133
814,690,64,133
814,690,64,133
814,690,64,133
814,690,64,133
814,690,64,133
814,690,64,133
818,692,60,127
818,692,60,127
818,692,60,127
818,692,60,127
818,692,60,127
818,692,60,127
818,692,60,127
818,692,60,127
818,692,60,127
818,692,60,127
818,692,60,127
818,692,60,127
818,692,60,127
818,692,60,127
818,692,60,127
816,692,64,129
816,692,64,128
816,692,64,127
816,692,64,126
816,692,64,125
816,692,64,124
816,692,64,123
816,692,64,122
816,692,64,121
816,692,64,120
816,692,64,119
816,692,64,118
816,692,64,117
816,692,64,116
816,692,64,115
816,699,64,120
816,699,64,120
816,699,64,120
816,699,64,120
816,699,64,120
816,699,64,120
816,699,64,120
816,699,64,120
816,699,64,120
816,699,64,120
816,699,64,120
816,699,64,120
816,699,64,120
816,699,64,120
816,699,64,120
816,697,64,126
816,697,64,126
816,697,64,126
816,697,64,126
816,697,64,126
816,697,64,126
816,697,64,126
816,697,64,126
816,697,64,126
816,697,64,126
816,697,64,126
816,697,64,126
816,697,64,126
816,697,64,126
816,697,64,126
814,695,66,128
814,695,66,128
814,695,66,128
814,695,66,128
814,695,66,128
814,695,66,128
814,695,66,128
814,695,66,128
814,695,66,128
814,695,66,128
814,695,66,128
814,695,66,128
814,695,66,128
814,695,66,128
814,695,66,128
818,694,62,127
818,692,62,129
818,690,62,131
818,688,62,133
818,686,62,135
818,684,62,137
818,682,62,139
818,680,62,141
818,678,62,143
818,676,62,145
818,674,62,147
818,672,62,149
818,670,62,151
818,668,62,153
818,666,62,155
816,669,62,152
816,669,62,152
816,669,62,152
816,669,62,152
816,669,62,152
816,669,62,152
816,669,62,152
816,669,62,152
816,669,62,152
816,669,62,152
816,669,62,152
816,669,62,152
816,669,62,152
816,669,62,152
816,669,62,152
814,667,68,154
814,667,68,154
814,667,68,154
814,667,68,154
814,667,68,154
814,667,68,154
814,667,68,154
814,667,68,154
814,667,68,154
814,667,68,154
814,667,68,154
814,667,68,154
814,667,68,154
814,667,68,154
814,667,68,154
814,667,75,151
814,667,75,151
814,667,75,151
814,667,75,151
814,667,75,151
814,667,75,151
814,667,75,151
814,667,75,151
814,667,75,151
814,667,75,151
814,667,75,151
814,667,75,151
814,667,75,151
814,667,75,151
814,667,75,151
812,673,79,148
812,673,79,148
812,673,79,148
812,673,79,148
812,673,79,148
812,673,79,148
812,673,79,148
812,673,79,148
812,673,79,148
812,673,79,148
812,673,79,148
812,673,79,148
812,673,79,148
812,673,79,148
812,673,79,148
816,667,75,154
816,666,75,155
816,665,75,156
816,664,75,157
816,663,75,158
816,662,75,159
816,661,75,160
816,660,75,161
816,659,75,162
816,658,75,163
816,657,75,164
816,656,75,165
816,655,75,166
816,654,75,167
816,653,75,168
812,655,72,168
811,654,72,169
810,653,72,170
809,652,72,171
808,651,72,172
807,650,72,173
806,649,72,174
805,648,72,175
804,647,72,176
803,646,72,177
802,645,72,178
801,644,72,179
800,643,72,180
799,642,72,181
798,641,72,182
803,647,79,178
801,647,80,178
799,647,81,178
797,647,82,178
795,647,83,178
793,647,84,178
791,647,85,178
789,647,86,178
787,647,87,178
785,647,88,178
783,647,89,178
781,647,90,178
779,647,91,178
777,647,92,178
775,647,93,178
775,640,94,183
774,640,94,183
773,640,94,183
772,640,94,183
771,640,94,183
770,640,94,183
769,640,94,183
768,640,94,183
767,640,94,183
766,640,94,183
765,640,94,183
764,640,94,183
763,640,94,183
762,640,94,183
761,640,94,183
766,640,93,190
764,640,95,190
762,640,97,190
760,640,99,190
758,640,101,190
756,640,103,190
754,640,105,190
752,640,107,190
750,640,109,190
748,640,111,190
746,640,113,190
744,640,115,190
742,640,117,190
740,640,119,190
738,640,121,190
732,647,118,186
