185,445,98,253
187,445,97,253
189,445,96,253
191,445,95,253
193,445,94,253
195,445,93,253
197,445,92,253
199,445,91,253
201,445,90,253
203,445,89,253
205,445,88,253
207,445,87,253
209,445,86,253
211,445,85,253
213,445,84,253
215,445,87,248
217,445,87,248
219,445,87,248
221,445,87,248
223,445,87,248
225,445,87,248
227,445,87,248
229,445,87,248
231,445,87,248
233,445,87,248
235,445,87,248
237,445,87,248
239,445,87,248
241,445,87,248
243,445,87,248
239,442,89,251
241,442,91,251
243,442,93,251
245,442,95,251
247,442,97,251
249,442,99,251
251,442,101,251
253,442,103,251
255,442,105,251
257,442,107,251
259,442,109,251
261,442,111,251
263,442,113,251
265,442,115,251
267,442,117,251
263,443,114,245
265,443,112,245
267,443,110,245
269,443,108,245
271,443,106,245
273,443,104,245
275,443,102,245
277,443,100,245
279,443,98,245
281,443,96,245
283,443,94,245
285,443,92,245
287,443,90,245
289,443,88,245
291,443,86,245
299,440,83,244
302,440,83,244
305,440,83,244
308,440,83,244
311,440,83,244
314,440,83,244
317,440,83,244
320,440,83,244
323,440,83,244
326,440,83,244
329,440,83,244
332,440,83,244
335,440,83,244
338,440,83,244
341,440,83,244
346,437,79,246
349,437,81,246
352,437,83,246
355,437,85,246
358,437,87,246
361,437,89,246
364,437,91,246
367,437,93,246
370,437,95,246
373,437,97,246
376,437,99,246
379,437,101,246
382,437,103,246
385,437,105,246
388,437,107,246
392,433,114,245
395,433,113,245
398,433,112,245
401,433,111,245
404,433,110,245
407,433,109,245
410,433,108,245
413,433,107,245
416,433,106,245
419,433,105,245
422,433,104,245
425,433,103,245
428,433,102,245
431,433,101,245
434,433,100,245
439,428,102,244
441,429,103,243
443,430,104,242
445,431,105,241
447,432,106,240
449,433,107,239
451,434,108,238
453,435,109,237
455,436,110,236
457,437,111,235
459,438,112,234
461,439,113,233
463,440,114,232
465,441,115,231
467,442,116,230
473,440,111,227
476,441,110,225
479,442,109,223
482,443,108,221
485,444,107,219
488,445,106,217
491,446,105,215
494,447,104,213
497,448,103,211
500,449,102,209
503,450,101,207
506,451,100,205
509,452,99,203
512,453,98,201
515,454,97,199
514,462,93,199
513,464,94,197
512,466,95,195
511,468,96,193
510,470,97,191
509,472,98,189
508,474,99,187
507,476,100,185
506,478,101,183
505,480,102,181
504,482,103,179
503,484,104,177
502,486,105,175
501,488,106,173
500,490,107,171
505,491,104,171
505,492,105,170
505,493,106,169
505,494,107,168
505,495,108,167
505,496,109,166
505,497,110,165
505,498,111,164
505,499,112,163
505,500,113,162
505,501,114,161
505,502,115,160
505,503,116,159
505,504,117,158
505,505,118,157
510,501,114,158
510,501,114,158
510,501,114,158
510,501,114,158
510,501,114,158
510,501,114,158
510,501,114,158
510,501,114,158
510,501,114,158
510,501,114,158
510,501,114,158
510,501,114,158
510,501,114,158
510,501,114,158
510,501,114,158
512,501,112,156
512,501,112,156
512,501,112,156
512,501,112,156
512,501,112,156
512,501,112,156
512,501,112,156
512,501,112,156
512,501,112,156
512,501,112,156
512,501,112,156
512,501,112,156
512,501,112,156
512,501,112,156
512,501,112,156
514,498,113,161
514,498,113,161
514,498,113,161
514,498,113,161
514,498,113,161
514,498,113,161
514,498,113,161
514,498,113,161
514,498,113,161
514,498,113,161
514,498,113,161
514,498,113,161
514,498,113,161
514,498,113,161
514,498,113,161
516,500,110,157
516,500,110,157
516,500,110,157
516,500,110,157
516,500,110,157
516,500,110,157
516,500,110,157
516,500,110,157
516,500,110,157
516,500,110,157
516,500,110,157
516,500,110,157
516,500,110,157
516,500,110,157
516,500,110,157
512,500,115,161
512,500,115,161
512,500,115,161
512,500,115,161
512,500,115,161
512,500,115,161
512,500,115,161
512,500,115,161
512,500,115,161
512,500,115,161
512,500,115,161
512,500,115,161
512,500,115,161
512,500,115,161
512,500,115,161
518,501,108,160
518,501,108,159
518,501,108,158
518,501,108,157
518,501,108,156
518,501,108,155
518,501,108,154
518,501,108,153
518,501,108,152
518,501,108,151
518,501,108,150
518,501,108,149
518,501,108,148
518,501,108,147
518,501,108,146
516,506,110,148
516,506,110,148
516,506,110,148
516,506,110,148
516,506,110,148
516,506,110,148
516,506,110,148
516,506,110,148
516,506,110,148
516,506,110,148
516,506,110,148
516,506,110,148
516,506,110,148
516,506,110,148
516,506,110,148
522,513,104,144
522,513,104,144
522,513,104,144
522,513,104,144
522,513,104,144
522,513,104,144
522,513,104,144
522,513,104,144
522,513,104,144
522,513,104,144
522,513,104,144
522,513,104,144
522,513,104,144
522,513,104,144
522,513,104,144
523,510,103,151
523,510,103,151
523,510,103,151
523,510,103,151
523,510,103,151
523,510,103,151
523,510,103,151
523,510,103,151
523,510,103,151
523,510,103,151
523,510,103,151
523,510,103,151
523,510,103,151
523,510,103,151
523,510,103,151
522,506,105,155
522,505,105,156
522,504,105,157
522,503,105,158
522,502,105,159
522,501,105,160
522,500,105,161
522,499,105,162
522,498,105,163
522,497,105,164
522,496,105,165
522,495,105,166
522,494,105,167
522,493,105,168
522,492,105,169
522,495,100,166
522,495,101,166
522,495,102,166
522,495,103,166
522,495,104,166
522,495,105,166
522,495,106,166
522,495,107,166
522,495,108,166
522,495,109,166
522,495,110,166
522,495,111,166
522,495,112,166
522,495,113,166
522,495,114,166
518,496,109,166
518,496,109,166
518,496,109,166
518,496,109,166
518,496,109,166
518,496,109,166
518,496,109,166
518,496,109,166
518,496,109,166
518,496,109,166
518,496,109,166
518,496,109,166
518,496,109,166
518,496,109,166
518,496,109,166
516,498,108,163
516,498,108,163
516,498,108,163
516,498,108,163
516,498,108,163
516,498,108,163
516,498,108,163
516,498,108,163
516,498,108,163
516,498,108,163
516,498,108,163
516,498,108,163
516,498,108,163
516,498,108,163
516,498,108,163
518,501,109,160
518,500,109,161
518,499,109,162
518,498,109,163
518,497,109,164
518,496,109,165
518,495,109,166
518,494,109,167
518,493,109,168
518,492,109,169
518,491,109,170
518,490,109,171
518,489,109,172
518,488,109,173
518,487,109,174
516,486,106,173
517,484,105,175
518,482,104,177
519,480,103,179
520,478,102,181
521,476,101,183
522,474,100,185
523,472,99,187
524,470,98,189
525,468,97,191
526,466,96,193
527,464,95,195
528,462,94,197
529,460,93,199
530,458,92,201
525,460,93,197
527,459,93,198
529,458,93,199
531,457,93,200
533,456,93,201
535,455,93,202
537,454,93,203
539,453,93,204
541,452,93,205
543,451,93,206
545,450,93,207
547,449,93,208
549,448,93,209
551,447,93,210
553,446,93,211
553,443,97,218
554,442,96,219
555,441,95,220
556,440,94,221
557,439,93,222
558,438,92,223
559,437,91,224
560,436,90,225
561,435,89,226
562,434,88,227
563,433,87,228
564,432,86,229
565,431,85,230
566,430,84,231
567,429,83,232
572,421,87,233
575,421,89,233
578,421,91,233
581,421,93,233
584,421,95,233
587,421,97,233
590,421,99,233
593,421,101,233
596,421,103,233
599,421,105,233
602,421,107,233
605,421,109,233
608,421,111,233
611,421,113,233
614,421,115,233
617,416,123,231
622,416,121,231
627,416,119,231
632,416,117,231
637,416,115,231
642,416,113,231
647,416,111,231
652,416,109,231
657,416,107,231
662,416,105,231
667,416,103,231
672,416,101,231
677,416,99,231
682,416,97,231
687,416,95,231
690,409,98,228
