17,325,113,318
21,325,112,318
25,325,111,318
29,325,110,318
33,325,109,318
37,325,108,318
41,325,107,318
45,325,106,318
49,325,105,318
53,325,104,318
57,325,103,318
61,325,102,318
65,325,101,318
69,325,100,318
73,325,99,318
72,325,99,315
74,325,99,315
76,325,99,315
78,325,99,315
80,325,99,315
82,325,99,315
84,325,99,315
86,325,99,315
88,325,99,315
90,325,99,315
92,325,99,315
94,325,99,315
96,325,99,315
98,325,99,315
100,325,99,315
97,327,98,313
100,327,99,313
103,327,100,313
106,327,101,313
109,327,102,313
112,327,103,313
115,327,104,313
118,327,105,313
121,327,106,313
124,327,107,313
127,327,108,313
130,327,109,313
133,327,110,313
136,327,111,313
139,327,112,313
136,327,111,311
139,327,109,311
142,327,107,311
145,327,105,311
148,327,103,311
151,327,101,311
154,327,99,311
157,327,97,311
160,327,95,311
163,327,93,311
166,327,91,311
169,327,89,311
172,327,87,311
175,327,85,311
178,327,83,311
180,330,86,311
184,330,87,311
188,330,88,311
192,330,89,311
196,330,90,311
200,330,91,311
204,330,92,311
208,330,93,311
212,330,94,311
216,330,95,311
220,330,96,311
224,330,97,311
228,330,98,311
232,330,99,311
236,330,100,311
235,330,106,304
238,330,109,304
241,330,112,304
244,330,115,304
247,330,118,304
250,330,121,304
253,330,124,304
256,330,127,304
259,330,130,304
262,330,133,304
265,330,136,304
268,330,139,304
271,330,142,304
274,330,145,304
277,330,148,304
274,332,150,306
279,332,148,306
284,332,146,306
289,332,144,306
294,332,142,306
299,332,140,306
304,332,138,306
309,332,136,306
314,332,134,306
319,332,132,306
324,332,130,306
329,332,128,306
334,332,126,306
339,332,124,306
344,332,122,306
350,334,125,299
353,335,125,298
356,336,125,297
359,337,125,296
362,338,125,295
365,339,125,294
368,340,125,293
371,341,125,292
374,342,125,291
377,343,125,290
380,344,125,289
383,345,125,288
386,346,125,287
389,347,125,286
392,348,125,285
394,346,131,287
397,349,129,284
400,352,127,281
403,355,125,278
406,358,123,275
409,361,121,272
412,364,119,269
415,367,117,266
418,370,115,263
421,373,113,260
424,376,111,257
427,379,109,254
430,382,107,251
433,385,105,248
436,388,103,245
433,390,99,239
432,392,101,237
431,394,103,235
430,396,105,233
429,398,107,231
428,400,109,229
427,402,111,227
426,404,113,225
425,406,115,223
424,408,117,221
423,410,119,219
422,412,121,217
421,414,123,215
420,416,125,213
419,418,127,211
423,420,123,207
423,421,123,206
423,422,123,205
423,423,123,204
423,424,123,203
423,425,123,202
423,426,123,201
423,427,123,200
423,428,123,199
423,429,123,198
423,430,123,197
423,431,123,196
423,432,123,195
423,433,123,194
423,434,123,193
428,430,125,197
428,430,125,197
428,430,125,197
428,430,125,197
428,430,125,197
428,430,125,197
428,430,125,197
428,430,125,197
428,430,125,197
428,430,125,197
428,430,125,197
428,430,125,197
428,430,125,197
428,430,125,197
428,430,125,197
430,430,121,197
430,430,121,197
430,430,121,197
430,430,121,197
430,430,121,197
430,430,121,197
430,430,121,197
430,430,121,197
430,430,121,197
430,430,121,197
430,430,121,197
430,430,121,197
430,430,121,197
430,430,121,197
430,430,121,197
432,432,121,195
432,432,121,195
432,432,121,195
432,432,121,195
432,432,121,195
432,432,121,195
432,432,121,195
432,432,121,195
432,432,121,195
432,432,121,195
432,432,121,195
432,432,121,195
432,432,121,195
432,432,121,195
432,432,121,195
433,428,118,199
433,428,118,199
433,428,118,199
433,428,118,199
433,428,118,199
433,428,118,199
433,428,118,199
433,428,118,199
433,428,118,199
433,428,118,199
433,428,118,199
433,428,118,199
433,428,118,199
433,428,118,199
433,428,118,199
428,428,125,199
428,428,124,199
428,428,123,199
428,428,122,199
428,428,121,199
428,428,120,199
428,428,119,199
428,428,118,199
428,428,117,199
428,428,116,199
428,428,115,199
428,428,114,199
428,428,113,199
428,428,112,199
428,428,111,199
435,428,116,201
435,429,116,200
435,430,116,199
435,431,116,198
435,432,116,197
435,433,116,196
435,434,116,195
435,435,116,194
435,436,116,193
435,437,116,192
435,438,116,191
435,439,116,190
435,440,116,189
435,441,116,188
435,442,116,187
437,441,120,186
437,441,120,186
437,441,120,186
437,441,120,186
437,441,120,186
437,441,120,186
437,441,120,186
437,441,120,186
437,441,120,186
437,441,120,186
437,441,120,186
437,441,120,186
437,441,120,186
437,441,120,186
437,441,120,186
437,446,116,181
437,446,116,181
437,446,116,181
437,446,116,181
437,446,116,181
437,446,116,181
437,446,116,181
437,446,116,181
437,446,116,181
437,446,116,181
437,446,116,181
437,446,116,181
437,446,116,181
437,446,116,181
437,446,116,181
433,448,122,178
457,451,115,167
481,454,108,156
505,457,101,145
529,460,94,134
553,463,87,123
577,466,80,112
601,469,73,101
625,472,66,90
649,475,59,79
673,478,52,68
697,481,45,57
721,484,38,46
745,487,31,35
769,490,24,24
800,497,15,10
776,493,22,22
752,489,29,34
728,485,36,46
704,481,43,58
680,477,50,70
656,473,57,82
632,469,64,94
608,465,71,106
584,461,78,118
560,457,85,130
536,453,92,142
512,449,99,154
488,445,106,166
464,441,113,178
437,437,116,190
437,436,116,191
437,435,116,192
437,434,116,193
437,433,116,194
437,432,116,195
437,431,116,196
437,430,116,197
437,429,116,198
437,428,116,199
437,427,116,200
437,426,116,201
437,425,116,202
437,424,116,203
437,423,116,204
437,425,116,202
437,425,116,202
437,425,116,202
437,425,116,202
437,425,116,202
437,425,116,202
437,425,116,202
437,425,116,202
437,425,116,202
437,425,116,202
437,425,116,202
437,425,116,202
437,425,116,202
437,425,116,202
437,425,116,202
437,427,114,204
437,427,114,204
437,427,114,204
437,427,114,204
437,427,114,204
437,427,114,204
437,427,114,204
437,427,114,204
437,427,114,204
437,427,114,204
437,427,114,204
437,427,114,204
437,427,114,204
437,427,114,204
437,427,114,204
432,425,119,204
432,425,119,204
432,425,119,204
432,425,119,204
432,425,119,204
432,425,119,204
432,425,119,204
432,425,119,204
432,425,119,204
432,425,119,204
432,425,119,204
432,425,119,204
432,425,119,204
432,425,119,204
432,425,119,204
437,430,114,197
437,428,114,199
437,426,114,201
437,424,114,203
437,422,114,205
437,420,114,207
437,418,114,209
437,416,114,211
437,414,114,213
437,412,114,215
437,410,114,217
437,408,114,219
437,406,114,221
437,404,114,223
437,402,114,225
437,404,116,223
437,402,118,225
437,400,120,227
437,398,122,229
437,396,124,231
437,394,126,233
437,392,128,235
437,390,130,237
437,388,132,239
437,386,134,241
437,384,136,243
437,382,138,245
437,380,140,247
437,378,142,249
437,376,144,251
433,381,145,246
437,379,142,248
441,377,139,250
445,375,136,252
449,373,133,254
453,371,130,256
457,369,127,258
461,367,124,260
465,365,121,262
469,363,118,264
473,361,115,266
477,359,112,268
481,357,109,270
485,355,106,272
489,353,103,274
492,355,107,276
493,354,107,277
494,353,107,278
495,352,107,279
496,351,107,280
497,350,107,281
498,349,107,282
499,348,107,283
500,347,107,284
501,346,107,285
502,345,107,286
503,344,107,287
504,343,107,288
505,342,107,289
506,341,107,290
510,337,102,292
521,337,104,291
532,337,106,290
543,337,108,289
554,337,110,288
565,337,112,287
576,337,114,286
587,337,116,285
598,337,118,284
609,337,120,283
620,337,122,282
631,337,124,281
642,337,126,280
653,337,128,279
657,332,130,283
561,334,134,285
