1322,506,54,136
1320,506,54,137
1318,506,54,138
1316,506,54,139
1314,506,54,140
1312,506,54,141
1310,506,54,142
1308,506,54,143
1306,506,54,144
1304,506,54,145
1302,506,54,146
1300,506,54,147
1298,506,54,148
1296,506,54,149
1294,506,54,150
1285,502,47,146
1282,503,47,146
1279,504,47,146
1276,505,47,146
1273,506,47,146
1270,507,47,146
1267,508,47,146
1264,509,47,146
1261,510,47,146
1258,511,47,146
1255,512,47,146
1252,513,47,146
1249,514,47,146
1246,515,47,146
1243,516,47,146
1245,511,42,140
1241,511,43,141
1237,511,44,142
1233,511,45,143
1229,511,46,144
1225,511,47,145
1221,511,48,146
1217,511,49,147
1213,511,50,148
1209,511,51,149
1205,511,52,150
1201,511,53,151
1197,511,54,152
1193,511,55,153
1189,511,56,154
1189,508,52,156
1185,508,52,156
1181,508,52,156
1177,508,52,156
1173,508,52,156
1169,508,52,156
1165,508,52,156
1161,508,52,156
1157,508,52,156
1153,508,52,156
1149,508,52,156
1145,508,52,156
1141,508,52,156
1137,508,52,156
1133,508,52,156
1134,505,56,162
1130,505,56,163
1126,505,56,164
1122,505,56,165
1118,505,56,166
1114,505,56,167
1110,505,56,168
1106,505,56,169
1102,505,56,170
1098,505,56,171
1094,505,56,172
1090,505,56,173
1086,505,56,174
1082,505,56,175
1078,505,56,176
1078,506,54,174
1073,506,55,174
1068,506,56,174
1063,506,57,174
1058,506,58,174
1053,506,59,174
1048,506,60,174
1043,506,61,174
1038,506,62,174
1033,506,63,174
1028,506,64,174
1023,506,65,174
1018,506,66,174
1013,506,67,174
1008,506,68,174
1008,508,64,178
1004,508,64,179
1000,508,64,180
996,508,64,181
992,508,64,182
988,508,64,183
984,508,64,184
980,508,64,185
976,508,64,186
972,508,64,187
968,508,64,188
964,508,64,189
960,508,64,190
956,508,64,191
952,508,64,192
945,509,64,188
940,509,65,188
935,509,66,188
930,509,67,188
925,509,68,188
920,509,69,188
915,509,70,188
910,509,71,188
905,509,72,188
900,509,73,188
895,509,74,188
890,509,75,188
885,509,76,188
880,509,77,188
875,509,78,188
873,511,76,183
868,511,76,185
863,511,76,187
858,511,76,189
853,511,76,191
848,511,76,193
843,511,76,195
838,511,76,197
833,511,76,199
828,511,76,201
823,511,76,203
818,511,76,205
813,511,76,207
808,511,76,209
803,511,76,211
795,505,81,206
790,505,83,206
785,505,85,206
780,505,87,206
775,505,89,206
770,505,91,206
765,505,93,206
760,505,95,206
755,505,97,206
750,505,99,206
745,505,101,206
740,505,103,206
735,505,105,206
730,505,107,206
725,505,109,206
716,506,104,202
712,506,103,202
708,506,102,202
704,506,101,202
700,506,100,202
696,506,99,202
692,506,98,202
688,506,97,202
684,506,96,202
680,506,95,202
676,506,94,202
672,506,93,202
668,506,92,202
664,506,91,202
660,506,90,202
658,506,90,208
656,506,88,208
654,506,86,208
652,506,84,208
650,506,82,208
648,506,80,208
646,506,78,208
644,506,76,208
642,506,74,208
640,506,72,208
638,506,70,208
636,506,68,208
634,506,66,208
632,506,64,208
630,506,62,208
631,499,64,213
630,499,65,212
629,499,66,211
628,499,67,210
627,499,68,209
626,499,69,208
625,499,70,207
624,499,71,206
623,499,72,205
622,499,73,204
621,499,74,203
620,499,75,202
619,499,76,201
618,499,77,200
617,499,78,199
619,506,78,197
620,507,78,196
621,508,78,195
622,509,78,194
623,510,78,193
624,511,78,192
625,512,78,191
626,513,78,190
627,514,78,189
628,515,78,188
629,516,78,187
630,517,78,186
631,518,78,185
632,519,78,184
633,520,78,183
629,518,85,185
629,520,85,183
629,522,85,181
629,524,85,179
629,526,85,177
629,528,85,175
629,530,85,173
629,532,85,171
629,534,85,169
629,536,85,167
629,538,85,165
629,540,85,163
629,542,85,161
629,544,85,159
629,546,85,157
634,543,85,159
634,544,85,158
634,545,85,157
634,546,85,156
634,547,85,155
634,548,85,154
634,549,85,153
634,550,85,152
634,551,85,151
634,552,85,150
634,553,85,149
634,554,85,148
634,555,85,147
634,556,85,146
634,557,85,145
629,556,83,149
629,557,83,148
629,558,83,147
629,559,83,146
629,560,83,145
629,561,83,144
629,562,83,143
629,563,83,142
629,564,83,141
629,565,83,140
629,566,83,139
629,567,83,138
629,568,83,137
629,569,83,136
629,570,83,135
628,564,84,139
628,564,84,139
628,564,84,139
628,564,84,139
628,564,84,139
628,564,84,139
628,564,84,139
628,564,84,139
628,564,84,139
628,564,84,139
628,564,84,139
628,564,84,139
628,564,84,139
628,564,84,139
628,564,84,139
628,564,81,138
628,564,81,138
628,564,81,138
628,564,81,138
628,564,81,138
628,564,81,138
628,564,81,138
628,564,81,138
628,564,81,138
628,564,81,138
628,564,81,138
628,564,81,138
628,564,81,138
628,564,81,138
628,564,81,138
631,566,88,139
631,566,88,139
631,566,88,139
631,566,88,139
631,566,88,139
631,566,88,139
631,566,88,139
631,566,88,139
631,566,88,139
631,566,88,139
631,566,88,139
631,566,88,139
631,566,88,139
631,566,88,139
631,566,88,139
631,567,85,136
631,568,85,136
631,569,85,136
631,570,85,136
631,571,85,136
631,572,85,136
631,573,85,136
631,574,85,136
631,575,85,136
631,576,85,136
631,577,85,136
631,578,85,136
631,579,85,136
631,580,85,136
631,581,85,136
631,576,78,129
631,574,79,131
631,572,80,133
631,570,81,135
631,568,82,137
631,566,83,139
631,564,84,141
631,562,85,143
631,560,86,145
631,558,87,147
631,556,88,149
631,554,89,151
631,552,90,153
631,550,91,155
631,548,92,157
629,552,90,154
629,552,90,154
629,552,90,154
629,552,90,154
629,552,90,154
629,552,90,154
629,552,90,154
629,552,90,154
629,552,90,154
629,552,90,154
629,552,90,154
629,552,90,154
629,552,90,154
629,552,90,154
629,552,90,154
626,546,95,156
626,546,95,156
626,546,95,156
626,546,95,156
626,546,95,156
626,546,95,156
626,546,95,156
626,546,95,156
626,546,95,156
626,546,95,156
626,546,95,156
626,546,95,156
626,546,95,156
626,546,95,156
626,546,95,156
626,544,91,161
627,544,90,161
628,544,89,161
629,544,88,161
630,544,87,161
631,544,86,161
632,544,85,161
633,544,84,161
634,544,83,161
635,544,82,161
636,544,81,161
637,544,80,161
638,544,79,161
639,544,78,161
640,544,77,161
634,541,83,161
634,541,83,161
634,541,83,161
634,541,83,161
634,541,83,161
634,541,83,161
634,541,83,161
634,541,83,161
634,541,83,161
634,541,83,161
634,541,83,161
634,541,83,161
634,541,83,161
634,541,83,161
634,541,83,161
631,541,81,165
631,542,81,163
631,543,81,161
631,544,81,159
631,545,81,157
631,546,81,155
631,547,81,153
631,548,81,151
631,549,81,149
631,550,81,147
631,551,81,145
631,552,81,143
631,553,81,141
631,554,81,139
631,555,81,137
633,558,83,142
632,556,84,145
631,554,85,148
630,552,86,151
629,550,87,154
628,548,88,157
627,546,89,160
626,544,90,163
625,542,91,166
624,540,92,169
623,538,93,172
622,536,94,175
621,534,95,178
620,532,96,181
619,530,97,184
616,526,91,180
613,525,93,180
610,524,95,180
607,523,97,180
604,522,99,180
601,521,101,180
598,520,103,180
595,519,105,180
592,518,107,180
589,517,109,180
586,516,111,180
583,515,113,180
580,514,115,180
577,513,117,180
574,512,119,180
570,515,118,185
567,514,118,186
564,513,118,187
561,512,118,188
558,511,118,189
555,510,118,190
552,509,118,191
549,508,118,192
546,507,118,193
543,506,118,194
540,505,118,195
537,504,118,196
534,503,118,197
531,502,118,198
528,501,118,199
520,505,122,200
