1337,390,113,202
1332,390,112,203
1327,390,111,204
1322,390,110,205
1317,390,109,206
1312,390,108,207
1307,390,107,208
1302,390,106,209
1297,390,105,210
1292,390,104,211
1287,390,103,212
1282,390,102,213
1277,390,101,214
1272,390,100,215
1267,390,99,216
1264,384,101,217
1258,384,102,218
1252,384,103,219
1246,384,104,220
1240,384,105,221
1234,384,106,222
1228,384,107,223
1222,384,108,224
1216,384,109,225
1210,384,110,226
1204,384,111,227
1198,384,112,228
1192,384,113,229
1186,384,114,230
1180,384,115,231
1171,377,120,228
1166,377,120,228
1161,377,120,228
1156,377,120,228
1151,377,120,228
1146,377,120,228
1141,377,120,228
1136,377,120,228
1131,377,120,228
1126,377,120,228
1121,377,120,228
1116,377,120,228
1111,377,120,228
1106,377,120,228
1101,377,120,228
1096,375,121,234
1089,374,122,235
1082,373,123,236
1075,372,124,237
1068,371,125,238
1061,370,126,239
1054,369,127,240
1047,368,128,241
1040,367,129,242
1033,366,130,243
1026,365,131,244
1019,364,132,245
1012,363,133,246
1005,362,134,247
998,361,135,248
985,366,135,254
979,366,135,254
973,366,135,254
967,366,135,254
961,366,135,254
955,366,135,254
949,366,135,254
943,366,135,254
937,366,135,254
931,366,135,254
925,366,135,254
919,366,135,254
913,366,135,254
907,366,135,254
901,366,135,254
889,369,129,249
882,369,129,250
875,369,129,251
868,369,129,252
861,369,129,253
854,369,129,254
847,369,129,255
840,369,129,256
833,369,129,257
826,369,129,258
819,369,129,259
812,369,129,260
805,369,129,261
798,369,129,262
791,369,129,263
787,368,127,259
781,367,126,260
775,366,125,261
769,365,124,262
763,364,123,263
757,363,122,264
751,362,121,265
745,361,120,266
739,360,119,267
733,359,118,268
727,358,117,269
721,357,116,270
715,356,115,271
709,355,114,272
703,354,113,273
691,351,119,278
684,350,118,279
677,349,117,280
670,348,116,281
663,347,115,282
656,346,114,283
649,345,113,284
642,344,112,285
635,343,111,286
628,342,110,287
621,341,109,288
614,340,108,289
607,339,107,290
600,338,106,291
593,337,105,292
593,340,110,294
588,340,108,294
583,340,106,294
578,340,104,294
573,340,102,294
568,340,100,294
563,340,98,294
558,340,96,294
553,340,94,294
548,340,92,294
543,340,90,294
538,340,88,294
533,340,86,294
528,340,84,294
523,340,82,294
518,336,76,296
513,336,78,296
508,336,80,296
503,336,82,296
498,336,84,296
493,336,86,296
488,336,88,296
483,336,90,296
478,336,92,296
473,336,94,296
468,336,96,296
463,336,98,296
458,336,100,296
453,336,102,296
448,336,104,296
448,336,109,302
444,336,110,302
440,336,111,302
436,336,112,302
432,336,113,302
428,336,114,302
424,336,115,302
420,336,116,302
416,336,117,302
412,336,118,302
408,336,119,302
404,336,120,302
400,336,121,302
396,336,122,302
392,336,123,302
389,331,125,305
391,332,122,304
393,333,119,303
395,334,116,302
397,335,113,301
399,336,110,300
401,337,107,299
403,338,104,298
405,339,101,297
407,340,98,296
409,341,95,295
411,342,92,294
413,343,89,293
415,344,86,292
417,345,83,291
413,344,84,287
413,345,87,285
413,346,90,283
413,347,93,281
413,348,96,279
413,349,99,277
413,350,102,275
413,351,105,273
413,352,108,271
413,353,111,269
413,354,114,267
413,355,117,265
413,356,120,263
413,357,123,261
413,358,126,259
413,366,125,261
413,368,125,259
413,370,125,257
413,372,125,255
413,374,125,253
413,376,125,251
413,378,125,249
413,380,125,247
413,382,125,245
413,384,125,243
413,386,125,241
413,388,125,239
413,390,125,237
413,392,125,235
413,394,125,233
418,401,127,231
418,402,127,229
418,403,127,227
418,404,127,225
418,405,127,223
418,406,127,221
418,407,127,219
418,408,127,217
418,409,127,215
418,410,127,213
418,411,127,211
418,412,127,209
418,413,127,207
418,414,127,205
418,415,127,203
416,423,124,206
416,423,124,206
416,423,124,206
416,423,124,206
416,423,124,206
416,423,124,206
416,423,124,206
416,423,124,206
416,423,124,206
416,423,124,206
416,423,124,206
416,423,124,206
416,423,124,206
416,423,124,206
416,423,124,206
415,426,118,203
415,426,118,203
415,426,118,203
415,426,118,203
415,426,118,203
415,426,118,203
415,426,118,203
415,426,118,203
415,426,118,203
415,426,118,203
415,426,118,203
415,426,118,203
415,426,118,203
415,426,118,203
415,426,118,203
418,430,120,197
418,430,120,197
418,430,120,197
418,430,120,197
418,430,120,197
418,430,120,197
418,430,120,197
418,430,120,197
418,430,120,197
418,430,120,197
418,430,120,197
418,430,120,197
418,430,120,197
418,430,120,197
418,430,120,197
413,428,127,199
413,429,127,199
413,430,127,199
413,431,127,199
413,432,127,199
413,433,127,199
413,434,127,199
413,435,127,199
413,436,127,199
413,437,127,199
413,438,127,199
413,439,127,199
413,440,127,199
413,441,127,199
413,442,127,199
418,437,120,192
418,437,120,192
418,437,120,192
418,437,120,192
418,437,120,192
418,437,120,192
418,437,120,192
418,437,120,192
418,437,120,192
418,437,120,192
418,437,120,192
418,437,120,192
418,437,120,192
418,437,120,192
418,437,120,192
415,441,127,188
415,439,127,190
415,437,127,192
415,435,127,194
415,433,127,196
415,431,127,198
415,429,127,200
415,427,127,202
415,425,127,204
415,423,127,206
415,421,127,208
415,419,127,210
415,417,127,212
415,415,127,214
415,413,127,216
416,404,128,225
416,404,128,225
416,404,128,225
416,404,128,225
416,404,128,225
416,404,128,225
416,404,128,225
416,404,128,225
416,404,128,225
416,404,128,225
416,404,128,225
416,404,128,225
416,404,128,225
416,404,128,225
416,404,128,225
418,404,126,225
418,403,126,226
418,402,126,227
418,401,126,228
418,400,126,229
418,399,126,230
418,398,126,231
418,397,126,232
418,396,126,233
418,395,126,234
418,394,126,235
418,393,126,236
418,392,126,237
418,391,126,238
418,390,126,239
416,393,124,239
416,393,124,239
416,393,124,239
416,393,124,239
416,393,124,239
416,393,124,239
416,393,124,239
416,393,124,239
416,393,124,239
416,393,124,239
416,393,124,239
416,393,124,239
416,393,124,239
416,393,124,239
416,393,124,239
418,388,117,237
418,388,117,237
418,388,117,237
418,388,117,237
418,388,117,237
418,388,117,237
418,388,117,237
418,388,117,237
418,388,117,237
418,388,117,237
418,388,117,237
418,388,117,237
418,388,117,237
418,388,117,237
418,388,117,237
416,393,117,236
416,394,117,235
416,395,117,234
416,396,117,233
416,397,117,232
416,398,117,231
416,399,117,230
416,400,117,229
416,401,117,228
416,402,117,227
416,403,117,226
416,404,117,225
416,405,117,224
416,406,117,223
416,407,117,222
418,413,119,218
417,410,120,221
416,407,121,224
415,404,122,227
414,401,123,230
413,398,124,233
412,395,125,236
411,392,126,239
410,389,127,242
409,386,128,245
408,383,129,248
407,380,130,251
406,377,131,254
405,374,132,257
404,371,133,260
399,373,131,270
396,372,133,270
393,371,135,270
390,370,137,270
387,369,139,270
384,368,141,270
381,367,143,270
378,366,145,270
375,365,147,270
372,364,149,270
369,363,151,270
366,362,153,270
363,361,155,270
360,360,157,270
357,359,159,270
347,351,166,272
342,350,166,272
337,349,166,272
332,348,166,272
327,347,166,272
322,346,166,272
317,345,166,272
312,344,166,272
307,343,166,272
302,342,166,272
297,341,166,272
292,340,166,272
287,339,166,272
282,338,166,272
277,337,166,272
271,342,162,278
262,342,163,277
253,342,164,276
244,342,165,275
235,342,166,274
226,342,167,273
217,342,168,272
208,342,169,271
199,342,170,270
190,342,171,269
181,342,172,268
172,342,173,267
163,342,174,266
154,342,175,265
145,342,176,264
143,338,176,265
