1393,467,58,157
1389,467,57,157
1385,467,56,157
1381,467,55,157
1377,467,54,157
1373,467,53,157
1369,467,52,157
1365,467,51,157
1361,467,50,157
1357,467,49,157
1353,467,48,157
1349,467,47,157
1345,467,46,157
1341,467,45,157
1337,467,44,157
1333,474,45,160
1326,474,47,161
1319,474,49,162
1312,474,51,163
1305,474,53,164
1298,474,55,165
1291,474,57,166
1284,474,59,167
1277,474,61,168
1270,474,63,169
1263,474,65,170
1256,474,67,171
1249,474,69,172
1242,474,71,173
1235,474,73,174
1233,478,77,168
1228,479,77,168
1223,480,77,168
1218,481,77,168
1213,482,77,168
1208,483,77,168
1203,484,77,168
1198,485,77,168
1193,486,77,168
1188,487,77,168
1183,488,77,168
1178,489,77,168
1173,490,77,168
1168,491,77,168
1163,492,77,168
1165,499,76,164
1159,499,77,165
1153,499,78,166
1147,499,79,167
1141,499,80,168
1135,499,81,169
1129,499,82,170
1123,499,83,171
1117,499,84,172
1111,499,85,173
1105,499,86,174
1099,499,87,175
1093,499,88,176
1087,499,89,177
1081,499,90,178
1077,494,87,181
1071,494,85,181
1065,494,83,181
1059,494,81,181
1053,494,79,181
1047,494,77,181
1041,494,75,181
1035,494,73,181
1029,494,71,181
1023,494,69,181
1017,494,67,181
1011,494,65,181
1005,494,63,181
999,494,61,181
993,494,59,181
985,493,54,188
978,493,56,189
971,493,58,190
964,493,60,191
957,493,62,192
950,493,64,193
943,493,66,194
936,493,68,195
929,493,70,196
922,493,72,197
915,493,74,198
908,493,76,199
901,493,78,200
894,493,80,201
887,493,82,202
876,489,77,209
868,489,79,209
860,489,81,209
852,489,83,209
844,489,85,209
836,489,87,209
828,489,89,209
820,489,91,209
812,489,93,209
804,489,95,209
796,489,97,209
788,489,99,209
780,489,101,209
772,489,103,209
764,489,105,209
762,494,108,206
758,494,107,207
754,494,106,208
750,494,105,209
746,494,104,210
742,494,103,211
738,494,102,212
734,494,101,213
730,494,100,214
726,494,99,215
722,494,98,216
718,494,97,217
714,494,96,218
710,494,95,219
706,494,94,220
698,488,91,220
695,488,91,220
692,488,91,220
689,488,91,220
686,488,91,220
683,488,91,220
680,488,91,220
677,488,91,220
674,488,91,220
671,488,91,220
668,488,91,220
665,488,91,220
662,488,91,220
659,488,91,220
656,488,91,220
654,486,86,217
654,487,86,216
654,488,86,215
654,489,86,214
654,490,86,213
654,491,86,212
654,492,86,211
654,493,86,210
654,494,86,209
654,495,86,208
654,496,86,207
654,497,86,206
654,498,86,205
654,499,86,204
654,500,86,203
658,498,90,207
659,500,90,205
660,502,90,203
661,504,90,201
662,506,90,199
663,508,90,197
664,510,90,195
665,512,90,193
666,514,90,191
667,516,90,189
668,518,90,187
669,520,90,185
670,522,90,183
671,524,90,181
672,526,90,179
672,524,87,176
672,525,87,176
672,526,87,176
672,527,87,176
672,528,87,176
672,529,87,176
672,530,87,176
672,531,87,176
672,532,87,176
672,533,87,176
672,534,87,176
672,535,87,176
672,536,87,176
672,537,87,176
672,538,87,176
670,545,84,173
670,546,84,172
670,547,84,171
670,548,84,170
670,549,84,169
670,550,84,168
670,551,84,167
670,552,84,166
670,553,84,165
670,554,84,164
670,555,84,163
670,556,84,162
670,557,84,161
670,558,84,160
670,559,84,159
666,556,84,156
666,556,84,156
666,556,84,156
666,556,84,156
666,556,84,156
666,556,84,156
666,556,84,156
666,556,84,156
666,556,84,156
666,556,84,156
666,556,84,156
666,556,84,156
666,556,84,156
666,556,84,156
666,556,84,156
665,558,89,149
665,558,89,149
665,558,89,149
665,558,89,149
665,558,89,149
665,558,89,149
665,558,89,149
665,558,89,149
665,558,89,149
665,558,89,149
665,558,89,149
665,558,89,149
665,558,89,149
665,558,89,149
665,558,89,149
665,558,90,144
665,558,90,144
665,558,90,144
665,558,90,144
665,558,90,144
665,558,90,144
665,558,90,144
665,558,90,144
665,558,90,144
665,558,90,144
665,558,90,144
665,558,90,144
665,558,90,144
665,558,90,144
665,558,90,144
668,565,91,137
668,563,91,139
668,561,91,141
668,559,91,143
668,557,91,145
668,555,91,147
668,553,91,149
668,551,91,151
668,549,91,153
668,547,91,155
668,545,91,157
668,543,91,159
668,541,91,161
668,539,91,163
668,537,91,165
663,533,96,165
663,533,96,165
663,533,96,165
663,533,96,165
663,533,96,165
663,533,96,165
663,533,96,165
663,533,96,165
663,533,96,165
663,533,96,165
663,533,96,165
663,533,96,165
663,533,96,165
663,533,96,165
663,533,96,165
659,535,100,170
660,534,99,171
661,533,98,172
662,532,97,173
663,531,96,174
664,530,95,175
665,529,94,176
666,528,93,177
667,527,92,178
668,526,91,179
669,525,90,180
670,524,89,181
671,523,88,182
672,522,87,183
673,521,86,184
672,526,91,179
672,527,91,178
672,528,91,177
672,529,91,176
672,530,91,175
672,531,91,174
672,532,91,173
672,533,91,172
672,534,91,171
672,535,91,170
672,536,91,169
672,537,91,168
672,538,91,167
672,539,91,166
672,540,91,165
666,535,91,162
665,534,91,163
664,533,91,164
663,532,91,165
662,531,91,166
661,530,91,167
660,529,91,168
659,528,91,169
658,527,91,170
657,526,91,171
656,525,91,172
655,524,91,173
654,523,91,174
653,522,91,175
652,521,91,176
658,526,96,182
654,525,98,183
650,524,100,184
646,523,102,185
642,522,104,186
638,521,106,187
634,520,108,188
630,519,110,189
626,518,112,190
622,517,114,191
618,516,116,192
614,515,118,193
610,514,120,194
606,513,122,195
602,512,124,196
605,504,124,193
600,503,124,193
595,502,124,193
590,501,124,193
585,500,124,193
580,499,124,193
575,498,124,193
570,497,124,193
565,496,124,193
560,495,124,193
555,494,124,193
550,493,124,193
545,492,124,193
540,491,124,193
535,490,124,193
531,494,129,199
