756,423,83,252
759,424,84,251
762,425,85,250
765,426,86,249
768,427,87,248
771,428,88,247
774,429,89,246
777,430,90,245
780,431,91,244
783,432,92,243
786,433,93,242
789,434,94,241
792,435,95,240
795,436,96,239
798,437,97,238
798,434,92,231
799,435,91,230
800,436,90,229
801,437,89,228
802,438,88,227
803,439,87,226
804,440,86,225
805,441,85,224
806,442,84,223
807,443,83,222
808,444,82,221
809,445,81,220
810,446,80,219
811,447,79,218
812,448,78,217
814,448,80,211
814,448,83,210
814,448,86,209
814,448,89,208
814,448,92,207
814,448,95,206
814,448,98,205
814,448,101,204
814,448,104,203
814,448,107,202
814,448,110,201
814,448,113,200
814,448,116,199
814,448,119,198
814,448,122,197
812,445,132,198
813,446,130,197
814,447,128,196
815,448,126,195
816,449,124,194
817,450,122,193
818,451,120,192
819,452,118,191
820,453,116,190
821,454,114,189
822,455,112,188
823,456,110,187
824,457,108,186
825,458,106,185
826,459,104,184
820,464,96,176
820,465,97,175
820,466,98,174
820,467,99,173
820,468,100,172
820,469,101,171
820,470,102,170
820,471,103,169
820,472,104,168
820,473,105,167
820,474,106,166
820,475,107,165
820,476,108,164
820,477,109,163
820,478,110,162
816,475,106,163
817,475,106,163
818,475,106,163
819,475,106,163
820,475,106,163
821,475,106,163
822,475,106,163
823,475,106,163
824,475,106,163
825,475,106,163
826,475,106,163
827,475,106,163
828,475,106,163
829,475,106,163
830,475,106,163
826,469,100,160
826,469,100,160
826,469,100,160
826,469,100,160
826,469,100,160
826,469,100,160
826,469,100,160
826,469,100,160
826,469,100,160
826,469,100,160
826,469,100,160
826,469,100,160
826,469,100,160
826,469,100,160
826,469,100,160
826,468,100,163
825,468,101,162
824,468,102,161
823,468,103,160
822,468,104,159
821,468,105,158
820,468,106,157
819,468,107,156
818,468,108,155
817,468,109,154
816,468,110,153
815,468,111,152
814,468,112,151
813,468,113,150
812,468,114,149
818,473,108,151
819,473,107,152
820,473,106,153
821,473,105,154
822,473,104,155
823,473,103,156
824,473,102,157
825,473,101,158
826,473,100,159
827,473,99,160
828,473,98,161
829,473,97,162
830,473,96,163
831,473,95,164
832,473,94,165
826,468,98,159
826,468,98,159
826,468,98,159
826,468,98,159
826,468,98,159
826,468,98,159
826,468,98,159
826,468,98,159
826,468,98,159
826,468,98,159
826,468,98,159
826,468,98,159
826,468,98,159
826,468,98,159
826,468,98,159
824,462,104,163
824,463,104,163
824,464,104,163
824,465,104,163
824,466,104,163
824,467,104,163
824,468,104,163
824,469,104,163
824,470,104,163
824,471,104,163
824,472,104,163
824,473,104,163
824,474,104,163
824,475,104,163
824,476,104,163
828,473,104,156
828,473,104,156
828,473,104,156
828,473,104,156
828,473,104,156
828,473,104,156
828,473,104,156
828,473,104,156
828,473,104,156
828,473,104,156
828,473,104,156
828,473,104,156
828,473,104,156
828,473,104,156
828,473,104,156
828,473,104,154
828,472,103,155
828,471,102,156
828,470,101,157
828,469,100,158
828,468,99,159
828,467,98,160
828,466,97,161
828,465,96,162
828,464,95,163
828,463,94,164
828,462,93,165
828,461,92,166
828,460,91,167
828,459,90,168
832,464,96,172
832,464,96,172
832,464,96,172
832,464,96,172
832,464,96,172
832,464,96,172
832,464,96,172
832,464,96,172
832,464,96,172
832,464,96,172
832,464,96,172
832,464,96,172
832,464,96,172
832,464,96,172
832,464,96,172
828,469,98,176
828,469,99,175
828,469,100,174
828,469,101,173
828,469,102,172
828,469,103,171
828,469,104,170
828,469,105,169
828,469,106,168
828,469,107,167
828,469,108,166
828,469,109,165
828,469,110,164
828,469,111,163
828,469,112,162
822,468,108,166
822,468,108,166
822,468,108,166
822,468,108,166
822,468,108,166
822,468,108,166
822,468,108,166
822,468,108,166
822,468,108,166
822,468,108,166
822,468,108,166
822,468,108,166
822,468,108,166
822,468,108,166
822,468,108,166
822,475,114,166
823,475,113,166
824,475,112,166
825,475,111,166
826,475,110,166
827,475,109,166
828,475,108,166
829,475,107,166
830,475,106,166
831,475,105,166
832,475,104,166
833,475,103,166
834,475,102,166
835,475,101,166
836,475,100,166
834,468,98,159
834,468,98,159
834,468,98,159
834,468,98,159
834,468,98,159
834,468,98,159
834,468,98,159
834,468,98,159
834,468,98,159
834,468,98,159
834,468,98,159
834,468,98,159
834,468,98,159
834,468,98,159
834,468,98,159
832,462,100,165
832,460,99,167
832,458,98,169
832,456,97,171
832,454,96,173
832,452,95,175
832,450,94,177
832,448,93,179
832,446,92,181
832,444,91,183
832,442,90,185
832,440,89,187
832,438,88,189
832,436,87,191
832,434,86,193
832,439,84,192
832,439,85,191
832,439,86,190
832,439,87,189
832,439,88,188
832,439,89,187
832,439,90,186
832,439,91,185
832,439,92,184
832,439,93,183
832,439,94,182
832,439,95,181
832,439,96,180
832,439,97,179
832,439,98,178
826,441,96,184
826,441,96,184
826,441,96,184
826,441,96,184
826,441,96,184
826,441,96,184
826,441,96,184
826,441,96,184
826,441,96,184
826,441,96,184
826,441,96,184
826,441,96,184
826,441,96,184
826,441,96,184
826,441,96,184
824,441,98,181
824,442,98,180
824,443,98,179
824,444,98,178
824,445,98,177
824,446,98,176
824,447,98,175
824,448,98,174
824,449,98,173
824,450,98,172
824,451,98,171
824,452,98,170
824,453,98,169
824,454,98,168
824,455,98,167
824,459,94,161
824,459,94,160
824,459,94,159
824,459,94,158
824,459,94,157
824,459,94,156
824,459,94,155
824,459,94,154
824,459,94,153
824,459,94,152
824,459,94,151
824,459,94,150
824,459,94,149
824,459,94,148
824,459,94,147
822,466,94,152
822,465,94,153
822,464,94,154
822,463,94,155
822,462,94,156
822,461,94,157
822,460,94,158
822,459,94,159
822,458,94,160
822,457,94,161
822,456,94,162
822,455,94,163
822,454,94,164
822,453,94,165
822,452,94,166
818,457,96,174
819,456,96,174
820,455,96,174
821,454,96,174
822,453,96,174
823,452,96,174
824,451,96,174
825,450,96,174
826,449,96,174
827,448,96,174
828,447,96,174
829,446,96,174
830,445,96,174
831,444,96,174
832,443,96,174
826,445,90,179
827,446,89,178
828,447,88,177
829,448,87,176
830,449,86,175
831,450,85,174
832,451,84,173
833,452,83,172
834,453,82,171
835,454,81,170
836,455,80,169
837,456,79,168
838,457,78,167
839,458,77,166
840,459,76,165
838,455,82,165
838,455,84,166
838,455,86,167
838,455,88,168
838,455,90,169
838,455,92,170
838,455,94,171
838,455,96,172
838,455,98,173
838,455,100,174
838,455,102,175
838,455,104,176
838,455,106,177
838,455,108,178
838,455,110,179
834,455,112,179
836,454,112,181
838,453,112,183
840,452,112,185
842,451,112,187
844,450,112,189
846,449,112,191
848,448,112,193
850,447,112,195
852,446,112,197
854,445,112,199
856,444,112,201
858,443,112,203
860,442,112,205
862,441,112,207
865,434,116,207
871,432,114,209
877,430,112,211
883,428,110,213
889,426,108,215
895,424,106,217
901,422,104,219
907,420,102,221
913,418,100,223
919,416,98,225
925,414,96,227
931,412,94,229
937,410,92,231
943,408,90,233
949,406,88,235
949,409,92,238
955,408,92,238
961,407,92,238
967,406,92,238
973,405,92,238
979,404,92,238
985,403,92,238
991,402,92,238
997,401,92,238
1003,400,92,238
1009,399,92,238
1015,398,92,238
1021,397,92,238
1027,396,92,238
1033,395,92,238
1038,395,94,237
