669,363,144,325
674,363,143,324
679,363,142,323
684,363,141,322
689,363,140,321
694,363,139,320
699,363,138,319
704,363,137,318
709,363,136,317
714,363,135,316
719,363,134,315
724,363,133,314
729,363,132,313
734,363,131,312
739,363,130,311
744,363,126,315
747,363,124,313
750,363,122,311
753,363,120,309
756,363,118,307
759,363,116,305
762,363,114,303
765,363,112,301
768,363,110,299
771,363,108,297
774,363,106,295
777,363,104,293
780,363,102,291
783,363,100,289
786,363,98,287
787,369,102,280
789,371,100,278
791,373,98,276
793,375,96,274
795,377,94,272
797,379,92,270
799,381,90,268
801,383,88,266
803,385,86,264
805,387,84,262
807,389,82,260
809,391,80,258
811,393,78,256
813,395,76,254
815,397,74,252
817,403,79,257
817,405,83,255
817,407,87,253
817,409,91,251
817,411,95,249
817,413,99,247
817,415,103,245
817,417,107,243
817,419,111,241
817,421,115,239
817,423,119,237
817,425,123,235
817,427,127,233
817,429,131,231
817,431,135,229
812,429,133,223
813,430,133,223
814,431,133,223
815,432,133,223
816,433,133,223
817,434,133,223
818,435,133,223
819,436,133,223
820,437,133,223
821,438,133,223
822,439,133,223
823,440,133,223
824,441,133,223
825,442,133,223
826,443,133,223
824,438,135,220
824,438,135,221
824,438,135,222
824,438,135,223
824,438,135,224
824,438,135,225
824,438,135,226
824,438,135,227
824,438,135,228
824,438,135,229
824,438,135,230
824,438,135,231
824,438,135,232
824,438,135,233
824,438,135,234
819,431,135,231
819,432,135,230
819,433,135,229
819,434,135,228
819,435,135,227
819,436,135,226
819,437,135,225
819,438,135,224
819,439,135,223
819,440,135,222
819,441,135,221
819,442,135,220
819,443,135,219
819,444,135,218
819,445,135,217
817,439,137,219
817,439,136,220
817,439,135,221
817,439,134,222
817,439,133,223
817,439,132,224
817,439,131,225
817,439,130,226
817,439,129,227
817,439,128,228
817,439,127,229
817,439,126,230
817,439,125,231
817,439,124,232
817,439,123,233
824,433,126,229
824,434,126,228
824,435,126,227
824,436,126,226
824,437,126,225
824,438,126,224
824,439,126,223
824,440,126,222
824,441,126,221
824,442,126,220
824,443,126,219
824,444,126,218
824,445,126,217
824,446,126,216
824,447,126,215
824,446,131,214
824,446,131,214
824,446,131,214
824,446,131,214
824,446,131,214
824,446,131,214
824,446,131,214
824,446,131,214
824,446,131,214
824,446,131,214
824,446,131,214
824,446,131,214
824,446,131,214
824,446,131,214
824,446,131,214
822,444,128,216
822,445,128,215
822,446,128,214
822,447,128,213
822,448,128,212
822,449,128,211
822,450,128,210
822,451,128,209
822,452,128,208
822,453,128,207
822,454,128,206
822,455,128,205
822,456,128,204
822,457,128,203
822,458,128,202
822,454,130,204
822,454,131,204
822,454,132,204
822,454,133,204
822,454,134,204
822,454,135,204
822,454,136,204
822,454,137,204
822,454,138,204
822,454,139,204
822,454,140,204
822,454,141,204
822,454,142,204
822,454,143,204
822,454,144,204
820,454,144,204
820,454,143,204
820,454,142,204
820,454,141,204
820,454,140,204
820,454,139,204
820,454,138,204
820,454,137,204
820,454,136,204
820,454,135,204
820,454,134,204
820,454,133,204
820,454,132,204
820,454,131,204
820,454,130,204
827,459,127,199
827,459,126,199
827,459,125,199
827,459,124,199
827,459,123,199
827,459,122,199
827,459,121,199
827,459,120,199
827,459,119,199
827,459,118,199
827,459,117,199
827,459,116,199
827,459,115,199
827,459,114,199
827,459,113,199
827,462,118,196
827,462,119,196
827,462,120,196
827,462,121,196
827,462,122,196
827,462,123,196
827,462,124,196
827,462,125,196
827,462,126,196
827,462,127,196
827,462,128,196
827,462,129,196
827,462,130,196
827,462,131,196
827,462,132,196
827,464,127,191
827,463,127,192
827,462,127,193
827,461,127,194
827,460,127,195
827,459,127,196
827,458,127,197
827,457,127,198
827,456,127,199
827,455,127,200
827,454,127,201
827,453,127,202
827,452,127,203
827,451,127,204
827,450,127,205
824,454,128,204
825,454,127,204
826,454,126,204
827,454,125,204
828,454,124,204
829,454,123,204
830,454,122,204
831,454,121,204
832,454,120,204
833,454,119,204
834,454,118,204
835,454,117,204
836,454,116,204
837,454,115,204
838,454,114,204
833,447,117,210
833,446,117,211
833,445,117,212
833,444,117,213
833,443,117,214
833,442,117,215
833,441,117,216
833,440,117,217
833,439,117,218
833,438,117,219
833,437,117,220
833,436,117,221
833,435,117,222
833,434,117,223
833,433,117,224
831,438,121,220
831,437,121,221
831,436,121,222
831,435,121,223
831,434,121,224
831,433,121,225
831,432,121,226
831,431,121,227
831,430,121,228
831,429,121,229
831,428,121,230
831,427,121,231
831,426,121,232
831,425,121,233
831,424,121,234
824,421,126,239
824,421,126,238
824,421,126,237
824,421,126,236
824,421,126,235
824,421,126,234
824,421,126,233
824,421,126,232
824,421,126,231
824,421,126,230
824,421,126,229
824,421,126,228
824,421,126,227
824,421,126,226
824,421,126,225
822,428,128,227
822,429,129,227
822,430,130,227
822,431,131,227
822,432,132,227
822,433,133,227
822,434,134,227
822,435,135,227
822,436,136,227
822,437,137,227
822,438,138,227
822,439,139,227
822,440,140,227
822,441,141,227
822,442,142,227
817,438,137,220
818,438,136,220
819,438,135,220
820,438,134,220
821,438,133,220
822,438,132,220
823,438,131,220
824,438,130,220
825,438,129,220
826,438,128,220
827,438,127,220
828,438,126,220
829,438,125,220
830,438,124,220
831,438,123,220
831,441,126,217
831,441,126,217
831,441,126,217
831,441,126,217
831,441,126,217
831,441,126,217
831,441,126,217
831,441,126,217
831,441,126,217
831,441,126,217
831,441,126,217
831,441,126,217
831,441,126,217
831,441,126,217
831,441,126,217
824,446,131,212
824,445,131,213
824,444,131,214
824,443,131,215
824,442,131,216
824,441,131,217
824,440,131,218
824,439,131,219
824,438,131,220
824,437,131,221
824,436,131,222
824,435,131,223
824,434,131,224
824,433,131,225
824,432,131,226
822,436,133,222
822,437,133,221
822,438,133,220
822,439,133,219
822,440,133,218
822,441,133,217
822,442,133,216
822,443,133,215
822,444,133,214
822,445,133,213
822,446,133,212
822,447,133,211
822,448,133,210
822,449,133,209
822,450,133,208
822,447,132,211
822,447,132,212
822,447,132,213
822,447,132,214
822,447,132,215
822,447,132,216
822,447,132,217
822,447,132,218
822,447,132,219
822,447,132,220
822,447,132,221
822,447,132,222
822,447,132,223
822,447,132,224
822,447,132,225
826,442,128,220
826,442,127,220
826,442,126,220
826,442,125,220
826,442,124,220
826,442,123,220
826,442,122,220
826,442,121,220
826,442,120,220
826,442,119,220
826,442,118,220
826,442,117,220
826,442,116,220
826,442,115,220
826,442,114,220
831,439,119,218
831,437,120,220
831,435,121,222
831,433,122,224
831,431,123,226
831,429,124,228
831,427,125,230
831,425,126,232
831,423,127,234
831,421,128,236
831,419,129,238
831,417,130,240
831,415,131,242
831,413,132,244
831,411,133,246
833,416,141,241
837,414,141,243
841,412,141,245
845,410,141,247
849,408,141,249
853,406,141,251
857,404,141,253
861,402,141,255
865,400,141,257
869,398,141,259
873,396,141,261
877,394,141,263
881,392,141,265
885,390,141,267
889,388,141,269
897,381,144,269
904,380,142,270
911,379,140,271
918,378,138,272
925,377,136,273
932,376,134,274
939,375,132,275
946,374,130,276
953,373,128,277
960,372,126,278
967,371,124,279
974,370,122,280
981,369,120,281
988,368,118,282
995,367,116,283
1003,372,111,285
