379,499,114,237
383,499,113,236
387,499,112,235
391,499,111,234
395,499,110,233
399,499,109,232
403,499,108,231
407,499,107,230
411,499,106,229
415,499,105,228
419,499,104,227
423,499,103,226
427,499,102,225
431,499,101,224
435,499,100,223
443,497,102,225
448,497,101,225
453,497,100,225
458,497,99,225
463,497,98,225
468,497,97,225
473,497,96,225
478,497,95,225
483,497,94,225
488,497,93,225
493,497,92,225
498,497,91,225
503,497,90,225
508,497,89,225
513,497,88,225
513,494,85,218
516,493,84,218
519,492,83,218
522,491,82,218
525,490,81,218
528,489,80,218
531,488,79,218
534,487,78,218
537,486,77,218
540,485,76,218
543,484,75,218
546,483,74,218
549,482,73,218
552,481,72,218
555,480,71,218
553,484,71,223
555,484,71,222
557,484,71,221
559,484,71,220
561,484,71,219
563,484,71,218
565,484,71,217
567,484,71,216
569,484,71,215
571,484,71,214
573,484,71,213
575,484,71,212
577,484,71,211
579,484,71,210
581,484,71,209
577,484,68,209
576,484,69,208
575,484,70,207
574,484,71,206
573,484,72,205
572,484,73,204
571,484,74,203
570,484,75,202
569,484,76,201
568,484,77,200
567,484,78,199
566,484,79,198
565,484,80,197
564,484,81,196
563,484,82,195
569,489,76,195
569,491,76,193
569,493,76,191
569,495,76,189
569,497,76,187
569,499,76,185
569,501,76,183
569,503,76,181
569,505,76,179
569,507,76,177
569,509,76,175
569,511,76,173
569,513,76,171
569,515,76,169
569,517,76,167
574,523,83,158
574,524,83,157
574,525,83,156
574,526,83,155
574,527,83,154
574,528,83,153
574,529,83,152
574,530,83,151
574,531,83,150
574,532,83,149
574,533,83,148
574,534,83,147
574,535,83,146
574,536,83,145
574,537,83,144
574,537,90,147
574,537,90,146
574,537,90,145
574,537,90,144
574,537,90,143
574,537,90,142
574,537,90,141
574,537,90,140
574,537,90,139
574,537,90,138
574,537,90,137
574,537,90,136
574,537,90,135
574,537,90,134
574,537,90,133
581,542,83,139
581,542,83,139
581,542,83,139
581,542,83,139
581,542,83,139
581,542,83,139
581,542,83,139
581,542,83,139
581,542,83,139
581,542,83,139
581,542,83,139
581,542,83,139
581,542,83,139
581,542,83,139
581,542,83,139
581,544,83,142
581,544,83,142
581,544,83,142
581,544,83,142
581,544,83,142
581,544,83,142
581,544,83,142
581,544,83,142
581,544,83,142
581,544,83,142
581,544,83,142
581,544,83,142
581,544,83,142
581,544,83,142
581,544,83,142
581,544,77,137
581,544,77,137
581,544,77,137
581,544,77,137
581,544,77,137
581,544,77,137
581,544,77,137
581,544,77,137
581,544,77,137
581,544,77,137
581,544,77,137
581,544,77,137
581,544,77,137
581,544,77,137
581,544,77,137
579,540,83,143
579,540,83,142
579,540,83,141
579,540,83,140
579,540,83,139
579,540,83,138
579,540,83,137
579,540,83,136
579,540,83,135
579,540,83,134
579,540,83,133
579,540,83,132
579,540,83,131
579,540,83,130
579,540,83,129
584,546,78,133
584,546,78,133
584,546,78,133
584,546,78,133
584,546,78,133
584,546,78,133
584,546,78,133
584,546,78,133
584,546,78,133
584,546,78,133
584,546,78,133
584,546,78,133
584,546,78,133
584,546,78,133
584,546,78,133
586,547,76,134
586,547,76,134
586,547,76,134
586,547,76,134
586,547,76,134
586,547,76,134
586,547,76,134
586,547,76,134
586,547,76,134
586,547,76,134
586,547,76,134
586,547,76,134
586,547,76,134
586,547,76,134
586,547,76,134
579,551,81,130
579,551,81,130
579,551,81,130
579,551,81,130
579,551,81,130
579,551,81,130
579,551,81,130
579,551,81,130
579,551,81,130
579,551,81,130
579,551,81,130
579,551,81,130
579,551,81,130
579,551,81,130
579,551,81,130
583,544,77,133
583,544,77,134
583,544,77,135
583,544,77,136
583,544,77,137
583,544,77,138
583,544,77,139
583,544,77,140
583,544,77,141
583,544,77,142
583,544,77,143
583,544,77,144
583,544,77,145
583,544,77,146
583,544,77,147
584,540,78,144
584,540,78,144
584,540,78,144
584,540,78,144
584,540,78,144
584,540,78,144
584,540,78,144
584,540,78,144
584,540,78,144
584,540,78,144
584,540,78,144
584,540,78,144
584,540,78,144
584,540,78,144
584,540,78,144
579,540,81,139
579,540,81,139
579,540,81,139
579,540,81,139
579,540,81,139
579,540,81,139
579,540,81,139
579,540,81,139
579,540,81,139
579,540,81,139
579,540,81,139
579,540,81,139
579,540,81,139
579,540,81,139
579,540,81,139
581,542,81,139
581,542,81,139
581,542,81,139
581,542,81,139
581,542,81,139
581,542,81,139
581,542,81,139
581,542,81,139
581,542,81,139
581,542,81,139
581,542,81,139
581,542,81,139
581,542,81,139
581,542,81,139
581,542,81,139
584,540,83,144
584,538,83,146
584,536,83,148
584,534,83,150
584,532,83,152
584,530,83,154
584,528,83,156
584,526,83,158
584,524,83,160
584,522,83,162
584,520,83,164
584,518,83,166
584,516,83,168
584,514,83,170
584,512,83,172
588,516,76,168
588,515,76,168
588,514,76,168
588,513,76,168
588,512,76,168
588,511,76,168
588,510,76,168
588,509,76,168
588,508,76,168
588,507,76,168
588,506,76,168
588,505,76,168
588,504,76,168
588,503,76,168
588,502,76,168
583,506,75,171
585,504,74,173
587,502,73,175
589,500,72,177
591,498,71,179
593,496,70,181
595,494,69,183
597,492,68,185
599,490,67,187
601,488,66,189
603,486,65,191
605,484,64,193
607,482,63,195
609,480,62,197
611,478,61,199
617,478,61,203
619,478,63,203
621,478,65,203
623,478,67,203
625,478,69,203
627,478,71,203
629,478,73,203
631,478,75,203
633,478,77,203
635,478,79,203
637,478,81,203
639,478,83,203
641,478,85,203
643,478,87,203
645,478,89,203
649,471,91,205
