98,330,145,323
104,330,144,323
110,330,143,323
116,330,142,323
122,330,141,323
128,330,140,323
134,330,139,323
140,330,138,323
146,330,137,323
152,330,136,323
158,330,135,323
164,330,134,323
170,330,133,323
176,330,132,323
182,330,131,323
188,328,125,322
192,327,124,322
196,326,123,322
200,325,122,322
204,324,121,322
208,323,120,322
212,322,119,322
216,321,118,322
220,320,117,322
224,319,116,322
228,318,115,322
232,317,114,322
236,316,113,322
240,315,112,322
244,314,111,322
245,320,104,318
247,320,103,317
249,320,102,316
251,320,101,315
253,320,100,314
255,320,99,313
257,320,98,312
259,320,97,311
261,320,96,310
263,320,95,309
265,320,94,308
267,320,93,307
269,320,92,306
271,320,91,305
273,320,90,304
280,318,89,304
282,318,90,303
284,318,91,302
286,318,92,301
288,318,93,300
290,318,94,299
292,318,95,298
294,318,96,297
296,318,97,296
298,318,98,295
300,318,99,294
302,318,100,293
304,318,101,292
306,318,102,291
308,318,103,290
303,314,98,296
303,314,97,295
303,314,96,294
303,314,95,293
303,314,94,292
303,314,93,291
303,314,92,290
303,314,91,289
303,314,90,288
303,314,89,287
303,314,88,286
303,314,87,285
303,314,86,284
303,314,85,283
303,314,84,282
302,318,83,287
301,320,86,284
300,322,89,281
299,324,92,278
298,326,95,275
297,328,98,272
296,330,101,269
295,332,104,266
294,334,107,263
293,336,110,260
292,338,113,257
291,340,116,254
290,342,119,251
289,344,122,248
288,346,125,245
291,352,131,240
292,353,131,238
293,354,131,236
294,355,131,234
295,356,131,232
296,357,131,230
297,358,131,228
298,359,131,226
299,360,131,224
300,361,131,222
301,362,131,220
302,363,131,218
303,364,131,216
304,365,131,214
305,366,131,212
303,374,125,215
302,375,125,214
301,376,125,213
300,377,125,212
299,378,125,211
298,379,125,210
297,380,125,209
296,381,125,208
295,382,125,207
294,383,125,206
293,384,125,205
292,385,125,204
291,386,125,203
290,387,125,202
289,388,125,201
295,393,132,195
296,394,132,194
297,395,132,193
298,396,132,192
299,397,132,191
300,398,132,190
301,399,132,189
302,400,132,188
303,401,132,187
304,402,132,186
305,403,132,185
306,404,132,184
307,405,132,183
308,406,132,182
309,407,132,181
303,402,125,181
303,402,125,181
303,402,125,181
303,402,125,181
303,402,125,181
303,402,125,181
303,402,125,181
303,402,125,181
303,402,125,181
303,402,125,181
303,402,125,181
303,402,125,181
303,402,125,181
303,402,125,181
303,402,125,181
308,401,120,184
308,401,120,184
308,401,120,184
308,401,120,184
308,401,120,184
308,401,120,184
308,401,120,184
308,401,120,184
308,401,120,184
308,401,120,184
308,401,120,184
308,401,120,184
308,401,120,184
308,401,120,184
308,401,120,184
308,404,120,185
308,404,120,186
308,404,120,187
308,404,120,188
308,404,120,189
308,404,120,190
308,404,120,191
308,404,120,192
308,404,120,193
308,404,120,194
308,404,120,195
308,404,120,196
308,404,120,197
308,404,120,198
308,404,120,199
306,399,119,193
306,399,119,193
306,399,119,193
306,399,119,193
306,399,119,193
306,399,119,193
306,399,119,193
306,399,119,193
306,399,119,193
306,399,119,193
306,399,119,193
306,399,119,193
306,399,119,193
306,399,119,193
306,399,119,193
311,396,116,195
311,396,116,195
311,396,116,195
311,396,116,195
311,396,116,195
311,396,116,195
311,396,116,195
311,396,116,195
311,396,116,195
311,396,116,195
311,396,116,195
311,396,116,195
311,396,116,195
311,396,116,195
311,396,116,195
311,398,117,191
311,399,117,190
311,400,117,189
311,401,117,188
311,402,117,187
311,403,117,186
311,404,117,185
311,405,117,184
311,406,117,183
311,407,117,182
311,408,117,181
311,409,117,180
311,410,117,179
311,411,117,178
311,412,117,177
308,408,119,178
308,408,119,178
308,408,119,178
308,408,119,178
308,408,119,178
308,408,119,178
308,408,119,178
308,408,119,178
308,408,119,178
308,408,119,178
308,408,119,178
308,408,119,178
308,408,119,178
308,408,119,178
308,408,119,178
306,408,121,178
306,408,121,178
306,408,121,178
306,408,121,178
306,408,121,178
306,408,121,178
306,408,121,178
306,408,121,178
306,408,121,178
306,408,121,178
306,408,121,178
306,408,121,178
306,408,121,178
306,408,121,178
306,408,121,178
311,411,117,177
311,411,117,177
311,411,117,177
311,411,117,177
311,411,117,177
311,411,117,177
311,411,117,177
311,411,117,177
311,411,117,177
311,411,117,177
311,411,117,177
311,411,117,177
311,411,117,177
311,411,117,177
311,411,117,177
308,407,119,178
308,407,119,178
308,407,119,178
308,407,119,178
308,407,119,178
308,407,119,178
308,407,119,178
308,407,119,178
308,407,119,178
308,407,119,178
308,407,119,178
308,407,119,178
308,407,119,178
308,407,119,178
308,407,119,178
306,404,119,184
306,404,119,184
306,404,119,184
306,404,119,184
306,404,119,184
306,404,119,184
306,404,119,184
306,404,119,184
306,404,119,184
306,404,119,184
306,404,119,184
306,404,119,184
306,404,119,184
306,404,119,184
306,404,119,184
309,398,119,190
309,398,119,190
309,398,119,190
309,398,119,190
309,398,119,190
309,398,119,190
309,398,119,190
309,398,119,190
309,398,119,190
309,398,119,190
309,398,119,190
309,398,119,190
309,398,119,190
309,398,119,190
309,398,119,190
309,398,118,191
309,398,118,191
309,398,118,191
309,398,118,191
309,398,118,191
309,398,118,191
309,398,118,191
309,398,118,191
309,398,118,191
309,398,118,191
309,398,118,191
309,398,118,191
309,398,118,191
309,398,118,191
309,398,118,191
305,402,123,186
305,402,123,186
305,402,123,186
305,402,123,186
305,402,123,186
305,402,123,186
305,402,123,186
305,402,123,186
305,402,123,186
305,402,123,186
305,402,123,186
305,402,123,186
305,402,123,186
305,402,123,186
305,402,123,186
308,396,119,193
308,394,119,194
308,392,119,195
308,390,119,196
308,388,119,197
308,386,119,198
308,384,119,199
308,382,119,200
308,380,119,201
308,378,119,202
308,376,119,203
308,374,119,204
308,372,119,205
308,370,119,206
308,368,119,207
311,373,114,213
311,372,114,214
311,371,114,215
311,370,114,216
311,369,114,217
311,368,114,218
311,367,114,219
311,366,114,220
311,365,114,221
311,364,114,222
311,363,114,223
311,362,114,224
311,361,114,225
311,360,114,226
311,359,114,227
309,358,116,228
309,358,116,228
309,358,116,228
309,358,116,228
309,358,116,228
309,358,116,228
309,358,116,228
309,358,116,228
309,358,116,228
309,358,116,228
309,358,116,228
309,358,116,228
309,358,116,228
309,358,116,228
309,358,116,228
306,357,119,232
306,355,119,234
306,353,119,236
306,351,119,238
306,349,119,240
306,347,119,242
306,345,119,244
306,343,119,246
306,341,119,248
306,339,119,250
306,337,119,252
306,335,119,254
306,333,119,256
306,331,119,258
306,329,119,260
312,320,122,268
316,319,121,269
320,318,120,270
324,317,119,271
328,316,118,272
332,315,117,273
336,314,116,274
340,313,115,275
344,312,114,276
348,311,113,277
352,310,112,278
356,309,111,279
360,308,110,280
364,307,109,281
368,306,108,282
375,306,107,276
378,306,108,276
381,306,109,276
384,306,110,276
387,306,111,276
390,306,112,276
393,306,113,276
396,306,114,276
399,306,115,276
402,306,116,276
405,306,117,276
408,306,118,276
411,306,119,276
414,306,120,276
417,306,121,276
424,308,122,280
430,308,120,281
436,308,118,282
442,308,116,283
448,308,114,284
454,308,112,285
460,308,110,286
466,308,108,287
472,308,106,288
478,308,104,289
484,308,102,290
490,308,100,291
496,308,98,292
502,308,96,293
508,308,94,294
518,309,90,292
