384,641,100,229
387,641,100,229
390,641,100,229
393,641,100,229
396,641,100,229
399,641,100,229
402,641,100,229
405,641,100,229
408,641,100,229
411,641,100,229
414,641,100,229
417,641,100,229
420,641,100,229
423,641,100,229
426,641,100,229
427,641,100,224
431,641,99,224
435,641,98,224
439,641,97,224
443,641,96,224
447,641,95,224
451,641,94,224
455,641,93,224
459,641,92,224
463,641,91,224
467,641,90,224
471,641,89,224
475,641,88,224
479,641,87,224
483,641,86,224
494,634,80,218
496,634,79,218
498,634,78,218
500,634,77,218
502,634,76,218
504,634,75,218
506,634,74,218
508,634,73,218
510,634,72,218
512,634,71,218
514,634,70,218
516,634,69,218
518,634,68,218
520,634,67,218
522,634,66,218
526,634,66,218
527,634,67,217
528,634,68,216
529,634,69,215
530,634,70,214
531,634,71,213
532,634,72,212
533,634,73,211
534,634,74,210
535,634,75,209
536,634,76,208
537,634,77,207
538,634,78,206
539,634,79,205
540,634,80,204
546,629,77,204
547,629,76,204
548,629,75,204
549,629,74,204
550,629,73,204
551,629,72,204
552,629,71,204
553,629,70,204
554,629,69,204
555,629,68,204
556,629,67,204
557,629,66,204
558,629,65,204
559,629,64,204
560,629,63,204
559,627,64,203
558,628,66,201
557,629,68,199
556,630,70,197
555,631,72,195
554,632,74,193
553,633,76,191
552,634,78,189
551,635,80,187
550,636,82,185
549,637,84,183
548,638,86,181
547,639,88,179
546,640,90,177
545,641,92,175
546,644,95,175
547,645,95,174
548,646,95,173
549,647,95,172
550,648,95,171
551,649,95,170
552,650,95,169
553,651,95,168
554,652,95,167
555,653,95,166
556,654,95,165
557,655,95,164
558,656,95,163
559,657,95,162
560,658,95,161
559,664,89,155
559,665,89,154
559,666,89,153
559,667,89,152
559,668,89,151
559,669,89,150
559,670,89,149
559,671,89,148
559,672,89,147
559,673,89,146
559,674,89,145
559,675,89,144
559,676,89,143
559,677,89,142
559,678,89,141
557,678,87,138
557,679,87,137
557,680,87,136
557,681,87,135
557,682,87,134
557,683,87,133
557,684,87,132
557,685,87,131
557,686,87,130
557,687,87,129
557,688,87,128
557,689,87,127
557,690,87,126
557,691,87,125
557,692,87,124
559,688,89,130
559,688,89,130
559,688,89,130
559,688,89,130
559,688,89,130
559,688,89,130
559,688,89,130
559,688,89,130
559,688,89,130
559,688,89,130
559,688,89,130
559,688,89,130
559,688,89,130
559,688,89,130
559,688,89,130
560,688,82,130
560,688,82,130
560,688,82,130
560,688,82,130
560,688,82,130
560,688,82,130
560,688,82,130
560,688,82,130
560,688,82,130
560,688,82,130
560,688,82,130
560,688,82,130
560,688,82,130
560,688,82,130
560,688,82,130
562,690,80,128
562,690,80,128
562,690,80,128
562,690,80,128
562,690,80,128
562,690,80,128
562,690,80,128
562,690,80,128
562,690,80,128
562,690,80,128
562,690,80,128
562,690,80,128
562,690,80,128
562,690,80,128
562,690,80,128
560,686,86,133
560,686,86,133
560,686,86,133
560,686,86,133
560,686,86,133
560,686,86,133
560,686,86,133
560,686,86,133
560,686,86,133
560,686,86,133
560,686,86,133
560,686,86,133
560,686,86,133
560,686,86,133
560,686,86,133
564,688,82,130
564,688,82,130
564,688,82,130
564,688,82,130
564,688,82,130
564,688,82,130
564,688,82,130
564,688,82,130
564,688,82,130
564,688,82,130
564,688,82,130
564,688,82,130
564,688,82,130
564,688,82,130
564,688,82,130
560,688,88,130
560,688,88,130
560,688,88,130
560,688,88,130
560,688,88,130
560,688,88,130
560,688,88,130
560,688,88,130
560,688,88,130
560,688,88,130
560,688,88,130
560,688,88,130
560,688,88,130
560,688,88,130
560,688,88,130
566,692,83,127
566,692,83,127
566,692,83,127
566,692,83,127
566,692,83,127
566,692,83,127
566,692,83,127
566,692,83,127
566,692,83,127
566,692,83,127
566,692,83,127
566,692,83,127
566,692,83,127
566,692,83,127
566,692,83,127
562,693,89,123
562,693,89,123
562,693,89,123
562,693,89,123
562,693,89,123
562,693,89,123
562,693,89,123
562,693,89,123
562,693,89,123
562,693,89,123
562,693,89,123
562,693,89,123
562,693,89,123
562,693,89,123
562,693,89,123
564,692,84,122
564,692,84,122
564,692,84,122
564,692,84,122
564,692,84,122
564,692,84,122
564,692,84,122
564,692,84,122
564,692,84,122
564,692,84,122
564,692,84,122
564,692,84,122
564,692,84,122
564,692,84,122
564,692,84,122
566,690,78,124
566,690,78,124
566,690,78,124
566,690,78,124
566,690,78,124
566,690,78,124
566,690,78,124
566,690,78,124
566,690,78,124
566,690,78,124
566,690,78,124
566,690,78,124
566,690,78,124
566,690,78,124
566,690,78,124
564,686,80,128
564,686,80,128
564,686,80,128
564,686,80,128
564,686,80,128
564,686,80,128
564,686,80,128
564,686,80,128
564,686,80,128
564,686,80,128
564,686,80,128
564,686,80,128
564,686,80,128
564,686,80,128
564,686,80,128
562,686,82,132
562,686,82,132
562,686,82,132
562,686,82,132
562,686,82,132
562,686,82,132
562,686,82,132
562,686,82,132
562,686,82,132
562,686,82,132
562,686,82,132
562,686,82,132
562,686,82,132
562,686,82,132
562,686,82,132
559,686,87,133
559,686,87,133
559,686,87,133
559,686,87,133
559,686,87,133
559,686,87,133
559,686,87,133
559,686,87,133
559,686,87,133
559,686,87,133
559,686,87,133
559,686,87,133
559,686,87,133
559,686,87,133
559,686,87,133
562,683,84,133
562,682,84,134
562,681,84,135
562,680,84,136
562,679,84,137
562,678,84,138
562,677,84,139
562,676,84,140
562,675,84,141
562,674,84,142
562,673,84,143
562,672,84,144
562,671,84,145
562,670,84,146
562,669,84,147
566,666,80,155
566,666,80,155
566,666,80,155
566,666,80,155
566,666,80,155
566,666,80,155
566,666,80,155
566,666,80,155
566,666,80,155
566,666,80,155
566,666,80,155
566,666,80,155
566,666,80,155
566,666,80,155
566,666,80,155
562,659,84,155
562,658,83,156
562,657,82,157
562,656,81,158
562,655,80,159
562,654,79,160
562,653,78,161
562,652,77,162
562,651,76,163
562,650,75,164
562,649,74,165
562,648,73,166
562,647,72,167
562,646,71,168
562,645,70,169
564,644,75,175
567,643,74,176
570,642,73,177
573,641,72,178
576,640,71,179
579,639,70,180
582,638,69,181
585,637,68,182
588,636,67,183
591,635,66,184
594,634,65,185
597,633,64,186
600,632,63,187
603,631,62,188
606,630,61,189
602,626,53,190
603,626,55,190
604,626,57,190
605,626,59,190
606,626,61,190
607,626,63,190
608,626,65,190
609,626,67,190
610,626,69,190
611,626,71,190
612,626,73,190
613,626,75,190
614,626,77,190
615,626,79,190
616,626,81,190
618,620,84,191
