577,487,85,226
582,487,86,226
587,487,87,226
592,487,88,226
597,487,89,226
602,487,90,226
607,487,91,226
612,487,92,226
617,487,93,226
622,487,94,226
627,487,95,226
632,487,96,226
637,487,97,226
642,487,98,226
647,487,99,226
648,485,96,222
653,485,96,221
658,485,96,220
663,485,96,219
668,485,96,218
673,485,96,217
678,485,96,216
683,485,96,215
688,485,96,214
693,485,96,213
698,485,96,212
703,485,96,211
708,485,96,210
713,485,96,209
718,485,96,208
717,482,91,213
721,482,91,213
725,482,91,213
729,482,91,213
733,482,91,213
737,482,91,213
741,482,91,213
745,482,91,213
749,482,91,213
753,482,91,213
757,482,91,213
761,482,91,213
765,482,91,213
769,482,91,213
773,482,91,213
776,479,97,220
779,480,95,219
782,481,93,218
785,482,91,217
788,483,89,216
791,484,87,215
794,485,85,214
797,486,83,213
800,487,81,212
803,488,79,211
806,489,77,210
809,490,75,209
812,491,73,208
815,492,71,207
818,493,69,206
820,488,68,199
822,490,70,197
824,492,72,195
826,494,74,193
828,496,76,191
830,498,78,189
832,500,80,187
834,502,82,185
836,504,84,183
838,506,86,181
840,508,88,179
842,510,90,177
844,512,92,175
846,514,94,173
848,516,96,171
854,524,101,163
854,525,101,162
854,526,101,161
854,527,101,160
854,528,101,159
854,529,101,158
854,530,101,157
854,531,101,156
854,532,101,155
854,533,101,154
854,534,101,153
854,535,101,152
854,536,101,151
854,537,101,150
854,538,101,149
852,538,99,145
852,538,99,145
852,538,99,145
852,538,99,145
852,538,99,145
852,538,99,145
852,538,99,145
852,538,99,145
852,538,99,145
852,538,99,145
852,538,99,145
852,538,99,145
852,538,99,145
852,538,99,145
852,538,99,145
854,543,97,141
854,543,96,141
854,543,95,141
854,543,94,141
854,543,93,141
854,543,92,141
854,543,91,141
854,543,90,141
854,543,89,141
854,543,88,141
854,543,87,141
854,543,86,141
854,543,85,141
854,543,84,141
854,543,83,141
858,544,89,139
858,544,90,139
858,544,91,139
858,544,92,139
858,544,93,139
858,544,94,139
858,544,95,139
858,544,96,139
858,544,97,139
858,544,98,139
858,544,99,139
858,544,100,139
858,544,101,139
858,544,102,139
858,544,103,139
860,543,99,144
860,543,99,144
860,543,99,144
860,543,99,144
860,543,99,144
860,543,99,144
860,543,99,144
860,543,99,144
860,543,99,144
860,543,99,144
860,543,99,144
860,543,99,144
860,543,99,144
860,543,99,144
860,543,99,144
856,543,93,144
856,543,94,144
856,543,95,144
856,543,96,144
856,543,97,144
856,543,98,144
856,543,99,144
856,543,100,144
856,543,101,144
856,543,102,144
856,543,103,144
856,543,104,144
856,543,105,144
856,543,106,144
856,543,107,144
852,541,101,146
852,541,100,146
852,541,99,146
852,541,98,146
852,541,97,146
852,541,96,146
852,541,95,146
852,541,94,146
852,541,93,146
852,541,92,146
852,541,91,146
852,541,90,146
852,541,89,146
852,541,88,146
852,541,87,146
854,541,91,143
854,541,91,143
854,541,91,143
854,541,91,143
854,541,91,143
854,541,91,143
854,541,91,143
854,541,91,143
854,541,91,143
854,541,91,143
854,541,91,143
854,541,91,143
854,541,91,143
854,541,91,143
854,541,91,143
856,547,95,136
856,547,94,136
856,547,93,136
856,547,92,136
856,547,91,136
856,547,90,136
856,547,89,136
856,547,88,136
856,547,87,136
856,547,86,136
856,547,85,136
856,547,84,136
856,547,83,136
856,547,82,136
856,547,81,136
856,546,87,138
856,546,88,138
856,546,89,138
856,546,90,138
856,546,91,138
856,546,92,138
856,546,93,138
856,546,94,138
856,546,95,138
856,546,96,138
856,546,97,138
856,546,98,138
856,546,99,138
856,546,100,138
856,546,101,138
850,546,99,138
850,546,98,138
850,546,97,138
850,546,96,138
850,546,95,138
850,546,94,138
850,546,93,138
850,546,92,138
850,546,91,138
850,546,90,138
850,546,89,138
850,546,88,138
850,546,87,138
850,546,86,138
850,546,85,138
856,549,83,135
856,549,83,135
856,549,83,135
856,549,83,135
856,549,83,135
856,549,83,135
856,549,83,135
856,549,83,135
856,549,83,135
856,549,83,135
856,549,83,135
856,549,83,135
856,549,83,135
856,549,83,135
856,549,83,135
854,546,84,137
854,546,84,138
854,546,84,139
854,546,84,140
854,546,84,141
854,546,84,142
854,546,84,143
854,546,84,144
854,546,84,145
854,546,84,146
854,546,84,147
854,546,84,148
854,546,84,149
854,546,84,150
854,546,84,151
856,541,87,145
856,541,87,145
856,541,87,145
856,541,87,145
856,541,87,145
856,541,87,145
856,541,87,145
856,541,87,145
856,541,87,145
856,541,87,145
856,541,87,145
856,541,87,145
856,541,87,145
856,541,87,145
856,541,87,145
854,541,89,143
854,541,90,143
854,541,91,143
854,541,92,143
854,541,93,143
854,541,94,143
854,541,95,143
854,541,96,143
854,541,97,143
854,541,98,143
854,541,99,143
854,541,100,143
854,541,101,143
854,541,102,143
854,541,103,143
854,536,99,150
854,533,98,154
854,530,97,158
854,527,96,162
854,524,95,166
854,521,94,170
854,518,93,174
854,515,92,178
854,512,91,182
854,509,90,186
854,506,89,190
854,503,88,194
854,500,87,198
854,497,86,202
854,494,85,206
860,485,91,204
861,485,89,205
862,485,87,206
863,485,85,207
864,485,83,208
865,485,81,209
866,485,79,210
867,485,77,211
868,485,75,212
869,485,73,213
870,485,71,214
871,485,69,215
872,485,67,216
873,485,65,217
874,485,63,218
872,478,62,214
873,478,64,213
874,478,66,212
875,478,68,211
876,478,70,210
877,478,72,209
878,478,74,208
879,478,76,207
880,478,78,206
881,478,80,205
882,478,82,204
883,478,84,203
884,478,86,202
885,478,88,201
886,478,90,200
885,484,98,206
