549,410,93,239
553,410,94,239
557,410,95,239
561,410,96,239
565,410,97,239
569,410,98,239
573,410,99,239
577,410,100,239
581,410,101,239
585,410,102,239
589,410,103,239
593,410,104,239
597,410,105,239
601,410,106,239
605,410,107,239
608,406,102,238
611,406,102,238
614,406,102,238
617,406,102,238
620,406,102,238
623,406,102,238
626,406,102,238
629,406,102,238
632,406,102,238
635,406,102,238
638,406,102,238
641,406,102,238
644,406,102,238
647,406,102,238
650,406,102,238
655,400,99,239
658,400,98,238
661,400,97,237
664,400,96,236
667,400,95,235
670,400,94,234
673,400,93,233
676,400,92,232
679,400,91,231
682,400,90,230
685,400,89,229
688,400,88,228
691,400,87,227
694,400,86,226
697,400,85,225
695,406,86,220
697,407,86,219
699,408,86,218
701,409,86,217
703,410,86,216
705,411,86,215
707,412,86,214
709,413,86,213
711,414,86,212
713,415,86,211
715,416,86,210
717,417,86,209
719,418,86,208
721,419,86,207
723,420,86,206
720,418,86,206
722,420,87,203
724,422,88,200
726,424,89,197
728,426,90,194
730,428,91,191
732,430,92,188
734,432,93,185
736,434,94,182
738,436,95,179
740,438,96,176
742,440,97,173
744,442,98,170
746,444,99,167
748,446,100,164
751,453,107,168
751,454,107,167
751,455,107,166
751,456,107,165
751,457,107,164
751,458,107,163
751,459,107,162
751,460,107,161
751,461,107,160
751,462,107,159
751,463,107,158
751,464,107,157
751,465,107,156
751,466,107,155
751,467,107,154
753,464,102,160
753,464,102,160
753,464,102,160
753,464,102,160
753,464,102,160
753,464,102,160
753,464,102,160
753,464,102,160
753,464,102,160
753,464,102,160
753,464,102,160
753,464,102,160
753,464,102,160
753,464,102,160
753,464,102,160
760,464,98,158
760,464,97,157
760,464,96,156
760,464,95,155
760,464,94,154
760,464,93,153
760,464,92,152
760,464,91,151
760,464,90,150
760,464,89,149
760,464,88,148
760,464,87,147
760,464,86,146
760,464,85,145
760,464,84,144
758,469,90,148
758,469,90,148
758,469,90,148
758,469,90,148
758,469,90,148
758,469,90,148
758,469,90,148
758,469,90,148
758,469,90,148
758,469,90,148
758,469,90,148
758,469,90,148
758,469,90,148
758,469,90,148
758,469,90,148
758,471,93,153
758,471,93,154
758,471,93,155
758,471,93,156
758,471,93,157
758,471,93,158
758,471,93,159
758,471,93,160
758,471,93,161
758,471,93,162
758,471,93,163
758,471,93,164
758,471,93,165
758,471,93,166
758,471,93,167
760,466,98,161
760,466,97,160
760,466,96,159
760,466,95,158
760,466,94,157
760,466,93,156
760,466,92,155
760,466,91,154
760,466,90,153
760,466,89,152
760,466,88,151
760,466,87,150
760,466,86,149
760,466,85,148
760,466,84,147
762,464,87,150
762,464,87,150
762,464,87,150
762,464,87,150
762,464,87,150
762,464,87,150
762,464,87,150
762,464,87,150
762,464,87,150
762,464,87,150
762,464,87,150
762,464,87,150
762,464,87,150
762,464,87,150
762,464,87,150
762,466,93,150
762,466,93,150
762,466,93,150
762,466,93,150
762,466,93,150
762,466,93,150
762,466,93,150
762,466,93,150
762,466,93,150
762,466,93,150
762,466,93,150
762,466,93,150
762,466,93,150
762,466,93,150
762,466,93,150
764,466,94,150
764,466,94,150
764,466,94,150
764,466,94,150
764,466,94,150
764,466,94,150
764,466,94,150
764,466,94,150
764,466,94,150
764,466,94,150
764,466,94,150
764,466,94,150
764,466,94,150
764,466,94,150
764,466,94,150
760,469,97,143
760,469,97,143
760,469,97,143
760,469,97,143
760,469,97,143
760,469,97,143
760,469,97,143
760,469,97,143
760,469,97,143
760,469,97,143
760,469,97,143
760,469,97,143
760,469,97,143
760,469,97,143
760,469,97,143
762,474,91,138
762,474,91,138
762,474,91,138
762,474,91,138
762,474,91,138
762,474,91,138
762,474,91,138
762,474,91,138
762,474,91,138
762,474,91,138
762,474,91,138
762,474,91,138
762,474,91,138
762,474,91,138
762,474,91,138
765,473,90,143
765,473,90,143
765,473,90,143
765,473,90,143
765,473,90,143
765,473,90,143
765,473,90,143
765,473,90,143
765,473,90,143
765,473,90,143
765,473,90,143
765,473,90,143
765,473,90,143
765,473,90,143
765,473,90,143
762,476,96,140
762,476,95,140
762,476,94,140
762,476,93,140
762,476,92,140
762,476,91,140
762,476,90,140
762,476,89,140
762,476,88,140
762,476,87,140
762,476,86,140
762,476,85,140
762,476,84,140
762,476,83,140
762,476,82,140
762,474,86,143
762,474,86,143
762,474,86,143
762,474,86,143
762,474,86,143
762,474,86,143
762,474,86,143
762,474,86,143
762,474,86,143
762,474,86,143
762,474,86,143
762,474,86,143
762,474,86,143
762,474,86,143
762,474,86,143
760,473,88,138
760,473,88,138
760,473,88,138
760,473,88,138
760,473,88,138
760,473,88,138
760,473,88,138
760,473,88,138
760,473,88,138
760,473,88,138
760,473,88,138
760,473,88,138
760,473,88,138
760,473,88,138
760,473,88,138
760,474,86,134
760,474,87,135
760,474,88,136
760,474,89,137
760,474,90,138
760,474,91,139
760,474,92,140
760,474,93,141
760,474,94,142
760,474,95,143
760,474,96,144
760,474,97,145
760,474,98,146
760,474,99,147
760,474,100,148
760,469,97,148
760,469,96,148
760,469,95,148
760,469,94,148
760,469,93,148
760,469,92,148
760,469,91,148
760,469,90,148
760,469,89,148
760,469,88,148
760,469,87,148
760,469,86,148
760,469,85,148
760,469,84,148
760,469,83,148
760,469,89,143
760,469,89,143
760,469,89,143
760,469,89,143
760,469,89,143
760,469,89,143
760,469,89,143
760,469,89,143
760,469,89,143
760,469,89,143
760,469,89,143
760,469,89,143
760,469,89,143
760,469,89,143
760,469,89,143
758,469,95,148
758,469,95,148
758,469,95,148
758,469,95,148
758,469,95,148
758,469,95,148
758,469,95,148
758,469,95,148
758,469,95,148
758,469,95,148
758,469,95,148
758,469,95,148
758,469,95,148
758,469,95,148
758,469,95,148
760,468,89,144
760,465,89,148
760,462,89,152
760,459,89,156
760,456,89,160
760,453,89,164
760,450,89,168
760,447,89,172
760,444,89,176
760,441,89,180
760,438,89,184
760,435,89,188
760,432,89,192
760,429,89,196
760,426,89,200
762,420,95,201
761,419,96,203
760,418,97,205
759,417,98,207
758,416,99,209
757,415,100,211
756,414,101,213
755,413,102,215
754,412,103,217
753,411,104,219
752,410,105,221
751,409,106,223
750,408,107,225
749,407,108,227
748,406,109,229
747,401,108,225
749,400,105,226
751,399,102,227
753,398,99,228
755,397,96,229
757,396,93,230
759,395,90,231
761,394,87,232
763,393,84,233
765,392,81,234
767,391,78,235
769,390,75,236
771,389,72,237
773,388,69,238
775,387,66,239
774,393,57,239
775,394,60,238
776,395,63,237
777,396,66,236
778,397,69,235
779,398,72,234
780,399,75,233
781,400,78,232
782,401,81,231
783,402,84,230
784,403,87,229
785,404,90,228
786,405,93,227
787,406,96,226
788,407,99,225
787,406,106,226
791,406,107,226
795,406,108,226
799,406,109,226
803,406,110,226
807,406,111,226
811,406,112,226
815,406,113,226
819,406,114,226
823,406,115,226
827,406,116,226
831,406,117,226
835,406,118,226
839,406,119,226
843,406,120,226
850,405,115,219
857,405,114,219
864,405,113,219
871,405,112,219
878,405,111,219
885,405,110,219
892,405,109,219
899,405,108,219
906,405,107,219
913,405,106,219
920,405,105,219
927,405,104,219
934,405,103,219
941,405,102,219
948,405,101,219
948,406,106,218
