406,322,132,308
411,322,129,307
416,322,126,306
421,322,123,305
426,322,120,304
431,322,117,303
436,322,114,302
441,322,111,301
446,322,108,300
451,322,105,299
456,322,102,298
461,322,99,297
466,322,96,296
471,322,93,295
476,322,90,294
488,324,89,299
492,324,89,299
496,324,89,299
500,324,89,299
504,324,89,299
508,324,89,299
512,324,89,299
516,324,89,299
520,324,89,299
524,324,89,299
528,324,89,299
532,324,89,299
536,324,89,299
540,324,89,299
544,324,89,299
554,322,82,305
557,322,83,304
560,322,84,303
563,322,85,302
566,322,86,301
569,322,87,300
572,322,88,299
575,322,89,298
578,322,90,297
581,322,91,296
584,322,92,295
587,322,93,294
590,322,94,293
593,322,95,292
596,322,96,291
597,326,100,297
600,327,99,295
603,328,98,293
606,329,97,291
609,330,96,289
612,331,95,287
615,332,94,285
618,333,93,283
621,334,92,281
624,335,91,279
627,336,90,277
630,337,89,275
633,338,88,273
636,339,87,271
639,340,86,269
648,343,89,272
650,346,92,269
652,349,95,266
654,352,98,263
656,355,101,260
658,358,104,257
660,361,107,254
662,364,110,251
664,367,113,248
666,370,116,245
668,373,119,242
670,376,122,239
672,379,125,236
674,382,128,233
676,385,131,230
678,392,128,221
678,393,128,220
678,394,128,219
678,395,128,218
678,396,128,217
678,397,128,216
678,398,128,215
678,399,128,214
678,400,128,213
678,401,128,212
678,402,128,211
678,403,128,210
678,404,128,209
678,405,128,208
678,406,128,207
678,414,126,201
678,414,126,201
678,414,126,201
678,414,126,201
678,414,126,201
678,414,126,201
678,414,126,201
678,414,126,201
678,414,126,201
678,414,126,201
678,414,126,201
678,414,126,201
678,414,126,201
678,414,126,201
678,414,126,201
678,416,126,197
678,416,126,197
678,416,126,197
678,416,126,197
678,416,126,197
678,416,126,197
678,416,126,197
678,416,126,197
678,416,126,197
678,416,126,197
678,416,126,197
678,416,126,197
678,416,126,197
678,416,126,197
678,416,126,197
676,414,128,201
676,414,128,201
676,414,128,201
676,414,128,201
676,414,128,201
676,414,128,201
676,414,128,201
676,414,128,201
676,414,128,201
676,414,128,201
676,414,128,201
676,414,128,201
676,414,128,201
676,414,128,201
676,414,128,201
676,418,126,195
676,418,126,195
676,418,126,195
676,418,126,195
676,418,126,195
676,418,126,195
676,418,126,195
676,418,126,195
676,418,126,195
676,418,126,195
676,418,126,195
676,418,126,195
676,418,126,195
676,418,126,195
676,418,126,195
674,418,130,197
674,418,130,197
674,418,130,197
674,418,130,197
674,418,130,197
674,418,130,197
674,418,130,197
674,418,130,197
674,418,130,197
674,418,130,197
674,418,130,197
674,418,130,197
674,418,130,197
674,418,130,197
674,418,130,197
678,414,126,197
678,414,126,197
678,414,126,197
678,414,126,197
678,414,126,197
678,414,126,197
678,414,126,197
678,414,126,197
678,414,126,197
678,414,126,197
678,414,126,197
678,414,126,197
678,414,126,197
678,414,126,197
678,414,126,197
681,418,123,197
680,418,124,197
679,418,125,197
678,418,126,197
677,418,127,197
676,418,128,197
675,418,129,197
674,418,130,197
673,418,131,197
672,418,132,197
671,418,133,197
670,418,134,197
669,418,135,197
668,418,136,197
667,418,137,197
672,416,134,199
672,416,134,199
672,416,134,199
672,416,134,199
672,416,134,199
672,416,134,199
672,416,134,199
672,416,134,199
672,416,134,199
672,416,134,199
672,416,134,199
672,416,134,199
672,416,134,199
672,416,134,199
672,416,134,199
674,418,128,195
674,418,129,195
674,418,130,195
674,418,131,195
674,418,132,195
674,418,133,195
674,418,134,195
674,418,135,195
674,418,136,195
674,418,137,195
674,418,138,195
674,418,139,195
674,418,140,195
674,418,141,195
674,418,142,195
672,424,136,189
672,424,136,189
672,424,136,189
672,424,136,189
672,424,136,189
672,424,136,189
672,424,136,189
672,424,136,189
672,424,136,189
672,424,136,189
672,424,136,189
672,424,136,189
672,424,136,189
672,424,136,189
672,424,136,189
679,426,129,189
679,426,129,189
679,426,129,189
679,426,129,189
679,426,129,189
679,426,129,189
679,426,129,189
679,426,129,189
679,426,129,189
679,426,129,189
679,426,129,189
679,426,129,189
679,426,129,189
679,426,129,189
679,426,129,189
676,422,130,191
676,422,130,191
676,422,130,191
676,422,130,191
676,422,130,191
676,422,130,191
676,422,130,191
676,422,130,191
676,422,130,191
676,422,130,191
676,422,130,191
676,422,130,191
676,422,130,191
676,422,130,191
676,422,130,191
672,424,136,191
672,424,136,191
672,424,136,191
672,424,136,191
672,424,136,191
672,424,136,191
672,424,136,191
672,424,136,191
672,424,136,191
672,424,136,191
672,424,136,191
672,424,136,191
672,424,136,191
672,424,136,191
672,424,136,191
666,428,138,189
667,428,137,189
668,428,136,189
669,428,135,189
670,428,134,189
671,428,133,189
672,428,132,189
673,428,131,189
674,428,130,189
675,428,129,189
676,428,128,189
677,428,127,189
678,428,126,189
679,428,125,189
680,428,124,189
678,428,126,187
677,427,127,188
676,426,128,189
675,425,129,190
674,424,130,191
673,423,131,192
672,422,132,193
671,421,133,194
670,420,134,195
669,419,135,196
668,418,136,197
667,417,137,198
666,416,138,199
665,415,139,200
664,414,140,201
670,416,136,197
670,416,136,198
670,416,136,199
670,416,136,200
670,416,136,201
670,416,136,202
670,416,136,203
670,416,136,204
670,416,136,205
670,416,136,206
670,416,136,207
670,416,136,208
670,416,136,209
670,416,136,210
670,416,136,211
674,414,134,205
674,414,134,205
674,414,134,205
674,414,134,205
674,414,134,205
674,414,134,205
674,414,134,205
674,414,134,205
674,414,134,205
674,414,134,205
674,414,134,205
674,414,134,205
674,414,134,205
674,414,134,205
674,414,134,205
670,416,134,201
670,416,134,201
670,416,134,201
670,416,134,201
670,416,134,201
670,416,134,201
670,416,134,201
670,416,134,201
670,416,134,201
670,416,134,201
670,416,134,201
670,416,134,201
670,416,134,201
670,416,134,201
670,416,134,201
676,420,130,197
676,416,130,201
676,412,130,205
676,408,130,209
676,404,130,213
676,400,130,217
676,396,130,221
676,392,130,225
676,388,130,229
676,384,130,233
676,380,130,237
676,376,130,241
676,372,130,245
676,368,130,249
676,364,130,253
676,354,124,263
677,352,124,265
678,350,124,267
679,348,124,269
680,346,124,271
681,344,124,273
682,342,124,275
683,340,124,277
684,338,124,279
685,336,124,281
686,334,124,283
687,332,124,285
688,330,124,287
689,328,124,289
690,326,124,291
685,328,123,291
687,328,120,291
689,328,117,291
691,328,114,291
693,328,111,291
695,328,108,291
697,328,105,291
699,328,102,291
701,328,99,291
703,328,96,291
705,328,93,291
707,328,90,291
709,328,87,291
711,328,84,291
713,328,81,291
709,328,82,297
710,329,84,297
711,330,86,297
712,331,88,297
713,332,90,297
714,333,92,297
715,334,94,297
716,335,96,297
717,336,98,297
718,337,100,297
719,338,102,297
720,339,104,297
721,340,106,297
722,341,108,297
723,342,110,297
719,337,117,290
724,337,118,290
729,337,119,290
734,337,120,290
739,337,121,290
744,337,122,290
749,337,123,290
754,337,124,290
759,337,125,290
764,337,126,290
769,337,127,290
774,337,128,290
779,337,129,290
784,337,130,290
789,337,131,290
797,341,133,291
805,342,131,290
813,343,129,289
821,344,127,288
829,345,125,287
837,346,123,286
845,347,121,285
853,348,119,284
861,349,117,283
869,350,115,282
877,351,113,281
885,352,111,280
893,353,109,279
901,354,107,278
909,355,105,277
914,350,109,282
