608,409,73,207
611,408,74,208
614,407,75,209
617,406,76,210
620,405,77,211
623,404,78,212
626,403,79,213
629,402,80,214
632,401,81,215
635,400,82,216
638,399,83,217
641,398,84,218
644,397,85,219
647,396,86,220
650,395,87,221
651,395,92,215
656,397,91,213
661,399,90,211
666,401,89,209
671,403,88,207
676,405,87,205
681,407,86,203
686,409,85,201
691,411,84,199
696,413,83,197
701,415,82,195
706,417,81,193
711,419,80,191
716,421,79,189
721,423,78,187
724,419,72,184
726,418,71,185
728,417,70,186
730,416,69,187
732,415,68,188
734,414,67,189
736,413,66,190
738,412,65,191
740,411,64,192
742,410,63,193
744,409,62,194
746,408,61,195
748,407,60,196
750,406,59,197
752,405,58,198
749,406,61,197
748,412,65,191
747,418,69,185
746,424,73,179
745,430,77,173
744,436,81,167
743,442,85,161
742,448,89,155
741,454,93,149
740,460,97,143
739,466,101,137
738,472,105,131
737,478,109,125
736,484,113,119
735,490,117,113
739,496,123,114
739,496,123,114
739,496,123,114
739,496,123,114
739,496,123,114
739,496,123,114
739,496,123,114
739,496,123,114
739,496,123,114
739,496,123,114
739,496,123,114
739,496,123,114
739,496,123,114
739,496,123,114
739,496,123,114
742,492,124,111
742,492,124,111
742,492,124,111
742,492,124,111
742,492,124,111
742,492,124,111
742,492,124,111
742,492,124,111
742,492,124,111
742,492,124,111
742,492,124,111
742,492,124,111
742,492,124,111
742,492,124,111
742,492,124,111
742,496,122,109
743,496,121,109
744,496,120,109
745,496,119,109
746,496,118,109
747,496,117,109
748,496,116,109
749,496,115,109
750,496,114,109
751,496,113,109
752,496,112,109
753,496,111,109
754,496,110,109
755,496,109,109
756,496,108,109
751,496,111,115
750,496,112,116
749,496,113,117
748,496,114,118
747,496,115,119
746,496,116,120
745,496,117,121
744,496,118,122
743,496,119,123
742,496,120,124
741,496,121,125
740,496,122,126
739,496,123,127
738,496,124,128
737,496,125,129
739,491,125,125
739,492,125,124
739,493,125,123
739,494,125,122
739,495,125,121
739,496,125,120
739,497,125,119
739,498,125,118
739,499,125,117
739,500,125,116
739,501,125,115
739,502,125,114
739,503,125,113
739,504,125,112
739,505,125,111
739,503,127,111
739,503,126,112
739,503,125,113
739,503,124,114
739,503,123,115
739,503,122,116
739,503,121,117
739,503,120,118
739,503,119,119
739,503,118,120
739,503,117,121
739,503,116,122
739,503,115,123
739,503,114,124
739,503,113,125
744,497,116,120
743,497,116,120
742,497,116,120
741,497,116,120
740,497,116,120
739,497,116,120
738,497,116,120
737,497,116,120
736,497,116,120
735,497,116,120
734,497,116,120
733,497,116,120
732,497,116,120
731,497,116,120
730,497,116,120
732,491,123,115
732,491,123,115
732,491,123,115
732,491,123,115
732,491,123,115
732,491,123,115
732,491,123,115
732,491,123,115
732,491,123,115
732,491,123,115
732,491,123,115
732,491,123,115
732,491,123,115
732,491,123,115
732,491,123,115
739,488,121,122
739,488,120,122
739,488,119,122
739,488,118,122
739,488,117,122
739,488,116,122
739,488,115,122
739,488,114,122
739,488,113,122
739,488,112,122
739,488,111,122
739,488,110,122
739,488,109,122
739,488,108,122
739,488,107,122
744,489,110,121
744,489,110,121
744,489,110,121
744,489,110,121
744,489,110,121
744,489,110,121
744,489,110,121
744,489,110,121
744,489,110,121
744,489,110,121
744,489,110,121
744,489,110,121
744,489,110,121
744,489,110,121
744,489,110,121
747,489,103,125
747,489,104,125
747,489,105,125
747,489,106,125
747,489,107,125
747,489,108,125
747,489,109,125
747,489,110,125
747,489,111,125
747,489,112,125
747,489,113,125
747,489,114,125
747,489,115,125
747,489,116,125
747,489,117,125
742,491,115,125
742,490,115,125
742,489,115,125
742,488,115,125
742,487,115,125
742,486,115,125
742,485,115,125
742,484,115,125
742,483,115,125
742,482,115,125
742,481,115,125
742,480,115,125
742,479,115,125
742,478,115,125
742,477,115,125
747,483,108,130
747,482,108,131
747,481,108,132
747,480,108,133
747,479,108,134
747,478,108,135
747,477,108,136
747,476,108,137
747,475,108,138
747,474,108,139
747,473,108,140
747,472,108,141
747,471,108,142
747,470,108,143
747,469,108,144
742,475,112,144
742,477,112,142
742,479,112,140
742,481,112,138
742,483,112,136
742,485,112,134
742,487,112,132
742,489,112,130
742,491,112,128
742,493,112,126
742,495,112,124
742,497,112,122
742,499,112,120
742,501,112,118
742,503,112,116
744,499,116,114
744,498,116,114
744,497,116,114
744,496,116,114
744,495,116,114
744,494,116,114
744,493,116,114
744,492,116,114
744,491,116,114
744,490,116,114
744,489,116,114
744,488,116,114
744,487,116,114
744,486,116,114
744,485,116,114
744,489,111,116
744,489,111,117
744,489,111,118
744,489,111,119
744,489,111,120
744,489,111,121
744,489,111,122
744,489,111,123
744,489,111,124
744,489,111,125
744,489,111,126
744,489,111,127
744,489,111,128
744,489,111,129
744,489,111,130
741,489,113,124
741,489,113,124
741,489,113,124
741,489,113,124
741,489,113,124
741,489,113,124
741,489,113,124
741,489,113,124
741,489,113,124
741,489,113,124
741,489,113,124
741,489,113,124
741,489,113,124
741,489,113,124
741,489,113,124
737,492,115,124
737,492,115,124
737,492,115,124
737,492,115,124
737,492,115,124
737,492,115,124
737,492,115,124
737,492,115,124
737,492,115,124
737,492,115,124
737,492,115,124
737,492,115,124
737,492,115,124
737,492,115,124
737,492,115,124
739,492,110,127
739,491,110,127
739,490,110,127
739,489,110,127
739,488,110,127
739,487,110,127
739,486,110,127
739,485,110,127
739,484,110,127
739,483,110,127
739,482,110,127
739,481,110,127
739,480,110,127
739,479,110,127
739,478,110,127
736,480,113,130
737,480,113,131
738,480,113,132
739,480,113,133
740,480,113,134
741,480,113,135
742,480,113,136
743,480,113,137
744,480,113,138
745,480,113,139
746,480,113,140
747,480,113,141
748,480,113,142
749,480,113,143
750,480,113,144
744,474,115,140
743,475,115,139
742,476,115,138
741,477,115,137
740,478,115,136
739,479,115,135
738,480,115,134
737,481,115,133
736,482,115,132
735,483,115,131
734,484,115,130
733,485,115,129
732,486,115,128
731,487,115,127
730,488,115,126
736,488,119,125
736,488,119,125
736,488,119,125
736,488,119,125
736,488,119,125
736,488,119,125
736,488,119,125
736,488,119,125
736,488,119,125
736,488,119,125
736,488,119,125
736,488,119,125
736,488,119,125
736,488,119,125
736,488,119,125
742,481,112,130
742,481,112,131
742,481,112,132
742,481,112,133
742,481,112,134
742,481,112,135
742,481,112,136
742,481,112,137
742,481,112,138
742,481,112,139
742,481,112,140
742,481,112,141
742,481,112,142
742,481,112,143
742,481,112,144
747,474,112,140
749,469,111,143
751,464,110,146
753,459,109,149
755,454,108,152
757,449,107,155
759,444,106,158
761,439,105,161
763,434,104,164
765,429,103,167
767,424,102,170
769,419,101,173
771,414,100,176
773,409,99,179
775,404,98,182
780,406,91,189
783,407,90,189
786,408,89,189
789,409,88,189
792,410,87,189
795,411,86,189
798,412,85,189
801,413,84,189
804,414,83,189
807,415,82,189
810,416,81,189
813,417,80,189
816,418,79,189
819,419,78,189
822,420,77,189
819,415,75,188
821,415,78,187
823,415,81,186
825,415,84,185
827,415,87,184
829,415,90,183
831,415,93,182
833,415,96,181
835,415,99,180
837,415,102,179
839,415,105,178
841,415,108,177
843,415,111,176
845,415,114,175
847,415,117,174
856,420,113,180
