458,320,74,275
459,320,79,275
460,320,84,275
461,320,89,275
462,320,94,275
463,320,99,275
464,320,104,275
465,320,109,275
466,320,114,275
467,320,119,275
468,320,124,275
469,320,129,275
470,320,134,275
471,320,139,275
472,320,144,275
478,321,143,279
482,321,143,280
486,321,143,281
490,321,143,282
494,321,143,283
498,321,143,284
502,321,143,285
506,321,143,286
510,321,143,287
514,321,143,288
518,321,143,289
522,321,143,290
526,321,143,291
530,321,143,292
534,321,143,293
539,321,137,289
545,321,134,288
551,321,131,287
557,321,128,286
563,321,125,285
569,321,122,284
575,321,119,283
581,321,116,282
587,321,113,281
593,321,110,280
599,321,107,279
605,321,104,278
611,321,101,277
617,321,98,276
623,321,95,275
626,326,89,280
628,329,90,278
630,332,91,276
632,335,92,274
634,338,93,272
636,341,94,270
638,344,95,268
640,347,96,266
642,350,97,264
644,353,98,262
646,356,99,260
648,359,100,258
650,362,101,256
652,365,102,254
654,368,103,252
659,364,104,251
659,369,107,246
659,374,110,241
659,379,113,236
659,384,116,231
659,389,119,226
659,394,122,221
659,399,125,216
659,404,128,211
659,409,131,206
659,414,134,201
659,419,137,196
659,424,140,191
659,429,143,186
659,434,146,181
663,440,143,178
663,439,142,179
663,438,141,180
663,437,140,181
663,436,139,182
663,435,138,183
663,434,137,184
663,433,136,185
663,432,135,186
663,431,134,187
663,430,133,188
663,429,132,189
663,428,131,190
663,427,130,191
663,426,129,192
667,427,133,186
667,427,133,185
667,427,133,184
667,427,133,183
667,427,133,182
667,427,133,181
667,427,133,180
667,427,133,179
667,427,133,178
667,427,133,177
667,427,133,176
667,427,133,175
667,427,133,174
667,427,133,173
667,427,133,172
667,434,129,176
667,434,130,176
667,434,131,176
667,434,132,176
667,434,133,176
667,434,134,176
667,434,135,176
667,434,136,176
667,434,137,176
667,434,138,176
667,434,139,176
667,434,140,176
667,434,141,176
667,434,142,176
667,434,143,176
661,439,137,176
661,439,137,176
661,439,137,176
661,439,137,176
661,439,137,176
661,439,137,176
661,439,137,176
661,439,137,176
661,439,137,176
661,439,137,176
661,439,137,176
661,439,137,176
661,439,137,176
661,439,137,176
661,439,137,176
663,440,135,171
663,440,135,171
663,440,135,171
663,440,135,171
663,440,135,171
663,440,135,171
663,440,135,171
663,440,135,171
663,440,135,171
663,440,135,171
663,440,135,171
663,440,135,171
663,440,135,171
663,440,135,171
663,440,135,171
667,437,131,176
667,437,130,176
667,437,129,176
667,437,128,176
667,437,127,176
667,437,126,176
667,437,125,176
667,437,124,176
667,437,123,176
667,437,122,176
667,437,121,176
667,437,120,176
667,437,119,176
667,437,118,176
667,437,117,176
669,434,117,177
669,434,119,177
669,434,121,177
669,434,123,177
669,434,125,177
669,434,127,177
669,434,129,177
669,434,131,177
669,434,133,177
669,434,135,177
669,434,137,177
669,434,139,177
669,434,141,177
669,434,143,177
669,434,145,177
663,439,141,172
663,439,140,172
663,439,139,172
663,439,138,172
663,439,137,172
663,439,136,172
663,439,135,172
663,439,134,172
663,439,133,172
663,439,132,172
663,439,131,172
663,439,130,172
663,439,129,172
663,439,128,172
663,439,127,172
667,445,131,170
667,445,131,170
667,445,131,170
667,445,131,170
667,445,131,170
667,445,131,170
667,445,131,170
667,445,131,170
667,445,131,170
667,445,131,170
667,445,131,170
667,445,131,170
667,445,131,170
667,445,131,170
667,445,131,170
669,444,127,169
669,444,127,169
669,444,127,169
669,444,127,169
669,444,127,169
669,444,127,169
669,444,127,169
669,444,127,169
669,444,127,169
669,444,127,169
669,444,127,169
669,444,127,169
669,444,127,169
669,444,127,169
669,444,127,169
669,447,129,168
668,447,129,168
667,447,129,168
666,447,129,168
665,447,129,168
664,447,129,168
663,447,129,168
662,447,129,168
661,447,129,168
660,447,129,168
659,447,129,168
658,447,129,168
657,447,129,168
656,447,129,168
655,447,129,168
661,450,135,161
662,449,134,162
663,448,133,163
664,447,132,164
665,446,131,165
666,445,130,166
667,444,129,167
668,443,128,168
669,442,127,169
670,441,126,170
671,440,125,171
672,439,124,172
673,438,123,173
674,437,122,174
675,436,121,175
671,439,121,174
671,440,122,173
671,441,123,172
671,442,124,171
671,443,125,170
671,444,126,169
671,445,127,168
671,446,128,167
671,447,129,166
671,448,130,165
671,449,131,164
671,450,132,163
671,451,133,162
671,452,134,161
671,453,135,160
665,447,129,163
665,447,129,163
665,447,129,163
665,447,129,163
665,447,129,163
665,447,129,163
665,447,129,163
665,447,129,163
665,447,129,163
665,447,129,163
665,447,129,163
665,447,129,163
665,447,129,163
665,447,129,163
665,447,129,163
669,449,133,162
669,449,132,162
669,449,131,162
669,449,130,162
669,449,129,162
669,449,128,162
669,449,127,162
669,449,126,162
669,449,125,162
669,449,124,162
669,449,123,162
669,449,122,162
669,449,121,162
669,449,120,162
669,449,119,162
673,447,123,166
672,447,124,166
671,447,125,166
670,447,126,166
669,447,127,166
668,447,128,166
667,447,129,166
666,447,130,166
665,447,131,166
664,447,132,166
663,447,133,166
662,447,134,166
661,447,135,166
660,447,136,166
659,447,137,166
663,440,137,170
663,439,137,171
663,438,137,172
663,437,137,173
663,436,137,174
663,435,137,175
663,434,137,176
663,433,137,177
663,432,137,178
663,431,137,179
663,430,137,180
663,429,137,181
663,428,137,182
663,427,137,183
663,426,137,184
669,429,133,186
669,429,133,186
669,429,133,186
669,429,133,186
669,429,133,186
669,429,133,186
669,429,133,186
669,429,133,186
669,429,133,186
669,429,133,186
669,429,133,186
669,429,133,186
669,429,133,186
669,429,133,186
669,429,133,186
671,432,131,181
671,432,131,181
671,432,131,181
671,432,131,181
671,432,131,181
671,432,131,181
671,432,131,181
671,432,131,181
671,432,131,181
671,432,131,181
671,432,131,181
671,432,131,181
671,432,131,181
671,432,131,181
671,432,131,181
669,435,131,180
669,435,131,180
669,435,131,180
669,435,131,180
669,435,131,180
669,435,131,180
669,435,131,180
669,435,131,180
669,435,131,180
669,435,131,180
669,435,131,180
669,435,131,180
669,435,131,180
669,435,131,180
669,435,131,180
665,430,133,180
666,425,132,185
667,420,131,190
668,415,130,195
669,410,129,200
670,405,128,205
671,400,127,210
672,395,126,215
673,390,125,220
674,385,124,225
675,380,123,230
676,375,122,235
677,370,121,240
678,365,120,245
679,360,119,250
673,361,125,255
678,359,124,257
683,357,123,259
688,355,122,261
693,353,121,263
698,351,120,265
703,349,119,267
708,347,118,269
713,345,117,271
718,343,116,273
723,341,115,275
728,339,114,277
733,337,113,279
738,335,112,281
743,333,111,283
742,331,111,289
