703,482,87,199
706,481,86,200
709,480,85,201
712,479,84,202
715,478,83,203
718,477,82,204
721,476,81,205
724,475,80,206
727,474,79,207
730,473,78,208
733,472,77,209
736,471,76,210
739,470,75,211
742,469,74,212
745,468,73,213
746,472,76,217
749,472,76,217
752,472,76,217
755,472,76,217
758,472,76,217
761,472,76,217
764,472,76,217
767,472,76,217
770,472,76,217
773,472,76,217
776,472,76,217
779,472,76,217
782,472,76,217
785,472,76,217
788,472,76,217
787,470,74,219
789,470,74,219
791,470,74,219
793,470,74,219
795,470,74,219
797,470,74,219
799,470,74,219
801,470,74,219
803,470,74,219
805,470,74,219
807,470,74,219
809,470,74,219
811,470,74,219
813,470,74,219
815,470,74,219
823,475,70,213
824,477,73,211
825,479,76,209
826,481,79,207
827,483,82,205
828,485,85,203
829,487,88,201
830,489,91,199
831,491,94,197
832,493,97,195
833,495,100,193
834,497,103,191
835,499,106,189
836,501,109,187
837,503,112,185
843,504,118,184
843,507,117,181
843,510,116,178
843,513,115,175
843,516,114,172
843,519,113,169
843,522,112,166
843,525,111,163
843,528,110,160
843,531,109,157
843,534,108,154
843,537,107,151
843,540,106,148
843,543,105,145
843,546,104,142
849,553,104,135
848,554,105,134
847,555,106,133
846,556,107,132
845,557,108,131
844,558,109,130
843,559,110,129
842,560,111,128
841,561,112,127
840,562,113,126
839,563,114,125
838,564,115,124
837,565,116,123
836,566,117,122
835,567,118,121
838,566,113,122
839,566,112,122
840,566,111,122
841,566,110,122
842,566,109,122
843,566,108,122
844,566,107,122
845,566,106,122
846,566,105,122
847,566,104,122
848,566,103,122
849,566,102,122
850,566,101,122
851,566,100,122
852,566,99,122
847,560,100,121
847,560,100,121
847,560,100,121
847,560,100,121
847,560,100,121
847,560,100,121
847,560,100,121
847,560,100,121
847,560,100,121
847,560,100,121
847,560,100,121
847,560,100,121
847,560,100,121
847,560,100,121
847,560,100,121
847,565,102,121
846,565,103,121
845,565,104,121
844,565,105,121
843,565,106,121
842,565,107,121
841,565,108,121
840,565,109,121
839,565,110,121
838,565,111,121
837,565,112,121
836,565,113,121
835,565,114,121
834,565,115,121
833,565,116,121
836,566,113,115
836,566,113,115
836,566,113,115
836,566,113,115
836,566,113,115
836,566,113,115
836,566,113,115
836,566,113,115
836,566,113,115
836,566,113,115
836,566,113,115
836,566,113,115
836,566,113,115
836,566,113,115
836,566,113,115
840,565,106,120
841,565,105,120
842,565,104,120
843,565,103,120
844,565,102,120
845,565,101,120
846,565,100,120
847,565,99,120
848,565,98,120
849,565,97,120
850,565,96,120
851,565,95,120
852,565,94,120
853,565,93,120
854,565,92,120
853,565,96,118
853,565,96,118
853,565,96,118
853,565,96,118
853,565,96,118
853,565,96,118
853,565,96,118
853,565,96,118
853,565,96,118
853,565,96,118
853,565,96,118
853,565,96,118
853,565,96,118
853,565,96,118
853,565,96,118
853,566,96,123
853,566,96,123
853,566,96,123
853,566,96,123
853,566,96,123
853,566,96,123
853,566,96,123
853,566,96,123
853,566,96,123
853,566,96,123
853,566,96,123
853,566,96,123
853,566,96,123
853,566,96,123
853,566,96,123
849,566,98,117
849,566,98,117
849,566,98,117
849,566,98,117
849,566,98,117
849,566,98,117
849,566,98,117
849,566,98,117
849,566,98,117
849,566,98,117
849,566,98,117
849,566,98,117
849,566,98,117
849,566,98,117
849,566,98,117
849,568,98,113
849,568,98,113
849,568,98,113
849,568,98,113
849,568,98,113
849,568,98,113
849,568,98,113
849,568,98,113
849,568,98,113
849,568,98,113
849,568,98,113
849,568,98,113
849,568,98,113
849,568,98,113
849,568,98,113
849,566,97,117
849,566,97,117
849,566,97,117
849,566,97,117
849,566,97,117
849,566,97,117
849,566,97,117
849,566,97,117
849,566,97,117
849,566,97,117
849,566,97,117
849,566,97,117
849,566,97,117
849,566,97,117
849,566,97,117
849,571,98,114
849,570,98,114
849,569,98,114
849,568,98,114
849,567,98,114
849,566,98,114
849,565,98,114
849,564,98,114
849,563,98,114
849,562,98,114
849,561,98,114
849,560,98,114
849,559,98,114
849,558,98,114
849,557,98,114
853,563,96,118
853,563,96,118
853,563,96,118
853,563,96,118
853,563,96,118
853,563,96,118
853,563,96,118
853,563,96,118
853,563,96,118
853,563,96,118
853,563,96,118
853,563,96,118
853,563,96,118
853,563,96,118
853,563,96,118
847,568,102,115
847,568,102,115
847,568,102,115
847,568,102,115
847,568,102,115
847,568,102,115
847,568,102,115
847,568,102,115
847,568,102,115
847,568,102,115
847,568,102,115
847,568,102,115
847,568,102,115
847,568,102,115
847,568,102,115
845,568,101,113
845,568,101,113
845,568,101,113
845,568,101,113
845,568,101,113
845,568,101,113
845,568,101,113
845,568,101,113
845,568,101,113
845,568,101,113
845,568,101,113
845,568,101,113
845,568,101,113
845,568,101,113
845,568,101,113
841,568,108,118
841,568,108,118
841,568,108,118
841,568,108,118
841,568,108,118
841,568,108,118
841,568,108,118
841,568,108,118
841,568,108,118
841,568,108,118
841,568,108,118
841,568,108,118
841,568,108,118
841,568,108,118
841,568,108,118
845,570,108,113
845,570,107,113
845,570,106,113
845,570,105,113
845,570,104,113
845,570,103,113
845,570,102,113
845,570,101,113
845,570,100,113
845,570,99,113
845,570,98,113
845,570,97,113
845,570,96,113
845,570,95,113
845,570,94,113
851,568,96,115
851,568,96,116
851,568,96,117
851,568,96,118
851,568,96,119
851,568,96,120
851,568,96,121
851,568,96,122
851,568,96,123
851,568,96,124
851,568,96,125
851,568,96,126
851,568,96,127
851,568,96,128
851,568,96,129
847,563,100,123
847,563,100,123
847,563,100,123
847,563,100,123
847,563,100,123
847,563,100,123
847,563,100,123
847,563,100,123
847,563,100,123
847,563,100,123
847,563,100,123
847,563,100,123
847,563,100,123
847,563,100,123
847,563,100,123
847,563,104,123
847,563,104,123
847,563,104,123
847,563,104,123
847,563,104,123
847,563,104,123
847,563,104,123
847,563,104,123
847,563,104,123
847,563,104,123
847,563,104,123
847,563,104,123
847,563,104,123
847,563,104,123
847,563,104,123
849,563,97,118
849,562,97,119
849,561,97,120
849,560,97,121
849,559,97,122
849,558,97,123
849,557,97,124
849,556,97,125
849,555,97,126
849,554,97,127
849,553,97,128
849,552,97,129
849,551,97,130
849,550,97,131
849,549,97,132
843,555,103,131
843,552,103,135
843,549,103,139
843,546,103,143
843,543,103,147
843,540,103,151
843,537,103,155
843,534,103,159
843,531,103,163
843,528,103,167
843,525,103,171
843,522,103,175
843,519,103,179
843,516,103,183
843,513,103,187
845,506,97,185
846,504,98,186
847,502,99,187
848,500,100,188
849,498,101,189
850,496,102,190
851,494,103,191
852,492,104,192
853,490,105,193
854,488,106,194
855,486,107,195
856,484,108,196
857,482,109,197
858,480,110,198
859,478,111,199
856,483,105,202
858,483,105,203
860,483,105,204
862,483,105,205
864,483,105,206
866,483,105,207
868,483,105,208
870,483,105,209
872,483,105,210
874,483,105,211
876,483,105,212
878,483,105,213
880,483,105,214
882,483,105,215
884,483,105,216
890,478,108,213
894,478,104,212
898,478,100,211
902,478,96,210
906,478,92,209
910,478,88,208
914,478,84,207
918,478,80,206
922,478,76,205
926,478,72,204
930,478,68,203
934,478,64,202
938,478,60,201
942,478,56,200
946,478,52,199
945,483,51,197
