731,616,60,213
732,616,62,211
733,616,64,209
734,616,66,207
735,616,68,205
736,616,70,203
737,616,72,201
738,616,74,199
739,616,76,197
740,616,78,195
741,616,80,193
742,616,82,191
743,616,84,189
744,616,86,187
745,616,88,185
750,623,88,180
754,624,87,180
758,625,86,180
762,626,85,180
766,627,84,180
770,628,83,180
774,629,82,180
778,630,81,180
782,631,80,180
786,632,79,180
790,633,78,180
794,634,77,180
798,635,76,180
802,636,75,180
806,637,74,180
807,631,68,179
809,631,69,180
811,631,70,181
813,631,71,182
815,631,72,183
817,631,73,184
819,631,74,185
821,631,75,186
823,631,76,187
825,631,77,188
827,631,78,189
829,631,79,190
831,631,80,191
833,631,81,192
835,631,82,193
836,624,89,194
836,628,89,190
836,632,89,186
836,636,89,182
836,640,89,178
836,644,89,174
836,648,89,170
836,652,89,166
836,656,89,162
836,660,89,158
836,664,89,154
836,668,89,150
836,672,89,146
836,676,89,142
836,680,89,138
836,678,84,127
836,679,84,126
836,680,84,125
836,681,84,124
836,682,84,123
836,683,84,122
836,684,84,121
836,685,84,120
836,686,84,119
836,687,84,118
836,688,84,117
836,689,84,116
836,690,84,115
836,691,84,114
836,692,84,113
837,692,79,116
837,692,79,116
837,692,79,116
837,692,79,116
837,692,79,116
837,692,79,116
837,692,79,116
837,692,79,116
837,692,79,116
837,692,79,116
837,692,79,116
837,692,79,116
837,692,79,116
837,692,79,116
837,692,79,116
836,698,84,110
836,698,84,110
836,698,84,110
836,698,84,110
836,698,84,110
836,698,84,110
836,698,84,110
836,698,84,110
836,698,84,110
836,698,84,110
836,698,84,110
836,698,84,110
836,698,84,110
836,698,84,110
836,698,84,110
836,695,86,116
836,695,86,116
836,695,86,116
836,695,86,116
836,695,86,116
836,695,86,116
836,695,86,116
836,695,86,116
836,695,86,116
836,695,86,116
836,695,86,116
836,695,86,116
836,695,86,116
836,695,86,116
836,695,86,116
834,698,86,115
834,698,86,114
834,698,86,113
834,698,86,112
834,698,86,111
834,698,86,110
834,698,86,109
834,698,86,108
834,698,86,107
834,698,86,106
834,698,86,105
834,698,86,104
834,698,86,103
834,698,86,102
834,698,86,101
837,703,81,102
837,703,81,102
837,703,81,102
837,703,81,102
837,703,81,102
837,703,81,102
837,703,81,102
837,703,81,102
837,703,81,102
837,703,81,102
837,703,81,102
837,703,81,102
837,703,81,102
837,703,81,102
837,703,81,102
836,702,80,106
836,702,80,106
836,702,80,106
836,702,80,106
836,702,80,106
836,702,80,106
836,702,80,106
836,702,80,106
836,702,80,106
836,702,80,106
836,702,80,106
836,702,80,106
836,702,80,106
836,702,80,106
836,702,80,106
836,700,78,110
836,700,78,110
836,700,78,110
836,700,78,110
836,700,78,110
836,700,78,110
836,700,78,110
836,700,78,110
836,700,78,110
836,700,78,110
836,700,78,110
836,700,78,110
836,700,78,110
836,700,78,110
836,700,78,110
836,703,84,108
836,702,84,109
836,701,84,110
836,700,84,111
836,699,84,112
836,698,84,113
836,697,84,114
836,696,84,115
836,695,84,116
836,694,84,117
836,693,84,118
836,692,84,119
836,691,84,120
836,690,84,121
836,689,84,122
834,695,79,116
834,695,79,116
834,695,79,116
834,695,79,116
834,695,79,116
834,695,79,116
834,695,79,116
834,695,79,116
834,695,79,116
834,695,79,116
834,695,79,116
834,695,79,116
834,695,79,116
834,695,79,116
834,695,79,116
841,700,77,110
841,700,77,110
841,700,77,110
841,700,77,110
841,700,77,110
841,700,77,110
841,700,77,110
841,700,77,110
841,700,77,110
841,700,77,110
841,700,77,110
841,700,77,110
841,700,77,110
841,700,77,110
841,700,77,110
834,703,79,105
834,703,79,105
834,703,79,105
834,703,79,105
834,703,79,105
834,703,79,105
834,703,79,105
834,703,79,105
834,703,79,105
834,703,79,105
834,703,79,105
834,703,79,105
834,703,79,105
834,703,79,105
834,703,79,105
837,702,74,109
837,702,75,109
837,702,76,109
837,702,77,109
837,702,78,109
837,702,79,109
837,702,80,109
837,702,81,109
837,702,82,109
837,702,83,109
837,702,84,109
837,702,85,109
837,702,86,109
837,702,87,109
837,702,88,109
834,706,86,107
834,706,86,107
834,706,86,107
834,706,86,107
834,706,86,107
834,706,86,107
834,706,86,107
834,706,86,107
834,706,86,107
834,706,86,107
834,706,86,107
834,706,86,107
834,706,86,107
834,706,86,107
834,706,86,107
830,702,86,106
830,702,86,106
830,702,86,106
830,702,86,106
830,702,86,106
830,702,86,106
830,702,86,106
830,702,86,106
830,702,86,106
830,702,86,106
830,702,86,106
830,702,86,106
830,702,86,106
830,702,86,106
830,702,86,106
836,703,89,108
835,703,89,108
834,703,89,108
833,703,89,108
832,703,89,108
831,703,89,108
830,703,89,108
829,703,89,108
828,703,89,108
827,703,89,108
826,703,89,108
825,703,89,108
824,703,89,108
823,703,89,108
822,703,89,108
825,706,91,110
825,706,91,110
825,706,91,110
825,706,91,110
825,706,91,110
825,706,91,110
825,706,91,110
825,706,91,110
825,706,91,110
825,706,91,110
825,706,91,110
825,706,91,110
825,706,91,110
825,706,91,110
825,706,91,110
828,702,88,106
828,702,88,106
828,702,88,106
828,702,88,106
828,702,88,106
828,702,88,106
828,702,88,106
828,702,88,106
828,702,88,106
828,702,88,106
828,702,88,106
828,702,88,106
828,702,88,106
828,702,88,106
828,702,88,106
830,698,88,109
830,698,88,110
830,698,88,111
830,698,88,112
830,698,88,113
830,698,88,114
830,698,88,115
830,698,88,116
830,698,88,117
830,698,88,118
830,698,88,119
830,698,88,120
830,698,88,121
830,698,88,122
830,698,88,123
826,695,94,118
827,694,93,118
828,693,92,118
829,692,91,118
830,691,90,118
831,690,89,118
832,689,88,118
833,688,87,118
834,687,86,118
835,686,85,118
836,685,84,118
837,684,83,118
838,683,82,118
839,682,81,118
840,681,80,118
834,686,80,125
834,687,80,124
834,688,80,123
834,689,80,122
834,690,80,121
834,691,80,120
834,692,80,119
834,693,80,118
834,694,80,117
834,695,80,116
834,696,80,115
834,697,80,114
834,698,80,113
834,699,80,112
834,700,80,111
834,698,86,117
834,694,86,121
834,690,86,125
834,686,86,129
834,682,86,133
834,678,86,137
834,674,86,141
834,670,86,145
834,666,86,149
834,662,86,153
834,658,86,157
834,654,86,161
834,650,86,165
834,646,86,169
834,642,86,173
828,640,83,175
830,639,83,176
832,638,83,177
834,637,83,178
836,636,83,179
838,635,83,180
840,634,83,181
842,633,83,182
844,632,83,183
846,631,83,184
848,630,83,185
850,629,83,186
852,628,83,187
854,627,83,188
856,626,83,189
855,619,86,194
856,620,87,193
857,621,88,192
858,622,89,191
859,623,90,190
860,624,91,189
861,625,92,188
862,626,93,187
863,627,94,186
864,628,95,185
865,629,96,184
866,630,97,183
867,631,98,182
868,632,99,181
869,633,100,180
874,627,96,183
877,627,96,183
880,627,96,183
883,627,96,183
886,627,96,183
889,627,96,183
892,627,96,183
895,627,96,183
898,627,96,183
901,627,96,183
904,627,96,183
907,627,96,183
910,627,96,183
913,627,96,183
916,627,96,183
924,626,90,181
927,626,88,180
930,626,86,179
933,626,84,178
936,626,82,177
939,626,80,176
942,626,78,175
945,626,76,174
948,626,74,173
951,626,72,172
954,626,70,171
957,626,68,170
960,626,66,169
963,626,64,168
966,626,62,167
966,631,64,171
