27,585,74,234
29,585,76,234
31,585,78,234
33,585,80,234
35,585,82,234
37,585,84,234
39,585,86,234
41,585,88,234
43,585,90,234
45,585,92,234
47,585,94,234
49,585,96,234
51,585,98,234
53,585,100,234
55,585,102,234
64,583,101,238
66,583,101,238
68,583,101,238
70,583,101,238
72,583,101,238
74,583,101,238
76,583,101,238
78,583,101,238
80,583,101,238
82,583,101,238
84,583,101,238
86,583,101,238
88,583,101,238
90,583,101,238
92,583,101,238
91,586,102,244
93,586,101,244
95,586,100,244
97,586,99,244
99,586,98,244
101,586,97,244
103,586,96,244
105,586,95,244
107,586,94,244
109,586,93,244
111,586,92,244
113,586,91,244
115,586,90,244
117,586,89,244
119,586,88,244
124,586,92,245
126,586,92,245
128,586,92,245
130,586,92,245
132,586,92,245
134,586,92,245
136,586,92,245
138,586,92,245
140,586,92,245
142,586,92,245
144,586,92,245
146,586,92,245
148,586,92,245
150,586,92,245
152,586,92,245
159,586,99,249
161,586,100,249
163,586,101,249
165,586,102,249
167,586,103,249
169,586,104,249
171,586,105,249
173,586,106,249
175,586,107,249
177,586,108,249
179,586,109,249
181,586,110,249
183,586,111,249
185,586,112,249
187,586,113,249
193,585,117,255
196,585,115,255
199,585,113,255
202,585,111,255
205,585,109,255
208,585,107,255
211,585,105,255
214,585,103,255
217,585,101,255
220,585,99,255
223,585,97,255
226,585,95,255
229,585,93,255
232,585,91,255
235,585,89,255
241,585,81,255
244,585,82,255
247,585,83,255
250,585,84,255
253,585,85,255
256,585,86,255
259,585,87,255
262,585,88,255
265,585,89,255
268,585,90,255
271,585,91,255
274,585,92,255
277,585,93,255
280,585,94,255
283,585,95,255
279,583,100,257
281,583,101,257
283,583,102,257
285,583,103,257
287,583,104,257
289,583,105,257
291,583,106,257
293,583,107,257
295,583,108,257
297,583,109,257
299,583,110,257
301,583,111,257
303,583,112,257
305,583,113,257
307,583,114,257
316,581,122,257
319,581,119,257
322,581,116,257
325,581,113,257
328,581,110,257
331,581,107,257
334,581,104,257
337,581,101,257
340,581,98,257
343,581,95,257
346,581,92,257
349,581,89,257
352,581,86,257
355,581,83,257
358,581,80,257
363,579,80,261
366,579,82,261
369,579,84,261
372,579,86,261
375,579,88,261
378,579,90,261
381,579,92,261
384,579,94,261
387,579,96,261
390,579,98,261
393,579,100,261
396,579,102,261
399,579,104,261
402,579,106,261
405,579,108,261
404,579,105,257
407,579,106,257
410,579,107,257
413,579,108,257
416,579,109,257
419,579,110,257
422,579,111,257
425,579,112,257
428,579,113,257
431,579,114,257
434,579,115,257
437,579,116,257
440,579,117,257
443,579,118,257
446,579,119,257
448,578,114,258
452,578,111,258
456,578,108,258
460,578,105,258
464,578,102,258
468,578,99,258
472,578,96,258
476,578,93,258
480,578,90,258
484,578,87,258
488,578,84,258
492,578,81,258
496,578,78,258
500,578,75,258
504,578,72,258
501,576,66,264
503,576,69,264
505,576,72,264
507,576,75,264
509,576,78,264
511,576,81,264
513,576,84,264
515,576,87,264
517,576,90,264
519,576,93,264
521,576,96,264
523,576,99,264
525,576,102,264
527,576,105,264
529,576,108,264
535,576,109,259
538,576,110,259
541,576,111,259
544,576,112,259
547,576,113,259
550,576,114,259
553,576,115,259
556,576,116,259
559,576,117,259
562,576,118,259
565,576,119,259
568,576,120,259
571,576,121,259
574,576,122,259
577,576,123,259
583,576,123,266
587,576,120,266
591,576,117,266
595,576,114,266
599,576,111,266
603,576,108,266
607,576,105,266
611,576,102,266
615,576,99,266
619,576,96,266
623,576,93,266
627,576,90,266
631,576,87,266
635,576,84,266
639,576,81,266
636,576,72,271
638,576,75,271
640,576,78,271
642,576,81,271
644,576,84,271
646,576,87,271
648,576,90,271
650,576,93,271
652,576,96,271
654,576,99,271
656,576,102,271
658,576,105,271
660,576,108,271
662,576,111,271
664,576,114,271
669,574,116,269
673,574,116,269
677,574,116,269
681,574,116,269
685,574,116,269
689,574,116,269
693,574,116,269
697,574,116,269
701,574,116,269
705,574,116,269
709,574,116,269
713,574,116,269
717,574,116,269
721,574,116,269
725,574,116,269
733,574,120,271
737,574,117,271
741,574,114,271
745,574,111,271
749,574,108,271
753,574,105,271
757,574,102,271
761,574,99,271
765,574,96,271
769,574,93,271
773,574,90,271
777,574,87,271
781,574,84,271
785,574,81,271
789,574,78,271
791,572,76,277
793,572,78,277
795,572,80,277
797,572,82,277
799,572,84,277
801,572,86,277
803,572,88,277
805,572,90,277
807,572,92,277
809,572,94,277
811,572,96,277
813,572,98,277
815,572,100,277
817,572,102,277
819,572,104,277
822,572,109,275
826,572,109,275
830,572,109,275
834,572,109,275
838,572,109,275
842,572,109,275
846,572,109,275
850,572,109,275
854,572,109,275
858,572,109,275
862,572,109,275
866,572,109,275
870,572,109,275
874,572,109,275
878,572,109,275
885,569,114,274
888,569,112,273
891,569,110,272
894,569,108,271
897,569,106,270
900,569,104,269
903,569,102,268
906,569,100,267
909,569,98,266
912,569,96,265
915,569,94,264
918,569,92,263
921,569,90,262
924,569,88,261
927,569,86,260
923,567,83,264
925,567,84,264
927,567,85,264
929,567,86,264
931,567,87,264
933,567,88,264
935,567,89,264
937,567,90,264
939,567,91,264
941,567,92,264
943,567,93,264
945,567,94,264
947,567,95,264
949,567,96,264
951,567,97,264
958,562,98,271
962,562,99,271
966,562,100,271
970,562,101,271
974,562,102,271
978,562,103,271
982,562,104,271
986,562,105,271
990,562,106,271
994,562,107,271
998,562,108,271
1002,562,109,271
1006,562,110,271
1010,562,111,271
1014,562,112,271
1011,557,109,264
1014,557,108,264
1017,557,107,264
1020,557,106,264
1023,557,105,264
1026,557,104,264
1029,557,103,264
1032,557,102,264
1035,557,101,264
1038,557,100,264
1041,557,99,264
1044,557,98,264
1047,557,97,264
1050,557,96,264
1053,557,95,264
1049,552,94,257
1051,552,94,257
1053,552,94,257
1055,552,94,257
1057,552,94,257
1059,552,94,257
1061,552,94,257
1063,552,94,257
1065,552,94,257
1067,552,94,257
1069,552,94,257
1071,552,94,257
1073,552,94,257
1075,552,94,257
1077,552,94,257
1086,552,101,257
1089,552,101,257
1092,552,101,257
1095,552,101,257
1098,552,101,257
1101,552,101,257
1104,552,101,257
1107,552,101,257
1110,552,101,257
1113,552,101,257
1116,552,101,257
1119,552,101,257
1122,552,101,257
1125,552,101,257
1128,552,101,257
1135,546,96,252
1137,546,95,251
1139,546,94,250
1141,546,93,249
1143,546,92,248
1145,546,91,247
1147,546,90,246
1149,546,89,245
1151,546,88,244
1153,546,87,243
1155,546,86,242
1157,546,85,241
1159,546,84,240
1161,546,83,239
1163,546,82,238
1168,543,85,242
1170,543,86,242
1172,543,87,242
1174,543,88,242
1176,543,89,242
1178,543,90,242
1180,543,91,242
1182,543,92,242
1184,543,93,242
1186,543,94,242
1188,543,95,242
1190,543,96,242
1192,543,97,242
1194,543,98,242
1196,543,99,242
1192,541,94,242
1195,541,93,241
1198,541,92,240
1201,541,91,239
1204,541,90,238
1207,541,89,237
1210,541,88,236
1213,541,87,235
1216,541,86,234
1219,541,85,233
1222,541,84,232
1225,541,83,231
1228,541,82,230
1231,541,81,229
1234,541,80,228
1237,540,82,234
1239,540,82,234
1241,540,82,234
1243,540,82,234
1245,540,82,234
1247,540,82,234
1249,540,82,234
1251,540,82,234
1253,540,82,234
1255,540,82,234
1257,540,82,234
1259,540,82,234
1261,540,82,234
1263,540,82,234
1265,540,82,234
1261,533,82,227
