0,463,104,321
2,463,105,322
4,463,106,323
6,463,107,324
8,463,108,325
10,463,109,326
12,463,110,327
14,463,111,328
16,463,112,329
18,463,113,330
20,463,114,331
22,463,115,332
24,463,116,333
26,463,117,334
28,463,118,335
29,463,115,333
32,463,114,333
35,463,113,333
38,463,112,333
41,463,111,333
44,463,110,333
47,463,109,333
50,463,108,333
53,463,107,333
56,463,106,333
59,463,105,333
62,463,104,333
65,463,103,333
68,463,102,333
71,463,101,333
75,469,99,327
78,470,101,327
81,471,103,327
84,472,105,327
87,473,107,327
90,474,109,327
93,475,111,327
96,476,113,327
99,477,115,327
102,478,117,327
105,479,119,327
108,480,121,327
111,481,123,327
114,482,125,327
117,483,127,327
125,477,128,323
129,477,126,324
133,477,124,325
137,477,122,326
141,477,120,327
145,477,118,328
149,477,116,329
153,477,114,330
157,477,112,331
161,477,110,332
165,477,108,333
169,477,106,334
173,477,104,335
177,477,102,336
181,477,100,337
180,471,97,337
182,471,99,337
184,471,101,337
186,471,103,337
188,471,105,337
190,471,107,337
192,471,109,337
194,471,111,337
196,471,113,337
198,471,115,337
200,471,117,337
202,471,119,337
204,471,121,337
206,471,123,337
208,471,125,337
204,477,127,333
209,477,127,332
214,477,127,331
219,477,127,330
224,477,127,329
229,477,127,328
234,477,127,327
239,477,127,326
244,477,127,325
249,477,127,324
254,477,127,323
259,477,127,322
264,477,127,321
269,477,127,320
274,477,127,319
284,483,131,325
288,483,128,326
292,483,125,327
296,483,122,328
300,483,119,329
304,483,116,330
308,483,113,331
312,483,110,332
316,483,107,333
320,483,104,334
324,483,101,335
328,483,98,336
332,483,95,337
336,483,92,338
340,483,89,339
343,479,89,335
345,480,92,335
347,481,95,335
349,482,98,335
351,483,101,335
353,484,104,335
355,485,107,335
357,486,110,335
359,487,113,335
361,488,116,335
363,489,119,335
365,490,122,335
367,491,125,335
369,492,128,335
371,493,131,335
370,487,128,337
375,488,129,336
380,489,130,335
385,490,131,334
390,491,132,333
395,492,133,332
400,493,134,331
405,494,135,330
410,495,136,329
415,496,137,328
420,497,138,327
425,498,139,326
430,499,140,325
435,500,141,324
440,501,142,323
444,499,141,325
450,499,141,326
456,499,141,327
462,499,141,328
468,499,141,329
474,499,141,330
480,499,141,331
486,499,141,332
492,499,141,333
498,499,141,334
504,499,141,335
510,499,141,336
516,499,141,337
522,499,141,338
528,499,141,339
531,497,135,345
535,497,131,345
539,497,127,345
543,497,123,345
547,497,119,345
551,497,115,345
555,497,111,345
559,497,107,345
563,497,103,345
567,497,99,345
571,497,95,345
575,497,91,345
579,497,87,345
583,497,83,345
587,497,79,345
597,503,80,343
598,504,84,343
599,505,88,343
600,506,92,343
601,507,96,343
602,508,100,343
603,509,104,343
604,510,108,343
605,511,112,343
606,512,116,343
607,513,120,343
608,514,124,343
609,515,128,343
610,516,132,343
611,517,136,343
612,511,147,344
618,511,147,344
624,511,147,344
630,511,147,344
636,511,147,344
642,511,147,344
648,511,147,344
654,511,147,344
660,511,147,344
666,511,147,344
672,511,147,344
678,511,147,344
684,511,147,344
690,511,147,344
696,511,147,344
704,515,150,350
709,516,146,349
714,517,142,348
719,518,138,347
724,519,134,346
729,520,130,345
734,521,126,344
739,522,122,343
744,523,118,342
749,524,114,341
754,525,110,340
759,526,106,339
764,527,102,338
769,528,98,337
774,529,94,336
782,527,89,340
784,527,92,340
786,527,95,340
788,527,98,340
790,527,101,340
792,527,104,340
794,527,107,340
796,527,110,340
798,527,113,340
800,527,116,340
802,527,119,340
804,527,122,340
806,527,125,340
808,527,128,340
810,527,131,340
809,523,136,346
815,523,136,346
821,523,136,346
827,523,136,346
833,523,136,346
839,523,136,346
845,523,136,346
851,523,136,346
857,523,136,346
863,523,136,346
869,523,136,346
875,523,136,346
881,523,136,346
887,523,136,346
893,523,136,346
896,527,134,342
899,527,132,342
902,527,130,342
905,527,128,342
908,527,126,342
911,527,124,342
914,527,122,342
917,527,120,342
920,527,118,342
923,527,116,342
926,527,114,342
929,527,112,342
932,527,110,342
935,527,108,342
938,527,106,342
942,529,106,338
944,529,108,338
946,529,110,338
948,529,112,338
950,529,114,338
952,529,116,338
954,529,118,338
956,529,120,338
958,529,122,338
960,529,124,338
962,529,126,338
964,529,128,338
966,529,130,338
968,529,132,338
970,529,134,338
975,533,134,332
980,533,134,331
985,533,134,330
990,533,134,329
995,533,134,328
1000,533,134,327
1005,533,134,326
1010,533,134,325
1015,533,134,324
1020,533,134,323
1025,533,134,322
1030,533,134,321
1035,533,134,320
1040,533,134,319
1045,533,134,318
1045,533,130,324
1048,533,130,323
1051,533,130,322
1054,533,130,321
1057,533,130,320
1060,533,130,319
1063,533,130,318
1066,533,130,317
1069,533,130,316
1072,533,130,315
1075,533,130,314
1078,533,130,313
1081,533,130,312
1084,533,130,311
1087,533,130,310
1088,533,133,316
1091,533,133,316
1094,533,133,316
1097,533,133,316
1100,533,133,316
1103,533,133,316
1106,533,133,316
1109,533,133,316
1112,533,133,316
1115,533,133,316
1118,533,133,316
1121,533,133,316
1124,533,133,316
1127,533,133,316
1130,533,133,316
1134,540,139,309
1138,540,137,309
1142,540,135,309
1146,540,133,309
1150,540,131,309
1154,540,129,309
1158,540,127,309
1162,540,125,309
1166,540,123,309
1170,540,121,309
1174,540,119,309
1178,540,117,309
1182,540,115,309
1186,540,113,309
1190,540,111,309
1200,535,110,311
1202,535,110,310
1204,535,110,309
1206,535,110,308
1208,535,110,307
1210,535,110,306
1212,535,110,305
1214,535,110,304
1216,535,110,303
1218,535,110,302
1220,535,110,301
1222,535,110,300
1224,535,110,299
1226,535,110,298
1228,535,110,297
1237,542,117,292
1239,542,117,292
1241,542,117,292
1243,542,117,292
1245,542,117,292
1247,542,117,292
1249,542,117,292
1251,542,117,292
1253,542,117,292
1255,542,117,292
1257,542,117,292
1259,542,117,292
1261,542,117,292
1263,542,117,292
1265,542,117,292
1267,544,119,290
1270,544,118,290
1273,544,117,290
1276,544,116,290
1279,544,115,290
1282,544,114,290
1285,544,113,290
1288,544,112,290
1291,544,111,290
1294,544,110,290
1297,544,109,290
1300,544,108,290
1303,544,107,290
1306,544,106,290
1309,544,105,290
1313,540,100,284
1315,540,101,284
1317,540,102,284
1319,540,103,284
1321,540,104,284
1323,540,105,284
1325,540,106,284
1327,540,107,284
1329,540,108,284
1331,540,109,284
1333,540,110,284
1335,540,111,284
1337,540,112,284
1339,540,113,284
1341,540,114,284
1346,540,110,278
1348,540,109,278
1350,540,108,278
1352,540,107,278
1354,540,106,278
1356,540,105,278
1358,540,104,278
1360,540,103,278
1362,540,102,278
1364,540,101,278
1366,540,100,278
1368,540,99,278
1370,540,98,278
1372,540,97,278
1374,540,96,278
1383,539,99,275
1386,539,99,274
1389,539,99,273
1392,539,99,272
1395,539,99,271
1398,539,99,270
1401,539,99,269
1404,539,99,268
1407,539,99,267
1410,539,99,266
1413,539,99,265
1416,539,99,264
1419,539,99,263
1422,539,99,262
1425,539,99,261
1429,546,93,264
1432,546,93,264
1435,546,93,264
1438,546,93,264
1441,546,93,264
1444,546,93,264
1447,546,93,264
1450,546,93,264
1453,546,93,264
1456,546,93,264
1459,546,93,264
1462,546,93,264
1465,546,93,264
1468,546,93,264
1471,546,93,264
1468,542,97,262
1470,542,96,262
1472,542,95,262
1474,542,94,262
1476,542,93,262
1478,542,92,262
1480,542,91,262
1482,542,90,262
1484,542,89,262
1486,542,88,262
1488,542,87,262
1490,542,86,262
1492,542,85,262
1494,542,84,262
1496,542,83,262
1501,544,75,258
