232,624,90,227
234,624,89,227
236,624,88,227
238,624,87,227
240,624,86,227
242,624,85,227
244,624,84,227
246,624,83,227
248,624,82,227
250,624,81,227
252,624,80,227
254,624,79,227
256,624,78,227
258,624,77,227
260,624,76,227
266,627,70,229
269,627,71,229
272,627,72,229
275,627,73,229
278,627,74,229
281,627,75,229
284,627,76,229
287,627,77,229
290,627,78,229
293,627,79,229
296,627,80,229
299,627,81,229
302,627,82,229
305,627,83,229
308,627,84,229
307,632,81,231
309,632,82,231
311,632,83,231
313,632,84,231
315,632,85,231
317,632,86,231
319,632,87,231
321,632,88,231
323,632,89,231
325,632,90,231
327,632,91,231
329,632,92,231
331,632,93,231
333,632,94,231
335,632,95,231
339,637,99,229
342,637,96,229
345,637,93,229
348,637,90,229
351,637,87,229
354,637,84,229
357,637,81,229
360,637,78,229
363,637,75,229
366,637,72,229
369,637,69,229
372,637,66,229
375,637,63,229
378,637,60,229
381,637,57,229
389,641,60,230
391,641,62,230
393,641,64,230
395,641,66,230
397,641,68,230
399,641,70,230
401,641,72,230
403,641,74,230
405,641,76,230
407,641,78,230
409,641,80,230
411,641,82,230
413,641,84,230
415,641,86,230
417,641,88,230
416,642,85,233
419,642,86,233
422,642,87,233
425,642,88,233
428,642,89,233
431,642,90,233
434,642,91,233
437,642,92,233
440,642,93,233
443,642,94,233
446,642,95,233
449,642,96,233
452,642,97,233
455,642,98,233
458,642,99,233
460,641,96,234
463,641,94,234
466,641,92,234
469,641,90,234
472,641,88,234
475,641,86,234
478,641,84,234
481,641,82,234
484,641,80,234
487,641,78,234
490,641,76,234
493,641,74,234
496,641,72,234
499,641,70,234
502,641,68,234
503,646,62,231
505,646,64,231
507,646,66,231
509,646,68,231
511,646,70,231
513,646,72,231
515,646,74,231
517,646,76,231
519,646,78,231
521,646,80,231
523,646,82,231
525,646,84,231
527,646,86,231
529,646,88,231
531,646,90,231
532,648,88,230
535,648,89,230
538,648,90,230
541,648,91,230
544,648,92,230
547,648,93,230
550,648,94,230
553,648,95,230
556,648,96,230
559,648,97,230
562,648,98,230
565,648,99,230
568,648,100,230
571,648,101,230
574,648,102,230
582,649,101,234
586,649,99,234
590,649,97,234
594,649,95,234
598,649,93,234
602,649,91,234
606,649,89,234
610,649,87,234
614,649,85,234
618,649,83,234
622,649,81,234
626,649,79,234
630,649,77,234
634,649,75,234
638,649,73,234
637,648,64,239
639,648,64,238
641,648,64,237
643,648,64,236
645,648,64,235
647,648,64,234
649,648,64,233
651,648,64,232
653,648,64,231
655,648,64,230
657,648,64,229
659,648,64,228
661,648,64,227
663,648,64,226
665,648,64,225
673,654,65,224
675,654,67,225
677,654,69,226
679,654,71,227
681,654,73,228
683,654,75,229
685,654,77,230
687,654,79,231
689,654,81,232
691,654,83,233
693,654,85,234
695,654,87,235
697,654,89,236
699,654,91,237
701,654,93,238
707,658,101,241
711,658,100,241
715,658,99,241
719,658,98,241
723,658,97,241
727,658,96,241
731,658,95,241
735,658,94,241
739,658,93,241
743,658,92,241
747,658,91,241
751,658,90,241
755,658,89,241
759,658,88,241
763,658,87,241
766,661,88,234
769,661,87,235
772,661,86,236
775,661,85,237
778,661,84,238
781,661,83,239
784,661,82,240
787,661,81,241
790,661,80,242
793,661,79,243
796,661,78,244
799,661,77,245
802,661,76,246
805,661,75,247
808,661,74,248
812,660,67,242
814,660,70,242
816,660,73,242
818,660,76,242
820,660,79,242
822,660,82,242
824,660,85,242
826,660,88,242
828,660,91,242
830,660,94,242
832,660,97,242
834,660,100,242
836,660,103,242
838,660,106,242
840,660,109,242
837,661,112,246
841,661,111,246
845,661,110,246
849,661,109,246
853,661,108,246
857,661,107,246
861,661,106,246
865,661,105,246
869,661,104,246
873,661,103,246
877,661,102,246
881,661,101,246
885,661,100,246
889,661,99,246
893,661,98,246
903,666,98,240
907,666,96,240
911,666,94,240
915,666,92,240
919,666,90,240
923,666,88,240
927,666,86,240
931,666,84,240
935,666,82,240
939,666,80,240
943,666,78,240
947,666,76,240
951,666,74,240
955,666,72,240
959,666,70,240
966,663,63,244
967,663,64,243
968,663,65,242
969,663,66,241
970,663,67,240
971,663,68,239
972,663,69,238
973,663,70,237
974,663,71,236
975,663,72,235
976,663,73,234
977,663,74,233
978,663,75,232
979,663,76,231
980,663,77,230
984,663,85,236
987,663,85,236
990,663,85,236
993,663,85,236
996,663,85,236
999,663,85,236
1002,663,85,236
1005,663,85,236
1008,663,85,236
1011,663,85,236
1014,663,85,236
1017,663,85,236
1020,663,85,236
1023,663,85,236
1026,663,85,236
1026,660,87,239
1029,660,86,238
1032,660,85,237
1035,660,84,236
1038,660,83,235
1041,660,82,234
1044,660,81,233
1047,660,80,232
1050,660,79,231
1053,660,78,230
1056,660,77,229
1059,660,76,228
1062,660,75,227
1065,660,74,226
1068,660,73,225
1075,661,78,228
1077,661,78,227
1079,661,78,226
1081,661,78,225
1083,661,78,224
1085,661,78,223
1087,661,78,222
1089,661,78,221
1091,661,78,220
1093,661,78,219
1095,661,78,218
1097,661,78,217
1099,661,78,216
1101,661,78,215
1103,661,78,214
1103,661,85,219
1105,661,86,219
1107,661,87,219
1109,661,88,219
1111,661,89,219
1113,661,90,219
1115,661,91,219
1117,661,92,219
1119,661,93,219
1121,661,94,219
1123,661,95,219
1125,661,96,219
1127,661,97,219
1129,661,98,219
1131,661,99,219
1134,661,94,221
1137,661,93,221
1140,661,92,221
1143,661,91,221
1146,661,90,221
1149,661,89,221
1152,661,88,221
1155,661,87,221
1158,661,86,221
1161,661,85,221
1164,661,84,221
1167,661,83,221
1170,661,82,221
1173,661,81,221
1176,661,80,221
1180,658,80,217
1181,658,80,216
1182,658,80,215
1183,658,80,214
1184,658,80,213
1185,658,80,212
1186,658,80,211
1187,658,80,210
1188,658,80,209
1189,658,80,208
1190,658,80,207
1191,658,80,206
1192,658,80,205
1193,658,80,204
1194,658,80,203
1202,660,81,206
1204,660,81,206
1206,660,81,206
1208,660,81,206
1210,660,81,206
1212,660,81,206
1214,660,81,206
1216,660,81,206
1218,660,81,206
1220,660,81,206
1222,660,81,206
1224,660,81,206
1226,660,81,206
1228,660,81,206
1230,660,81,206
1228,654,80,209
1230,654,79,209
1232,654,78,209
1234,654,77,209
1236,654,76,209
1238,654,75,209
1240,654,74,209
1242,654,73,209
1244,654,72,209
1246,654,71,209
1248,654,70,209
1250,654,69,209
1252,654,68,209
1254,654,67,209
1256,654,66,209
1257,654,71,202
1259,654,71,202
1261,654,71,202
1263,654,71,202
1265,654,71,202
1267,654,71,202
1269,654,71,202
1271,654,71,202
1273,654,71,202
1275,654,71,202
1277,654,71,202
1279,654,71,202
1281,654,71,202
1283,654,71,202
1285,654,71,202
1282,649,76,198
1284,649,75,198
1286,649,74,198
1288,649,73,198
1290,649,72,198
1292,649,71,198
1294,649,70,198
1296,649,69,198
1298,649,68,198
1300,649,67,198
1302,649,66,198
1304,649,65,198
1306,649,64,198
1308,649,63,198
1310,649,62,198
1310,649,60,195
