0,354,115,335
3,354,114,335
6,354,113,335
9,354,112,335
12,354,111,335
15,354,110,335
18,354,109,335
21,354,108,335
24,354,107,335
27,354,106,335
30,354,105,335
33,354,104,335
36,354,103,335
39,354,102,335
42,354,101,335
42,355,103,342
45,356,104,342
48,357,105,342
51,358,106,342
54,359,107,342
57,360,108,342
60,361,109,342
63,362,110,342
66,363,111,342
69,364,112,342
72,365,113,342
75,366,114,342
78,367,115,342
81,368,116,342
84,369,117,342
86,365,124,344
91,365,125,344
96,365,126,344
101,365,127,344
106,365,128,344
111,365,129,344
116,365,130,344
121,365,131,344
126,365,132,344
131,365,133,344
136,365,134,344
141,365,135,344
146,365,136,344
151,365,137,344
156,365,138,344
160,365,139,347
165,365,136,347
170,365,133,347
175,365,130,347
180,365,127,347
185,365,124,347
190,365,121,347
195,365,118,347
200,365,115,347
205,365,112,347
210,365,109,347
215,365,106,347
220,365,103,347
225,365,100,347
230,365,97,347
235,367,100,350
237,367,102,350
239,367,104,350
241,367,106,350
243,367,108,350
245,367,110,350
247,367,112,350
249,367,114,350
251,367,116,350
253,367,118,350
255,367,120,350
257,367,122,350
259,367,124,350
261,367,126,350
263,367,128,350
270,368,130,346
275,368,130,346
280,368,130,346
285,368,130,346
290,368,130,346
295,368,130,346
300,368,130,346
305,368,130,346
310,368,130,346
315,368,130,346
320,368,130,346
325,368,130,346
330,368,130,346
335,368,130,346
340,368,130,346
342,368,135,344
347,367,134,344
352,366,133,344
357,365,132,344
362,364,131,344
367,363,130,344
372,362,129,344
377,361,128,344
382,360,127,344
387,359,126,344
392,358,125,344
397,357,124,344
402,356,123,344
407,355,122,344
412,354,121,344
423,360,123,344
426,360,122,343
429,360,121,342
432,360,120,341
435,360,119,340
438,360,118,339
441,360,117,338
444,360,116,337
447,360,115,336
450,360,114,335
453,360,113,334
456,360,112,333
459,360,111,332
462,360,110,331
465,360,109,330
465,360,110,331
469,360,110,331
473,360,110,331
477,360,110,331
481,360,110,331
485,360,110,331
489,360,110,331
493,360,110,331
497,360,110,331
501,360,110,331
505,360,110,331
509,360,110,331
513,360,110,331
517,360,110,331
521,360,110,331
518,360,110,332
522,360,110,331
526,360,110,330
530,360,110,329
534,360,110,328
538,360,110,327
542,360,110,326
546,360,110,325
550,360,110,324
554,360,110,323
558,360,110,322
562,360,110,321
566,360,110,320
570,360,110,319
574,360,110,318
571,355,113,319
574,355,113,319
577,355,113,319
580,355,113,319
583,355,113,319
586,355,113,319
589,355,113,319
592,355,113,319
595,355,113,319
598,355,113,319
601,355,113,319
604,355,113,319
607,355,113,319
610,355,113,319
613,355,113,319
622,357,108,314
624,357,108,313
626,357,108,312
628,357,108,311
630,357,108,310
632,357,108,309
634,357,108,308
636,357,108,307
638,357,108,306
640,357,108,305
642,357,108,304
644,357,108,303
646,357,108,302
648,357,108,301
650,357,108,300
652,360,113,306
655,360,112,306
658,360,111,306
661,360,110,306
664,360,109,306
667,360,108,306
670,360,107,306
673,360,106,306
676,360,105,306
679,360,104,306
682,360,103,306
685,360,102,306
688,360,101,306
691,360,100,306
694,360,99,306
696,355,96,310
697,355,97,309
698,355,98,308
699,355,99,307
700,355,100,306
701,355,101,305
702,355,102,304
703,355,103,303
704,355,104,302
705,355,105,301
706,355,106,300
707,355,107,299
708,355,108,298
709,355,109,297
710,355,110,296
710,350,113,297
711,350,112,296
712,350,111,295
713,350,110,294
714,350,109,293
715,350,108,292
716,350,107,291
717,350,106,290
718,350,105,289
719,350,104,288
720,350,103,287
721,350,102,286
722,350,101,285
723,350,100,284
724,350,99,283
724,350,103,287
725,350,102,287
726,350,101,287
727,350,100,287
728,350,99,287
729,350,98,287
730,350,97,287
731,350,96,287
732,350,95,287
733,350,94,287
734,350,93,287
735,350,92,287
736,350,91,287
737,350,90,287
738,350,89,287
733,345,94,280
733,344,94,280
733,343,94,280
733,342,94,280
733,341,94,280
733,340,94,280
733,339,94,280
733,338,94,280
733,337,94,280
733,336,94,280
733,335,94,280
733,334,94,280
733,333,94,280
733,332,94,280
733,331,94,280
736,336,101,275
737,336,101,274
738,336,101,273
739,336,101,272
740,336,101,271
741,336,101,270
742,336,101,269
743,336,101,268
744,336,101,267
745,336,101,266
746,336,101,265
747,336,101,264
748,336,101,263
749,336,101,262
750,336,101,261
754,334,101,267
756,334,99,267
758,334,97,267
760,334,95,267
762,334,93,267
764,334,91,267
766,334,89,267
768,334,87,267
770,334,85,267
772,334,83,267
774,334,81,267
776,334,79,267
778,334,77,267
780,334,75,267
782,334,73,267
791,334,78,260
792,334,80,259
793,334,82,258
794,334,84,257
795,334,86,256
796,334,88,255
797,334,90,254
798,334,92,253
799,334,94,252
800,334,96,251
801,334,98,250
802,334,100,249
803,334,102,248
804,334,104,247
805,334,106,246
807,334,104,252
810,334,103,252
813,334,102,252
816,334,101,252
819,334,100,252
822,334,99,252
825,334,98,252
828,334,97,252
831,334,96,252
834,334,95,252
837,334,94,252
840,334,93,252
843,334,92,252
846,334,91,252
849,334,90,252
849,334,82,245
851,334,84,245
853,334,86,245
855,334,88,245
857,334,90,245
859,334,92,245
861,334,94,245
863,334,96,245
865,334,98,245
867,334,100,245
869,334,102,245
871,334,104,245
873,334,106,245
875,334,108,245
877,334,110,245
877,341,113,245
882,341,111,245
887,341,109,245
892,341,107,245
897,341,105,245
902,341,103,245
907,341,101,245
912,341,99,245
917,341,97,245
922,341,95,245
927,341,93,245
932,341,91,245
937,341,89,245
942,341,87,245
947,341,85,245
949,345,85,239
951,345,85,240
953,345,85,241
955,345,85,242
957,345,85,243
959,345,85,244
961,345,85,245
963,345,85,246
965,345,85,247
967,345,85,248
969,345,85,249
971,345,85,250
973,345,85,251
975,345,85,252
977,345,85,253
975,347,87,249
978,347,88,249
981,347,89,249
984,347,90,249
987,347,91,249
990,347,92,249
993,347,93,249
996,347,94,249
999,347,95,249
1002,347,96,249
1005,347,97,249
1008,347,98,249
1011,347,99,249
1014,347,100,249
1017,347,101,249
1023,352,101,247
1027,352,100,247
1031,352,99,247
1035,352,98,247
1039,352,97,247
1043,352,96,247
1047,352,95,247
1051,352,94,247
1055,352,93,247
1059,352,92,247
1063,352,91,247
1067,352,90,247
1071,352,89,247
1075,352,88,247
1079,352,87,247
1083,357,80,245
1084,357,80,245
1085,357,80,245
1086,357,80,245
1087,357,80,245
1088,357,80,245
1089,357,80,245
1090,357,80,245
1091,357,80,245
1092,357,80,245
1093,357,80,245
1094,357,80,245
1095,357,80,245
1096,357,80,245
1097,357,80,245
1105,360,86,246
1108,360,87,246
1111,360,88,246
1114,360,89,246
1117,360,90,246
1120,360,91,246
1123,360,92,246
1126,360,93,246
1129,360,94,246
1132,360,95,246
1135,360,96,246
1138,360,97,246
1141,360,98,246
1144,360,99,246
1147,360,100,246
1149,365,102,244
1153,365,100,244
1157,365,98,244
1161,365,96,244
1165,365,94,244
1169,365,92,244
1173,365,90,244
1177,365,88,244
1181,365,86,244
1185,365,84,244
1189,365,82,244
1193,365,80,244
1197,365,78,244
1201,365,76,244
1205,365,74,244
1209,370,77,241
1210,370,78,241
1211,370,79,241
1212,370,80,241
1213,370,81,241
1214,370,82,241
1215,370,83,241
1216,370,84,241
1217,370,85,241
1218,370,86,241
1219,370,87,241
1220,370,88,241
1221,370,89,241
1222,370,90,241
1223,370,91,241
1223,372,89,243
