0,472,89,252
3,472,90,252
6,472,91,252
9,472,92,252
12,472,93,252
15,472,94,252
18,472,95,252
21,472,96,252
24,472,97,252
27,472,98,252
30,472,99,252
33,472,100,252
36,472,101,252
39,472,102,252
42,472,103,252
46,471,109,253
49,471,109,253
52,471,109,253
55,471,109,253
58,471,109,253
61,471,109,253
64,471,109,253
67,471,109,253
70,471,109,253
73,471,109,253
76,471,109,253
79,471,109,253
82,471,109,253
85,471,109,253
88,471,109,253
88,472,105,251
91,472,103,251
94,472,101,251
97,472,99,251
100,472,97,251
103,472,95,251
106,472,93,251
109,472,91,251
112,472,89,251
115,472,87,251
118,472,85,251
121,472,83,251
124,472,81,251
127,472,79,251
130,472,77,251
136,470,80,249
138,470,80,249
140,470,80,249
142,470,80,249
144,470,80,249
146,470,80,249
148,470,80,249
150,470,80,249
152,470,80,249
154,470,80,249
156,470,80,249
158,470,80,249
160,470,80,249
162,470,80,249
164,470,80,249
171,472,86,254
175,472,88,255
179,472,90,256
183,472,92,257
187,472,94,258
191,472,96,259
195,472,98,260
199,472,100,261
203,472,102,262
207,472,104,263
211,472,106,264
215,472,108,265
219,472,110,266
223,472,112,267
227,472,114,268
224,472,120,271
228,472,119,271
232,472,118,271
236,472,117,271
240,472,116,271
244,472,115,271
248,472,114,271
252,472,113,271
256,472,112,271
260,472,111,271
264,472,110,271
268,472,109,271
272,472,108,271
276,472,107,271
280,472,106,271
279,471,109,273
282,471,108,273
285,471,107,273
288,471,106,273
291,471,105,273
294,471,104,273
297,471,103,273
300,471,102,273
303,471,101,273
306,471,100,273
309,471,99,273
312,471,98,273
315,471,97,273
318,471,96,273
321,471,95,273
330,467,87,271
333,467,89,271
336,467,91,271
339,467,93,271
342,467,95,271
345,467,97,271
348,467,99,271
351,467,101,271
354,467,103,271
357,467,105,271
360,467,107,271
363,467,109,271
366,467,111,271
369,467,113,271
372,467,115,271
373,466,123,269
377,466,122,269
381,466,121,269
385,466,120,269
389,466,119,269
393,466,118,269
397,466,117,269
401,466,116,269
405,466,115,269
409,466,114,269
413,466,113,269
417,466,112,269
421,466,111,269
425,466,110,269
429,466,109,269
431,460,109,274
435,459,107,274
439,458,105,274
443,457,103,274
447,456,101,274
451,455,99,274
455,454,97,274
459,453,95,274
463,452,93,274
467,451,91,274
471,450,89,274
475,449,87,274
479,448,85,274
483,447,83,274
487,446,81,274
486,451,84,269
489,451,85,268
492,451,86,267
495,451,87,266
498,451,88,265
501,451,89,264
504,451,90,263
507,451,91,262
510,451,92,261
513,451,93,260
516,451,94,259
519,451,95,258
522,451,96,257
525,451,97,256
528,451,98,255
528,446,101,261
530,446,101,261
532,446,101,261
534,446,101,261
536,446,101,261
538,446,101,261
540,446,101,261
542,446,101,261
544,446,101,261
546,446,101,261
548,446,101,261
550,446,101,261
552,446,101,261
554,446,101,261
556,446,101,261
565,442,103,261
568,441,102,261
571,440,101,261
574,439,100,261
577,438,99,261
580,437,98,261
583,436,97,261
586,435,96,261
589,434,95,261
592,433,94,261
595,432,93,261
598,431,92,261
601,430,91,261
604,429,90,261
607,428,89,261
611,433,81,258
613,433,82,258
615,433,83,258
617,433,84,258
619,433,85,258
621,433,86,258
623,433,87,258
625,433,88,258
627,433,89,258
629,433,90,258
631,433,91,258
633,433,92,258
635,433,93,258
637,433,94,258
639,433,95,258
645,431,92,252
647,431,92,252
649,431,92,252
651,431,92,252
653,431,92,252
655,431,92,252
657,431,92,252
659,431,92,252
661,431,92,252
663,431,92,252
665,431,92,252
667,431,92,252
669,431,92,252
671,431,92,252
673,431,92,252
681,428,98,251
683,428,98,251
685,428,98,251
687,428,98,251
689,428,98,251
691,428,98,251
693,428,98,251
695,428,98,251
697,428,98,251
699,428,98,251
701,428,98,251
703,428,98,251
705,428,98,251
707,428,98,251
709,428,98,251
712,424,98,246
714,424,97,245
716,424,96,244
718,424,95,243
720,424,94,242
722,424,93,241
724,424,92,240
726,424,91,239
728,424,90,238
730,424,89,237
732,424,88,236
734,424,87,235
736,424,86,234
738,424,85,233
740,424,84,232
736,420,88,235
737,420,88,235
738,420,88,235
739,420,88,235
740,420,88,235
741,420,88,235
742,420,88,235
743,420,88,235
744,420,88,235
745,420,88,235
746,420,88,235
747,420,88,235
748,420,88,235
749,420,88,235
750,420,88,235
750,419,84,236
750,419,84,235
750,419,84,234
750,419,84,233
750,419,84,232
750,419,84,231
750,419,84,230
750,419,84,229
750,419,84,228
750,419,84,227
750,419,84,226
750,419,84,225
750,419,84,224
750,419,84,223
750,419,84,222
753,415,79,225
754,415,79,224
755,415,79,223
756,415,79,222
757,415,79,221
758,415,79,220
759,415,79,219
760,415,79,218
761,415,79,217
762,415,79,216
763,415,79,215
764,415,79,214
765,415,79,213
766,415,79,212
767,415,79,211
764,408,72,217
764,408,73,217
764,408,74,217
764,408,75,217
764,408,76,217
764,408,77,217
764,408,78,217
764,408,79,217
764,408,80,217
764,408,81,217
764,408,82,217
764,408,83,217
764,408,84,217
764,408,85,217
764,408,86,217
769,406,87,214
771,406,86,214
773,406,85,214
775,406,84,214
777,406,83,214
779,406,82,214
781,406,81,214
783,406,80,214
785,406,79,214
787,406,78,214
789,406,77,214
791,406,76,214
793,406,75,214
795,406,74,214
797,406,73,214
796,400,74,210
798,400,73,209
800,400,72,208
802,400,71,207
804,400,70,206
806,400,69,205
808,400,68,204
810,400,67,203
812,400,66,202
814,400,65,201
816,400,64,200
818,400,63,199
820,400,62,198
822,400,61,197
824,400,60,196
824,398,66,201
825,398,67,201
826,398,68,201
827,398,69,201
828,398,70,201
829,398,71,201
830,398,72,201
831,398,73,201
832,398,74,201
833,398,75,201
834,398,76,201
835,398,77,201
836,398,78,201
837,398,79,201
838,398,80,201
845,398,78,199
848,398,79,199
851,398,80,199
854,398,81,199
857,398,82,199
860,398,83,199
863,398,84,199
866,398,85,199
869,398,86,199
872,398,87,199
875,398,88,199
878,398,89,199
881,398,90,199
884,398,91,199
887,398,92,199
889,394,86,196
892,394,84,196
895,394,82,196
898,394,80,196
901,394,78,196
904,394,76,196
907,394,74,196
910,394,72,196
913,394,70,196
916,394,68,196
919,394,66,196
922,394,64,196
925,394,62,196
928,394,60,196
931,394,58,196
928,396,60,198
929,396,62,198
930,396,64,198
931,396,66,198
932,396,68,198
933,396,70,198
934,396,72,198
935,396,74,198
936,396,76,198
937,396,78,198
938,396,80,198
939,396,82,198
940,396,84,198
941,396,86,198
942,396,88,198
950,393,88,198
953,393,88,198
956,393,88,198
959,393,88,198
962,393,88,198
965,393,88,198
968,393,88,198
971,393,88,198
974,393,88,198
977,393,88,198
980,393,88,198
983,393,88,198
986,393,88,198
989,393,88,198
992,393,88,198
1002,394,81,201
1004,394,80,201
1006,394,79,201
1008,394,78,201
1010,394,77,201
1012,394,76,201
1014,394,75,201
1016,394,74,201
1018,394,73,201
1020,394,72,201
1022,394,71,201
1024,394,70,201
1026,394,69,201
1028,394,68,201
1030,394,67,201
1030,393,64,201
1032,393,65,201
1034,393,66,201
1036,393,67,201
1038,393,68,201
1040,393,69,201
1042,393,70,201
1044,393,71,201
1046,393,72,201
1048,393,73,201
1050,393,74,201
1052,393,75,201
1054,393,76,201
1056,393,77,201
1058,393,78,201
1058,393,81,198
