1,495,71,225
4,495,72,225
7,495,73,225
10,495,74,225
13,495,75,225
16,495,76,225
19,495,77,225
22,495,78,225
25,495,79,225
28,495,80,225
31,495,81,225
34,495,82,225
37,495,83,225
40,495,84,225
43,495,85,225
40,502,86,226
43,502,87,226
46,502,88,226
49,502,89,226
52,502,90,226
55,502,91,226
58,502,92,226
61,502,93,226
64,502,94,226
67,502,95,226
70,502,96,226
73,502,97,226
76,502,98,226
79,502,99,226
82,502,100,226
83,505,96,225
86,505,95,226
89,505,94,227
92,505,93,228
95,505,92,229
98,505,91,230
101,505,90,231
104,505,89,232
107,505,88,233
110,505,87,234
113,505,86,235
116,505,85,236
119,505,84,237
122,505,83,238
125,505,82,239
121,499,83,237
124,500,82,236
127,501,81,235
130,502,80,234
133,503,79,233
136,504,78,232
139,505,77,231
142,506,76,230
145,507,75,229
148,508,74,228
151,509,73,227
154,510,72,226
157,511,71,225
160,512,70,224
163,513,69,223
163,508,73,229
166,508,74,229
169,508,75,229
172,508,76,229
175,508,77,229
178,508,78,229
181,508,79,229
184,508,80,229
187,508,81,229
190,508,82,229
193,508,83,229
196,508,84,229
199,508,85,229
202,508,86,229
205,508,87,229
208,511,89,231
211,511,89,232
214,511,89,233
217,511,89,234
220,511,89,235
223,511,89,236
226,511,89,237
229,511,89,238
232,511,89,239
235,511,89,240
238,511,89,241
241,511,89,242
244,511,89,243
247,511,89,244
250,511,89,245
255,514,92,241
258,514,92,241
261,514,92,241
264,514,92,241
267,514,92,241
270,514,92,241
273,514,92,241
276,514,92,241
279,514,92,241
282,514,92,241
285,514,92,241
288,514,92,241
291,514,92,241
294,514,92,241
297,514,92,241
303,516,85,237
306,516,85,238
309,516,85,239
312,516,85,240
315,516,85,241
318,516,85,242
321,516,85,243
324,516,85,244
327,516,85,245
330,516,85,246
333,516,85,247
336,516,85,248
339,516,85,249
342,516,85,250
345,516,85,251
346,521,78,246
348,521,79,246
350,521,80,246
352,521,81,246
354,521,82,246
356,521,83,246
358,521,84,246
360,521,85,246
362,521,86,246
364,521,87,246
366,521,88,246
368,521,89,246
370,521,90,246
372,521,91,246
374,521,92,246
380,528,96,244
384,528,97,244
388,528,98,244
392,528,99,244
396,528,100,244
400,528,101,244
404,528,102,244
408,528,103,244
412,528,104,244
416,528,105,244
420,528,106,244
424,528,107,244
428,528,108,244
432,528,109,244
436,528,110,244
435,528,104,244
439,528,104,244
443,528,104,244
447,528,104,244
451,528,104,244
455,528,104,244
459,528,104,244
463,528,104,244
467,528,104,244
471,528,104,244
475,528,104,244
479,528,104,244
483,528,104,244
487,528,104,244
491,528,104,244
497,525,101,245
501,525,99,245
505,525,97,245
509,525,95,245
513,525,93,245
517,525,91,245
521,525,89,245
525,525,87,245
529,525,85,245
533,525,83,245
537,525,81,245
541,525,79,245
545,525,77,245
549,525,75,245
553,525,73,245
553,525,66,245
555,525,67,245
557,525,68,245
559,525,69,245
561,525,70,245
563,525,71,245
565,525,72,245
567,525,73,245
569,525,74,245
571,525,75,245
573,525,76,245
575,525,77,245
577,525,78,245
579,525,79,245
581,525,80,245
587,525,82,244
590,525,82,243
593,525,82,242
596,525,82,241
599,525,82,240
602,525,82,239
605,525,82,238
608,525,82,237
611,525,82,236
614,525,82,235
617,525,82,234
620,525,82,233
623,525,82,232
626,525,82,231
629,525,82,230
638,527,86,232
640,527,86,232
642,527,86,232
644,527,86,232
646,527,86,232
648,527,86,232
650,527,86,232
652,527,86,232
654,527,86,232
656,527,86,232
658,527,86,232
660,527,86,232
662,527,86,232
664,527,86,232
666,527,86,232
675,521,93,232
678,521,91,232
681,521,89,232
684,521,87,232
687,521,85,232
690,521,83,232
693,521,81,232
696,521,79,232
699,521,77,232
702,521,75,232
705,521,73,232
708,521,71,232
711,521,69,232
714,521,67,232
717,521,65,232
718,516,67,228
720,516,68,227
722,516,69,226
724,516,70,225
726,516,71,224
728,516,72,223
730,516,73,222
732,516,74,221
734,516,75,220
736,516,76,219
738,516,77,218
740,516,78,217
742,516,79,216
744,516,80,215
746,516,81,214
743,517,78,220
746,517,78,220
749,517,78,220
752,517,78,220
755,517,78,220
758,517,78,220
761,517,78,220
764,517,78,220
767,517,78,220
770,517,78,220
773,517,78,220
776,517,78,220
779,517,78,220
782,517,78,220
785,517,78,220
785,516,81,220
787,516,80,220
789,516,79,220
791,516,78,220
793,516,77,220
795,516,76,220
797,516,75,220
799,516,74,220
801,516,73,220
803,516,72,220
805,516,71,220
807,516,70,220
809,516,69,220
811,516,68,220
813,516,67,220
815,513,73,220
815,513,74,219
815,513,75,218
815,513,76,217
815,513,77,216
815,513,78,215
815,513,79,214
815,513,80,213
815,513,81,212
815,513,82,211
815,513,83,210
815,513,84,209
815,513,85,208
815,513,86,207
815,513,87,206
822,514,86,206
823,514,85,206
824,514,84,206
825,514,83,206
826,514,82,206
827,514,81,206
828,514,80,206
829,514,79,206
830,514,78,206
831,514,77,206
832,514,76,206
833,514,75,206
834,514,74,206
835,514,73,206
836,514,72,206
834,508,76,203
834,508,76,203
834,508,76,203
834,508,76,203
834,508,76,203
834,508,76,203
834,508,76,203
834,508,76,203
834,508,76,203
834,508,76,203
834,508,76,203
834,508,76,203
834,508,76,203
834,508,76,203
834,508,76,203
839,508,69,200
839,508,69,200
839,508,69,200
839,508,69,200
839,508,69,200
839,508,69,200
839,508,69,200
839,508,69,200
839,508,69,200
839,508,69,200
839,508,69,200
839,508,69,200
839,508,69,200
839,508,69,200
839,508,69,200
845,502,68,193
846,502,68,192
847,502,68,191
848,502,68,190
849,502,68,189
850,502,68,188
851,502,68,187
852,502,68,186
853,502,68,185
854,502,68,184
855,502,68,183
856,502,68,182
857,502,68,181
858,502,68,180
859,502,68,179
864,499,61,185
865,499,61,185
866,499,61,185
867,499,61,185
868,499,61,185
869,499,61,185
870,499,61,185
871,499,61,185
872,499,61,185
873,499,61,185
874,499,61,185
875,499,61,185
876,499,61,185
877,499,61,185
878,499,61,185
880,497,58,181
881,497,59,181
882,497,60,181
883,497,61,181
884,497,62,181
885,497,63,181
886,497,64,181
887,497,65,181
888,497,66,181
889,497,67,181
890,497,68,181
891,497,69,181
892,497,70,181
893,497,71,181
894,497,72,181
900,497,76,178
903,497,74,178
906,497,72,178
909,497,70,178
912,497,68,178
915,497,66,178
918,497,64,178
921,497,62,178
924,497,60,178
927,497,58,178
930,497,56,178
933,497,54,178
936,497,52,178
939,497,50,178
942,497,48,178
944,497,49,178
