408,423,85,229
410,423,85,229
412,423,85,229
414,423,85,229
416,423,85,229
418,423,85,229
420,423,85,229
422,423,85,229
424,423,85,229
426,423,85,229
428,423,85,229
430,423,85,229
432,423,85,229
434,423,85,229
436,423,85,229
434,424,79,225
436,424,79,226
438,424,79,227
440,424,79,228
442,424,79,229
444,424,79,230
446,424,79,231
448,424,79,232
450,424,79,233
452,424,79,234
454,424,79,235
456,424,79,236
458,424,79,237
460,424,79,238
462,424,79,239
466,419,85,233
468,419,86,234
470,419,87,235
472,419,88,236
474,419,89,237
476,419,90,238
478,419,91,239
480,419,92,240
482,419,93,241
484,419,94,242
486,419,95,243
488,419,96,244
490,419,97,245
492,419,98,246
494,419,99,247
492,416,96,248
494,416,95,248
496,416,94,248
498,416,93,248
500,416,92,248
502,416,91,248
504,416,90,248
506,416,89,248
508,416,88,248
510,416,87,248
512,416,86,248
514,416,85,248
516,416,84,248
518,416,83,248
520,416,82,248
522,423,77,242
523,424,78,243
524,425,79,244
525,426,80,245
526,427,81,246
527,428,82,247
528,429,83,248
529,430,84,249
530,431,85,250
531,432,86,251
532,433,87,252
533,434,88,253
534,435,89,254
535,436,90,255
536,437,91,256
533,431,98,250
534,431,97,251
535,431,96,252
536,431,95,253
537,431,94,254
538,431,93,255
539,431,92,256
540,431,91,257
541,431,90,258
542,431,89,259
543,431,88,260
544,431,87,261
545,431,86,262
546,431,85,263
547,431,84,264
555,426,79,263
557,427,80,263
559,428,81,263
561,429,82,263
563,430,83,263
565,431,84,263
567,432,85,263
569,433,86,263
571,434,87,263
573,435,88,263
575,436,89,263
577,437,90,263
579,438,91,263
581,439,92,263
583,440,93,263
587,436,90,265
588,436,92,265
589,436,94,265
590,436,96,265
591,436,98,265
592,436,100,265
593,436,102,265
594,436,104,265
595,436,106,265
596,436,108,265
597,436,110,265
598,436,112,265
599,436,114,265
600,436,116,265
601,436,118,265
604,441,118,260
606,441,116,261
608,441,114,262
610,441,112,263
612,441,110,264
614,441,108,265
616,441,106,266
618,441,104,267
620,441,102,268
622,441,100,269
624,441,98,270
626,441,96,271
628,441,94,272
630,441,92,273
632,441,90,274
639,441,88,268
641,441,89,268
643,441,90,268
645,441,91,268
647,441,92,268
649,441,93,268
651,441,94,268
653,441,95,268
655,441,96,268
657,441,97,268
659,441,98,268
661,441,99,268
663,441,100,268
665,441,101,268
667,441,102,268
676,445,101,271
678,445,100,272
680,445,99,273
682,445,98,274
684,445,97,275
686,445,96,276
688,445,95,277
690,445,94,278
692,445,93,279
694,445,92,280
696,445,91,281
698,445,90,282
700,445,89,283
702,445,88,284
704,445,87,285
711,441,92,279
714,441,92,278
717,441,92,277
720,441,92,276
723,441,92,275
726,441,92,274
729,441,92,273
732,441,92,272
735,441,92,271
738,441,92,270
741,441,92,269
744,441,92,268
747,441,92,267
750,441,92,266
753,441,92,265
760,443,92,268
763,443,91,268
766,443,90,268
769,443,89,268
772,443,88,268
775,443,87,268
778,443,86,268
781,443,85,268
784,443,84,268
787,443,83,268
790,443,82,268
793,443,81,268
796,443,80,268
799,443,79,268
802,443,78,268
802,436,80,275
803,436,82,274
804,436,84,273
805,436,86,272
806,436,88,271
807,436,90,270
808,436,92,269
809,436,94,268
810,436,96,267
811,436,98,266
812,436,100,265
813,436,102,264
814,436,104,263
815,436,106,262
816,436,108,261
821,438,111,263
824,438,109,263
827,438,107,263
830,438,105,263
833,438,103,263
836,438,101,263
839,438,99,263
842,438,97,263
845,438,95,263
848,438,93,263
851,438,91,263
854,438,89,263
857,438,87,263
860,438,85,263
863,438,83,263
873,436,79,263
875,436,79,263
877,436,79,263
879,436,79,263
881,436,79,263
883,436,79,263
885,436,79,263
887,436,79,263
889,436,79,263
891,436,79,263
893,436,79,263
895,436,79,263
897,436,79,263
899,436,79,263
901,436,79,263
901,434,81,259
903,434,83,259
905,434,85,259
907,434,87,259
909,434,89,259
911,434,91,259
913,434,93,259
915,434,95,259
917,434,97,259
919,434,99,259
921,434,101,259
923,434,103,259
925,434,105,259
927,434,107,259
929,434,109,259
927,434,107,255
930,434,105,255
933,434,103,255
936,434,101,255
939,434,99,255
942,434,97,255
945,434,95,255
948,434,93,255
951,434,91,255
954,434,89,255
957,434,87,255
960,434,85,255
963,434,83,255
966,434,81,255
969,434,79,255
972,431,79,255
974,431,79,255
976,431,79,255
978,431,79,255
980,431,79,255
982,431,79,255
984,431,79,255
986,431,79,255
988,431,79,255
990,431,79,255
992,431,79,255
994,431,79,255
996,431,79,255
998,431,79,255
1000,431,79,255
996,431,75,253
998,431,76,253
1000,431,77,253
1002,431,78,253
1004,431,79,253
1006,431,80,253
1008,431,81,253
1010,431,82,253
1012,431,83,253
1014,431,84,253
1016,431,85,253
1018,431,86,253
1020,431,87,253
1022,431,88,253
1024,431,89,253
1029,426,83,248
1031,426,83,247
1033,426,83,246
1035,426,83,245
1037,426,83,244
1039,426,83,243
1041,426,83,242
1043,426,83,241
1045,426,83,240
1047,426,83,239
1049,426,83,238
1051,426,83,237
1053,426,83,236
1055,426,83,235
1057,426,83,234
1052,429,88,240
1055,429,87,240
1058,429,86,240
1061,429,85,240
1064,429,84,240
1067,429,83,240
1070,429,82,240
1073,429,81,240
1076,429,80,240
1079,429,79,240
1082,429,78,240
1085,429,77,240
1088,429,76,240
1091,429,75,240
1094,429,74,240
1102,429,75,235
1103,429,76,235
1104,429,77,235
1105,429,78,235
1106,429,79,235
1107,429,80,235
1108,429,81,235
1109,429,82,235
1110,429,83,235
1111,429,84,235
1112,429,85,235
1113,429,86,235
1114,429,87,235
1115,429,88,235
1116,429,89,235
1120,426,87,241
1123,426,87,241
1126,426,87,241
1129,426,87,241
1132,426,87,241
1135,426,87,241
1138,426,87,241
1141,426,87,241
1144,426,87,241
1147,426,87,241
1150,426,87,241
1153,426,87,241
1156,426,87,241
1159,426,87,241
1162,426,87,241
1165,424,92,245
1166,424,91,245
1167,424,90,245
1168,424,89,245
1169,424,88,245
1170,424,87,245
1171,424,86,245
1172,424,85,245
1173,424,84,245
1174,424,83,245
1175,424,82,245
1176,424,81,245
1177,424,80,245
1178,424,79,245
1179,424,78,245
1178,429,83,238
1181,429,83,238
1184,429,83,238
1187,429,83,238
1190,429,83,238
1193,429,83,238
1196,429,83,238
1199,429,83,238
1202,429,83,238
1205,429,83,238
1208,429,83,238
1211,429,83,238
1214,429,83,238
1217,429,83,238
1220,429,83,238
1223,423,90,244
1225,423,88,244
1227,423,86,244
1229,423,84,244
1231,423,82,244
1233,423,80,244
1235,423,78,244
1237,423,76,244
1239,423,74,244
1241,423,72,244
1243,423,70,244
1245,423,68,244
1247,423,66,244
1249,423,64,244
1251,423,62,244
1258,423,64,246
1259,423,66,246
1260,423,68,246
1261,423,70,246
1262,423,72,246
1263,423,74,246
1264,423,76,246
1265,423,78,246
1266,423,80,246
1267,423,82,246
1268,423,84,246
1269,423,86,246
1270,423,88,246
1271,423,90,246
1272,423,92,246
1280,423,92,241
1283,423,89,241
1286,423,86,241
1289,423,83,241
1292,423,80,241
1295,423,77,241
1298,423,74,241
1301,423,71,241
1304,423,68,241
1307,423,65,241
1310,423,62,241
1313,423,59,241
1316,423,56,241
1319,423,53,241
1322,423,50,241
1330,424,50,238
1331,424,52,238
1332,424,54,238
1333,424,56,238
1334,424,58,238
1335,424,60,238
1336,424,62,238
1337,424,64,238
1338,424,66,238
1339,424,68,238
1340,424,70,238
1341,424,72,238
1342,424,74,238
1343,424,76,238
1344,424,78,238
1338,426,73,236
