152,295,93,304
154,295,92,303
156,295,91,302
158,295,90,301
160,295,89,300
162,295,88,299
164,295,87,298
166,295,86,297
168,295,85,296
170,295,84,295
172,295,83,294
174,295,82,293
176,295,81,292
178,295,80,291
180,295,79,290
184,302,85,296
187,302,87,296
190,302,89,296
193,302,91,296
196,302,93,296
199,302,95,296
202,302,97,296
205,302,99,296
208,302,101,296
211,302,103,296
214,302,105,296
217,302,107,296
220,302,109,296
223,302,111,296
226,302,113,296
231,306,112,295
234,306,110,296
237,306,108,297
240,306,106,298
243,306,104,299
246,306,102,300
249,306,100,301
252,306,98,302
255,306,96,303
258,306,94,304
261,306,92,305
264,306,90,306
267,306,88,307
270,306,86,308
273,306,84,309
272,302,78,313
274,303,78,312
276,304,78,311
278,305,78,310
280,306,78,309
282,307,78,308
284,308,78,307
286,309,78,306
288,310,78,305
290,311,78,304
292,312,78,303
294,313,78,302
296,314,78,301
298,315,78,300
300,316,78,299
306,315,82,305
307,315,84,306
308,315,86,307
309,315,88,308
310,315,90,309
311,315,92,310
312,315,94,311
313,315,96,312
314,315,98,313
315,315,100,314
316,315,102,315
317,315,104,316
318,315,106,317
319,315,108,318
320,315,110,319
325,318,116,313
327,318,114,314
329,318,112,315
331,318,110,316
333,318,108,317
335,318,106,318
337,318,104,319
339,318,102,320
341,318,100,321
343,318,98,322
345,318,96,323
347,318,94,324
349,318,92,325
351,318,90,326
353,318,88,327
353,325,93,325
355,326,93,326
357,327,93,327
359,328,93,328
361,329,93,329
363,330,93,330
365,331,93,331
367,332,93,332
369,333,93,333
371,334,93,334
373,335,93,335
375,336,93,336
377,337,93,337
379,338,93,338
381,339,93,339
387,334,97,339
389,334,98,339
391,334,99,339
393,334,100,339
395,334,101,339
397,334,102,339
399,334,103,339
401,334,104,339
403,334,105,339
405,334,106,339
407,334,107,339
409,334,108,339
411,334,109,339
413,334,110,339
415,334,111,339
421,341,108,337
423,342,109,337
425,343,110,337
427,344,111,337
429,345,112,337
431,346,113,337
433,347,114,337
435,348,115,337
437,349,116,337
439,350,117,337
441,351,118,337
443,352,119,337
445,353,120,337
447,354,121,337
449,355,122,337
451,350,123,342
455,350,123,342
459,350,123,342
463,350,123,342
467,350,123,342
471,350,123,342
475,350,123,342
479,350,123,342
483,350,123,342
487,350,123,342
491,350,123,342
495,350,123,342
499,350,123,342
503,350,123,342
507,350,123,342
513,351,117,348
515,351,117,348
517,351,117,348
519,351,117,348
521,351,117,348
523,351,117,348
525,351,117,348
527,351,117,348
529,351,117,348
531,351,117,348
533,351,117,348
535,351,117,348
537,351,117,348
539,351,117,348
541,351,117,348
543,355,116,351
547,355,116,350
551,355,116,349
555,355,116,348
559,355,116,347
563,355,116,346
567,355,116,345
571,355,116,344
575,355,116,343
579,355,116,342
583,355,116,341
587,355,116,340
591,355,116,339
595,355,116,338
599,355,116,337
603,360,116,341
607,360,113,341
611,360,110,341
615,360,107,341
619,360,104,341
623,360,101,341
627,360,98,341
631,360,95,341
635,360,92,341
639,360,89,341
643,360,86,341
647,360,83,341
651,360,80,341
655,360,77,341
659,360,74,341
667,355,73,348
668,355,77,347
669,355,81,346
670,355,85,345
671,355,89,344
672,355,93,343
673,355,97,342
674,355,101,341
675,355,105,340
676,355,109,339
677,355,113,338
678,355,117,337
679,355,121,336
680,355,125,335
681,355,129,334
684,358,135,336
688,358,132,336
692,358,129,336
696,358,126,336
700,358,123,336
704,358,120,336
708,358,117,336
712,358,114,336
716,358,111,336
720,358,108,336
724,358,105,336
728,358,102,336
732,358,99,336
736,358,96,336
740,358,93,336
748,364,87,330
750,364,88,330
752,364,89,330
754,364,90,330
756,364,91,330
758,364,92,330
760,364,93,330
762,364,94,330
764,364,95,330
766,364,96,330
768,364,97,330
770,364,98,330
772,364,99,330
774,364,100,330
776,364,101,330
780,360,97,330
783,360,99,329
786,360,101,328
789,360,103,327
792,360,105,326
795,360,107,325
798,360,109,324
801,360,111,323
804,360,113,322
807,360,115,321
810,360,117,320
813,360,119,319
816,360,121,318
819,360,123,317
822,360,125,316
818,364,127,319
821,364,126,319
824,364,125,319
827,364,124,319
830,364,123,319
833,364,122,319
836,364,121,319
839,364,120,319
842,364,119,319
845,364,118,319
848,364,117,319
851,364,116,319
854,364,115,319
857,364,114,319
860,364,113,319
859,362,114,323
862,362,113,323
865,362,112,323
868,362,111,323
871,362,110,323
874,362,109,323
877,362,108,323
880,362,107,323
883,362,106,323
886,362,105,323
889,362,104,323
892,362,103,323
895,362,102,323
898,362,101,323
901,362,100,323
904,365,93,318
907,365,93,318
910,365,93,318
913,365,93,318
916,365,93,318
919,365,93,318
922,365,93,318
925,365,93,318
928,365,93,318
931,365,93,318
934,365,93,318
937,365,93,318
940,365,93,318
943,365,93,318
946,365,93,318
944,365,93,317
945,366,94,316
946,367,95,315
947,368,96,314
948,369,97,313
949,370,98,312
950,371,99,311
951,372,100,310
952,373,101,309
953,374,102,308
954,375,103,307
955,376,104,306
956,377,105,305
957,378,106,304
958,379,107,303
957,374,114,299
961,374,112,299
965,374,110,299
969,374,108,299
973,374,106,299
977,374,104,299
981,374,102,299
985,374,100,299
989,374,98,299
993,374,96,299
997,374,94,299
1001,374,92,299
1005,374,90,299
1009,374,88,299
1013,374,86,299
1022,374,82,297
1023,374,84,297
1024,374,86,297
1025,374,88,297
1026,374,90,297
1027,374,92,297
1028,374,94,297
1029,374,96,297
1030,374,98,297
1031,374,100,297
1032,374,102,297
1033,374,104,297
1034,374,106,297
1035,374,108,297
1036,374,110,297
1030,376,116,302
1035,376,116,302
1040,376,116,302
1045,376,116,302
1050,376,116,302
1055,376,116,302
1060,376,116,302
1065,376,116,302
1070,376,116,302
1075,376,116,302
1080,376,116,302
1085,376,116,302
1090,376,116,302
1095,376,116,302
1100,376,116,302
1100,381,113,306
1101,381,113,305
1102,381,113,304
1103,381,113,303
1104,381,113,302
1105,381,113,301
1106,381,113,300
1107,381,113,299
1108,381,113,298
1109,381,113,297
1110,381,113,296
1111,381,113,295
1112,381,113,294
1113,381,113,293
1114,381,113,292
1109,385,114,298
1113,385,113,298
1117,385,112,298
1121,385,111,298
1125,385,110,298
1129,385,109,298
1133,385,108,298
1137,385,107,298
1141,385,106,298
1145,385,105,298
1149,385,104,298
1153,385,103,298
1157,385,102,298
1161,385,101,298
1165,385,100,298
1169,388,106,295
1171,388,105,295
1173,388,104,295
1175,388,103,295
1177,388,102,295
1179,388,101,295
1181,388,100,295
1183,388,99,295
1185,388,98,295
1187,388,97,295
1189,388,96,295
1191,388,95,295
1193,388,94,295
1195,388,93,295
1197,388,92,295
1205,386,95,299
1207,387,96,299
1209,388,97,299
1211,389,98,299
1213,390,99,299
1215,391,100,299
1217,392,101,299
1219,393,102,299
1221,394,103,299
1223,395,104,299
1225,396,105,299
1227,397,106,299
1229,398,107,299
1231,399,108,299
1233,400,109,299
1239,397,115,293
1242,397,114,293
1245,397,113,293
1248,397,112,293
1251,397,111,293
1254,397,110,293
1257,397,109,293
1260,397,108,293
1263,397,107,293
1266,397,106,293
1269,397,105,293
1272,397,104,293
1275,397,103,293
1278,397,102,293
1281,397,101,293
1288,402,95,290
1289,402,96,290
1290,402,97,290
1291,402,98,290
1292,402,99,290
1293,402,100,290
1294,402,101,290
1295,402,102,290
1296,402,103,290
1297,402,104,290
1298,402,105,290
1299,402,106,290
1300,402,107,290
1301,402,108,290
1302,402,109,290
1308,400,107,289
