394,621,79,213
396,621,78,213
398,621,77,213
400,621,76,213
402,621,75,213
404,621,74,213
406,621,73,213
408,621,72,213
410,621,71,213
412,621,70,213
414,621,69,213
416,621,68,213
418,621,67,213
420,621,66,213
422,621,65,213
427,618,68,213
429,618,69,213
431,618,70,213
433,618,71,213
435,618,72,213
437,618,73,213
439,618,74,213
441,618,75,213
443,618,76,213
445,618,77,213
447,618,78,213
449,618,79,213
451,618,80,213
453,618,81,213
455,618,82,213
452,621,76,210
454,621,77,210
456,621,78,210
458,621,79,210
460,621,80,210
462,621,81,210
464,621,82,210
466,621,83,210
468,621,84,210
470,621,85,210
472,621,86,210
474,621,87,210
476,621,88,210
478,621,89,210
480,621,90,210
484,622,91,207
486,622,89,208
488,622,87,209
490,622,85,210
492,622,83,211
494,622,81,212
496,622,79,213
498,622,77,214
500,622,75,215
502,622,73,216
504,622,71,217
506,622,69,218
508,622,67,219
510,622,65,220
512,622,63,221
519,624,62,217
521,624,62,217
523,624,62,217
525,624,62,217
527,624,62,217
529,624,62,217
531,624,62,217
533,624,62,217
535,624,62,217
537,624,62,217
539,624,62,217
541,624,62,217
543,624,62,217
545,624,62,217
547,624,62,217
549,627,68,222
550,628,69,222
551,629,70,222
552,630,71,222
553,631,72,222
554,632,73,222
555,633,74,222
556,634,75,222
557,635,76,222
558,636,77,222
559,637,78,222
560,638,79,222
561,639,80,222
562,640,81,222
563,641,82,222
568,637,86,225
570,637,85,225
572,637,84,225
574,637,83,225
576,637,82,225
578,637,81,225
580,637,80,225
582,637,79,225
584,637,78,225
586,637,77,225
588,637,76,225
590,637,75,225
592,637,74,225
594,637,73,225
596,637,72,225
592,638,68,232
594,639,68,232
596,640,68,232
598,641,68,232
600,642,68,232
602,643,68,232
604,644,68,232
606,645,68,232
608,646,68,232
610,647,68,232
612,648,68,232
614,649,68,232
616,650,68,232
618,651,68,232
620,652,68,232
623,648,70,231
625,648,72,232
627,648,74,233
629,648,76,234
631,648,78,235
633,648,80,236
635,648,82,237
637,648,84,238
639,648,86,239
641,648,88,240
643,648,90,241
645,648,92,242
647,648,94,243
649,648,96,244
651,648,98,245
651,650,101,239
653,650,99,239
655,650,97,239
657,650,95,239
659,650,93,239
661,650,91,239
663,650,89,239
665,650,87,239
667,650,85,239
669,650,83,239
671,650,81,239
673,650,79,239
675,650,77,239
677,650,75,239
679,650,73,239
688,653,64,242
690,653,66,242
692,653,68,242
694,653,70,242
696,653,72,242
698,653,74,242
700,653,76,242
702,653,78,242
704,653,80,242
706,653,82,242
708,653,84,242
710,653,86,242
712,653,88,242
714,653,90,242
716,653,92,242
720,655,91,237
724,655,90,236
728,655,89,235
732,655,88,234
736,655,87,233
740,655,86,232
744,655,85,231
748,655,84,230
752,655,83,229
756,655,82,228
760,655,81,227
764,655,80,226
768,655,79,225
772,655,78,224
776,655,77,223
773,656,83,228
776,656,81,229
779,656,79,230
782,656,77,231
785,656,75,232
788,656,73,233
791,656,71,234
794,656,69,235
797,656,67,236
800,656,65,237
803,656,63,238
806,656,61,239
809,656,59,240
812,656,57,241
815,656,55,242
812,651,58,238
813,651,61,238
814,651,64,238
815,651,67,238
816,651,70,238
817,651,73,238
818,651,76,238
819,651,79,238
820,651,82,238
821,651,85,238
822,651,88,238
823,651,91,238
824,651,94,238
825,651,97,238
826,651,100,238
828,650,97,232
832,650,95,232
836,650,93,232
840,650,91,232
844,650,89,232
848,650,87,232
852,650,85,232
856,650,83,232
860,650,81,232
864,650,79,232
868,650,77,232
872,650,75,232
876,650,73,232
880,650,71,232
884,650,69,232
881,653,74,228
883,653,74,228
885,653,74,228
887,653,74,228
889,653,74,228
891,653,74,228
893,653,74,228
895,653,74,228
897,653,74,228
899,653,74,228
901,653,74,228
903,653,74,228
905,653,74,228
907,653,74,228
909,653,74,228
908,650,80,228
910,650,80,228
912,650,80,228
914,650,80,228
916,650,80,228
918,650,80,228
920,650,80,228
922,650,80,228
924,650,80,228
926,650,80,228
928,650,80,228
930,650,80,228
932,650,80,228
934,650,80,228
936,650,80,228
938,650,81,221
940,650,81,221
942,650,81,221
944,650,81,221
946,650,81,221
948,650,81,221
950,650,81,221
952,650,81,221
954,650,81,221
956,650,81,221
958,650,81,221
960,650,81,221
962,650,81,221
964,650,81,221
966,650,81,221
971,648,74,225
973,648,73,225
975,648,72,225
977,648,71,225
979,648,70,225
981,648,69,225
983,648,68,225
985,648,67,225
987,648,66,225
989,648,65,225
991,648,64,225
993,648,63,225
995,648,62,225
997,648,61,225
999,648,60,225
1007,646,64,219
1008,646,65,219
1009,646,66,219
1010,646,67,219
1011,646,68,219
1012,646,69,219
1013,646,70,219
1014,646,71,219
1015,646,72,219
1016,646,73,219
1017,646,74,219
1018,646,75,219
1019,646,76,219
1020,646,77,219
1021,646,78,219
1028,645,72,212
1031,645,72,212
1034,645,72,212
1037,645,72,212
1040,645,72,212
1043,645,72,212
1046,645,72,212
1049,645,72,212
1052,645,72,212
1055,645,72,212
1058,645,72,212
1061,645,72,212
1064,645,72,212
1067,645,72,212
1070,645,72,212
1070,648,71,207
1072,648,70,207
1074,648,69,207
1076,648,68,207
1078,648,67,207
1080,648,66,207
1082,648,65,207
1084,648,64,207
1086,648,63,207
1088,648,62,207
1090,648,61,207
1092,648,60,207
1094,648,59,207
1096,648,58,207
1098,648,57,207
1107,643,58,212
1108,643,59,212
1109,643,60,212
1110,643,61,212
1111,643,62,212
1112,643,63,212
1113,643,64,212
1114,643,65,212
1115,643,66,212
1116,643,67,212
1117,643,68,212
1118,643,69,212
1119,643,70,212
1120,643,71,212
1121,643,72,212
1125,646,79,206
1128,646,77,206
1131,646,75,206
1134,646,73,206
1137,646,71,206
1140,646,69,206
1143,646,67,206
1146,646,65,206
1149,646,63,206
1152,646,61,206
1155,646,59,206
1158,646,57,206
1161,646,55,206
1164,646,53,206
1167,646,51,206
1172,648,48,204
1173,648,49,204
1174,648,50,204
1175,648,51,204
1176,648,52,204
1177,648,53,204
1178,648,54,204
1179,648,55,204
1180,648,56,204
1181,648,57,204
1182,648,58,204
1183,648,59,204
1184,648,60,204
1185,648,61,204
1186,648,62,204
1182,643,69,209
1185,643,69,209
1188,643,69,209
1191,643,69,209
1194,643,69,209
1197,643,69,209
1200,643,69,209
1203,643,69,209
1206,643,69,209
1209,643,69,209
1212,643,69,209
1215,643,69,209
1218,643,69,209
1221,643,69,209
1224,643,69,209
1225,645,75,208
