280,462,59,200
282,462,60,200
284,462,61,200
286,462,62,200
288,462,63,200
290,462,64,200
292,462,65,200
294,462,66,200
296,462,67,200
298,462,68,200
300,462,69,200
302,462,70,200
304,462,71,200
306,462,72,200
308,462,73,200
312,466,69,200
315,466,68,200
318,466,67,200
321,466,66,200
324,466,65,200
327,466,64,200
330,466,63,200
333,466,62,200
336,466,61,200
339,466,60,200
342,466,59,200
345,466,58,200
348,466,57,200
351,466,56,200
354,466,55,200
355,472,61,206
358,472,62,206
361,472,63,206
364,472,64,206
367,472,65,206
370,472,66,206
373,472,67,206
376,472,68,206
379,472,69,206
382,472,70,206
385,472,71,206
388,472,72,206
391,472,73,206
394,472,74,206
397,472,75,206
394,471,76,209
397,471,76,209
400,471,76,209
403,471,76,209
406,471,76,209
409,471,76,209
412,471,76,209
415,471,76,209
418,471,76,209
421,471,76,209
424,471,76,209
427,471,76,209
430,471,76,209
433,471,76,209
436,471,76,209
435,472,78,216
438,473,79,216
441,474,80,216
444,475,81,216
447,476,82,216
450,477,83,216
453,478,84,216
456,479,85,216
459,480,86,216
462,481,87,216
465,482,88,216
468,483,89,216
471,484,90,216
474,485,91,216
477,486,92,216
482,481,87,209
485,481,87,210
488,481,87,211
491,481,87,212
494,481,87,213
497,481,87,214
500,481,87,215
503,481,87,216
506,481,87,217
509,481,87,218
512,481,87,219
515,481,87,220
518,481,87,221
521,481,87,222
524,481,87,223
527,480,84,217
531,480,84,217
535,480,84,217
539,480,84,217
543,480,84,217
547,480,84,217
551,480,84,217
555,480,84,217
559,480,84,217
563,480,84,217
567,480,84,217
571,480,84,217
575,480,84,217
579,480,84,217
583,480,84,217
582,480,88,217
585,480,88,217
588,480,88,217
591,480,88,217
594,480,88,217
597,480,88,217
600,480,88,217
603,480,88,217
606,480,88,217
609,480,88,217
612,480,88,217
615,480,88,217
618,480,88,217
621,480,88,217
624,480,88,217
630,481,85,219
633,481,85,219
636,481,85,219
639,481,85,219
642,481,85,219
645,481,85,219
648,481,85,219
651,481,85,219
654,481,85,219
657,481,85,219
660,481,85,219
663,481,85,219
666,481,85,219
669,481,85,219
672,481,85,219
674,484,91,221
677,484,90,222
680,484,89,223
683,484,88,224
686,484,87,225
689,484,86,226
692,484,85,227
695,484,84,228
698,484,83,229
701,484,82,230
704,484,81,231
707,484,80,232
710,484,79,233
713,484,78,234
716,484,77,235
718,483,72,229
721,483,72,229
724,483,72,229
727,483,72,229
730,483,72,229
733,483,72,229
736,483,72,229
739,483,72,229
742,483,72,229
745,483,72,229
748,483,72,229
751,483,72,229
754,483,72,229
757,483,72,229
760,483,72,229
761,487,72,231
764,487,73,231
767,487,74,231
770,487,75,231
773,487,76,231
776,487,77,231
779,487,78,231
782,487,79,231
785,487,80,231
788,487,81,231
791,487,82,231
794,487,83,231
797,487,84,231
800,487,85,231
803,487,86,231
808,484,82,231
811,484,83,231
814,484,84,231
817,484,85,231
820,484,86,231
823,484,87,231
826,484,88,231
829,484,89,231
832,484,90,231
835,484,91,231
838,484,92,231
841,484,93,231
844,484,94,231
847,484,95,231
850,484,96,231
853,486,103,232
856,486,102,232
859,486,101,232
862,486,100,232
865,486,99,232
868,486,98,232
871,486,97,232
874,486,96,232
877,486,95,232
880,486,94,232
883,486,93,232
886,486,92,232
889,486,91,232
892,486,90,232
895,486,89,232
900,487,89,232
903,487,88,232
906,487,87,232
909,487,86,232
912,487,85,232
915,487,84,232
918,487,83,232
921,487,82,232
924,487,81,232
927,487,80,232
930,487,79,232
933,487,78,232
936,487,77,232
939,487,76,232
942,487,75,232
949,484,72,229
952,484,72,229
955,484,72,229
958,484,72,229
961,484,72,229
964,484,72,229
967,484,72,229
970,484,72,229
973,484,72,229
976,484,72,229
979,484,72,229
982,484,72,229
985,484,72,229
988,484,72,229
991,484,72,229
999,491,66,227
1001,491,67,227
1003,491,68,227
1005,491,69,227
1007,491,70,227
1009,491,71,227
1011,491,72,227
1013,491,73,227
1015,491,74,227
1017,491,75,227
1019,491,76,227
1021,491,77,227
1023,491,78,227
1025,491,79,227
1027,491,80,227
1033,494,88,227
1036,494,88,227
1039,494,88,227
1042,494,88,227
1045,494,88,227
1048,494,88,227
1051,494,88,227
1054,494,88,227
1057,494,88,227
1060,494,88,227
1063,494,88,227
1066,494,88,227
1069,494,88,227
1072,494,88,227
1075,494,88,227
1080,494,85,234
1083,494,85,234
1086,494,85,234
1089,494,85,234
1092,494,85,234
1095,494,85,234
1098,494,85,234
1101,494,85,234
1104,494,85,234
1107,494,85,234
1110,494,85,234
1113,494,85,234
1116,494,85,234
1119,494,85,234
1122,494,85,234
1131,500,87,227
1134,500,86,228
1137,500,85,229
1140,500,84,230
1143,500,83,231
1146,500,82,232
1149,500,81,233
1152,500,80,234
1155,500,79,235
1158,500,78,236
1161,500,77,237
1164,500,76,238
1167,500,75,239
1170,500,74,240
1173,500,73,241
1180,499,72,241
1183,499,72,241
1186,499,72,241
1189,499,72,241
1192,499,72,241
1195,499,72,241
1198,499,72,241
1201,499,72,241
1204,499,72,241
1207,499,72,241
1210,499,72,241
1213,499,72,241
1216,499,72,241
1219,499,72,241
1222,499,72,241
1231,506,73,238
1233,506,74,238
1235,506,75,238
1237,506,76,238
1239,506,77,238
1241,506,78,238
1243,506,79,238
1245,506,80,238
1247,506,81,238
1249,506,82,238
1251,506,83,238
1253,506,84,238
1255,506,85,238
1257,506,86,238
1259,506,87,238
1255,505,94,244
1259,505,94,244
1263,505,94,244
1267,505,94,244
1271,505,94,244
1275,505,94,244
1279,505,94,244
1283,505,94,244
1287,505,94,244
1291,505,94,244
1295,505,94,244
1299,505,94,244
1303,505,94,244
1307,505,94,244
1311,505,94,244
1309,509,101,250
