257,591,80,198
259,591,79,199
261,591,78,200
263,591,77,201
265,591,76,202
267,591,75,203
269,591,74,204
271,591,73,205
273,591,72,206
275,591,71,207
277,591,70,208
279,591,69,209
281,591,68,210
283,591,67,211
285,591,66,212
292,594,61,209
294,595,61,209
296,596,61,209
298,597,61,209
300,598,61,209
302,599,61,209
304,600,61,209
306,601,61,209
308,602,61,209
310,603,61,209
312,604,61,209
314,605,61,209
316,606,61,209
318,607,61,209
320,608,61,209
328,603,64,203
330,603,65,203
332,603,66,203
334,603,67,203
336,603,68,203
338,603,69,203
340,603,70,203
342,603,71,203
344,603,72,203
346,603,73,203
348,603,74,203
350,603,75,203
352,603,76,203
354,603,77,203
356,603,78,203
357,603,75,203
360,603,75,203
363,603,75,203
366,603,75,203
369,603,75,203
372,603,75,203
375,603,75,203
378,603,75,203
381,603,75,203
384,603,75,203
387,603,75,203
390,603,75,203
393,603,75,203
396,603,75,203
399,603,75,203
400,607,80,209
403,607,81,209
406,607,82,209
409,607,83,209
412,607,84,209
415,607,85,209
418,607,86,209
421,607,87,209
424,607,88,209
427,607,89,209
430,607,90,209
433,607,91,209
436,607,92,209
439,607,93,209
442,607,94,209
441,611,89,206
444,611,87,207
447,611,85,208
450,611,83,209
453,611,81,210
456,611,79,211
459,611,77,212
462,611,75,213
465,611,73,214
468,611,71,215
471,611,69,216
474,611,67,217
477,611,65,218
480,611,63,219
483,611,61,220
479,614,58,216
482,614,58,216
485,614,58,216
488,614,58,216
491,614,58,216
494,614,58,216
497,614,58,216
500,614,58,216
503,614,58,216
506,614,58,216
509,614,58,216
512,614,58,216
515,614,58,216
518,614,58,216
521,614,58,216
524,619,63,209
527,619,64,209
530,619,65,209
533,619,66,209
536,619,67,209
539,619,68,209
542,619,69,209
545,619,70,209
548,619,71,209
551,619,72,209
554,619,73,209
557,619,74,209
560,619,75,209
563,619,76,209
566,619,77,209
562,616,83,214
565,616,83,214
568,616,83,214
571,616,83,214
574,616,83,214
577,616,83,214
580,616,83,214
583,616,83,214
586,616,83,214
589,616,83,214
592,616,83,214
595,616,83,214
598,616,83,214
601,616,83,214
604,616,83,214
606,623,87,214
609,623,88,214
612,623,89,214
615,623,90,214
618,623,91,214
621,623,92,214
624,623,93,214
627,623,94,214
630,623,95,214
633,623,96,214
636,623,97,214
639,623,98,214
642,623,99,214
645,623,100,214
648,623,101,214
650,625,97,212
652,625,96,212
654,625,95,212
656,625,94,212
658,625,93,212
660,625,92,212
662,625,91,212
664,625,90,212
666,625,89,212
668,625,88,212
670,625,87,212
672,625,86,212
674,625,85,212
676,625,84,212
678,625,83,212
687,628,75,216
689,628,76,216
691,628,77,216
693,628,78,216
695,628,79,216
697,628,80,216
699,628,81,216
701,628,82,216
703,628,83,216
705,628,84,216
707,628,85,216
709,628,86,216
711,628,87,216
713,628,88,216
715,628,89,216
714,629,94,223
717,629,94,223
720,629,94,223
723,629,94,223
726,629,94,223
729,629,94,223
732,629,94,223
735,629,94,223
738,629,94,223
741,629,94,223
744,629,94,223
747,629,94,223
750,629,94,223
753,629,94,223
756,629,94,223
766,628,91,223
769,628,90,224
772,628,89,225
775,628,88,226
778,628,87,227
781,628,86,228
784,628,85,229
787,628,84,230
790,628,83,231
793,628,82,232
796,628,81,233
799,628,80,234
802,628,79,235
805,628,78,236
808,628,77,237
815,627,69,232
816,627,71,231
817,627,73,230
818,627,75,229
819,627,77,228
820,627,79,227
821,627,81,226
822,627,83,225
823,627,85,224
824,627,87,223
825,627,89,222
826,627,91,221
827,627,93,220
828,627,95,219
829,627,97,218
832,632,97,221
836,632,96,221
840,632,95,221
844,632,94,221
848,632,93,221
852,632,92,221
856,632,91,221
860,632,90,221
864,632,89,221
868,632,88,221
872,632,87,221
876,632,86,221
880,632,85,221
884,632,84,221
888,632,83,221
886,631,77,222
889,631,77,222
892,631,77,222
895,631,77,222
898,631,77,222
901,631,77,222
904,631,77,222
907,631,77,222
910,631,77,222
913,631,77,222
916,631,77,222
919,631,77,222
922,631,77,222
925,631,77,222
928,631,77,222
925,629,77,224
927,629,77,224
929,629,77,224
931,629,77,224
933,629,77,224
935,629,77,224
937,629,77,224
939,629,77,224
941,629,77,224
943,629,77,224
945,629,77,224
947,629,77,224
949,629,77,224
951,629,77,224
953,629,77,224
960,635,74,221
962,635,75,221
964,635,76,221
966,635,77,221
968,635,78,221
970,635,79,221
972,635,80,221
974,635,81,221
976,635,82,221
978,635,83,221
980,635,84,221
982,635,85,221
984,635,86,221
986,635,87,221
988,635,88,221
996,638,85,218
999,638,84,219
1002,638,83,220
1005,638,82,221
1008,638,81,222
1011,638,80,223
1014,638,79,224
1017,638,78,225
1020,638,77,226
1023,638,76,227
1026,638,75,228
1029,638,74,229
1032,638,73,230
1035,638,72,231
1038,638,71,232
1041,638,77,226
1044,638,77,225
1047,638,77,224
1050,638,77,223
1053,638,77,222
1056,638,77,221
1059,638,77,220
1062,638,77,219
1065,638,77,218
1068,638,77,217
1071,638,77,216
1074,638,77,215
1077,638,77,214
1080,638,77,213
1083,638,77,212
1080,642,79,217
1082,642,80,217
1084,642,81,217
1086,642,82,217
1088,642,83,217
1090,642,84,217
1092,642,85,217
1094,642,86,217
1096,642,87,217
1098,642,88,217
1100,642,89,217
1102,642,90,217
1104,642,91,217
1106,642,92,217
1108,642,93,217
1107,645,87,218
1110,645,87,219
1113,645,87,220
1116,645,87,221
1119,645,87,222
1122,645,87,223
1125,645,87,224
1128,645,87,225
1131,645,87,226
1134,645,87,227
1137,645,87,228
1140,645,87,229
1143,645,87,230
1146,645,87,231
1149,645,87,232
1153,646,87,227
1156,646,85,227
1159,646,83,227
1162,646,81,227
1165,646,79,227
1168,646,77,227
1171,646,75,227
1174,646,73,227
1177,646,71,227
1180,646,69,227
1183,646,67,227
1186,646,65,227
1189,646,63,227
1192,646,61,227
1195,646,59,227
1205,649,62,226
1206,649,64,226
1207,649,66,226
1208,649,68,226
1209,649,70,226
1210,649,72,226
1211,649,74,226
1212,649,76,226
1213,649,78,226
1214,649,80,226
1215,649,82,226
1216,649,84,226
1217,649,86,226
1218,649,88,226
1219,649,90,226
1220,652,94,225
