15,276,78,283
17,276,79,284
19,276,80,285
21,276,81,286
23,276,82,287
25,276,83,288
27,276,84,289
29,276,85,290
31,276,86,291
33,276,87,292
35,276,88,293
37,276,89,294
39,276,90,295
41,276,91,296
43,276,92,297
52,273,92,295
55,273,93,296
58,273,94,297
61,273,95,298
64,273,96,299
67,273,97,300
70,273,98,301
73,273,99,302
76,273,100,303
79,273,101,304
82,273,102,305
85,273,103,306
88,273,104,307
91,273,105,308
94,273,106,309
101,275,105,306
104,275,103,306
107,275,101,306
110,275,99,306
113,275,97,306
116,275,95,306
119,275,93,306
122,275,91,306
125,275,89,306
128,275,87,306
131,275,85,306
134,275,83,306
137,275,81,306
140,275,79,306
143,275,77,306
152,278,80,302
154,279,81,302
156,280,82,302
158,281,83,302
160,282,84,302
162,283,85,302
164,284,86,302
166,285,87,302
168,286,88,302
170,287,89,302
172,288,90,302
174,289,91,302
176,290,92,302
178,291,93,302
180,292,94,302
186,286,99,298
189,286,99,299
192,286,99,300
195,286,99,301
198,286,99,302
201,286,99,303
204,286,99,304
207,286,99,305
210,286,99,306
213,286,99,307
216,286,99,308
219,286,99,309
222,286,99,310
225,286,99,311
228,286,99,312
237,292,104,306
241,292,102,306
245,292,100,306
249,292,98,306
253,292,96,306
257,292,94,306
261,292,92,306
265,292,90,306
269,292,88,306
273,292,86,306
277,292,84,306
281,292,82,306
285,292,80,306
289,292,78,306
293,292,76,306
298,293,78,308
301,293,80,308
304,293,82,308
307,293,84,308
310,293,86,308
313,293,88,308
316,293,90,308
319,293,92,308
322,293,94,308
325,293,96,308
328,293,98,308
331,293,100,308
334,293,102,308
337,293,104,308
340,293,106,308
336,296,108,302
339,297,109,303
342,298,110,304
345,299,111,305
348,300,112,306
351,301,113,307
354,302,114,308
357,303,115,309
360,304,116,310
363,305,117,311
366,306,118,312
369,307,119,313
372,308,120,314
375,309,121,315
378,310,122,316
384,305,121,312
389,305,121,311
394,305,121,310
399,305,121,309
404,305,121,308
409,305,121,307
414,305,121,306
419,305,121,305
424,305,121,304
429,305,121,303
434,305,121,302
439,305,121,301
444,305,121,300
449,305,121,299
454,305,121,298
452,308,116,302
454,308,116,302
456,308,116,302
458,308,116,302
460,308,116,302
462,308,116,302
464,308,116,302
466,308,116,302
468,308,116,302
470,308,116,302
472,308,116,302
474,308,116,302
476,308,116,302
478,308,116,302
480,308,116,302
489,312,111,309
492,312,112,310
495,312,113,311
498,312,114,312
501,312,115,313
504,312,116,314
507,312,117,315
510,312,118,316
513,312,119,317
516,312,120,318
519,312,121,319
522,312,122,320
525,312,123,321
528,312,124,322
531,312,125,323
531,318,122,320
535,318,120,320
539,318,118,320
543,318,116,320
547,318,114,320
551,318,112,320
555,318,110,320
559,318,108,320
563,318,106,320
567,318,104,320
571,318,102,320
575,318,100,320
579,318,98,320
583,318,96,320
587,318,94,320
598,316,90,318
599,316,92,318
600,316,94,318
601,316,96,318
602,316,98,318
603,316,100,318
604,316,102,318
605,316,104,318
606,316,106,318
607,316,108,318
608,316,110,318
609,316,112,318
610,316,114,318
611,316,116,318
612,316,118,318
620,321,121,319
624,321,122,320
628,321,123,321
632,321,124,322
636,321,125,323
640,321,126,324
644,321,127,325
648,321,128,326
652,321,129,327
656,321,130,328
660,321,131,329
664,321,132,330
668,321,133,331
672,321,134,332
676,321,135,333
682,321,132,329
685,321,130,329
688,321,128,329
691,321,126,329
694,321,124,329
697,321,122,329
700,321,120,329
703,321,118,329
706,321,116,329
709,321,114,329
712,321,112,329
715,321,110,329
718,321,108,329
721,321,106,329
724,321,104,329
732,328,100,326
734,328,101,326
736,328,102,326
738,328,103,326
740,328,104,326
742,328,105,326
744,328,106,326
746,328,107,326
748,328,108,326
750,328,109,326
752,328,110,326
754,328,111,326
756,328,112,326
758,328,113,326
760,328,114,326
766,333,110,321
770,333,109,321
774,333,108,321
778,333,107,321
782,333,106,321
786,333,105,321
790,333,104,321
794,333,103,321
798,333,102,321
802,333,101,321
806,333,100,321
810,333,99,321
814,333,98,321
818,333,97,321
822,333,96,321
828,333,96,327
829,334,98,326
830,335,100,325
831,336,102,324
832,337,104,323
833,338,106,322
834,339,108,321
835,340,110,320
836,341,112,319
837,342,114,318
838,343,116,317
839,344,118,316
840,345,120,315
841,346,122,314
842,347,124,313
850,345,121,316
854,345,121,316
858,345,121,316
862,345,121,316
866,345,121,316
870,345,121,316
874,345,121,316
878,345,121,316
882,345,121,316
886,345,121,316
890,345,121,316
894,345,121,316
898,345,121,316
902,345,121,316
906,345,121,316
913,351,119,316
917,352,118,316
921,353,117,316
925,354,116,316
929,355,115,316
933,356,114,316
937,357,113,316
941,358,112,316
945,359,111,316
949,360,110,316
953,361,109,316
957,362,108,316
961,363,107,316
965,364,106,316
969,365,105,316
976,359,98,314
977,360,100,314
978,361,102,314
979,362,104,314
980,363,106,314
981,364,108,314
982,365,110,314
983,366,112,314
984,367,114,314
985,368,116,314
986,369,118,314
987,370,120,314
988,371,122,314
989,372,124,314
990,373,126,314
988,369,125,317
993,369,123,317
998,369,121,317
1003,369,119,317
1008,369,117,317
1013,369,115,317
1018,369,113,317
1023,369,111,317
1028,369,109,317
1033,369,107,317
1038,369,105,317
1043,369,103,317
1048,369,101,317
1053,369,99,317
1058,369,97,317
1065,376,100,312
1066,376,102,312
1067,376,104,312
1068,376,106,312
1069,376,108,312
1070,376,110,312
1071,376,112,312
1072,376,114,312
1073,376,116,312
1074,376,118,312
1075,376,120,312
1076,376,122,312
1077,376,124,312
1078,376,126,312
1079,376,128,312
1079,382,127,317
1083,382,126,318
1087,382,125,319
1091,382,124,320
1095,382,123,321
1099,382,122,322
1103,382,121,323
1107,382,120,324
1111,382,119,325
1115,382,118,326
1119,382,117,327
1123,382,116,328
1127,382,115,329
1131,382,114,330
1135,382,113,331
1141,386,115,335
1145,387,114,335
1149,388,113,335
1153,389,112,335
1157,390,111,335
1161,391,110,335
1165,392,109,335
1169,393,108,335
1173,394,107,335
1177,395,106,335
1181,396,105,335
1185,397,104,335
1189,398,103,335
1193,399,102,335
1197,400,101,335
1205,398,99,332
1206,399,101,332
1207,400,103,332
1208,401,105,332
1209,402,107,332
1210,403,109,332
1211,404,111,332
1212,405,113,332
1213,406,115,332
1214,407,117,332
1215,408,119,332
1216,409,121,332
1217,410,123,332
1218,411,125,332
1219,412,127,332
1220,412,130,328
1225,412,129,329
1230,412,128,330
1235,412,127,331
1240,412,126,332
1245,412,125,333
1250,412,124,334
1255,412,123,335
1260,412,122,336
1265,412,121,337
1270,412,120,338
1275,412,119,339
1280,412,118,340
1285,412,117,341
1290,412,116,342
1294,412,110,350
1296,413,112,350
1298,414,114,350
1300,415,116,350
1302,416,118,350
1304,417,120,350
1306,418,122,350
1308,419,124,350
1310,420,126,350
1312,421,128,350
1314,422,130,350
1316,423,132,350
1318,424,134,350
1320,425,136,350
1322,426,138,350
1320,424,137,345
1324,425,137,345
1328,426,137,345
1332,427,137,345
1336,428,137,345
1340,429,137,345
1344,430,137,345
1348,431,137,345
1352,432,137,345
1356,433,137,345
1360,434,137,345
1364,435,137,345
1368,436,137,345
1372,437,137,345
1376,438,137,345
1374,435,136,341
1380,435,134,342
1386,435,132,343
1392,435,130,344
1398,435,128,345
1404,435,126,346
1410,435,124,347
1416,435,122,348
1422,435,120,349
1428,435,118,350
1434,435,116,351
1440,435,114,352
1446,435,112,353
1452,435,110,354
1458,435,108,355
1458,440,104,352
