1362,516,47,127
1361,515,47,128
1360,514,47,129
1359,513,47,130
1358,512,47,131
1357,511,47,132
1356,510,47,133
1355,509,47,134
1354,508,47,135
1353,507,47,136
1352,506,47,137
1351,505,47,138
1350,504,47,139
1349,503,47,140
1348,502,47,141
1350,507,44,138
1349,507,45,138
1348,507,46,138
1347,507,47,138
1346,507,48,138
1345,507,49,138
1344,507,50,138
1343,507,51,138
1342,507,52,138
1341,507,53,138
1340,507,54,138
1339,507,55,138
1338,507,56,138
1337,507,57,138
1336,507,58,138
1333,511,58,132
1332,511,58,132
1331,511,58,132
1330,511,58,132
1329,511,58,132
1328,511,58,132
1327,511,58,132
1326,511,58,132
1325,511,58,132
1324,511,58,132
1323,511,58,132
1322,511,58,132
1321,511,58,132
1320,511,58,132
1319,511,58,132
1320,506,51,139
1319,506,51,139
1318,506,51,139
1317,506,51,139
1316,506,51,139
1315,506,51,139
1314,506,51,139
1313,506,51,139
1312,506,51,139
1311,506,51,139
1310,506,51,139
1309,506,51,139
1308,506,51,139
1307,506,51,139
1306,506,51,139
1300,510,51,139
1298,510,52,139
1296,510,53,139
1294,510,54,139
1292,510,55,139
1290,510,56,139
1288,510,57,139
1286,510,58,139
1284,510,59,139
1282,510,60,139
1280,510,61,139
1278,510,62,139
1276,510,63,139
1274,510,64,139
1272,510,65,139
1267,510,69,145
1266,510,68,145
1265,510,67,145
1264,510,66,145
1263,510,65,145
1262,510,64,145
1261,510,63,145
1260,510,62,145
1259,510,61,145
1258,510,60,145
1257,510,59,145
1256,510,58,145
1255,510,57,145
1254,510,56,145
1253,510,55,145
1256,506,54,150
1254,506,54,150
1252,506,54,150
1250,506,54,150
1248,506,54,150
1246,506,54,150
1244,506,54,150
1242,506,54,150
1240,506,54,150
1238,506,54,150
1236,506,54,150
1234,506,54,150
1232,506,54,150
1230,506,54,150
1228,506,54,150
1233,503,52,156
1231,503,53,156
1229,503,54,156
1227,503,55,156
1225,503,56,156
1223,503,57,156
1221,503,58,156
1219,503,59,156
1217,503,60,156
1215,503,61,156
1213,503,62,156
1211,503,63,156
1209,503,64,156
1207,503,65,156
1205,503,66,156
1203,510,67,158
1202,510,67,158
1201,510,67,158
1200,510,67,158
1199,510,67,158
1198,510,67,158
1197,510,67,158
1196,510,67,158
1195,510,67,158
1194,510,67,158
1193,510,67,158
1192,510,67,158
1191,510,67,158
1190,510,67,158
1189,510,67,158
1187,508,61,160
1187,508,60,160
1187,508,59,160
1187,508,58,160
1187,508,57,160
1187,508,56,160
1187,508,55,160
1187,508,54,160
1187,508,53,160
1187,508,52,160
1187,508,51,160
1187,508,50,160
1187,508,49,160
1187,508,48,160
1187,508,47,160
1189,511,46,162
1187,511,48,162
1185,511,50,162
1183,511,52,162
1181,511,54,162
1179,511,56,162
1177,511,58,162
1175,511,60,162
1173,511,62,162
1171,511,64,162
1169,511,66,162
1167,511,68,162
1165,511,70,162
1163,511,72,162
1161,511,74,162
1165,517,72,169
1165,517,71,169
1165,517,70,169
1165,517,69,169
1165,517,68,169
1165,517,67,169
1165,517,66,169
1165,517,65,169
1165,517,64,169
1165,517,63,169
1165,517,62,169
1165,517,61,169
1165,517,60,169
1165,517,59,169
1165,517,58,169
1165,517,61,172
1164,517,61,172
1163,517,61,172
1162,517,61,172
1161,517,61,172
1160,517,61,172
1159,517,61,172
1158,517,61,172
1157,517,61,172
1156,517,61,172
1155,517,61,172
1154,517,61,172
1153,517,61,172
1152,517,61,172
1151,517,61,172
1156,518,54,178
1154,518,56,178
1152,518,58,178
1150,518,60,178
1148,518,62,178
1146,518,64,178
1144,518,66,178
1142,518,68,178
1140,518,70,178
1138,518,72,178
1136,518,74,178
1134,518,76,178
1132,518,78,178
1130,518,80,178
1128,518,82,178
1130,524,80,185
1130,524,79,185
1130,524,78,185
1130,524,77,185
1130,524,76,185
1130,524,75,185
1130,524,74,185
1130,524,73,185
1130,524,72,185
1130,524,71,185
1130,524,70,185
1130,524,69,185
1130,524,68,185
1130,524,67,185
1130,524,66,185
1128,524,67,187
1127,524,67,188
1126,524,67,189
1125,524,67,190
1124,524,67,191
1123,524,67,192
1122,524,67,193
1121,524,67,194
1120,524,67,195
1119,524,67,196
1118,524,67,197
1117,524,67,198
1116,524,67,199
1115,524,67,200
1114,524,67,201
1118,524,61,200
1116,525,63,200
1114,526,65,200
1112,527,67,200
1110,528,69,200
1108,529,71,200
1106,530,73,200
1104,531,75,200
1102,532,77,200
1100,533,79,200
1098,534,81,200
1096,535,83,200
1094,536,85,200
1092,537,87,200
1090,538,89,200
1086,533,85,201
1085,533,84,201
1084,533,83,201
1083,533,82,201
1082,533,81,201
1081,533,80,201
1080,533,79,201
1079,533,78,201
1078,533,77,201
1077,533,76,201
1076,533,75,201
1075,533,74,201
1074,533,73,201
1073,533,72,201
1072,533,71,201
1074,530,65,202
1072,530,66,203
1070,530,67,204
1068,530,68,205
1066,530,69,206
1064,530,70,207
1062,530,71,208
1060,530,72,209
1058,530,73,210
1056,530,74,211
1054,530,75,212
1052,530,76,213
1050,530,77,214
1048,530,78,215
1046,530,79,216
1041,529,79,212
1038,529,80,212
1035,529,81,212
1032,529,82,212
1029,529,83,212
1026,529,84,212
1023,529,85,212
1020,529,86,212
1017,529,87,212
1014,529,88,212
1011,529,89,212
1008,529,90,212
1005,529,91,212
1002,529,92,212
999,529,93,212
991,529,87,212
988,529,86,212
985,529,85,212
982,529,84,212
979,529,83,212
976,529,82,212
973,529,81,212
970,529,80,212
967,529,79,212
964,529,78,212
961,529,77,212
958,529,76,212
955,529,75,212
952,529,74,212
949,529,73,212
953,524,72,213
952,524,72,213
951,524,72,213
950,524,72,213
949,524,72,213
948,524,72,213
947,524,72,213
946,524,72,213
945,524,72,213
944,524,72,213
943,524,72,213
942,524,72,213
941,524,72,213
940,524,72,213
939,524,72,213
933,523,78,215
929,523,79,214
925,523,80,213
921,523,81,212
917,523,82,211
913,523,83,210
909,523,84,209
905,523,85,208
901,523,86,207
897,523,87,206
893,523,88,205
889,523,89,204
885,523,90,203
881,523,91,202
877,523,92,201
875,524,90,207
873,524,89,207
871,524,88,207
869,524,87,207
867,524,86,207
865,524,85,207
863,524,84,207
861,524,83,207
859,524,82,207
857,524,81,207
855,524,80,207
853,524,79,207
851,524,78,207
849,524,77,207
847,524,76,207
840,518,74,210
838,518,74,210
836,518,74,210
834,518,74,210
832,518,74,210
830,518,74,210
828,518,74,210
826,518,74,210
824,518,74,210
822,518,74,210
820,518,74,210
818,518,74,210
816,518,74,210
814,518,74,210
812,518,74,210
816,513,76,205
813,513,77,205
810,513,78,205
807,513,79,205
804,513,80,205
801,513,81,205
798,513,82,205
795,513,83,205
792,513,84,205
789,513,85,205
786,513,86,205
783,513,87,205
780,513,88,205
777,513,89,205
774,513,90,205
767,513,87,202
765,513,86,202
763,513,85,202
761,513,84,202
759,513,83,202
757,513,82,202
755,513,81,202
753,513,80,202
751,513,79,202
749,513,78,202
747,513,77,202
745,513,76,202
743,513,75,202
741,513,74,202
739,513,73,202
732,508,67,201
730,508,69,201
728,508,71,201
726,508,73,201
724,508,75,201
722,508,77,201
720,508,79,201
718,508,81,201
716,508,83,201
714,508,85,201
712,508,87,201
710,508,89,201
708,508,91,201
706,508,93,201
704,508,95,201
697,506,95,202
