1360,382,57,159
1359,382,57,159
1358,382,57,159
1357,382,57,159
1356,382,57,159
1355,382,57,159
1354,382,57,159
1353,382,57,159
1352,382,57,159
1351,382,57,159
1350,382,57,159
1349,382,57,159
1348,382,57,159
1347,382,57,159
1346,382,57,159
1344,379,60,165
1342,380,60,164
1340,381,60,163
1338,382,60,162
1336,383,60,161
1334,384,60,160
1332,385,60,159
1330,386,60,158
1328,387,60,157
1326,388,60,156
1324,389,60,155
1322,390,60,154
1320,391,60,153
1318,392,60,152
1316,393,60,151
1319,387,62,157
1318,387,61,158
1317,387,60,159
1316,387,59,160
1315,387,58,161
1314,387,57,162
1313,387,56,163
1312,387,55,164
1311,387,54,165
1310,387,53,166
1309,387,52,167
1308,387,51,168
1307,387,50,169
1306,387,49,170
1305,387,48,171
1302,381,51,170
1300,381,52,170
1298,381,53,170
1296,381,54,170
1294,381,55,170
1292,381,56,170
1290,381,57,170
1288,381,58,170
1286,381,59,170
1284,381,60,170
1282,381,61,170
1280,381,62,170
1278,381,63,170
1276,381,64,170
1274,381,65,170
1271,381,67,177
1269,381,68,177
1267,381,69,177
1265,381,70,177
1263,381,71,177
1261,381,72,177
1259,381,73,177
1257,381,74,177
1255,381,75,177
1253,381,76,177
1251,381,77,177
1249,381,78,177
1247,381,79,177
1245,381,80,177
1243,381,81,177
1235,382,75,176
1234,382,74,176
1233,382,73,176
1232,382,72,176
1231,382,71,176
1230,382,70,176
1229,382,69,176
1228,382,68,176
1227,382,67,176
1226,382,66,176
1225,382,65,176
1224,382,64,176
1223,382,63,176
1222,382,62,176
1221,382,61,176
1219,387,55,179
1217,387,56,179
1215,387,57,179
1213,387,58,179
1211,387,59,179
1209,387,60,179
1207,387,61,179
1205,387,62,179
1203,387,63,179
1201,387,64,179
1199,387,65,179
1197,387,66,179
1195,387,67,179
1193,387,68,179
1191,387,69,179
1188,390,76,184
1187,390,74,184
1186,390,72,184
1185,390,70,184
1184,390,68,184
1183,390,66,184
1182,390,64,184
1181,390,62,184
1180,390,60,184
1179,390,58,184
1178,390,56,184
1177,390,54,184
1176,390,52,184
1175,390,50,184
1174,390,48,184
1178,394,53,186
1177,394,54,186
1176,394,55,186
1175,394,56,186
1174,394,57,186
1173,394,58,186
1172,394,59,186
1171,394,60,186
1170,394,61,186
1169,394,62,186
1168,394,63,186
1167,394,64,186
1166,394,65,186
1165,394,66,186
1164,394,67,186
1156,397,65,191
1155,397,66,192
1154,397,67,193
1153,397,68,194
1152,397,69,195
1151,397,70,196
1150,397,71,197
1149,397,72,198
1148,397,73,199
1147,397,74,200
1146,397,75,201
1145,397,76,202
1144,397,77,203
1143,397,78,204
1142,397,79,205
1140,400,83,202
1140,400,82,202
1140,400,81,202
1140,400,80,202
1140,400,79,202
1140,400,78,202
1140,400,77,202
1140,400,76,202
1140,400,75,202
1140,400,74,202
1140,400,73,202
1140,400,72,202
1140,400,71,202
1140,400,70,202
1140,400,69,202
1135,404,67,203
1134,404,67,203
1133,404,67,203
1132,404,67,203
1131,404,67,203
1130,404,67,203
1129,404,67,203
1128,404,67,203
1127,404,67,203
1126,404,67,203
1125,404,67,203
1124,404,67,203
1123,404,67,203
1122,404,67,203
1121,404,67,203
1117,405,68,210
1115,405,70,211
1113,405,72,212
1111,405,74,213
1109,405,76,214
1107,405,78,215
1105,405,80,216
1103,405,82,217
1101,405,84,218
1099,405,86,219
1097,405,88,220
1095,405,90,221
1093,405,92,222
1091,405,94,223
1089,405,96,224
1091,412,93,220
1090,412,92,220
1089,412,91,220
1088,412,90,220
1087,412,89,220
1086,412,88,220
1085,412,87,220
1084,412,86,220
1083,412,85,220
1082,412,84,220
1081,412,83,220
1080,412,82,220
1079,412,81,220
1078,412,80,220
1077,412,79,220
1083,414,79,222
1082,414,79,222
1081,414,79,222
1080,414,79,222
1079,414,79,222
1078,414,79,222
1077,414,79,222
1076,414,79,222
1075,414,79,222
1074,414,79,222
1073,414,79,222
1072,414,79,222
1071,414,79,222
1070,414,79,222
1069,414,79,222
1071,419,82,229
1069,419,83,229
1067,419,84,229
1065,419,85,229
1063,419,86,229
1061,419,87,229
1059,419,88,229
1057,419,89,229
1055,419,90,229
1053,419,91,229
1051,419,92,229
1049,419,93,229
1047,419,94,229
1045,419,95,229
1043,419,96,229
1038,426,95,235
1037,426,93,235
1036,426,91,235
1035,426,89,235
1034,426,87,235
1033,426,85,235
1032,426,83,235
1031,426,81,235
1030,426,79,235
1029,426,77,235
1028,426,75,235
1027,426,73,235
1026,426,71,235
1025,426,69,235
1024,426,67,235
1024,426,65,236
1022,426,67,236
1020,426,69,236
1018,426,71,236
1016,426,73,236
1014,426,75,236
1012,426,77,236
1010,426,79,236
1008,426,81,236
1006,426,83,236
1004,426,85,236
1002,426,87,236
1000,426,89,236
998,426,91,236
996,426,93,236
987,429,93,239
984,429,93,239
981,429,93,239
978,429,93,239
975,429,93,239
972,429,93,239
969,429,93,239
966,429,93,239
963,429,93,239
960,429,93,239
957,429,93,239
954,429,93,239
951,429,93,239
948,429,93,239
945,429,93,239
940,430,88,245
938,430,87,245
936,430,86,245
934,430,85,245
932,430,84,245
930,430,83,245
928,430,82,245
926,430,81,245
924,430,80,245
922,430,79,245
920,430,78,245
918,430,77,245
916,430,76,245
914,430,75,245
912,430,74,245
917,430,76,249
912,430,79,248
907,430,82,247
902,430,85,246
897,430,88,245
892,430,91,244
887,430,94,243
882,430,97,242
877,430,100,241
872,430,103,240
867,430,106,239
862,430,109,238
857,430,112,237
852,430,115,236
847,430,118,235
845,433,119,240
843,433,116,240
841,433,113,240
839,433,110,240
837,433,107,240
835,433,104,240
833,433,101,240
831,433,98,240
829,433,95,240
827,433,92,240
825,433,89,240
823,433,86,240
821,433,83,240
819,433,80,240
817,433,77,240
820,433,81,233
818,433,82,233
816,433,83,233
814,433,84,233
812,433,85,233
810,433,86,233
808,433,87,233
806,433,88,233
804,433,89,233
802,433,90,233
800,433,91,233
798,433,92,233
796,433,93,233
794,433,94,233
792,433,95,233
790,431,95,231
785,431,96,231
780,431,97,231
775,431,98,231
770,431,99,231
765,431,100,231
760,431,101,231
755,431,102,231
750,431,103,231
745,431,104,231
740,431,105,231
735,431,106,231
730,431,107,231
725,431,108,231
720,431,109,231
722,431,112,233
721,430,109,233
720,429,106,233
719,428,103,233
718,427,100,233
717,426,97,233
716,425,94,233
715,424,91,233
714,423,88,233
713,422,85,233
712,421,82,233
711,420,79,233
710,419,76,233
709,418,73,233
708,417,70,233
705,423,73,232
702,423,75,231
699,423,77,230
696,423,79,229
693,423,81,228
690,423,83,227
687,423,85,226
684,423,87,225
681,423,89,224
678,423,91,223
675,423,93,222
672,423,95,221
669,423,97,220
666,423,99,219
663,423,101,218
666,429,101,222
662,429,101,222
658,429,101,222
654,429,101,222
650,429,101,222
646,429,101,222
642,429,101,222
638,429,101,222
634,429,101,222
630,429,101,222
626,429,101,222
622,429,101,222
618,429,101,222
614,429,101,222
610,429,101,222
607,429,104,229
606,429,102,229
605,429,100,229
604,429,98,229
603,429,96,229
602,429,94,229
601,429,92,229
600,429,90,229
599,429,88,229
598,429,86,229
597,429,84,229
596,429,82,229
595,429,80,229
594,429,78,229
593,429,76,229
585,422,70,226
582,422,72,226
579,422,74,226
576,422,76,226
573,422,78,226
570,422,80,226
567,422,82,226
564,422,84,226
561,422,86,226
558,422,88,226
555,422,90,226
552,422,92,226
549,422,94,226
546,422,96,226
543,422,98,226
543,427,101,223
540,427,100,223
537,427,99,223
534,427,98,223
531,427,97,223
528,427,96,223
525,427,95,223
522,427,94,223
519,427,93,223
516,427,92,223
513,427,91,223
510,427,90,223
507,427,89,223
504,427,88,223
501,427,87,223
498,431,82,219
