1454,386,79,202
1452,386,79,202
1450,386,79,202
1448,386,79,202
1446,386,79,202
1444,386,79,202
1442,386,79,202
1440,386,79,202
1438,386,79,202
1436,386,79,202
1434,386,79,202
1432,386,79,202
1430,386,79,202
1428,386,79,202
1426,386,79,202
1418,388,83,198
1417,388,82,198
1416,388,81,198
1415,388,80,198
1414,388,79,198
1413,388,78,198
1412,388,77,198
1411,388,76,198
1410,388,75,198
1409,388,74,198
1408,388,73,198
1407,388,72,198
1406,388,71,198
1405,388,70,198
1404,388,69,198
1402,384,66,201
1399,384,68,201
1396,384,70,201
1393,384,72,201
1390,384,74,201
1387,384,76,201
1384,384,78,201
1381,384,80,201
1378,384,82,201
1375,384,84,201
1372,384,86,201
1369,384,88,201
1366,384,90,201
1363,384,92,201
1360,384,94,201
1363,381,94,207
1360,381,94,208
1357,381,94,209
1354,381,94,210
1351,381,94,211
1348,381,94,212
1345,381,94,213
1342,381,94,214
1339,381,94,215
1336,381,94,216
1333,381,94,217
1330,381,94,218
1327,381,94,219
1324,381,94,220
1321,381,94,221
1324,375,96,216
1323,375,94,216
1322,375,92,216
1321,375,90,216
1320,375,88,216
1319,375,86,216
1318,375,84,216
1317,375,82,216
1316,375,80,216
1315,375,78,216
1314,375,76,216
1313,375,74,216
1312,375,72,216
1311,375,70,216
1310,375,68,216
1311,370,68,223
1308,370,70,223
1305,370,72,223
1302,370,74,223
1299,370,76,223
1296,370,78,223
1293,370,80,223
1290,370,82,223
1287,370,84,223
1284,370,86,223
1281,370,88,223
1278,370,90,223
1275,370,92,223
1272,370,94,223
1269,370,96,223
1262,374,99,228
1260,374,98,228
1258,374,97,228
1256,374,96,228
1254,374,95,228
1252,374,94,228
1250,374,93,228
1248,374,92,228
1246,374,91,228
1244,374,90,228
1242,374,89,228
1240,374,88,228
1238,374,87,228
1236,374,86,228
1234,374,85,228
1239,375,91,228
1239,375,90,228
1239,375,89,228
1239,375,88,228
1239,375,87,228
1239,375,86,228
1239,375,85,228
1239,375,84,228
1239,375,83,228
1239,375,82,228
1239,375,81,228
1239,375,80,228
1239,375,79,228
1239,375,78,228
1239,375,77,228
1236,377,71,235
1234,377,73,236
1232,377,75,237
1230,377,77,238
1228,377,79,239
1226,377,81,240
1224,377,83,241
1222,377,85,242
1220,377,87,243
1218,377,89,244
1216,377,91,245
1214,377,93,246
1212,377,95,247
1210,377,97,248
1208,377,99,249
1204,384,100,249
1203,384,100,249
1202,384,100,249
1201,384,100,249
1200,384,100,249
1199,384,100,249
1198,384,100,249
1197,384,100,249
1196,384,100,249
1195,384,100,249
1194,384,100,249
1193,384,100,249
1192,384,100,249
1191,384,100,249
1190,384,100,249
1194,386,96,244
1193,386,95,245
1192,386,94,246
1191,386,93,247
1190,386,92,248
1189,386,91,249
1188,386,90,250
1187,386,89,251
1186,386,88,252
1185,386,87,253
1184,386,86,254
1183,386,85,255
1182,386,84,256
1181,386,83,257
1180,386,82,258
1184,385,82,258
1182,385,84,259
1180,385,86,260
1178,385,88,261
1176,385,90,262
1174,385,92,263
1172,385,94,264
1170,385,96,265
1168,385,98,266
1166,385,100,267
1164,385,102,268
1162,385,104,269
1160,385,106,270
1158,385,108,271
1156,385,110,272
1153,392,108,270
1153,392,107,270
1153,392,106,270
1153,392,105,270
1153,392,104,270
1153,392,103,270
1153,392,102,270
1153,392,101,270
1153,392,100,270
1153,392,99,270
1153,392,98,270
1153,392,97,270
1153,392,96,270
1153,392,95,270
1153,392,94,270
1147,388,100,273
1146,388,99,274
1145,388,98,275
1144,388,97,276
1143,388,96,277
1142,388,95,278
1141,388,94,279
1140,388,93,280
1139,388,92,281
1138,388,91,282
1137,388,90,283
1136,388,89,284
1135,388,88,285
1134,388,87,286
1133,388,86,287
1132,395,88,281
1129,395,90,282
1126,395,92,283
1123,395,94,284
1120,395,96,285
1117,395,98,286
1114,395,100,287
1111,395,102,288
1108,395,104,289
1105,395,106,290
1102,395,108,291
1099,395,110,292
1096,395,112,293
1093,395,114,294
1090,395,116,295
1083,398,123,292
1082,398,121,292
1081,398,119,292
1080,398,117,292
1079,398,115,292
1078,398,113,292
1077,398,111,292
1076,398,109,292
1075,398,107,292
1074,398,105,292
1073,398,103,292
1072,398,101,292
1071,398,99,292
1070,398,97,292
1069,398,95,292
1066,399,97,287
1062,399,98,288
1058,399,99,289
1054,399,100,290
1050,399,101,291
1046,399,102,292
1042,399,103,293
1038,399,104,294
1034,399,105,295
1030,399,106,296
1026,399,107,297
1022,399,108,298
1018,399,109,299
1014,399,110,300
1010,399,111,301
1008,396,115,298
1005,395,114,298
1002,394,113,298
999,393,112,298
996,392,111,298
993,391,110,298
990,390,109,298
987,389,108,298
984,388,107,298
981,387,106,298
978,386,105,298
975,385,104,298
972,384,103,298
969,383,102,298
966,382,101,298
969,388,101,305
966,388,102,305
963,388,103,305
960,388,104,305
957,388,105,305
954,388,106,305
951,388,107,305
948,388,108,305
945,388,109,305
942,388,110,305
939,388,111,305
936,388,112,305
933,388,113,305
930,388,114,305
927,388,115,305
930,385,109,307
924,385,111,307
918,385,113,307
912,385,115,307
906,385,117,307
900,385,119,307
894,385,121,307
888,385,123,307
882,385,125,307
876,385,127,307
870,385,129,307
864,385,131,307
858,385,133,307
852,385,135,307
846,385,137,307
847,381,133,312
845,380,130,312
843,379,127,312
841,378,124,312
839,377,121,312
837,376,118,312
835,375,115,312
833,374,112,312
831,373,109,312
829,372,106,312
827,371,103,312
825,370,100,312
823,369,97,312
821,368,94,312
819,367,91,312
820,370,88,305
817,370,90,305
814,370,92,305
811,370,94,305
808,370,96,305
805,370,98,305
802,370,100,305
799,370,102,305
796,370,104,305
793,370,106,305
790,370,108,305
787,370,110,305
784,370,112,305
781,370,114,305
778,370,116,305
771,368,123,307
766,368,124,306
761,368,125,305
756,368,126,304
751,368,127,303
746,368,128,302
741,368,129,301
736,368,130,300
731,368,131,299
726,368,132,298
721,368,133,297
716,368,134,296
711,368,135,295
706,368,136,294
701,368,137,293
696,364,131,298
695,363,127,298
694,362,123,298
693,361,119,298
692,360,115,298
691,359,111,298
690,358,107,298
689,357,103,298
688,356,99,298
687,355,95,298
686,354,91,298
685,353,87,298
684,352,83,298
683,351,79,298
682,350,75,298
679,349,71,299
675,349,74,299
671,349,77,299
667,349,80,299
663,349,83,299
659,349,86,299
655,349,89,299
651,349,92,299
647,349,95,299
643,349,98,299
639,349,101,299
635,349,104,299
631,349,107,299
627,349,110,299
623,349,113,299
618,346,120,295
613,346,120,295
608,346,120,295
603,346,120,295
598,346,120,295
593,346,120,295
588,346,120,295
583,346,120,295
578,346,120,295
573,346,120,295
568,346,120,295
563,346,120,295
558,346,120,295
553,346,120,295
548,346,120,295
536,342,127,292
535,341,125,292
534,340,123,292
533,339,121,292
532,338,119,292
531,337,117,292
530,336,115,292
529,335,113,292
528,334,111,292
527,333,109,292
526,332,107,292
525,331,105,292
524,330,103,292
523,329,101,292
522,328,99,292
527,333,90,291
522,333,92,290
517,333,94,289
512,333,96,288
507,333,98,287
502,333,100,286
497,333,102,285
492,333,104,284
487,333,106,283
482,333,108,282
477,333,110,281
472,333,112,280
467,333,114,279
462,333,116,278
457,333,118,277
454,336,122,280
452,336,119,280
450,336,116,280
448,336,113,280
446,336,110,280
444,336,107,280
442,336,104,280
440,336,101,280
438,336,98,280
436,336,95,280
434,336,92,280
432,336,89,280
430,336,86,280
428,336,83,280
426,336,80,280
423,333,78,279
420,333,81,279
417,333,84,279
414,333,87,279
411,333,90,279
408,333,93,279
405,333,96,279
402,333,99,279
399,333,102,279
396,333,105,279
393,333,108,279
390,333,111,279
387,333,114,279
384,333,117,279
381,333,120,279
371,333,118,280
