77,377,128,369
80,377,128,369
83,377,128,369
86,377,128,369
89,377,128,369
92,377,128,369
95,377,128,369
98,377,128,369
101,377,128,369
104,377,128,369
107,377,128,369
110,377,128,369
113,377,128,369
116,377,128,369
119,377,128,369
123,377,134,367
127,376,132,367
131,375,130,367
135,374,128,367
139,373,126,367
143,372,124,367
147,371,122,367
151,370,120,367
155,369,118,367
159,368,116,367
163,367,114,367
167,366,112,367
171,365,110,367
175,364,108,367
179,363,106,367
178,365,100,373
181,366,101,372
184,367,102,371
187,368,103,370
190,369,104,369
193,370,105,368
196,371,106,367
199,372,107,366
202,373,108,365
205,374,109,364
208,375,110,363
211,376,111,362
214,377,112,361
217,378,113,360
220,379,114,359
221,378,115,351
223,377,117,351
225,376,119,351
227,375,121,351
229,374,123,351
231,373,125,351
233,372,127,351
235,371,129,351
237,370,131,351
239,369,133,351
241,368,135,351
243,367,137,351
245,366,139,351
247,365,141,351
249,364,143,351
251,366,151,350
254,365,148,349
257,364,145,348
260,363,142,347
263,362,139,346
266,361,136,345
269,360,133,344
272,359,130,343
275,358,127,342
278,357,124,341
281,356,121,340
284,355,118,339
287,354,115,338
290,353,112,337
293,352,109,336
298,356,108,331
301,356,108,332
304,356,108,333
307,356,108,334
310,356,108,335
313,356,108,336
316,356,108,337
319,356,108,338
322,356,108,339
325,356,108,340
328,356,108,341
331,356,108,342
334,356,108,343
337,356,108,344
340,356,108,345
336,352,110,339
338,352,112,338
340,352,114,337
342,352,116,336
344,352,118,335
346,352,120,334
348,352,122,333
350,352,124,332
352,352,126,331
354,352,128,330
356,352,130,329
358,352,132,328
360,352,134,327
362,352,136,326
364,352,138,325
359,346,137,324
364,345,133,323
369,344,129,322
374,343,125,321
379,342,121,320
384,341,117,319
389,340,113,318
394,339,109,317
399,338,105,316
404,337,101,315
409,336,97,314
414,335,93,313
419,334,89,312
424,333,85,311
429,332,81,310
427,338,77,313
428,338,80,313
429,338,83,313
430,338,86,313
431,338,89,313
432,338,92,313
433,338,95,313
434,338,98,313
435,338,101,313
436,338,104,313
437,338,107,313
438,338,110,313
439,338,113,313
440,338,116,313
441,338,119,313
441,345,123,307
446,345,124,307
451,345,125,307
456,345,126,307
461,345,127,307
466,345,128,307
471,345,129,307
476,345,130,307
481,345,131,307
486,345,132,307
491,345,133,307
496,345,134,307
501,345,135,307
506,345,136,307
511,345,137,307
509,345,131,302
514,345,128,303
519,345,125,304
524,345,122,305
529,345,119,306
534,345,116,307
539,345,113,308
544,345,110,309
549,345,107,310
554,345,104,311
559,345,101,312
564,345,98,313
569,345,95,314
574,345,92,315
579,345,89,316
586,343,93,313
587,343,95,313
588,343,97,313
589,343,99,313
590,343,101,313
591,343,103,313
592,343,105,313
593,343,107,313
594,343,109,313
595,343,111,313
596,343,113,313
597,343,115,313
598,343,117,313
599,343,119,313
600,343,121,313
607,350,120,310
611,350,120,310
615,350,120,310
619,350,120,310
623,350,120,310
627,350,120,310
631,350,120,310
635,350,120,310
639,350,120,310
643,350,120,310
647,350,120,310
651,350,120,310
655,350,120,310
659,350,120,310
663,350,120,310
670,356,116,305
675,356,114,305
680,356,112,305
685,356,110,305
690,356,108,305
695,356,106,305
700,356,104,305
705,356,102,305
710,356,100,305
715,356,98,305
720,356,96,305
725,356,94,305
730,356,92,305
735,356,90,305
740,356,88,305
743,356,81,307
744,356,83,306
745,356,85,305
746,356,87,304
747,356,89,303
748,356,91,302
749,356,93,301
750,356,95,300
751,356,97,299
752,356,99,298
753,356,101,297
754,356,103,296
755,356,105,295
756,356,107,294
757,356,109,293
765,362,113,298
768,362,114,298
771,362,115,298
774,362,116,298
777,362,117,298
780,362,118,298
783,362,119,298
786,362,120,298
789,362,121,298
792,362,122,298
795,362,123,298
798,362,124,298
801,362,125,298
804,362,126,298
807,362,127,298
813,362,130,301
815,362,127,300
817,362,124,299
819,362,121,298
821,362,118,297
823,362,115,296
825,362,112,295
827,362,109,294
829,362,106,293
831,362,103,292
833,362,100,291
835,362,97,290
837,362,94,289
839,362,91,288
841,362,88,287
840,356,89,287
841,356,89,286
842,356,89,285
843,356,89,284
844,356,89,283
845,356,89,282
846,356,89,281
847,356,89,280
848,356,89,279
849,356,89,278
850,356,89,277
851,356,89,276
852,356,89,275
853,356,89,274
854,356,89,273
849,352,93,270
849,352,94,270
849,352,95,270
849,352,96,270
849,352,97,270
849,352,98,270
849,352,99,270
849,352,100,270
849,352,101,270
849,352,102,270
849,352,103,270
849,352,104,270
849,352,105,270
849,352,106,270
849,352,107,270
844,352,109,277
847,351,107,277
850,350,105,277
853,349,103,277
856,348,101,277
859,347,99,277
862,346,97,277
865,345,95,277
868,344,93,277
871,343,91,277
874,342,89,277
877,341,87,277
880,340,85,277
883,339,83,277
886,338,81,277
884,343,81,272
885,343,81,271
886,343,81,270
887,343,81,269
888,343,81,268
889,343,81,267
890,343,81,266
891,343,81,265
892,343,81,264
893,343,81,263
894,343,81,262
895,343,81,261
896,343,81,260
897,343,81,259
898,343,81,258
903,343,88,258
905,343,89,258
907,343,90,258
909,343,91,258
911,343,92,258
913,343,93,258
915,343,94,258
917,343,95,258
919,343,96,258
921,343,97,258
923,343,98,258
925,343,99,258
927,343,100,258
929,343,101,258
931,343,102,258
939,343,105,256
942,343,105,256
945,343,105,256
948,343,105,256
951,343,105,256
954,343,105,256
957,343,105,256
960,343,105,256
963,343,105,256
966,343,105,256
969,343,105,256
972,343,105,256
975,343,105,256
978,343,105,256
981,343,105,256
981,342,104,253
984,343,103,252
987,344,102,251
990,345,101,250
993,346,100,249
996,347,99,248
999,348,98,247
1002,349,97,246
1005,350,96,245
1008,351,95,244
1011,352,94,243
1014,353,93,242
1017,354,92,241
1020,355,91,240
1023,356,90,239
1028,350,92,245
1030,350,93,245
1032,350,94,245
1034,350,95,245
1036,350,96,245
1038,350,97,245
1040,350,98,245
1042,350,99,245
1044,350,100,245
1046,350,101,245
1048,350,102,245
1050,350,103,245
1052,350,104,245
1054,350,105,245
1056,350,106,245
1054,348,105,246
1058,348,105,246
1062,348,105,246
1066,348,105,246
1070,348,105,246
1074,348,105,246
1078,348,105,246
1082,348,105,246
1086,348,105,246
1090,348,105,246
1094,348,105,246
1098,348,105,246
1102,348,105,246
1106,348,105,246
1110,348,105,246
1116,352,102,244
1119,352,100,244
1122,352,98,244
1125,352,96,244
1128,352,94,244
1131,352,92,244
1134,352,90,244
1137,352,88,244
1140,352,86,244
1143,352,84,244
1146,352,82,244
1149,352,80,244
1152,352,78,244
1155,352,76,244
1158,352,74,244
1155,354,78,241
1156,355,79,240
1157,356,80,239
1158,357,81,238
1159,358,82,237
1160,359,83,236
1161,360,84,235
1162,361,85,234
1163,362,86,233
1164,363,87,232
1165,364,88,231
1166,365,89,230
1167,366,90,229
1168,367,91,228
1169,368,92,227
1176,366,99,228
1180,366,99,229
1184,366,99,230
1188,366,99,231
1192,366,99,232
1196,366,99,233
1200,366,99,234
1204,366,99,235
1208,366,99,236
1212,366,99,237
1216,366,99,238
1220,366,99,239
1224,366,99,240
1228,366,99,241
1232,366,99,242
1241,364,100,236
1243,365,98,236
1245,366,96,236
1247,367,94,236
1249,368,92,236
1251,369,90,236
1253,370,88,236
1255,371,86,236
1257,372,84,236
1259,373,82,236
1261,374,80,236
1263,375,78,236
1265,376,76,236
1267,377,74,236
1269,378,72,236
1276,373,76,231
