102,488,93,268
105,488,93,268
108,488,93,268
111,488,93,268
114,488,93,268
117,488,93,268
120,488,93,268
123,488,93,268
126,488,93,268
129,488,93,268
132,488,93,268
135,488,93,268
138,488,93,268
141,488,93,268
144,488,93,268
154,483,93,264
157,483,94,264
160,483,95,264
163,483,96,264
166,483,97,264
169,483,98,264
172,483,99,264
175,483,100,264
178,483,101,264
181,483,102,264
184,483,103,264
187,483,104,264
190,483,105,264
193,483,106,264
196,483,107,264
194,480,108,264
198,480,106,265
202,480,104,266
206,480,102,267
210,480,100,268
214,480,98,269
218,480,96,270
222,480,94,271
226,480,92,272
230,480,90,273
234,480,88,274
238,480,86,275
242,480,84,276
246,480,82,277
250,480,80,278
253,478,73,276
255,478,76,276
257,478,79,276
259,478,82,276
261,478,85,276
263,478,88,276
265,478,91,276
267,478,94,276
269,478,97,276
271,478,100,276
273,478,103,276
275,478,106,276
277,478,109,276
279,478,112,276
281,478,115,276
285,485,111,274
287,484,111,275
289,483,111,276
291,482,111,277
293,481,111,278
295,480,111,279
297,479,111,280
299,478,111,281
301,477,111,282
303,476,111,283
305,475,111,284
307,474,111,285
309,473,111,286
311,472,111,287
313,471,111,288
321,476,105,283
323,476,105,282
325,476,105,281
327,476,105,280
329,476,105,279
331,476,105,278
333,476,105,277
335,476,105,276
337,476,105,275
339,476,105,274
341,476,105,273
343,476,105,272
345,476,105,271
347,476,105,270
349,476,105,269
353,469,107,273
355,469,108,273
357,469,109,273
359,469,110,273
361,469,111,273
363,469,112,273
365,469,113,273
367,469,114,273
369,469,115,273
371,469,116,273
373,469,117,273
375,469,118,273
377,469,119,273
379,469,120,273
381,469,121,273
380,463,117,278
382,462,117,277
384,461,117,276
386,460,117,275
388,459,117,274
390,458,117,273
392,457,117,272
394,456,117,271
396,455,117,270
398,454,117,269
400,453,117,268
402,452,117,267
404,451,117,266
406,450,117,265
408,449,117,264
414,447,123,269
416,447,121,268
418,447,119,267
420,447,117,266
422,447,115,265
424,447,113,264
426,447,111,263
428,447,109,262
430,447,107,261
432,447,105,260
434,447,103,259
436,447,101,258
438,447,99,257
440,447,97,256
442,447,95,255
451,444,88,260
452,443,89,261
453,442,90,262
454,441,91,263
455,440,92,264
456,439,93,265
457,438,94,266
458,437,95,267
459,436,96,268
460,435,97,269
461,434,98,270
462,433,99,271
463,432,100,272
464,431,101,273
465,430,102,274
469,436,103,273
472,435,102,272
475,434,101,271
478,433,100,270
481,432,99,269
484,431,98,268
487,430,97,267
490,429,96,266
493,428,95,265
496,427,94,264
499,426,93,263
502,425,92,262
505,424,91,261
508,423,90,260
511,422,89,259
519,428,90,254
521,428,90,254
523,428,90,254
525,428,90,254
527,428,90,254
529,428,90,254
531,428,90,254
533,428,90,254
535,428,90,254
537,428,90,254
539,428,90,254
541,428,90,254
543,428,90,254
545,428,90,254
547,428,90,254
544,426,92,249
548,426,92,248
552,426,92,247
556,426,92,246
560,426,92,245
564,426,92,244
568,426,92,243
572,426,92,242
576,426,92,241
580,426,92,240
584,426,92,239
588,426,92,238
592,426,92,237
596,426,92,236
600,426,92,235
598,431,98,237
601,430,99,237
604,429,100,237
607,428,101,237
610,427,102,237
613,426,103,237
616,425,104,237
619,424,105,237
622,423,106,237
625,422,107,237
628,421,108,237
631,420,109,237
634,419,110,237
637,418,111,237
640,417,112,237
650,422,107,244
653,422,105,245
656,422,103,246
659,422,101,247
662,422,99,248
665,422,97,249
668,422,95,250
671,422,93,251
674,422,91,252
677,422,89,253
680,422,87,254
683,422,85,255
686,422,83,256
689,422,81,257
692,422,79,258
690,417,79,252
693,417,80,252
696,417,81,252
699,417,82,252
702,417,83,252
705,417,84,252
708,417,85,252
711,417,86,252
714,417,87,252
717,417,88,252
720,417,89,252
723,417,90,252
726,417,91,252
729,417,92,252
732,417,93,252
729,420,90,248
732,420,91,248
735,420,92,248
738,420,93,248
741,420,94,248
744,420,95,248
747,420,96,248
750,420,97,248
753,420,98,248
756,420,99,248
759,420,100,248
762,420,101,248
765,420,102,248
768,420,103,248
771,420,104,248
774,419,103,243
776,419,102,243
778,419,101,243
780,419,100,243
782,419,99,243
784,419,98,243
786,419,97,243
788,419,96,243
790,419,95,243
792,419,94,243
794,419,93,243
796,419,92,243
798,419,91,243
800,419,90,243
802,419,89,243
809,414,82,243
810,415,83,242
811,416,84,241
812,417,85,240
813,418,86,239
814,419,87,238
815,420,88,237
816,421,89,236
817,422,90,235
818,423,91,234
819,424,92,233
820,425,93,232
821,426,94,231
822,427,95,230
823,428,96,229
823,425,101,224
824,424,100,225
825,423,99,226
826,422,98,227
827,421,97,228
828,420,96,229
829,419,95,230
830,418,94,231
831,417,93,232
832,416,92,233
833,415,91,234
834,414,90,235
835,413,89,236
836,412,88,237
837,411,87,238
838,409,88,241
839,409,87,239
840,409,86,237
841,409,85,235
842,409,84,233
843,409,83,231
844,409,82,229
845,409,81,227
846,409,80,225
847,409,79,223
848,409,78,221
849,409,77,219
850,409,76,217
851,409,75,215
852,409,74,213
850,412,74,209
850,411,75,210
850,410,76,211
850,409,77,212
850,408,78,213
850,407,79,214
850,406,80,215
850,405,81,216
850,404,82,217
850,403,83,218
850,402,84,219
850,401,85,220
850,400,86,221
850,399,87,222
850,398,88,223
856,400,84,219
858,400,85,219
860,400,86,219
862,400,87,219
864,400,88,219
866,400,89,219
868,400,90,219
870,400,91,219
872,400,92,219
874,400,93,219
876,400,94,219
878,400,95,219
880,400,96,219
882,400,97,219
884,400,98,219
882,398,94,218
884,398,92,218
886,398,90,218
888,398,88,218
890,398,86,218
892,398,84,218
894,398,82,218
896,398,80,218
898,398,78,218
900,398,76,218
902,398,74,218
904,398,72,218
906,398,70,218
908,398,68,218
910,398,66,218
915,392,71,213
917,392,71,212
919,392,71,211
921,392,71,210
923,392,71,209
925,392,71,208
927,392,71,207
929,392,71,206
931,392,71,205
933,392,71,204
935,392,71,203
937,392,71,202
939,392,71,201
941,392,71,200
943,392,71,199
945,390,72,204
947,390,74,204
949,390,76,204
951,390,78,204
953,390,80,204
955,390,82,204
957,390,84,204
959,390,86,204
961,390,88,204
963,390,90,204
965,390,92,204
967,390,94,204
969,390,96,204
971,390,98,204
973,390,100,204
972,388,95,203
976,388,92,203
980,388,89,203
984,388,86,203
988,388,83,203
992,388,80,203
996,388,77,203
1000,388,74,203
1004,388,71,203
1008,388,68,203
1012,388,65,203
1016,388,62,203
1020,388,59,203
1024,388,56,203
1028,388,53,203
1027,388,57,198
1028,388,59,198
1029,388,61,198
1030,388,63,198
1031,388,65,198
1032,388,67,198
1033,388,69,198
1034,388,71,198
1035,388,73,198
1036,388,75,198
1037,388,77,198
1038,388,79,198
1039,388,81,198
1040,388,83,198
1041,388,85,198
1041,385,81,193
1043,385,81,193
1045,385,81,193
1047,385,81,193
1049,385,81,193
1051,385,81,193
1053,385,81,193
1055,385,81,193
1057,385,81,193
1059,385,81,193
1061,385,81,193
1063,385,81,193
1065,385,81,193
1067,385,81,193
1069,385,81,193
1078,382,88,199
1081,382,86,199
1084,382,84,199
1087,382,82,199
1090,382,80,199
1093,382,78,199
1096,382,76,199
1099,382,74,199
1102,382,72,199
1105,382,70,199
1108,382,68,199
1111,382,66,199
1114,382,64,199
1117,382,62,199
1120,382,60,199
1123,382,55,195
