115,521,103,222
118,520,103,223
121,519,103,224
124,518,103,225
127,517,103,226
130,516,103,227
133,515,103,228
136,514,103,229
139,513,103,230
142,512,103,231
145,511,103,232
148,510,103,233
151,509,103,234
154,508,103,235
157,507,103,236
164,509,104,240
167,509,105,241
170,509,106,242
173,509,107,243
176,509,108,244
179,509,109,245
182,509,110,246
185,509,111,247
188,509,112,248
191,509,113,249
194,509,114,250
197,509,115,251
200,509,116,252
203,509,117,253
206,509,118,254
212,514,120,251
216,514,120,251
220,514,120,251
224,514,120,251
228,514,120,251
232,514,120,251
236,514,120,251
240,514,120,251
244,514,120,251
248,514,120,251
252,514,120,251
256,514,120,251
260,514,120,251
264,514,120,251
268,514,120,251
265,517,122,255
269,517,121,255
273,517,120,255
277,517,119,255
281,517,118,255
285,517,117,255
289,517,116,255
293,517,115,255
297,517,114,255
301,517,113,255
305,517,112,255
309,517,111,255
313,517,110,255
317,517,109,255
321,517,108,255
331,519,112,253
334,519,112,254
337,519,112,255
340,519,112,256
343,519,112,257
346,519,112,258
349,519,112,259
352,519,112,260
355,519,112,261
358,519,112,262
361,519,112,263
364,519,112,264
367,519,112,265
370,519,112,266
373,519,112,267
378,522,111,267
382,523,109,267
386,524,107,267
390,525,105,267
394,526,103,267
398,527,101,267
402,528,99,267
406,529,97,267
410,530,95,267
414,531,93,267
418,532,91,267
422,533,89,267
426,534,87,267
430,535,85,267
434,536,83,267
435,531,85,262
438,531,85,261
441,531,85,260
444,531,85,259
447,531,85,258
450,531,85,257
453,531,85,256
456,531,85,255
459,531,85,254
462,531,85,253
465,531,85,252
468,531,85,251
471,531,85,250
474,531,85,249
477,531,85,248
483,524,81,254
486,524,82,254
489,524,83,254
492,524,84,254
495,524,85,254
498,524,86,254
501,524,87,254
504,524,88,254
507,524,89,254
510,524,90,254
513,524,91,254
516,524,92,254
519,524,93,254
522,524,94,254
525,524,95,254
525,524,96,247
527,523,96,247
529,522,96,247
531,521,96,247
533,520,96,247
535,519,96,247
537,518,96,247
539,517,96,247
541,516,96,247
543,515,96,247
545,514,96,247
547,513,96,247
549,512,96,247
551,511,96,247
553,510,96,247
560,508,98,247
562,508,98,246
564,508,98,245
566,508,98,244
568,508,98,243
570,508,98,242
572,508,98,241
574,508,98,240
576,508,98,239
578,508,98,238
580,508,98,237
582,508,98,236
584,508,98,235
586,508,98,234
588,508,98,233
594,509,100,231
596,509,100,231
598,509,100,231
600,509,100,231
602,509,100,231
604,509,100,231
606,509,100,231
608,509,100,231
610,509,100,231
612,509,100,231
614,509,100,231
616,509,100,231
618,509,100,231
620,509,100,231
622,509,100,231
627,502,96,234
631,501,96,234
635,500,96,234
639,499,96,234
643,498,96,234
647,497,96,234
651,496,96,234
655,495,96,234
659,494,96,234
663,493,96,234
667,492,96,234
671,491,96,234
675,490,96,234
679,489,96,234
683,488,96,234
682,489,98,230
686,490,98,229
690,491,98,228
694,492,98,227
698,493,98,226
702,494,98,225
706,495,98,224
710,496,98,223
714,497,98,222
718,498,98,221
722,499,98,220
726,500,98,219
730,501,98,218
734,502,98,217
738,503,98,216
741,497,96,218
744,497,96,218
747,497,96,218
750,497,96,218
753,497,96,218
756,497,96,218
759,497,96,218
762,497,96,218
765,497,96,218
768,497,96,218
771,497,96,218
774,497,96,218
777,497,96,218
780,497,96,218
783,497,96,218
787,494,98,219
791,494,96,220
795,494,94,221
799,494,92,222
803,494,90,223
807,494,88,224
811,494,86,225
815,494,84,226
819,494,82,227
823,494,80,228
827,494,78,229
831,494,76,230
835,494,74,231
839,494,72,232
843,494,70,233
851,491,61,231
854,491,62,230
857,491,63,229
860,491,64,228
863,491,65,227
866,491,66,226
869,491,67,225
872,491,68,224
875,491,69,223
878,491,70,222
881,491,71,221
884,491,72,220
887,491,73,219
890,491,74,218
893,491,75,217
891,493,72,216
894,493,72,216
897,493,72,216
900,493,72,216
903,493,72,216
906,493,72,216
909,493,72,216
912,493,72,216
915,493,72,216
918,493,72,216
921,493,72,216
924,493,72,216
927,493,72,216
930,493,72,216
933,493,72,216
929,496,75,210
930,496,77,210
931,496,79,210
932,496,81,210
933,496,83,210
934,496,85,210
935,496,87,210
936,496,89,210
937,496,91,210
938,496,93,210
939,496,95,210
940,496,97,210
941,496,99,210
942,496,101,210
943,496,103,210
951,491,100,212
953,491,98,211
955,491,96,210
957,491,94,209
959,491,92,208
961,491,90,207
963,491,88,206
965,491,86,205
967,491,84,204
969,491,82,203
971,491,80,202
973,491,78,201
975,491,76,200
977,491,74,199
979,491,72,198
975,491,65,194
975,491,66,194
975,491,67,194
975,491,68,194
975,491,69,194
975,491,70,194
975,491,71,194
975,491,72,194
975,491,73,194
975,491,74,194
975,491,75,194
975,491,76,194
975,491,77,194
975,491,78,194
975,491,79,194
979,486,78,198
981,486,79,197
983,486,80,196
985,486,81,195
987,486,82,194
989,486,83,193
991,486,84,192
993,486,85,191
995,486,86,190
997,486,87,189
999,486,88,188
1001,486,89,187
1003,486,90,186
1005,486,91,185
1007,486,92,184
1008,480,87,188
1011,480,85,187
1014,480,83,186
1017,480,81,185
1020,480,79,184
1023,480,77,183
1026,480,75,182
1029,480,73,181
1032,480,71,180
1035,480,69,179
1038,480,67,178
1041,480,65,177
1044,480,63,176
1047,480,61,175
1050,480,59,174
1048,477,62,179
1050,476,62,179
1052,475,62,179
1054,474,62,179
1056,473,62,179
1058,472,62,179
1060,471,62,179
1062,470,62,179
1064,469,62,179
1066,468,62,179
1068,467,62,179
1070,466,62,179
1072,465,62,179
1074,464,62,179
1076,463,62,179
1081,469,63,181
