1564,507,37,107
1564,507,37,108
1564,507,37,109
1564,507,37,110
1564,507,37,111
1564,507,37,112
1564,507,37,113
1564,507,37,114
1564,507,37,115
1564,507,37,116
1564,507,37,117
1564,507,37,118
1564,507,37,119
1564,507,37,120
1564,507,37,121
1562,505,37,119
1561,505,38,120
1560,505,39,121
1559,505,40,122
1558,505,41,123
1557,505,42,124
1556,505,43,125
1555,505,44,126
1554,505,45,127
1553,505,46,128
1552,505,47,129
1551,505,48,130
1550,505,49,131
1549,505,50,132
1548,505,51,133
1547,501,45,131
1546,501,45,131
1545,501,45,131
1544,501,45,131
1543,501,45,131
1542,501,45,131
1541,501,45,131
1540,501,45,131
1539,501,45,131
1538,501,45,131
1537,501,45,131
1536,501,45,131
1535,501,45,131
1534,501,45,131
1533,501,45,131
1529,494,46,138
1528,494,46,138
1527,494,46,138
1526,494,46,138
1525,494,46,138
1524,494,46,138
1523,494,46,138
1522,494,46,138
1521,494,46,138
1520,494,46,138
1519,494,46,138
1518,494,46,138
1517,494,46,138
1516,494,46,138
1515,494,46,138
1516,501,50,141
1514,500,52,143
1512,499,54,145
1510,498,56,147
1508,497,58,149
1506,496,60,151
1504,495,62,153
1502,494,64,155
1500,493,66,157
1498,492,68,159
1496,491,70,161
1494,490,72,163
1492,489,74,165
1490,488,76,167
1488,487,78,169
1480,487,77,169
1478,487,76,170
1476,487,75,171
1474,487,74,172
1472,487,73,173
1470,487,72,174
1468,487,71,175
1466,487,70,176
1464,487,69,177
1462,487,68,178
1460,487,67,179
1458,487,66,180
1456,487,65,181
1454,487,64,182
1452,487,63,183
1453,484,58,181
1451,484,59,180
1449,484,60,179
1447,484,61,178
1445,484,62,177
1443,484,63,176
1441,484,64,175
1439,484,65,174
1437,484,66,173
1435,484,67,172
1433,484,68,171
1431,484,69,170
1429,484,70,169
1427,484,71,168
1425,484,72,167
1417,487,74,169
1416,487,74,170
1415,487,74,171
1414,487,74,172
1413,487,74,173
1412,487,74,174
1411,487,74,175
1410,487,74,176
1409,487,74,177
1408,487,74,178
1407,487,74,179
1406,487,74,180
1405,487,74,181
1404,487,74,182
1403,487,74,183
1396,488,71,189
1393,488,72,190
1390,488,73,191
1387,488,74,192
1384,488,75,193
1381,488,76,194
1378,488,77,195
1375,488,78,196
1372,488,79,197
1369,488,80,198
1366,488,81,199
1363,488,82,200
1360,488,83,201
1357,488,84,202
1354,488,85,203
1354,481,82,206
1352,481,81,206
1350,481,80,206
1348,481,79,206
1346,481,78,206
1344,481,77,206
1342,481,76,206
1340,481,75,206
1338,481,74,206
1336,481,73,206
1334,481,72,206
1332,481,71,206
1330,481,70,206
1328,481,69,206
1326,481,68,206
1328,487,60,205
1325,488,60,205
1322,489,60,205
1319,490,60,205
1316,491,60,205
1313,492,60,205
1310,493,60,205
1307,494,60,205
1304,495,60,205
1301,496,60,205
1298,497,60,205
1295,498,60,205
1292,499,60,205
1289,500,60,205
1286,501,60,205
1288,495,59,207
1284,495,61,206
1280,495,63,205
1276,495,65,204
1272,495,67,203
1268,495,69,202
1264,495,71,201
1260,495,73,200
1256,495,75,199
1252,495,77,198
1248,495,79,197
1244,495,81,196
1240,495,83,195
1236,495,85,194
1232,495,87,193
1235,499,94,197
1232,500,94,197
1229,501,94,197
1226,502,94,197
1223,503,94,197
1220,504,94,197
1217,505,94,197
1214,506,94,197
1211,507,94,197
1208,508,94,197
1205,509,94,197
1202,510,94,197
1199,511,94,197
1196,512,94,197
1193,513,94,197
1187,509,89,191
1182,509,90,191
1177,509,91,191
1172,509,92,191
1167,509,93,191
1162,509,94,191
1157,509,95,191
1152,509,96,191
1147,509,97,191
1142,509,98,191
1137,509,99,191
1132,509,100,191
1127,509,101,191
1122,509,102,191
1117,509,103,191
1119,508,97,198
1114,508,97,198
1109,508,97,198
1104,508,97,198
1099,508,97,198
1094,508,97,198
1089,508,97,198
1084,508,97,198
1079,508,97,198
1074,508,97,198
1069,508,97,198
1064,508,97,198
1059,508,97,198
1054,508,97,198
1049,508,97,198
1049,508,103,195
1044,508,104,196
1039,508,105,197
1034,508,106,198
1029,508,107,199
1024,508,108,200
1019,508,109,201
1014,508,110,202
1009,508,111,203
1004,508,112,204
999,508,113,205
994,508,114,206
989,508,115,207
984,508,116,208
979,508,117,209
972,502,121,209
969,504,119,208
966,506,117,207
963,508,115,206
960,510,113,205
957,512,111,204
954,514,109,203
951,516,107,202
948,518,105,201
945,520,103,200
942,522,101,199
939,524,99,198
936,526,97,197
933,528,95,196
930,530,93,195
926,525,91,192
922,524,92,193
918,523,93,194
914,522,94,195
910,521,95,196
906,520,96,197
902,519,97,198
898,518,98,199
894,517,99,200
890,516,100,201
886,515,101,202
882,514,102,203
878,513,103,204
874,512,104,205
870,511,105,206
863,516,100,203
859,516,100,204
855,516,100,205
851,516,100,206
847,516,100,207
843,516,100,208
839,516,100,209
835,516,100,210
831,516,100,211
827,516,100,212
823,516,100,213
819,516,100,214
815,516,100,215
811,516,100,216
807,516,100,217
804,522,100,222
802,522,100,223
800,522,100,224
798,522,100,225
796,522,100,226
794,522,100,227
792,522,100,228
790,522,100,229
788,522,100,230
786,522,100,231
784,522,100,232
782,522,100,233
780,522,100,234
778,522,100,235
776,522,100,236
771,521,94,234
767,522,95,235
763,523,96,236
759,524,97,237
755,525,98,238
751,526,99,239
747,527,100,240
743,528,101,241
739,529,102,242
735,530,103,243
731,531,104,244
727,532,105,245
723,533,106,246
719,534,107,247
715,535,108,248
705,531,114,247
703,531,112,248
701,531,110,249
699,531,108,250
697,531,106,251
695,531,104,252
693,531,102,253
691,531,100,254
689,531,98,255
687,531,96,256
685,531,94,257
683,531,92,258
681,531,90,259
679,531,88,260
677,531,86,261
675,536,87,262
672,537,89,263
669,538,91,264
666,539,93,265
663,540,95,266
660,541,97,267
657,542,99,268
654,543,101,269
651,544,103,270
648,545,105,271
645,546,107,272
642,547,109,273
639,548,111,274
636,549,113,275
633,550,115,276
624,552,114,271
