1496,418,43,109
1496,418,43,109
1496,418,43,109
1496,418,43,109
1496,418,43,109
1496,418,43,109
1496,418,43,109
1496,418,43,109
1496,418,43,109
1496,418,43,109
1496,418,43,109
1496,418,43,109
1496,418,43,109
1496,418,43,109
1496,418,43,109
1491,412,42,104
1490,411,43,106
1489,410,44,108
1488,409,45,110
1487,408,46,112
1486,407,47,114
1485,406,48,116
1484,405,49,118
1483,404,50,120
1482,403,51,122
1481,402,52,124
1480,401,53,126
1479,400,54,128
1478,399,55,130
1477,398,56,132
1479,397,51,127
1478,398,50,126
1477,399,49,125
1476,400,48,124
1475,401,47,123
1474,402,46,122
1473,403,45,121
1472,404,44,120
1471,405,43,119
1470,406,42,118
1469,407,41,117
1468,408,40,116
1467,409,39,115
1466,410,38,114
1465,411,37,113
1471,407,41,114
1470,408,41,114
1469,409,41,114
1468,410,41,114
1467,411,41,114
1466,412,41,114
1465,413,41,114
1464,414,41,114
1463,415,41,114
1462,416,41,114
1461,417,41,114
1460,418,41,114
1459,419,41,114
1458,420,41,114
1457,421,41,114
1463,417,35,112
1461,416,36,113
1459,415,37,114
1457,414,38,115
1455,413,39,116
1453,412,40,117
1451,411,41,118
1449,410,42,119
1447,409,43,120
1445,408,44,121
1443,407,45,122
1441,406,46,123
1439,405,47,124
1437,404,48,125
1435,403,49,126
1440,407,44,129
1437,407,46,130
1434,407,48,131
1431,407,50,132
1428,407,52,133
1425,407,54,134
1422,407,56,135
1419,407,58,136
1416,407,60,137
1413,407,62,138
1410,407,64,139
1407,407,66,140
1404,407,68,141
1401,407,70,142
1398,407,72,143
1402,401,68,151
1401,401,66,152
1400,401,64,153
1399,401,62,154
1398,401,60,155
1397,401,58,156
1396,401,56,157
1395,401,54,158
1394,401,52,159
1393,401,50,160
1392,401,48,161
1391,401,46,162
1390,401,44,163
1389,401,42,164
1388,401,40,165
1389,407,42,162
1386,407,43,162
1383,407,44,162
1380,407,45,162
1377,407,46,162
1374,407,47,162
1371,407,48,162
1368,407,49,162
1365,407,50,162
1362,407,51,162
1359,407,52,162
1356,407,53,162
1353,407,54,162
1350,407,55,162
1347,407,56,162
1348,407,57,165
1347,405,57,167
1346,403,57,169
1345,401,57,171
1344,399,57,173
1343,397,57,175
1342,395,57,177
1341,393,57,179
1340,391,57,181
1339,389,57,183
1338,387,57,185
1337,385,57,187
1336,383,57,189
1335,381,57,191
1334,379,57,193
1332,380,58,190
1331,380,59,190
1330,380,60,190
1329,380,61,190
1328,380,62,190
1327,380,63,190
1326,380,64,190
1325,380,65,190
1324,380,66,190
1323,380,67,190
1322,380,68,190
1321,380,69,190
1320,380,70,190
1319,380,71,190
1318,380,72,190
1312,378,66,194
1309,380,65,192
1306,382,64,190
1303,384,63,188
1300,386,62,186
1297,388,61,184
1294,390,60,182
1291,392,59,180
1288,394,58,178
1285,396,57,176
1282,398,56,174
1279,400,55,172
1276,402,54,170
1273,404,53,168
1270,406,52,166
1272,403,57,169
1270,403,58,171
1268,403,59,173
1266,403,60,175
1264,403,61,177
1262,403,62,179
1260,403,63,181
1258,403,64,183
1256,403,65,185
1254,403,66,187
1252,403,67,189
1250,403,68,191
1248,403,69,193
1246,403,70,195
1244,403,71,197
1244,400,79,206
1242,401,78,204
1240,402,77,202
1238,403,76,200
1236,404,75,198
1234,405,74,196
1232,406,73,194
1230,407,72,192
1228,408,71,190
1226,409,70,188
1224,410,69,186
1222,411,68,184
1220,412,67,182
1218,413,66,180
1216,414,65,178
1208,418,62,172
1206,418,62,174
1204,418,62,176
1202,418,62,178
1200,418,62,180
1198,418,62,182
1196,418,62,184
1194,418,62,186
1192,418,62,188
1190,418,62,190
1188,418,62,192
1186,418,62,194
1184,418,62,196
1182,418,62,198
1180,418,62,200
1175,424,66,208
1172,423,68,208
1169,422,70,208
1166,421,72,208
1163,420,74,208
1160,419,76,208
1157,418,78,208
1154,417,80,208
1151,416,82,208
1148,415,84,208
1145,414,86,208
1142,413,88,208
1139,412,90,208
1136,411,92,208
1133,410,94,208
1128,412,98,215
1124,413,98,215
1120,414,98,215
1116,415,98,215
1112,416,98,215
1108,417,98,215
1104,418,98,215
1100,419,98,215
1096,420,98,215
1092,421,98,215
1088,422,98,215
1084,423,98,215
1080,424,98,215
1076,425,98,215
1072,426,98,215
1074,420,104,215
1070,421,103,214
1066,422,102,213
1062,423,101,212
1058,424,100,211
1054,425,99,210
1050,426,98,209
1046,427,97,208
1042,428,96,207
1038,429,95,206
1034,430,94,205
1030,431,93,204
1026,432,92,203
1022,433,91,202
1018,434,90,201
1019,429,90,204
1017,428,91,205
1015,427,92,206
1013,426,93,207
1011,425,94,208
1009,424,95,209
1007,423,96,210
1005,422,97,211
1003,421,98,212
1001,420,99,213
999,419,100,214
997,418,101,215
995,417,102,216
993,416,103,217
991,415,104,218
985,414,100,216
981,415,101,216
977,416,102,216
973,417,103,216
969,418,104,216
965,419,105,216
961,420,106,216
957,421,107,216
953,422,108,216
949,423,109,216
945,424,110,216
941,425,111,216
937,426,112,216
933,427,113,216
929,428,114,216
924,424,116,220
920,423,115,221
916,422,114,222
912,421,113,223
908,420,112,224
904,419,111,225
900,418,110,226
896,417,109,227
892,416,108,228
888,415,107,229
884,414,106,230
880,413,105,231
876,412,104,232
872,411,103,233
868,410,102,234
865,412,103,241
863,411,100,241
861,410,97,241
859,409,94,241
857,408,91,241
855,407,88,241
853,406,85,241
851,405,82,241
849,404,79,241
847,403,76,241
845,402,73,241
843,401,70,241
841,400,67,241
839,399,64,241
837,398,61,241
831,404,55,235
828,405,57,235
825,406,59,235
822,407,61,235
819,408,63,235
816,409,65,235
813,410,67,235
810,411,69,235
807,412,71,235
804,413,73,235
801,414,75,235
798,415,77,235
795,416,79,235
792,417,81,235
789,418,83,235
781,423,92,235
777,424,94,235
773,425,96,235
769,426,98,235
765,427,100,235
761,428,102,235
757,429,104,235
753,430,106,235
749,431,108,235
745,432,110,235
741,433,112,235
737,434,114,235
733,435,116,235
729,436,118,235
725,437,120,235
725,431,121,242
722,432,119,241
719,433,117,240
716,434,115,239
713,435,113,238
710,436,111,237
707,437,109,236
704,438,107,235
701,439,105,234
698,440,103,233
695,441,101,232
692,442,99,231
689,443,97,230
686,444,95,229
683,445,93,228
684,447,92,234
682,447,91,234
680,447,90,234
678,447,89,234
676,447,88,234
674,447,87,234
672,447,86,234
670,447,85,234
668,447,84,234
666,447,83,234
664,447,82,234
662,447,81,234
660,447,80,234
658,447,79,234
656,447,78,234
655,452,80,240
652,452,82,242
649,452,84,244
646,452,86,246
643,452,88,248
640,452,90,250
637,452,92,252
634,452,94,254
631,452,96,256
628,452,98,258
625,452,100,260
622,452,102,262
619,452,104,264
616,452,106,266
613,452,108,268
607,451,106,268
602,452,108,267
597,453,110,266
592,454,112,265
587,455,114,264
582,456,116,263
577,457,118,262
572,458,120,261
567,459,122,260
562,460,124,259
557,461,126,258
552,462,128,257
547,463,130,256
542,464,132,255
537,465,134,254
532,472,135,254
531,472,132,256
530,472,129,258
529,472,126,260
528,472,123,262
527,472,120,264
526,472,117,266
525,472,114,268
524,472,111,270
523,472,108,272
522,472,105,274
521,472,102,276
520,472,99,278
519,472,96,280
518,472,93,282
522,469,91,280
519,470,93,281
516,471,95,282
513,472,97,283
510,473,99,284
507,474,101,285
504,475,103,286
501,476,105,287
498,477,107,288
495,478,109,289
492,479,111,290
489,480,113,291
486,481,115,292
483,482,117,293
480,483,119,294
474,491,114,292
472,492,115,294
470,493,116,296
468,494,117,298
466,495,118,300
464,496,119,302
462,497,120,304
460,498,121,306
458,499,122,308
456,500,123,310
454,501,124,312
452,502,125,314
450,503,126,316
448,504,127,318
446,505,128,320
440,506,129,317
