1363,397,66,204
1359,397,67,204
1355,397,68,204
1351,397,69,204
1347,397,70,204
1343,397,71,204
1339,397,72,204
1335,397,73,204
1331,397,74,204
1327,397,75,204
1323,397,76,204
1319,397,77,204
1315,397,78,204
1311,397,79,204
1307,397,80,204
1307,400,75,198
1307,399,74,199
1307,398,73,200
1307,397,72,201
1307,396,71,202
1307,395,70,203
1307,394,69,204
1307,393,68,205
1307,392,67,206
1307,391,66,207
1307,390,65,208
1307,389,64,209
1307,388,63,210
1307,387,62,211
1307,386,61,212
1305,390,61,211
1303,390,61,211
1301,390,61,211
1299,390,61,211
1297,390,61,211
1295,390,61,211
1293,390,61,211
1291,390,61,211
1289,390,61,211
1287,390,61,211
1285,390,61,211
1283,390,61,211
1281,390,61,211
1279,390,61,211
1277,390,61,211
1268,397,61,210
1266,397,61,210
1264,397,61,210
1262,397,61,210
1260,397,61,210
1258,397,61,210
1256,397,61,210
1254,397,61,210
1252,397,61,210
1250,397,61,210
1248,397,61,210
1246,397,61,210
1244,397,61,210
1242,397,61,210
1240,397,61,210
1238,399,60,205
1236,399,61,205
1234,399,62,205
1232,399,63,205
1230,399,64,205
1228,399,65,205
1226,399,66,205
1224,399,67,205
1222,399,68,205
1220,399,69,205
1218,399,70,205
1216,399,71,205
1214,399,72,205
1212,399,73,205
1210,399,74,205
1207,405,74,208
1206,405,73,208
1205,405,72,208
1204,405,71,208
1203,405,70,208
1202,405,69,208
1201,405,68,208
1200,405,67,208
1199,405,66,208
1198,405,65,208
1197,405,64,208
1196,405,63,208
1195,405,62,208
1194,405,61,208
1193,405,60,208
1191,402,60,213
1189,402,60,214
1187,402,60,215
1185,402,60,216
1183,402,60,217
1181,402,60,218
1179,402,60,219
1177,402,60,220
1175,402,60,221
1173,402,60,222
1171,402,60,223
1169,402,60,224
1167,402,60,225
1165,402,60,226
1163,402,60,227
1162,400,64,226
1159,401,65,226
1156,402,66,226
1153,403,67,226
1150,404,68,226
1147,405,69,226
1144,406,70,226
1141,407,71,226
1138,408,72,226
1135,409,73,226
1132,410,74,226
1129,411,75,226
1126,412,76,226
1123,413,77,226
1120,414,78,226
1118,409,85,224
1117,409,83,224
1116,409,81,224
1115,409,79,224
1114,409,77,224
1113,409,75,224
1112,409,73,224
1111,409,71,224
1110,409,69,224
1109,409,67,224
1108,409,65,224
1107,409,63,224
1106,409,61,224
1105,409,59,224
1104,409,57,224
1109,402,55,224
1107,402,55,225
1105,402,55,226
1103,402,55,227
1101,402,55,228
1099,402,55,229
1097,402,55,230
1095,402,55,231
1093,402,55,232
1091,402,55,233
1089,402,55,234
1087,402,55,235
1085,402,55,236
1083,402,55,237
1081,402,55,238
1080,405,60,234
1077,405,60,233
1074,405,60,232
1071,405,60,231
1068,405,60,230
1065,405,60,229
1062,405,60,228
1059,405,60,227
1056,405,60,226
1053,405,60,225
1050,405,60,224
1047,405,60,223
1044,405,60,222
1041,405,60,221
1038,405,60,220
1038,408,62,225
1036,408,63,225
1034,408,64,225
1032,408,65,225
1030,408,66,225
1028,408,67,225
1026,408,68,225
1024,408,69,225
1022,408,70,225
1020,408,71,225
1018,408,72,225
1016,408,73,225
1014,408,74,225
1012,408,75,225
1010,408,76,225
1014,403,79,231
1010,403,79,231
1006,403,79,231
1002,403,79,231
998,403,79,231
994,403,79,231
990,403,79,231
986,403,79,231
982,403,79,231
978,403,79,231
974,403,79,231
970,403,79,231
966,403,79,231
962,403,79,231
958,403,79,231
959,406,81,234
958,406,81,234
957,406,81,234
956,406,81,234
955,406,81,234
954,406,81,234
953,406,81,234
952,406,81,234
951,406,81,234
950,406,81,234
949,406,81,234
948,406,81,234
947,406,81,234
946,406,81,234
945,406,81,234
947,403,85,229
944,403,84,229
941,403,83,229
938,403,82,229
935,403,81,229
932,403,80,229
929,403,79,229
926,403,78,229
923,403,77,229
920,403,76,229
917,403,75,229
914,403,74,229
911,403,73,229
908,403,72,229
905,403,71,229
905,405,76,229
904,404,75,229
903,403,74,229
902,402,73,229
901,401,72,229
900,400,71,229
899,399,70,229
898,398,69,229
897,397,68,229
896,396,67,229
895,395,66,229
894,394,65,229
893,393,64,229
892,392,63,229
891,391,62,229
886,397,56,230
883,397,58,229
880,397,60,228
877,397,62,227
874,397,64,226
871,397,66,225
868,397,68,224
865,397,70,223
862,397,72,222
859,397,74,221
856,397,76,220
853,397,78,219
850,397,80,218
847,397,82,217
844,397,84,216
844,399,85,222
843,399,83,222
842,399,81,222
841,399,79,222
840,399,77,222
839,399,75,222
838,399,73,222
837,399,71,222
836,399,69,222
835,399,67,222
834,399,65,222
833,399,63,222
832,399,61,222
831,399,59,222
830,399,57,222
825,399,52,221
822,398,55,221
819,397,58,221
816,396,61,221
813,395,64,221
810,394,67,221
807,393,70,221
804,392,73,221
801,391,76,221
798,390,79,221
795,389,82,221
792,388,85,221
789,387,88,221
786,386,91,221
783,385,94,221
781,387,95,228
777,387,95,228
773,387,95,228
769,387,95,228
765,387,95,228
761,387,95,228
757,387,95,228
753,387,95,228
749,387,95,228
745,387,95,228
741,387,95,228
737,387,95,228
733,387,95,228
729,387,95,228
725,387,95,228
727,392,92,223
726,392,90,223
725,392,88,223
724,392,86,223
723,392,84,223
722,392,82,223
721,392,80,223
720,392,78,223
719,392,76,223
718,392,74,223
717,392,72,223
716,392,70,223
715,392,68,223
714,392,66,223
713,392,64,223
706,393,68,217
702,393,71,218
698,393,74,219
694,393,77,220
690,393,80,221
686,393,83,222
682,393,86,223
678,393,89,224
674,393,92,225
670,393,95,226
666,393,98,227
662,393,101,228
658,393,104,229
654,393,107,230
650,393,110,231
646,392,107,231
644,392,104,231
642,392,101,231
640,392,98,231
638,392,95,231
636,392,92,231
634,392,89,231
632,392,86,231
630,392,83,231
628,392,80,231
626,392,77,231
624,392,74,231
622,392,71,231
620,392,68,231
618,392,65,231
614,396,67,231
611,396,68,231
608,396,69,231
605,396,70,231
602,396,71,231
599,396,72,231
596,396,73,231
593,396,74,231
590,396,75,231
587,396,76,231
584,396,77,231
581,396,78,231
578,396,79,231
575,396,80,231
572,396,81,231
575,397,86,229
573,397,86,229
571,397,86,229
569,397,86,229
567,397,86,229
565,397,86,229
563,397,86,229
561,397,86,229
559,397,86,229
557,397,86,229
555,397,86,229
553,397,86,229
551,397,86,229
549,397,86,229
547,397,86,229
538,402,85,224
536,402,84,224
534,402,83,224
532,402,82,224
530,402,81,224
528,402,80,224
526,402,79,224
524,402,78,224
522,402,77,224
520,402,76,224
518,402,75,224
516,402,74,224
514,402,73,224
512,402,72,224
510,402,71,224
501,403,64,226
498,403,66,226
495,403,68,226
492,403,70,226
489,403,72,226
486,403,74,226
483,403,76,226
480,403,78,226
477,403,80,226
474,403,82,226
471,403,84,226
468,403,86,226
465,403,88,226
462,403,90,226
459,403,92,226
461,402,96,232
459,402,94,231
457,402,92,230
455,402,90,229
453,402,88,228
451,402,86,227
449,402,84,226
447,402,82,225
445,402,80,224
443,402,78,223
441,402,76,222
439,402,74,221
437,402,72,220
435,402,70,219
433,402,68,218
428,402,69,224
425,402,72,224
422,402,75,224
419,402,78,224
416,402,81,224
413,402,84,224
410,402,87,224
407,402,90,224
404,402,93,224
401,402,96,224
398,402,99,224
395,402,102,224
392,402,105,224
389,402,108,224
386,402,111,224
385,403,107,227
383,403,105,228
381,403,103,229
379,403,101,230
377,403,99,231
375,403,97,232
373,403,95,233
371,403,93,234
369,403,91,235
367,403,89,236
365,403,87,237
363,403,85,238
361,403,83,239
359,403,81,240
357,403,79,241
353,403,78,237
