1530,384,82,181
1529,384,81,182
1528,384,80,183
1527,384,79,184
1526,384,78,185
1525,384,77,186
1524,384,76,187
1523,384,75,188
1522,384,74,189
1521,384,73,190
1520,384,72,191
1519,384,71,192
1518,384,70,193
1517,384,69,194
1516,384,68,195
1521,380,72,190
1521,379,72,192
1521,378,72,194
1521,377,72,196
1521,376,72,198
1521,375,72,200
1521,374,72,202
1521,373,72,204
1521,372,72,206
1521,371,72,208
1521,370,72,210
1521,369,72,212
1521,368,72,214
1521,367,72,216
1521,366,72,218
1518,370,78,213
1517,370,78,213
1516,370,78,213
1515,370,78,213
1514,370,78,213
1513,370,78,213
1512,370,78,213
1511,370,78,213
1510,370,78,213
1509,370,78,213
1508,370,78,213
1507,370,78,213
1506,370,78,213
1505,370,78,213
1504,370,78,213
1510,375,77,211
1510,375,77,211
1510,375,77,211
1510,375,77,211
1510,375,77,211
1510,375,77,211
1510,375,77,211
1510,375,77,211
1510,375,77,211
1510,375,77,211
1510,375,77,211
1510,375,77,211
1510,375,77,211
1510,375,77,211
1510,375,77,211
1507,373,77,216
1506,373,77,217
1505,373,77,218
1504,373,77,219
1503,373,77,220
1502,373,77,221
1501,373,77,222
1500,373,77,223
1499,373,77,224
1498,373,77,225
1497,373,77,226
1496,373,77,227
1495,373,77,228
1494,373,77,229
1493,373,77,230
1498,380,80,224
1497,380,81,224
1496,380,82,224
1495,380,83,224
1494,380,84,224
1493,380,85,224
1492,380,86,224
1491,380,87,224
1490,380,88,224
1489,380,89,224
1488,380,90,224
1487,380,91,224
1486,380,92,224
1485,380,93,224
1484,380,94,224
1486,384,91,224
1486,384,90,225
1486,384,89,226
1486,384,88,227
1486,384,87,228
1486,384,86,229
1486,384,85,230
1486,384,84,231
1486,384,83,232
1486,384,82,233
1486,384,81,234
1486,384,80,235
1486,384,79,236
1486,384,78,237
1486,384,77,238
1480,384,76,233
1479,385,76,233
1478,386,76,233
1477,387,76,233
1476,388,76,233
1475,389,76,233
1474,390,76,233
1473,391,76,233
1472,392,76,233
1471,393,76,233
1470,394,76,233
1469,395,76,233
1468,396,76,233
1467,397,76,233
1466,398,76,233
1465,392,75,239
1461,392,77,238
1457,392,79,237
1453,392,81,236
1449,392,83,235
1445,392,85,234
1441,392,87,233
1437,392,89,232
1433,392,91,231
1429,392,93,230
1425,392,95,229
1421,392,97,228
1417,392,99,227
1413,392,101,226
1409,392,103,225
1408,398,105,231
1407,397,103,232
1406,396,101,233
1405,395,99,234
1404,394,97,235
1403,393,95,236
1402,392,93,237
1401,391,91,238
1400,390,89,239
1399,389,87,240
1398,388,85,241
1397,387,83,242
1396,386,81,243
1395,385,79,244
1394,384,77,245
1398,384,78,252
1396,384,79,252
1394,384,80,252
1392,384,81,252
1390,384,82,252
1388,384,83,252
1386,384,84,252
1384,384,85,252
1382,384,86,252
1380,384,87,252
1378,384,88,252
1376,384,89,252
1374,384,90,252
1372,384,91,252
1370,384,92,252
1361,391,89,251
1356,391,91,252
1351,391,93,253
1346,391,95,254
1341,391,97,255
1336,391,99,256
1331,391,101,257
1326,391,103,258
1321,391,105,259
1316,391,107,260
1311,391,109,261
1306,391,111,262
1301,391,113,263
1296,391,115,264
1291,391,117,265
1292,388,119,259
1292,387,117,260
1292,386,115,261
1292,385,113,262
1292,384,111,263
1292,383,109,264
1292,382,107,265
1292,381,105,266
1292,380,103,267
1292,379,101,268
1292,378,99,269
1292,377,97,270
1292,376,95,271
1292,375,93,272
1292,374,91,273
1294,380,82,268
1290,380,83,268
1286,380,84,268
1282,380,85,268
1278,380,86,268
1274,380,87,268
1270,380,88,268
1266,380,89,268
1262,380,90,268
1258,380,91,268
1254,380,92,268
1250,380,93,268
1246,380,94,268
1242,380,95,268
1238,380,96,268
1234,381,98,274
1228,381,100,274
1222,381,102,274
1216,381,104,274
1210,381,106,274
1204,381,108,274
1198,381,110,274
1192,381,112,274
1186,381,114,274
1180,381,116,274
1174,381,118,274
1168,381,120,274
1162,381,122,274
1156,381,124,274
1150,381,126,274
1149,377,124,279
1148,376,121,279
1147,375,118,279
1146,374,115,279
1145,373,112,279
1144,372,109,279
1143,371,106,279
1142,370,103,279
1141,369,100,279
1140,368,97,279
1139,367,94,279
1138,366,91,279
1137,365,88,279
1136,364,85,279
1135,363,82,279
1135,369,79,279
1129,369,82,279
1123,369,85,279
1117,369,88,279
1111,369,91,279
1105,369,94,279
1099,369,97,279
1093,369,100,279
1087,369,103,279
1081,369,106,279
1075,369,109,279
1069,369,112,279
1063,369,115,279
1057,369,118,279
1051,369,121,279
1052,369,126,279
1047,368,125,279
1042,367,124,279
1037,366,123,279
1032,365,122,279
1027,364,121,279
1022,363,120,279
1017,362,119,279
1012,361,118,279
1007,360,117,279
1002,359,116,279
997,358,115,279
992,357,114,279
987,356,113,279
982,355,112,279
983,361,116,283
981,360,114,283
979,359,112,283
977,358,110,283
975,357,108,283
973,356,106,283
971,355,104,283
969,354,102,283
967,353,100,283
965,352,98,283
963,351,96,283
961,350,94,283
959,349,92,283
957,348,90,283
955,347,88,283
953,353,88,278
947,353,91,278
941,353,94,278
935,353,97,278
929,353,100,278
923,353,103,278
917,353,106,278
911,353,109,278
905,353,112,278
899,353,115,278
893,353,118,278
887,353,121,278
881,353,124,278
875,353,127,278
869,353,130,278
863,348,130,278
857,348,131,278
851,348,132,278
845,348,133,278
839,348,134,278
833,348,135,278
827,348,136,278
821,348,137,278
815,348,138,278
809,348,139,278
803,348,140,278
797,348,141,278
791,348,142,278
785,348,143,278
779,348,144,278
770,350,147,276
769,349,142,277
768,348,137,278
767,347,132,279
766,346,127,280
765,345,122,281
764,344,117,282
763,343,112,283
762,342,107,284
761,341,102,285
760,340,97,286
759,339,92,287
758,338,87,288
757,337,82,289
756,336,77,290
756,334,66,285
752,333,68,285
748,332,70,285
744,331,72,285
740,330,74,285
736,329,76,285
732,328,78,285
728,327,80,285
724,326,82,285
720,325,84,285
716,324,86,285
712,323,88,285
708,322,90,285
704,321,92,285
700,320,94,285
691,325,89,286
684,325,92,286
677,325,95,286
670,325,98,286
663,325,101,286
656,325,104,286
649,325,107,286
642,325,110,286
635,325,113,286
628,325,116,286
621,325,119,286
614,325,122,286
607,325,125,286
600,325,128,286
593,325,131,286
592,323,138,286
587,323,137,286
582,323,136,286
577,323,135,286
572,323,134,286
567,323,133,286
562,323,132,286
557,323,131,286
552,323,130,286
547,323,129,286
542,323,128,286
537,323,127,286
532,323,126,286
527,323,125,286
522,323,124,286
518,316,121,288
515,316,117,288
512,316,113,288
509,316,109,288
506,316,105,288
503,316,101,288
500,316,97,288
497,316,93,288
494,316,89,288
491,316,85,288
488,316,81,288
485,316,77,288
482,316,73,288
479,316,69,288
476,316,65,288
476,311,62,290
471,311,66,290
466,311,70,290
461,311,74,290
456,311,78,290
451,311,82,290
446,311,86,290
441,311,90,290
436,311,94,290
431,311,98,290
426,311,102,290
421,311,106,290
416,311,110,290
411,311,114,290
406,311,118,290
401,309,118,288
396,309,118,288
391,309,118,288
386,309,118,288
381,309,118,288
376,309,118,288
371,309,118,288
366,309,118,288
361,309,118,288
356,309,118,288
351,309,118,288
346,309,118,288
341,309,118,288
336,309,118,288
331,309,118,288
329,308,121,290
324,308,120,290
319,308,119,290
314,308,118,290
309,308,117,290
304,308,116,290
299,308,115,290
294,308,114,290
289,308,113,290
284,308,112,290
279,308,111,290
274,308,110,290
269,308,109,290
264,308,108,290
259,308,107,290
259,303,112,286
257,303,111,286
255,303,110,286
253,303,109,286
251,303,108,286
249,303,107,286
247,303,106,286
245,303,105,286
243,303,104,286
241,303,103,286
239,303,102,286
237,303,101,286
235,303,100,286
233,303,99,286
231,303,98,286
227,297,93,290
