1425,598,54,126
1424,598,53,126
1423,598,52,126
1422,598,51,126
1421,598,50,126
1420,598,49,126
1419,598,48,126
1418,598,47,126
1417,598,46,126
1416,598,45,126
1415,598,44,126
1414,598,43,126
1413,598,42,126
1412,598,41,126
1411,598,40,126
1411,598,45,124
1410,598,46,124
1409,598,47,124
1408,598,48,124
1407,598,49,124
1406,598,50,124
1405,598,51,124
1404,598,52,124
1403,598,53,124
1402,598,54,124
1401,598,55,124
1400,598,56,124
1399,598,57,124
1398,598,58,124
1397,598,59,124
1396,596,53,126
1396,596,53,127
1396,596,53,128
1396,596,53,129
1396,596,53,130
1396,596,53,131
1396,596,53,132
1396,596,53,133
1396,596,53,134
1396,596,53,135
1396,596,53,136
1396,596,53,137
1396,596,53,138
1396,596,53,139
1396,596,53,140
1394,590,55,145
1394,590,55,145
1394,590,55,145
1394,590,55,145
1394,590,55,145
1394,590,55,145
1394,590,55,145
1394,590,55,145
1394,590,55,145
1394,590,55,145
1394,590,55,145
1394,590,55,145
1394,590,55,145
1394,590,55,145
1394,590,55,145
1392,593,53,148
1391,593,53,148
1390,593,53,148
1389,593,53,148
1388,593,53,148
1387,593,53,148
1386,593,53,148
1385,593,53,148
1384,593,53,148
1383,593,53,148
1382,593,53,148
1381,593,53,148
1380,593,53,148
1379,593,53,148
1378,593,53,148
1384,593,59,149
1384,593,59,150
1384,593,59,151
1384,593,59,152
1384,593,59,153
1384,593,59,154
1384,593,59,155
1384,593,59,156
1384,593,59,157
1384,593,59,158
1384,593,59,159
1384,593,59,160
1384,593,59,161
1384,593,59,162
1384,593,59,163
1382,595,59,158
1382,595,59,158
1382,595,59,158
1382,595,59,158
1382,595,59,158
1382,595,59,158
1382,595,59,158
1382,595,59,158
1382,595,59,158
1382,595,59,158
1382,595,59,158
1382,595,59,158
1382,595,59,158
1382,595,59,158
1382,595,59,158
1375,602,58,162
1374,602,58,162
1373,602,58,162
1372,602,58,162
1371,602,58,162
1370,602,58,162
1369,602,58,162
1368,602,58,162
1367,602,58,162
1366,602,58,162
1365,602,58,162
1364,602,58,162
1363,602,58,162
1362,602,58,162
1361,602,58,162
1363,604,57,168
1362,604,57,168
1361,604,57,168
1360,604,57,168
1359,604,57,168
1358,604,57,168
1357,604,57,168
1356,604,57,168
1355,604,57,168
1354,604,57,168
1353,604,57,168
1352,604,57,168
1351,604,57,168
1350,604,57,168
1349,604,57,168
1348,609,56,163
1347,609,57,163
1346,609,58,163
1345,609,59,163
1344,609,60,163
1343,609,61,163
1342,609,62,163
1341,609,63,163
1340,609,64,163
1339,609,65,163
1338,609,66,163
1337,609,67,163
1336,609,68,163
1335,609,69,163
1334,609,70,163
1326,610,65,167
1324,611,65,167
1322,612,65,167
1320,613,65,167
1318,614,65,167
1316,615,65,167
1314,616,65,167
1312,617,65,167
1310,618,65,167
1308,619,65,167
1306,620,65,167
1304,621,65,167
1302,622,65,167
1300,623,65,167
1298,624,65,167
1299,618,63,170
1296,618,63,171
1293,618,63,172
1290,618,63,173
1287,618,63,174
1284,618,63,175
1281,618,63,176
1278,618,63,177
1275,618,63,178
1272,618,63,179
1269,618,63,180
1266,618,63,181
1263,618,63,182
1260,618,63,183
1257,618,63,184
1261,615,70,179
1260,615,70,179
1259,615,70,179
1258,615,70,179
1257,615,70,179
1256,615,70,179
1255,615,70,179
1254,615,70,179
1253,615,70,179
1252,615,70,179
1251,615,70,179
1250,615,70,179
1249,615,70,179
1248,615,70,179
1247,615,70,179
1247,613,63,186
1245,613,64,186
1243,613,65,186
1241,613,66,186
1239,613,67,186
1237,613,68,186
1235,613,69,186
1233,613,70,186
1231,613,71,186
1229,613,72,186
1227,613,73,186
1225,613,74,186
1223,613,75,186
1221,613,76,186
1219,613,77,186
1213,620,78,187
1209,620,79,187
1205,620,80,187
1201,620,81,187
1197,620,82,187
1193,620,83,187
1189,620,84,187
1185,620,85,187
1181,620,86,187
1177,620,87,187
1173,620,88,187
1169,620,89,187
1165,620,90,187
1161,620,91,187
1157,620,92,187
1159,626,87,188
1158,626,85,188
1157,626,83,188
1156,626,81,188
1155,626,79,188
1154,626,77,188
1153,626,75,188
1152,626,73,188
1151,626,71,188
1150,626,69,188
1149,626,67,188
1148,626,65,188
1147,626,63,188
1146,626,61,188
1145,626,59,188
1138,621,55,195
1135,621,57,194
1132,621,59,193
1129,621,61,192
1126,621,63,191
1123,621,65,190
1120,621,67,189
1117,621,69,188
1114,621,71,187
1111,621,73,186
1108,621,75,185
1105,621,77,184
1102,621,79,183
1099,621,81,182
1096,621,83,181
1091,626,80,187
1086,626,81,187
1081,626,82,187
1076,626,83,187
1071,626,84,187
1066,626,85,187
1061,626,86,187
1056,626,87,187
1051,626,88,187
1046,626,89,187
1041,626,90,187
1036,626,91,187
1031,626,92,187
1026,626,93,187
1021,626,94,187
1022,627,99,189
1019,627,98,189
1016,627,97,189
1013,627,96,189
1010,627,95,189
1007,627,94,189
1004,627,93,189
1001,627,92,189
998,627,91,189
995,627,90,189
992,627,89,189
989,627,88,189
986,627,87,189
983,627,86,189
980,627,85,189
978,629,86,190
976,629,85,190
974,629,84,190
972,629,83,190
970,629,82,190
968,629,81,190
966,629,80,190
964,629,79,190
962,629,78,190
960,629,77,190
958,629,76,190
956,629,75,190
954,629,74,190
952,629,73,190
950,629,72,190
951,629,64,188
947,629,66,188
943,629,68,188
939,629,70,188
935,629,72,188
931,629,74,188
927,629,76,188
923,629,78,188
919,629,80,188
915,629,82,188
911,629,84,188
907,629,86,188
903,629,88,188
899,629,90,188
895,629,92,188
897,627,97,195
893,627,97,194
889,627,97,193
885,627,97,192
881,627,97,191
877,627,97,190
873,627,97,189
869,627,97,188
865,627,97,187
861,627,97,186
857,627,97,185
853,627,97,184
849,627,97,183
845,627,97,182
841,627,97,181
833,632,98,187
830,632,97,187
827,632,96,187
824,632,95,187
821,632,94,187
818,632,93,187
815,632,92,187
812,632,91,187
809,632,90,187
806,632,89,187
803,632,88,187
800,632,87,187
797,632,86,187
794,632,85,187
791,632,84,187
793,627,76,192
791,627,76,192
789,627,76,192
787,627,76,192
785,627,76,192
783,627,76,192
781,627,76,192
779,627,76,192
777,627,76,192
775,627,76,192
773,627,76,192
771,627,76,192
769,627,76,192
767,627,76,192
765,627,76,192
758,623,80,194
754,623,81,194
750,623,82,194
746,623,83,194
742,623,84,194
738,623,85,194
734,623,86,194
730,623,87,194
726,623,88,194
722,623,89,194
718,623,90,194
714,623,91,194
710,623,92,194
706,623,93,194
702,623,94,194
702,627,98,192
698,627,98,192
694,627,98,192
690,627,98,192
686,627,98,192
682,627,98,192
678,627,98,192
674,627,98,192
670,627,98,192
666,627,98,192
662,627,98,192
658,627,98,192
654,627,98,192
650,627,98,192
646,627,98,192
635,626,101,198
633,626,99,198
631,626,97,198
629,626,95,198
627,626,93,198
625,626,91,198
623,626,89,198
621,626,87,198
619,626,85,198
617,626,83,198
615,626,81,198
613,626,79,198
611,626,77,198
609,626,75,198
607,626,73,198
606,621,67,204
