1496,466,55,137
1495,466,55,137
1494,466,55,137
1493,466,55,137
1492,466,55,137
1491,466,55,137
1490,466,55,137
1489,466,55,137
1488,466,55,137
1487,466,55,137
1486,466,55,137
1485,466,55,137
1484,466,55,137
1483,466,55,137
1482,466,55,137
1476,466,52,139
1475,466,53,140
1474,466,54,141
1473,466,55,142
1472,466,56,143
1471,466,57,144
1470,466,58,145
1469,466,59,146
1468,466,60,147
1467,466,61,148
1466,466,62,149
1465,466,63,150
1464,466,64,151
1463,466,65,152
1462,466,66,153
1461,463,65,151
1461,463,64,151
1461,463,63,151
1461,463,62,151
1461,463,61,151
1461,463,60,151
1461,463,59,151
1461,463,58,151
1461,463,57,151
1461,463,56,151
1461,463,55,151
1461,463,54,151
1461,463,53,151
1461,463,52,151
1461,463,51,151
1463,462,55,157
1462,462,56,157
1461,462,57,157
1460,462,58,157
1459,462,59,157
1458,462,60,157
1457,462,61,157
1456,462,62,157
1455,462,63,157
1454,462,64,157
1453,462,65,157
1452,462,66,157
1451,462,67,157
1450,462,68,157
1449,462,69,157
1443,464,73,161
1443,464,72,161
1443,464,71,161
1443,464,70,161
1443,464,69,161
1443,464,68,161
1443,464,67,161
1443,464,66,161
1443,464,65,161
1443,464,64,161
1443,464,63,161
1443,464,62,161
1443,464,61,161
1443,464,60,161
1443,464,59,161
1445,468,64,167
1444,468,64,168
1443,468,64,169
1442,468,64,170
1441,468,64,171
1440,468,64,172
1439,468,64,173
1438,468,64,174
1437,468,64,175
1436,468,64,176
1435,468,64,177
1434,468,64,178
1433,468,64,179
1432,468,64,180
1431,468,64,181
1430,468,63,175
1429,468,63,175
1428,468,63,175
1427,468,63,175
1426,468,63,175
1425,468,63,175
1424,468,63,175
1423,468,63,175
1422,468,63,175
1421,468,63,175
1420,468,63,175
1419,468,63,175
1418,468,63,175
1417,468,63,175
1416,468,63,175
1414,475,63,179
1412,475,63,179
1410,475,63,179
1408,475,63,179
1406,475,63,179
1404,475,63,179
1402,475,63,179
1400,475,63,179
1398,475,63,179
1396,475,63,179
1394,475,63,179
1392,475,63,179
1390,475,63,179
1388,475,63,179
1386,475,63,179
1381,479,67,180
1379,479,66,180
1377,479,65,180
1375,479,64,180
1373,479,63,180
1371,479,62,180
1369,479,61,180
1367,479,60,180
1365,479,59,180
1363,479,58,180
1361,479,57,180
1359,479,56,180
1357,479,55,180
1355,479,54,180
1353,479,53,180
1356,483,59,185
1352,483,61,185
1348,483,63,185
1344,483,65,185
1340,483,67,185
1336,483,69,185
1332,483,71,185
1328,483,73,185
1324,483,75,185
1320,483,77,185
1316,483,79,185
1312,483,81,185
1308,483,83,185
1304,483,85,185
1300,483,87,185
1300,483,84,191
1298,483,83,191
1296,483,82,191
1294,483,81,191
1292,483,80,191
1290,483,79,191
1288,483,78,191
1286,483,77,191
1284,483,76,191
1282,483,75,191
1280,483,74,191
1278,483,73,191
1276,483,72,191
1274,483,71,191
1272,483,70,191
1272,487,67,196
1269,487,66,196
1266,487,65,196
1263,487,64,196
1260,487,63,196
1257,487,62,196
1254,487,61,196
1251,487,60,196
1248,487,59,196
1245,487,58,196
1242,487,57,196
1239,487,56,196
1236,487,55,196
1233,487,54,196
1230,487,53,196
1234,487,59,197
1231,487,59,197
1228,487,59,197
1225,487,59,197
1222,487,59,197
1219,487,59,197
1216,487,59,197
1213,487,59,197
1210,487,59,197
1207,487,59,197
1204,487,59,197
1201,487,59,197
1198,487,59,197
1195,487,59,197
1192,487,59,197
1193,487,65,204
1189,487,66,204
1185,487,67,204
1181,487,68,204
1177,487,69,204
1173,487,70,204
1169,487,71,204
1165,487,72,204
1161,487,73,204
1157,487,74,204
1153,487,75,204
1149,487,76,204
1145,487,77,204
1141,487,78,204
1137,487,79,204
1134,488,73,198
1129,488,75,198
1124,488,77,198
1119,488,79,198
1114,488,81,198
1109,488,83,198
1104,488,85,198
1099,488,87,198
1094,488,89,198
1089,488,91,198
1084,488,93,198
1079,488,95,198
1074,488,97,198
1069,488,99,198
1064,488,101,198
1061,485,100,198
1057,485,100,198
1053,485,100,198
1049,485,100,198
1045,485,100,198
1041,485,100,198
1037,485,100,198
1033,485,100,198
1029,485,100,198
1025,485,100,198
1021,485,100,198
1017,485,100,198
1013,485,100,198
1009,485,100,198
1005,485,100,198
996,489,97,198
991,489,98,198
986,489,99,198
981,489,100,198
976,489,101,198
971,489,102,198
966,489,103,198
961,489,104,198
956,489,105,198
951,489,106,198
946,489,107,198
941,489,108,198
936,489,109,198
931,489,110,198
926,489,111,198
921,488,111,198
917,488,110,198
913,488,109,198
909,488,108,198
905,488,107,198
901,488,106,198
897,488,105,198
893,488,104,198
889,488,103,198
885,488,102,198
881,488,101,198
877,488,100,198
873,488,99,198
869,488,98,198
865,488,97,198
860,481,102,201
857,481,100,201
854,481,98,201
851,481,96,201
848,481,94,201
845,481,92,201
842,481,90,201
839,481,88,201
836,481,86,201
833,481,84,201
830,481,82,201
827,481,80,201
824,481,78,201
821,481,76,201
818,481,74,201
822,483,72,201
818,483,72,201
814,483,72,201
810,483,72,201
806,483,72,201
802,483,72,201
798,483,72,201
794,483,72,201
790,483,72,201
786,483,72,201
782,483,72,201
778,483,72,201
774,483,72,201
770,483,72,201
766,483,72,201
765,478,71,204
761,478,72,204
757,478,73,204
753,478,74,204
749,478,75,204
745,478,76,204
741,478,77,204
737,478,78,204
733,478,79,204
729,478,80,204
725,478,81,204
721,478,82,204
717,478,83,204
713,478,84,204
709,478,85,204
705,479,81,200
701,479,82,201
697,479,83,202
693,479,84,203
689,479,85,204
685,479,86,205
681,479,87,206
677,479,88,207
673,479,89,208
669,479,90,209
665,479,91,210
661,479,92,211
657,479,93,212
653,479,94,213
649,479,95,214
649,472,92,211
645,472,92,211
641,472,92,211
637,472,92,211
633,472,92,211
629,472,92,211
625,472,92,211
621,472,92,211
617,472,92,211
613,472,92,211
609,472,92,211
605,472,92,211
601,472,92,211
597,472,92,211
593,472,92,211
592,471,96,207
