5,345,96,352
9,345,96,349
13,345,96,346
17,345,96,343
21,345,96,340
25,345,96,337
29,345,96,334
33,345,96,331
37,345,96,328
41,345,96,325
45,345,96,322
49,345,96,319
53,345,96,316
57,345,96,313
61,345,96,310
72,345,90,310
76,345,92,311
80,345,94,312
84,345,96,313
88,345,98,314
92,345,100,315
96,345,102,316
100,345,104,317
104,345,106,318
108,345,108,319
112,345,110,320
116,345,112,321
120,345,114,322
124,345,116,323
128,345,118,324
129,339,116,330
132,339,116,330
135,339,116,330
138,339,116,330
141,339,116,330
144,339,116,330
147,339,116,330
150,339,116,330
153,339,116,330
156,339,116,330
159,339,116,330
162,339,116,330
165,339,116,330
168,339,116,330
171,339,116,330
178,339,116,334
181,339,118,334
184,339,120,334
187,339,122,334
190,339,124,334
193,339,126,334
196,339,128,334
199,339,130,334
202,339,132,334
205,339,134,334
208,339,136,334
211,339,138,334
214,339,140,334
217,339,142,334
220,339,144,334
220,341,145,329
222,340,144,329
224,339,143,329
226,338,142,329
228,337,141,329
230,336,140,329
232,335,139,329
234,334,138,329
236,333,137,329
238,332,136,329
240,331,135,329
242,330,134,329
244,329,133,329
246,328,132,329
248,327,131,329
249,327,126,327
252,327,125,326
255,327,124,325
258,327,123,324
261,327,122,323
264,327,121,322
267,327,120,321
270,327,119,320
273,327,118,319
276,327,117,318
279,327,116,317
282,327,115,316
285,327,114,315
288,327,113,314
291,327,112,313
290,324,110,313
293,323,112,313
296,322,114,313
299,321,116,313
302,320,118,313
305,319,120,313
308,318,122,313
311,317,124,313
314,316,126,313
317,315,128,313
320,314,130,313
323,313,132,313
326,312,134,313
329,311,136,313
332,310,138,313
335,316,134,318
338,316,132,317
341,316,130,316
344,316,128,315
347,316,126,314
350,316,124,313
353,316,122,312
356,316,120,311
359,316,118,310
362,316,116,309
365,316,114,308
368,316,112,307
371,316,110,306
374,316,108,305
377,316,106,304
378,313,98,309
380,313,99,308
382,313,100,307
384,313,101,306
386,313,102,305
388,313,103,304
390,313,104,303
392,313,105,302
394,313,106,301
396,313,107,300
398,313,108,299
400,313,109,298
402,313,110,297
404,313,111,296
406,313,112,295
406,318,111,296
411,318,113,297
416,318,115,298
421,318,117,299
426,318,119,300
431,318,121,301
436,318,123,302
441,318,125,303
446,318,127,304
451,318,129,305
456,318,131,306
461,318,133,307
466,318,135,308
471,318,137,309
476,318,139,310
482,320,134,309
487,320,130,309
492,320,126,309
497,320,122,309
502,320,118,309
507,320,114,309
512,320,110,309
517,320,106,309
522,320,102,309
527,320,98,309
532,320,94,309
537,320,90,309
542,320,86,309
547,320,82,309
552,320,78,309
553,315,79,312
555,316,80,312
557,317,81,312
559,318,82,312
561,319,83,312
563,320,84,312
565,321,85,312
567,322,86,312
569,323,87,312
571,324,88,312
573,325,89,312
575,326,90,312
577,327,91,312
579,328,92,312
581,329,93,312
576,323,95,306
579,323,98,307
582,323,101,308
585,323,104,309
588,323,107,310
591,323,110,311
594,323,113,312
597,323,116,313
600,323,119,314
603,323,122,315
606,323,125,316
609,323,128,317
612,323,131,318
615,323,134,319
618,323,137,320
625,327,140,321
631,327,138,321
637,327,136,321
643,327,134,321
649,327,132,321
655,327,130,321
661,327,128,321
667,327,126,321
673,327,124,321
679,327,122,321
685,327,120,321
691,327,118,321
697,327,116,321
703,327,114,321
709,327,112,321
711,332,109,324
713,332,110,324
715,332,111,324
717,332,112,324
719,332,113,324
721,332,114,324
723,332,115,324
725,332,116,324
727,332,117,324
729,332,118,324
731,332,119,324
733,332,120,324
735,332,121,324
737,332,122,324
739,332,123,324
736,339,130,322
740,340,131,323
744,341,132,324
748,342,133,325
752,343,134,326
756,344,135,327
760,345,136,328
764,346,137,329
768,347,138,330
772,348,139,331
776,349,140,332
780,350,141,333
784,351,142,334
788,352,143,335
792,353,144,336
791,354,151,330
797,354,150,330
803,354,149,330
809,354,148,330
815,354,147,330
821,354,146,330
827,354,145,330
833,354,144,330
839,354,143,330
845,354,142,330
851,354,141,330
857,354,140,330
863,354,139,330
869,354,138,330
875,354,137,330
883,360,134,331
887,361,132,330
891,362,130,329
895,363,128,328
899,364,126,327
903,365,124,326
907,366,122,325
911,367,120,324
915,368,118,323
919,369,116,322
923,370,114,321
927,371,112,320
931,372,110,319
935,373,108,318
939,374,106,317
949,371,103,321
950,371,105,321
951,371,107,321
952,371,109,321
953,371,111,321
954,371,113,321
955,371,115,321
956,371,117,321
957,371,119,321
958,371,121,321
959,371,123,321
960,371,125,321
961,371,127,321
962,371,129,321
963,371,131,321
963,378,140,319
967,378,141,319
971,378,142,319
975,378,143,319
979,378,144,319
983,378,145,319
987,378,146,319
991,378,147,319
995,378,148,319
999,378,149,319
1003,378,150,319
1007,378,151,319
1011,378,152,319
1015,378,153,319
1019,378,154,319
1029,373,152,324
1032,373,148,323
1035,373,144,322
1038,373,140,321
1041,373,136,320
1044,373,132,319
1047,373,128,318
1050,373,124,317
1053,373,120,316
1056,373,116,315
1059,373,112,314
1062,373,108,313
1065,373,104,312
1068,373,100,311
1071,373,96,310
1081,375,93,314
1082,375,95,313
1083,375,97,312
1084,375,99,311
1085,375,101,310
1086,375,103,309
1087,375,105,308
1088,375,107,307
1089,375,109,306
1090,375,111,305
1091,375,113,304
1092,375,115,303
1093,375,117,302
1094,375,119,301
1095,375,121,300
1102,378,116,293
1104,378,118,293
1106,378,120,293
1108,378,122,293
1110,378,124,293
1112,378,126,293
1114,378,128,293
1116,378,130,293
1118,378,132,293
1120,378,134,293
1122,378,136,293
1124,378,138,293
1126,378,140,293
1128,378,142,293
1130,378,144,293
1131,383,149,294
1135,382,144,293
1139,381,139,292
1143,380,134,291
1147,379,129,290
1151,378,124,289
1155,377,119,288
1159,376,114,287
1163,375,109,286
1167,374,104,285
1171,373,99,284
1175,372,94,283
1179,371,89,282
1183,370,84,281
1187,369,79,280
1196,374,81,281
1196,374,84,280
1196,374,87,279
1196,374,90,278
1196,374,93,277
1196,374,96,276
1196,374,99,275
1196,374,102,274
1196,374,105,273
1196,374,108,272
1196,374,111,271
1196,374,114,270
1196,374,117,269
1196,374,120,268
1196,374,123,267
1199,373,128,270
1201,373,128,270
1203,373,128,270
1205,373,128,270
1207,373,128,270
1209,373,128,270
1211,373,128,270
1213,373,128,270
1215,373,128,270
1217,373,128,270
1219,373,128,270
1221,373,128,270
1223,373,128,270
1225,373,128,270
1227,373,128,270
1235,373,123,273
1237,372,121,273
1239,371,119,273
1241,370,117,273
1243,369,115,273
1245,368,113,273
1247,367,111,273
1249,366,109,273
1251,365,107,273
1253,364,105,273
1255,363,103,273
1257,362,101,273
1259,361,99,273
1261,360,97,273
1263,359,95,273
1258,365,86,268
