173,475,101,253
175,476,100,252
177,477,99,251
179,478,98,250
181,479,97,249
183,480,96,248
185,481,95,247
187,482,94,246
189,483,93,245
191,484,92,244
193,485,91,243
195,486,90,242
197,487,89,241
199,488,88,240
201,489,87,239
196,483,84,245
198,483,83,245
200,483,82,245
202,483,81,245
204,483,80,245
206,483,79,245
208,483,78,245
210,483,77,245
212,483,76,245
214,483,75,245
216,483,74,245
218,483,73,245
220,483,72,245
222,483,71,245
224,483,70,245
224,490,76,242
226,490,78,243
228,490,80,244
230,490,82,245
232,490,84,246
234,490,86,247
236,490,88,248
238,490,90,249
240,490,92,250
242,490,94,251
244,490,96,252
246,490,98,253
248,490,100,254
250,490,102,255
252,490,104,256
253,484,113,264
254,485,113,264
255,486,113,264
256,487,113,264
257,488,113,264
258,489,113,264
259,490,113,264
260,491,113,264
261,492,113,264
262,493,113,264
263,494,113,264
264,495,113,264
265,496,113,264
266,497,113,264
267,498,113,264
269,493,107,268
272,493,106,268
275,493,105,268
278,493,104,268
281,493,103,268
284,493,102,268
287,493,101,268
290,493,100,268
293,493,99,268
296,493,98,268
299,493,97,268
302,493,96,268
305,493,95,268
308,493,94,268
311,493,93,268
310,500,95,262
311,500,96,262
312,500,97,262
313,500,98,262
314,500,99,262
315,500,100,262
316,500,101,262
317,500,102,262
318,500,103,262
319,500,104,262
320,500,105,262
321,500,106,262
322,500,107,262
323,500,108,262
324,500,109,262
325,495,111,267
328,496,108,266
331,497,105,265
334,498,102,264
337,499,99,263
340,500,96,262
343,501,93,261
346,502,90,260
349,503,87,259
352,504,84,258
355,505,81,257
358,506,78,256
361,507,75,255
364,508,72,254
367,509,69,253
377,507,64,247
379,506,69,250
381,505,74,253
383,504,79,256
385,503,84,259
387,502,89,262
389,501,94,265
391,500,99,268
393,499,104,271
395,498,109,274
397,497,114,277
399,496,119,280
401,495,124,283
403,494,129,286
405,493,134,289
406,497,146,289
409,497,142,288
412,497,138,287
415,497,134,286
418,497,130,285
421,497,126,284
424,497,122,283
427,497,118,282
430,497,114,281
433,497,110,280
436,497,106,279
439,497,102,278
442,497,98,277
445,497,94,276
448,497,90,275
455,494,93,277
457,494,92,275
459,494,91,273
461,494,90,271
463,494,89,269
465,494,88,267
467,494,87,265
469,494,86,263
471,494,85,261
473,494,84,259
475,494,83,257
477,494,82,255
479,494,81,253
481,494,80,251
483,494,79,249
490,487,81,254
492,488,82,253
494,489,83,252
496,490,84,251
498,491,85,250
500,492,86,249
502,493,87,248
504,494,88,247
506,495,89,246
508,496,90,245
510,497,91,244
512,498,92,243
514,499,93,242
516,500,94,241
518,501,95,240
513,495,100,244
515,494,99,244
517,493,98,244
519,492,97,244
521,491,96,244
523,490,95,244
525,489,94,244
527,488,93,244
529,487,92,244
531,486,91,244
533,485,90,244
535,484,89,244
537,483,88,244
539,482,87,244
541,481,86,244
541,484,79,240
543,484,80,240
545,484,81,240
547,484,82,240
549,484,83,240
551,484,84,240
553,484,85,240
555,484,86,240
557,484,87,240
559,484,88,240
561,484,89,240
563,484,90,240
565,484,91,240
567,484,92,240
569,484,93,240
565,485,89,233
567,485,89,232
569,485,89,231
571,485,89,230
573,485,89,229
575,485,89,228
577,485,89,227
579,485,89,226
581,485,89,225
583,485,89,224
585,485,89,223
587,485,89,222
589,485,89,221
591,485,89,220
593,485,89,219
591,481,89,211
594,480,89,211
597,479,89,211
600,478,89,211
603,477,89,211
606,476,89,211
609,475,89,211
612,474,89,211
615,473,89,211
618,472,89,211
621,471,89,211
624,470,89,211
627,469,89,211
630,468,89,211
633,467,89,211
629,471,82,215
631,472,81,214
633,473,80,213
635,474,79,212
637,475,78,211
639,476,77,210
641,477,76,209
643,478,75,208
645,479,74,207
647,480,73,206
649,481,72,205
651,482,71,204
653,483,70,203
655,484,69,202
657,485,68,201
663,480,67,204
665,479,68,207
667,478,69,210
669,477,70,213
671,476,71,216
673,475,72,219
675,474,73,222
677,473,74,225
679,472,75,228
681,471,76,231
683,470,77,234
685,469,78,237
687,468,79,240
689,467,80,243
691,466,81,246
694,462,80,249
695,463,81,248
696,464,82,247
697,465,83,246
698,466,84,245
699,467,85,244
700,468,86,243
701,469,87,242
702,470,88,241
703,471,89,240
704,472,90,239
705,473,91,238
706,474,92,237
707,475,93,236
708,476,94,235
716,472,96,240
719,472,97,239
722,472,98,238
725,472,99,237
728,472,100,236
731,472,101,235
734,472,102,234
737,472,103,233
740,472,104,232
743,472,105,231
746,472,106,230
749,472,107,229
752,472,108,228
755,472,109,227
758,472,110,226
765,477,104,229
767,477,102,229
769,477,100,229
771,477,98,229
773,477,96,229
775,477,94,229
777,477,92,229
779,477,90,229
781,477,88,229
783,477,86,229
785,477,84,229
787,477,82,229
789,477,80,229
791,477,78,229
793,477,76,229
791,477,70,227
792,477,73,228
793,477,76,229
794,477,79,230
795,477,82,231
796,477,85,232
797,477,88,233
798,477,91,234
799,477,94,235
800,477,97,236
801,477,100,237
802,477,103,238
803,477,106,239
804,477,109,240
805,477,112,241
807,477,115,244
811,477,114,244
815,477,113,244
819,477,112,244
823,477,111,244
827,477,110,244
831,477,109,244
835,477,108,244
839,477,107,244
843,477,106,244
847,477,105,244
851,477,104,244
855,477,103,244
859,477,102,244
863,477,101,244
863,470,103,249
865,471,103,248
867,472,103,247
869,473,103,246
871,474,103,245
873,475,103,244
875,476,103,243
877,477,103,242
879,478,103,241
881,479,103,240
883,480,103,239
885,481,103,238
887,482,103,237
889,483,103,236
891,484,103,235
900,483,99,229
903,482,99,231
906,481,99,233
909,480,99,235
912,479,99,237
915,478,99,239
918,477,99,241
921,476,99,243
924,475,99,245
927,474,99,247
930,473,99,249
933,472,99,251
936,471,99,253
939,470,99,255
942,469,99,257
946,472,106,259
949,472,104,259
952,472,102,259
955,472,100,259
958,472,98,259
961,472,96,259
964,472,94,259
967,472,92,259
970,472,90,259
973,472,88,259
976,472,86,259
979,472,84,259
982,472,82,259
985,472,80,259
988,472,78,259
990,474,79,262
992,474,80,261
994,474,81,260
996,474,82,259
998,474,83,258
1000,474,84,257
1002,474,85,256
1004,474,86,255
1006,474,87,254
1008,474,88,253
1010,474,89,252
1012,474,90,251
1014,474,91,250
1016,474,92,249
1018,474,93,248
1014,478,94,250
1017,478,95,250
1020,478,96,250
1023,478,97,250
1026,478,98,250
1029,478,99,250
1032,478,100,250
1035,478,101,250
1038,478,102,250
1041,478,103,250
1044,478,104,250
1047,478,105,250
1050,478,106,250
1053,478,107,250
1056,478,108,250
1064,480,104,251
1066,480,104,250
1068,480,104,249
1070,480,104,248
1072,480,104,247
1074,480,104,246
1076,480,104,245
1078,480,104,244
1080,480,104,243
1082,480,104,242
1084,480,104,241
1086,480,104,240
1088,480,104,239
1090,480,104,238
1092,480,104,237
1092,485,100,230
1094,485,99,231
1096,485,98,232
1098,485,97,233
1100,485,96,234
1102,485,95,235
1104,485,94,236
1106,485,93,237
1108,485,92,238
1110,485,91,239
1112,485,90,240
1114,485,89,241
1116,485,88,242
1118,485,87,243
1120,485,86,244
1120,481,90,240
1122,480,89,241
1124,479,88,242
1126,478,87,243
1128,477,86,244
1130,476,85,245
1132,475,84,246
1134,474,83,247
1136,473,82,248
1138,472,81,249
1140,471,80,250
1142,470,79,251
1144,469,78,252
1146,468,77,253
1148,467,76,254
1155,472,81,253
