112,609,111,277
121,609,109,276
130,609,107,275
139,609,105,274
148,609,103,273
157,609,101,272
166,609,99,271
175,609,97,270
184,609,95,269
193,609,93,268
202,609,91,267
211,609,89,266
220,609,87,265
229,609,85,264
238,609,83,263
250,614,88,258
260,613,88,259
270,612,88,260
280,611,88,261
290,610,88,262
300,609,88,263
310,608,88,264
320,607,88,265
330,606,88,266
340,605,88,267
350,604,88,268
360,603,88,269
370,602,88,270
380,601,88,271
390,600,88,272
398,596,91,274
408,595,93,275
418,594,95,276
428,593,97,277
438,592,99,278
448,591,101,279
458,590,103,280
468,589,105,281
478,588,107,282
488,587,109,283
498,586,111,284
508,585,113,285
518,584,115,286
528,583,117,287
538,582,119,288
551,582,121,285
561,582,122,284
571,582,123,283
581,582,124,282
591,582,125,281
601,582,126,280
611,582,127,279
621,582,128,278
631,582,129,277
641,582,130,276
651,582,131,275
661,582,132,274
671,582,133,273
681,582,134,272
691,582,135,271
695,576,132,274
707,576,129,273
719,576,126,272
731,576,123,271
743,576,120,270
755,576,117,269
767,576,114,268
779,576,111,267
791,576,108,266
803,576,105,265
815,576,102,264
827,576,99,263
839,576,96,262
851,576,93,261
863,576,90,260
880,571,92,265
891,570,92,265
902,569,92,265
913,568,92,265
924,567,92,265
935,566,92,265
946,565,92,265
957,564,92,265
968,563,92,265
979,562,92,265
990,561,92,265
1001,560,92,265
1012,559,92,265
1023,558,92,265
1034,557,92,265
1039,553,97,269
1047,552,98,268
1055,551,99,267
1063,550,100,266
1071,549,101,265
1079,548,102,264
1087,547,103,263
1095,546,104,262
1103,545,105,261
1111,544,106,260
1119,543,107,259
1127,542,108,258
1135,541,109,257
1143,540,110,256
1151,539,111,255
1163,533,111,258
1172,533,109,256
1181,533,107,254
1190,533,105,252
1199,533,103,250
1208,533,101,248
1217,533,99,246
1226,533,97,244
1235,533,95,242
1244,533,93,240
1253,533,91,238
1262,533,89,236
1271,533,87,234
1280,533,85,232
1289,533,83,230
1292,537,85,231
1298,537,85,230
1304,537,85,229
1310,537,85,228
1316,537,85,227
1322,537,85,226
1328,537,85,225
1334,537,85,224
1340,537,85,223
1346,537,85,222
1352,537,85,221
1358,537,85,220
1364,537,85,219
1370,537,85,218
1376,537,85,217
1381,531,78,213
1383,530,78,212
1385,529,78,211
1387,528,78,210
1389,527,78,209
1391,526,78,208
1393,525,78,207
1395,524,78,206
1397,523,78,205
1399,522,78,204
1401,521,78,203
1403,520,78,202
1405,519,78,201
1407,518,78,200
1409,517,78,199
1414,522,72,196
1412,522,73,195
1410,522,74,194
1408,522,75,193
1406,522,76,192
1404,522,77,191
1402,522,78,190
1400,522,79,189
1398,522,80,188
1396,522,81,187
1394,522,82,186
1392,522,83,185
1390,522,84,184
1388,522,85,183
1386,522,86,182
1389,517,83,174
1384,517,83,173
1379,517,83,172
1374,517,83,171
1369,517,83,170
1364,517,83,169
1359,517,83,168
1354,517,83,167
1349,517,83,166
1344,517,83,165
1339,517,83,164
1334,517,83,163
1329,517,83,162
1324,517,83,161
1319,517,83,160
1321,521,77,157
1316,521,75,157
1311,521,73,157
1306,521,71,157
1301,521,69,157
1296,521,67,157
1291,521,65,157
1286,521,63,157
1281,521,61,157
1276,521,59,157
1271,521,57,157
1266,521,55,157
1261,521,53,157
1256,521,51,157
1251,521,49,157
1239,515,54,163
1233,515,55,163
1227,515,56,163
1221,515,57,163
1215,515,58,163
1209,515,59,163
1203,515,60,163
1197,515,61,163
1191,515,62,163
1185,515,63,163
1179,515,64,163
1173,515,65,163
1167,515,66,163
1161,515,67,163
1155,515,68,163
1153,512,67,168
1147,512,68,169
1141,512,69,170
1135,512,70,171
1129,512,71,172
1123,512,72,173
1117,512,73,174
1111,512,74,175
1105,512,75,176
1099,512,76,177
1093,512,77,178
1087,512,78,179
1081,512,79,180
1075,512,80,181
1069,512,81,182
1060,515,86,188
1055,516,85,188
1050,517,84,188
1045,518,83,188
1040,519,82,188
1035,520,81,188
1030,521,80,188
1025,522,79,188
1020,523,78,188
1015,524,77,188
1010,525,76,188
1005,526,75,188
1000,527,74,188
995,528,73,188
990,529,72,188
980,531,64,185
974,531,65,186
968,531,66,187
962,531,67,188
956,531,68,189
950,531,69,190
944,531,70,191
938,531,71,192
932,531,72,193
926,531,73,194
920,531,74,195
914,531,75,196
908,531,76,197
902,531,77,198
896,531,78,199
890,530,83,204
884,531,84,205
878,532,85,206
872,533,86,207
866,534,87,208
860,535,88,209
854,536,89,210
848,537,90,211
842,538,91,212
836,539,92,213
830,540,93,214
824,541,94,215
818,542,95,216
812,543,96,217
806,544,97,218
797,539,104,222
789,540,104,222
781,541,104,222
773,542,104,222
765,543,104,222
757,544,104,222
749,545,104,222
741,546,104,222
733,547,104,222
725,548,104,222
717,549,104,222
709,550,104,222
701,551,104,222
693,552,104,222
685,553,104,222
680,548,111,222
672,549,109,222
664,550,107,222
656,551,105,222
648,552,103,222
640,553,101,222
632,554,99,222
624,555,97,222
616,556,95,222
608,557,93,222
600,558,91,222
592,559,89,222
584,560,87,222
576,561,85,222
568,562,83,222
561,557,86,218
553,557,88,218
545,557,90,218
537,557,92,218
529,557,94,218
521,557,96,218
513,557,98,218
505,557,100,218
497,557,102,218
489,557,104,218
481,557,106,218
473,557,108,218
465,557,110,218
457,557,112,218
449,557,114,218
440,562,109,215
433,562,108,215
426,562,107,215
419,562,106,215
412,562,105,215
405,562,104,215
398,562,103,215
391,562,102,215
384,562,101,215
377,562,100,215
370,562,99,215
363,562,98,215
356,562,97,215
349,562,96,215
342,562,95,215
338,562,101,220
332,564,100,220
326,566,99,220
320,568,98,220
314,570,97,220
308,572,96,220
302,574,95,220
296,576,94,220
290,578,93,220
284,580,92,220
278,582,91,220
272,584,90,220
266,586,89,220
260,588,88,220
254,590,87,220
243,585,87,224
239,586,87,225
235,587,87,226
231,588,87,227
227,589,87,228
223,590,87,229
219,591,87,230
215,592,87,231
211,593,87,232
207,594,87,233
203,595,87,234
199,596,87,235
195,597,87,236
191,598,87,237
187,599,87,238
187,596,81,240
188,596,81,241
189,596,81,242
190,596,81,243
191,596,81,244
192,596,81,245
193,596,81,246
194,596,81,247
195,596,81,248
196,596,81,249
197,596,81,250
198,596,81,251
199,596,81,252
200,596,81,253
201,596,81,254
200,601,75,253
205,601,78,256
210,601,81,259
215,601,84,262
220,601,87,265
225,601,90,268
230,601,93,271
235,601,96,274
240,601,99,277
245,601,102,280
250,601,105,283
255,601,108,286
260,601,111,289
265,601,114,292
270,601,117,295
271,603,126,292
282,603,124,292
293,603,122,292
304,603,120,292
315,603,118,292
326,603,116,292
337,603,114,292
348,603,112,292
359,603,110,292
370,603,108,292
381,603,106,292
392,603,104,292
403,603,102,292
414,603,100,292
425,603,98,292
434,607,92,288
447,606,92,288
460,605,92,288
473,604,92,288
486,603,92,288
499,602,92,288
512,601,92,288
525,600,92,288
538,599,92,288
551,598,92,288
564,597,92,288
577,596,92,288
590,595,92,288
603,594,92,288
616,593,92,288
624,587,93,290
634,586,96,290
644,585,99,290
654,584,102,290
664,583,105,290
674,582,108,290
684,581,111,290
694,580,114,290
704,579,117,290
714,578,120,290
724,577,123,290
734,576,126,290
744,575,129,290
754,574,132,290
764,573,135,290
779,567,136,285
791,567,135,284
803,567,134,283
815,567,133,282
827,567,132,281
839,567,131,280
851,567,130,279
863,567,129,278
875,567,128,277
887,567,127,276
899,567,126,275
911,567,125,274
923,567,124,273
935,567,123,272
947,567,122,271
953,569,120,267
