92,648,61,240
98,648,64,241
104,648,67,242
110,648,70,243
116,648,73,244
122,648,76,245
128,648,79,246
134,648,82,247
140,648,85,248
146,648,88,249
152,648,91,250
158,648,94,251
164,648,97,252
170,648,100,253
176,648,103,254
177,650,109,248
186,651,107,248
195,652,105,248
204,653,103,248
213,654,101,248
222,655,99,248
231,656,97,248
240,657,95,248
249,658,93,248
258,659,91,248
267,660,89,248
276,661,87,248
285,662,85,248
294,663,83,248
303,664,81,248
307,659,76,246
316,659,77,247
325,659,78,248
334,659,79,249
343,659,80,250
352,659,81,251
361,659,82,252
370,659,83,253
379,659,84,254
388,659,85,255
397,659,86,256
406,659,87,257
415,659,88,258
424,659,89,259
433,659,90,260
439,659,98,255
448,659,100,255
457,659,102,255
466,659,104,255
475,659,106,255
484,659,108,255
493,659,110,255
502,659,112,255
511,659,114,255
520,659,116,255
529,659,118,255
538,659,120,255
547,659,122,255
556,659,124,255
565,659,126,255
572,664,124,250
583,664,122,249
594,664,120,248
605,664,118,247
616,664,116,246
627,664,114,245
638,664,112,244
649,664,110,243
660,664,108,242
671,664,106,241
682,664,104,240
693,664,102,239
704,664,100,238
715,664,98,237
726,664,96,236
741,671,88,239
750,670,90,239
759,669,92,239
768,668,94,239
777,667,96,239
786,666,98,239
795,665,100,239
804,664,102,239
813,663,104,239
822,662,106,239
831,661,108,239
840,660,110,239
849,659,112,239
858,658,114,239
867,657,116,239
878,659,112,244
888,659,112,243
898,659,112,242
908,659,112,241
918,659,112,240
928,659,112,239
938,659,112,238
948,659,112,237
958,659,112,236
968,659,112,235
978,659,112,234
988,659,112,233
998,659,112,232
1008,659,112,231
1018,659,112,230
1026,664,107,229
1036,664,105,228
1046,664,103,227
1056,664,101,226
1066,664,99,225
1076,664,97,224
1086,664,95,223
1096,664,93,222
1106,664,91,221
1116,664,89,220
1126,664,87,219
1136,664,85,218
1146,664,83,217
1156,664,81,216
1166,664,79,215
1183,669,73,208
1189,668,73,208
1195,667,73,208
1201,666,73,208
1207,665,73,208
1213,664,73,208
1219,663,73,208
1225,662,73,208
1231,661,73,208
1237,660,73,208
1243,659,73,208
1249,658,73,208
1255,657,73,208
1261,656,73,208
1267,655,73,208
1272,648,78,212
1278,648,78,210
1284,648,78,208
1290,648,78,206
1296,648,78,204
1302,648,78,202
1308,648,78,200
1314,648,78,198
1320,648,78,196
1326,648,78,194
1332,648,78,192
1338,648,78,190
1344,648,78,188
1350,648,78,186
1356,648,78,184
1359,652,73,183
1362,652,72,182
1365,652,71,181
1368,652,70,180
1371,652,69,179
1374,652,68,178
1377,652,67,177
1380,652,66,176
1383,652,65,175
1386,652,64,174
1389,652,63,173
1392,652,62,172
1395,652,61,171
1398,652,60,170
1401,652,59,169
1399,655,59,170
1398,654,59,169
1397,653,59,168
1396,652,59,167
1395,651,59,166
1394,650,59,165
1393,649,59,164
1392,648,59,163
1391,647,59,162
1390,646,59,161
1389,645,59,160
1388,644,59,159
1387,643,59,158
1386,642,59,157
1385,641,59,156
1381,643,65,155
1377,643,65,154
1373,643,65,153
1369,643,65,152
1365,643,65,151
1361,643,65,150
1357,643,65,149
1353,643,65,148
1349,643,65,147
1345,643,65,146
1341,643,65,145
1337,643,65,144
1333,643,65,143
1329,643,65,142
1325,643,65,141
1318,643,70,136
1313,643,69,136
1308,643,68,136
1303,643,67,136
1298,643,66,136
1293,643,65,136
1288,643,64,136
1283,643,63,136
1278,643,62,136
1273,643,61,136
1268,643,60,136
1263,643,59,136
1258,643,58,136
1253,643,57,136
1248,643,56,136
1236,638,51,139
1231,638,52,139
1226,638,53,139
1221,638,54,139
1216,638,55,139
1211,638,56,139
1206,638,57,139
1201,638,58,139
1196,638,59,139
1191,638,60,139
1186,638,61,139
1181,638,62,139
1176,638,63,139
1171,638,64,139
1166,638,65,139
1163,631,62,146
1158,631,62,147
1153,631,62,148
1148,631,62,149
1143,631,62,150
1138,631,62,151
1133,631,62,152
1128,631,62,153
1123,631,62,154
1118,631,62,155
1113,631,62,156
1108,631,62,157
1103,631,62,158
1098,631,62,159
1093,631,62,160
1089,631,61,158
1084,631,61,159
1079,631,61,160
1074,631,61,161
1069,631,61,162
1064,631,61,163
1059,631,61,164
1054,631,61,165
1049,631,61,166
1044,631,61,167
1039,631,61,168
1034,631,61,169
1029,631,61,170
1024,631,61,171
1019,631,61,172
1018,634,54,166
1012,634,55,168
1006,634,56,170
1000,634,57,172
994,634,58,174
988,634,59,176
982,634,60,178
976,634,61,180
970,634,62,182
964,634,63,184
958,634,64,186
952,634,65,188
946,634,66,190
940,634,67,192
934,634,68,194
930,631,73,192
924,632,73,192
918,633,73,192
912,634,73,192
906,635,73,192
900,636,73,192
894,637,73,192
888,638,73,192
882,639,73,192
876,640,73,192
870,641,73,192
864,642,73,192
858,643,73,192
852,644,73,192
846,645,73,192
847,641,76,191
839,641,77,192
831,641,78,193
823,641,79,194
815,641,80,195
807,641,81,196
799,641,82,197
791,641,83,198
783,641,84,199
775,641,85,200
767,641,86,201
759,641,87,202
751,641,88,203
743,641,89,204
735,641,90,205
734,634,86,199
726,634,87,199
718,634,88,199
710,634,89,199
702,634,90,199
694,634,91,199
686,634,92,199
678,634,93,199
670,634,94,199
662,634,95,199
654,634,96,199
646,634,97,199
638,634,98,199
630,634,99,199
622,634,100,199
621,629,99,199
614,629,98,198
607,629,97,197
600,629,96,196
593,629,95,195
586,629,94,194
579,629,93,193
572,629,92,192
565,629,91,191
558,629,90,190
551,629,89,189
544,629,88,188
537,629,87,187
530,629,86,186
523,629,85,185
515,636,77,189
508,636,76,189
501,636,75,189
494,636,74,189
487,636,73,189
480,636,72,189
473,636,71,189
466,636,70,189
459,636,69,189
452,636,68,189
445,636,67,189
438,636,66,189
431,636,65,189
424,636,64,189
417,636,63,189
413,634,69,192
408,634,69,194
403,634,69,196
398,634,69,198
393,634,69,200
388,634,69,202
383,634,69,204
378,634,69,206
373,634,69,208
368,634,69,210
363,634,69,212
358,634,69,214
353,634,69,216
348,634,69,218
343,634,69,220
345,639,76,222
345,640,76,222
345,641,76,222
345,642,76,222
345,643,76,222
345,644,76,222
345,645,76,222
345,646,76,222
345,647,76,222
345,648,76,222
345,649,76,222
345,650,76,222
345,651,76,222
345,652,76,222
345,653,76,222
343,657,69,227
347,657,71,229
351,657,73,231
355,657,75,233
359,657,77,235
363,657,79,237
367,657,81,239
371,657,83,241
375,657,85,243
379,657,87,245
383,657,89,247
387,657,91,249
391,657,93,251
395,657,95,253
399,657,97,255
396,659,100,264
403,659,103,264
410,659,106,264
417,659,109,264
424,659,112,264
431,659,115,264
438,659,118,264
445,659,121,264
452,659,124,264
459,659,127,264
466,659,130,264
473,659,133,264
480,659,136,264
487,659,139,264
494,659,142,264
507,664,141,266
522,665,138,265
537,666,135,264
552,667,132,263
567,668,129,262
582,669,126,261
597,670,123,260
612,671,120,259
627,672,117,258
642,673,114,257
657,674,111,256
672,675,108,255
687,676,105,254
702,677,102,253
717,678,99,252
727,675,92,251
