232,480,139,273
246,480,135,272
260,480,131,271
274,480,127,270
288,480,123,269
302,480,119,268
316,480,115,267
330,480,111,266
344,480,107,265
358,480,103,264
372,480,99,263
386,480,95,262
400,480,91,261
414,480,87,260
428,480,83,259
436,481,81,265
447,479,83,266
458,477,85,267
469,475,87,268
480,473,89,269
491,471,91,270
502,469,93,271
513,467,95,272
524,465,97,273
535,463,99,274
546,461,101,275
557,459,103,276
568,457,105,277
579,455,107,278
590,453,109,279
605,456,105,285
615,455,108,285
625,454,111,285
635,453,114,285
645,452,117,285
655,451,120,285
665,450,123,285
675,449,126,285
685,448,129,285
695,447,132,285
705,446,135,285
715,445,138,285
725,444,141,285
735,443,144,285
745,442,147,285
760,448,155,278
773,448,152,277
786,448,149,276
799,448,146,275
812,448,143,274
825,448,140,273
838,448,137,272
851,448,134,271
864,448,131,270
877,448,128,269
890,448,125,268
903,448,122,267
916,448,119,266
929,448,116,265
942,448,113,264
953,443,109,262
966,442,107,262
979,441,105,262
992,440,103,262
1005,439,101,262
1018,438,99,262
1031,437,97,262
1044,436,95,262
1057,435,93,262
1070,434,91,262
1083,433,89,262
1096,432,87,262
1109,431,85,262
1122,430,83,262
1135,429,81,262
1145,434,85,255
1154,433,85,255
1163,432,85,255
1172,431,85,255
1181,430,85,255
1190,429,85,255
1199,428,85,255
1208,427,85,255
1217,426,85,255
1226,425,85,255
1235,424,85,255
1244,423,85,255
1253,422,85,255
1262,421,85,255
1271,420,85,255
1286,412,88,262
1293,412,89,260
1300,412,90,258
1307,412,91,256
1314,412,92,254
1321,412,93,252
1328,412,94,250
1335,412,95,248
1342,412,96,246
1349,412,97,244
1356,412,98,242
1363,412,99,240
1370,412,100,238
1377,412,101,236
1384,412,102,234
1398,410,103,231
1404,410,101,230
1410,410,99,229
1416,410,97,228
1422,410,95,227
1428,410,93,226
1434,410,91,225
1440,410,89,224
1446,410,87,223
1452,410,85,222
1458,410,83,221
1464,410,81,220
1470,410,79,219
1476,410,77,218
1482,410,75,217
1494,408,78,214
1496,407,77,213
1498,406,76,212
1500,405,75,211
1502,404,74,210
1504,403,73,209
1506,402,72,208
1508,401,71,207
1510,400,70,206
1512,399,69,205
1514,398,68,204
1516,397,67,203
1518,396,66,202
1520,395,65,201
1522,394,64,200
1530,396,65,200
1528,396,66,199
1526,396,67,198
1524,396,68,197
1522,396,69,196
1520,396,70,195
1518,396,71,194
1516,396,72,193
1514,396,73,192
1512,396,74,191
1510,396,75,190
1508,396,76,189
1506,396,77,188
1504,396,78,187
1502,396,79,186
1494,392,78,184
1489,392,79,182
1484,392,80,180
1479,392,81,178
1474,392,82,176
1469,392,83,174
1464,392,84,172
1459,392,85,170
1454,392,86,168
1449,392,87,166
1444,392,88,164
1439,392,89,162
1434,392,90,160
1429,392,91,158
1424,392,92,156
1423,394,86,161
1417,394,85,161
1411,394,84,161
1405,394,83,161
1399,394,82,161
1393,394,81,161
1387,394,80,161
1381,394,79,161
1375,394,78,161
1369,394,77,161
1363,394,76,161
1357,394,75,161
1351,394,74,161
1345,394,73,161
1339,394,72,161
1327,393,67,155
1321,393,68,156
1315,393,69,157
1309,393,70,158
1303,393,71,159
1297,393,72,160
1291,393,73,161
1285,393,74,162
1279,393,75,163
1273,393,76,164
1267,393,77,165
1261,393,78,166
1255,393,79,167
1249,393,80,168
1243,393,81,169
1232,388,78,163
1226,388,78,164
1220,388,78,165
1214,388,78,166
1208,388,78,167
1202,388,78,168
1196,388,78,169
1190,388,78,170
1184,388,78,171
1178,388,78,172
1172,388,78,173
1166,388,78,174
1160,388,78,175
1154,388,78,176
1148,388,78,177
1140,388,75,175
1134,389,75,175
1128,390,75,175
1122,391,75,175
1116,392,75,175
1110,393,75,175
1104,394,75,175
1098,395,75,175
1092,396,75,175
1086,397,75,175
1080,398,75,175
1074,399,75,175
1068,400,75,175
1062,401,75,175
1056,402,75,175
1055,397,71,177
1049,397,71,178
1043,397,71,179
1037,397,71,180
1031,397,71,181
1025,397,71,182
1019,397,71,183
1013,397,71,184
1007,397,71,185
1001,397,71,186
995,397,71,187
989,397,71,188
983,397,71,189
977,397,71,190
971,397,71,191
963,402,69,190
956,402,71,191
949,402,73,192
942,402,75,193
935,402,77,194
928,402,79,195
921,402,81,196
914,402,83,197
907,402,85,198
900,402,87,199
893,402,89,200
886,402,91,201
879,402,93,202
872,402,95,203
865,402,97,204
859,405,93,212
851,406,94,212
843,407,95,212
835,408,96,212
827,409,97,212
819,410,98,212
811,411,99,212
803,412,100,212
795,413,101,212
787,414,102,212
779,415,103,212
771,416,104,212
763,417,105,212
755,418,106,212
747,419,107,212
746,420,107,218
737,421,106,218
728,422,105,218
719,423,104,218
710,424,103,218
701,425,102,218
692,426,101,218
683,427,100,218
674,428,99,218
665,429,98,218
656,430,97,218
647,431,96,218
638,432,95,218
629,433,94,218
620,434,93,218
616,430,86,218
607,430,87,218
598,430,88,218
589,430,89,218
580,430,90,218
571,430,91,218
562,430,92,218
553,430,93,218
544,430,94,218
535,430,95,218
526,430,96,218
517,430,97,218
508,430,98,218
499,430,99,218
490,430,100,218
488,433,98,214
480,434,98,214
472,435,98,214
464,436,98,214
456,437,98,214
448,438,98,214
440,439,98,214
432,440,98,214
424,441,98,214
416,442,98,214
408,443,98,214
400,444,98,214
392,445,98,214
384,446,98,214
376,447,98,214
363,444,102,219
358,445,101,220
353,446,100,221
348,447,99,222
343,448,98,223
338,449,97,224
333,450,96,225
328,451,95,226
323,452,94,227
318,453,93,228
313,454,92,229
308,455,91,230
303,456,90,231
298,457,89,232
293,458,88,233
282,463,82,235
280,464,82,236
278,465,82,237
276,466,82,238
274,467,82,239
272,468,82,240
270,469,82,241
268,470,82,242
266,471,82,243
264,472,82,244
262,473,82,245
260,474,82,246
258,475,82,247
256,476,82,248
254,477,82,249
257,476,80,252
262,476,82,254
267,476,84,256
272,476,86,258
277,476,88,260
282,476,90,262
287,476,92,264
292,476,94,266
297,476,96,268
302,476,98,270
307,476,100,272
312,476,102,274
317,476,104,276
322,476,106,278
327,476,108,280
325,470,107,283
333,470,109,284
341,470,111,285
349,470,113,286
357,470,115,287
365,470,117,288
373,470,119,289
381,470,121,290
389,470,123,291
397,470,125,292
405,470,127,293
413,470,129,294
421,470,131,295
429,470,133,296
437,470,135,297
449,463,143,293
460,463,141,292
471,463,139,291
482,463,137,290
493,463,135,289
504,463,133,288
515,463,131,287
526,463,129,286
537,463,127,285
548,463,125,284
559,463,123,283
570,463,121,282
581,463,119,281
592,463,117,280
603,463,115,279
616,463,107,275
629,462,107,275
642,461,107,275
655,460,107,275
668,459,107,275
681,458,107,275
694,457,107,275
707,456,107,275
720,455,107,275
733,454,107,275
746,453,107,275
759,452,107,275
772,451,107,275
785,450,107,275
798,449,107,275
805,447,100,278
815,446,102,278
825,445,104,278
835,444,106,278
845,443,108,278
855,442,110,278
865,441,112,278
875,440,114,278
885,439,116,278
895,438,118,278
905,437,120,278
915,436,122,278
925,435,124,278
935,434,126,278
945,433,128,278
954,430,128,272
964,430,127,270
974,430,126,268
984,430,125,266
994,430,124,264
1004,430,123,262
1014,430,122,260
1024,430,121,258
1034,430,120,256
1044,430,119,254
1054,430,118,252
1064,430,117,250
1074,430,116,248
1084,430,115,246
1094,430,114,244
1105,430,117,245
1116,429,114,244
1127,428,111,243
1138,427,108,242
1149,426,105,241
1160,425,102,240
1171,424,99,239
1182,423,96,238
1193,422,93,237
1204,421,90,236
1215,420,87,235
1226,419,84,234
1237,418,81,233
1248,417,78,232
1259,416,75,231
1266,421,77,236
