137,527,68,240
145,527,71,241
153,527,74,242
161,527,77,243
169,527,80,244
177,527,83,245
185,527,86,246
193,527,89,247
201,527,92,248
209,527,95,249
217,527,98,250
225,527,101,251
233,527,104,252
241,527,107,253
249,527,110,254
250,523,108,254
263,524,106,253
276,525,104,252
289,526,102,251
302,527,100,250
315,528,98,249
328,529,96,248
341,530,94,247
354,531,92,246
367,532,90,245
380,533,88,244
393,534,86,243
406,535,84,242
419,536,82,241
432,537,80,240
448,538,75,242
457,538,77,243
466,538,79,244
475,538,81,245
484,538,83,246
493,538,85,247
502,538,87,248
511,538,89,249
520,538,91,250
529,538,93,251
538,538,95,252
547,538,97,253
556,538,99,254
565,538,101,255
574,538,103,256
587,536,105,250
598,536,106,250
609,536,107,250
620,536,108,250
631,536,109,250
642,536,110,250
653,536,111,250
664,536,112,250
675,536,113,250
686,536,114,250
697,536,115,250
708,536,116,250
719,536,117,250
730,536,118,250
741,536,119,250
753,543,121,246
767,543,119,246
781,543,117,246
795,543,115,246
809,543,113,246
823,543,111,246
837,543,109,246
851,543,107,246
865,543,105,246
879,543,103,246
893,543,101,246
907,543,99,246
921,543,97,246
935,543,95,246
949,543,93,246
962,536,93,240
971,536,94,239
980,536,95,238
989,536,96,237
998,536,97,236
1007,536,98,235
1016,536,99,234
1025,536,100,233
1034,536,101,232
1043,536,102,231
1052,536,103,230
1061,536,104,229
1070,536,105,228
1079,536,106,227
1088,536,107,226
1092,534,113,230
1103,535,111,229
1114,536,109,228
1125,537,107,227
1136,538,105,226
1147,539,103,225
1158,540,101,224
1169,541,99,223
1180,542,97,222
1191,543,95,221
1202,544,93,220
1213,545,91,219
1224,546,89,218
1235,547,87,217
1246,548,85,216
1261,544,85,210
1268,543,85,210
1275,542,85,210
1282,541,85,210
1289,540,85,210
1296,539,85,210
1303,538,85,210
1310,537,85,210
1317,536,85,210
1324,535,85,210
1331,534,85,210
1338,533,85,210
1345,532,85,210
1352,531,85,210
1359,530,85,210
1373,528,80,212
1379,528,79,210
1385,528,78,208
1391,528,77,206
1397,528,76,204
1403,528,75,202
1409,528,74,200
1415,528,73,198
1421,528,72,196
1427,528,71,194
1433,528,70,192
1439,528,69,190
1445,528,68,188
1451,528,67,186
1457,528,66,184
1467,530,65,186
1469,530,64,184
1471,530,63,182
1473,530,62,180
1475,530,61,178
1477,530,60,176
1479,530,59,174
1481,530,58,172
1483,530,57,170
1485,530,56,168
1487,530,55,166
1489,530,54,164
1491,530,53,162
1493,530,52,160
1495,530,51,158
1503,531,57,163
1500,530,57,163
1497,529,57,163
1494,528,57,163
1491,527,57,163
1488,526,57,163
1485,525,57,163
1482,524,57,163
1479,523,57,163
1476,522,57,163
1473,521,57,163
1470,520,57,163
1467,519,57,163
1464,518,57,163
1461,517,57,163
1464,521,62,156
1459,521,62,155
1454,521,62,154
1449,521,62,153
1444,521,62,152
1439,521,62,151
1434,521,62,150
1429,521,62,149
1424,521,62,148
1419,521,62,147
1414,521,62,146
1409,521,62,145
1404,521,62,144
1399,521,62,143
1394,521,62,142
1396,524,62,134
1389,523,62,134
1382,522,62,134
1375,521,62,134
1368,520,62,134
1361,519,62,134
1354,518,62,134
1347,517,62,134
1340,516,62,134
1333,515,62,134
1326,514,62,134
1319,513,62,134
1312,512,62,134
1305,511,62,134
1298,510,62,134
1296,511,64,137
1290,511,64,137
1284,511,64,137
1278,511,64,137
1272,511,64,137
1266,511,64,137
1260,511,64,137
1254,511,64,137
1248,511,64,137
1242,511,64,137
1236,511,64,137
1230,511,64,137
1224,511,64,137
1218,511,64,137
1212,511,64,137
1212,511,57,139
1206,511,57,140
1200,511,57,141
1194,511,57,142
1188,511,57,143
1182,511,57,144
1176,511,57,145
1170,511,57,146
1164,511,57,147
1158,511,57,148
1152,511,57,149
1146,511,57,150
1140,511,57,151
1134,511,57,152
1128,511,57,153
1127,505,53,152
1122,505,53,153
1117,505,53,154
1112,505,53,155
1107,505,53,156
1102,505,53,157
1097,505,53,158
1092,505,53,159
1087,505,53,160
1082,505,53,161
1077,505,53,162
1072,505,53,163
1067,505,53,164
1062,505,53,165
1057,505,53,166
1051,505,56,169
1045,505,57,169
1039,505,58,169
1033,505,59,169
1027,505,60,169
1021,505,61,169
1015,505,62,169
1009,505,63,169
1003,505,64,169
997,505,65,169
991,505,66,169
985,505,67,169
979,505,68,169
973,505,69,169
967,505,70,169
958,510,66,176
951,510,67,177
944,510,68,178
937,510,69,179
930,510,70,180
923,510,71,181
916,510,72,182
909,510,73,183
902,510,74,184
895,510,75,185
888,510,76,186
881,510,77,187
874,510,78,188
867,510,79,189
860,510,80,190
857,505,86,194
849,505,86,194
841,505,86,194
833,505,86,194
825,505,86,194
817,505,86,194
809,505,86,194
801,505,86,194
793,505,86,194
785,505,86,194
777,505,86,194
769,505,86,194
761,505,86,194
753,505,86,194
745,505,86,194
737,510,84,197
728,510,84,197
719,510,84,197
710,510,84,197
701,510,84,197
692,510,84,197
683,510,84,197
674,510,84,197
665,510,84,197
656,510,84,197
647,510,84,197
638,510,84,197
629,510,84,197
620,510,84,197
611,510,84,197
599,510,84,191
591,510,85,191
583,510,86,191
575,510,87,191
567,510,88,191
559,510,89,191
551,510,90,191
543,510,91,191
535,510,92,191
527,510,93,191
519,510,94,191
511,510,95,191
503,510,96,191
495,510,97,191
487,510,98,191
473,510,100,197
469,511,98,198
465,512,96,199
461,513,94,200
457,514,92,201
453,515,90,202
449,516,88,203
445,517,86,204
441,518,84,205
437,519,82,206
433,520,80,207
429,521,78,208
425,522,76,209
421,523,74,210
417,524,72,211
415,524,72,205
415,524,73,208
415,524,74,211
415,524,75,214
415,524,76,217
415,524,77,220
415,524,78,223
415,524,79,226
415,524,80,229
415,524,81,232
415,524,82,235
415,524,83,238
415,524,84,241
415,524,85,244
415,524,86,247
408,527,87,245
414,528,88,245
420,529,89,245
426,530,90,245
432,531,91,245
438,532,92,245
444,533,93,245
450,534,94,245
456,535,95,245
462,536,96,245
468,537,97,245
474,538,98,245
480,539,99,245
486,540,100,245
492,541,101,245
500,543,98,250
511,543,97,250
522,543,96,250
533,543,95,250
544,543,94,250
555,543,93,250
566,543,92,250
577,543,91,250
588,543,90,250
599,543,89,250
610,543,88,250
621,543,87,250
632,543,86,250
643,543,85,250
654,543,84,250
666,540,87,249
675,540,90,249
684,540,93,249
693,540,96,249
702,540,99,249
711,540,102,249
720,540,105,249
729,540,108,249
738,540,111,249
747,540,114,249
756,540,117,249
765,540,120,249
774,540,123,249
783,540,126,249
792,540,129,249
804,536,127,246
817,536,124,245
830,536,121,244
843,536,118,243
856,536,115,242
869,536,112,241
882,536,109,240
895,536,106,239
908,536,103,238
921,536,100,237
934,536,97,236
947,536,94,235
960,536,91,234
973,536,88,233
986,536,85,232
992,543,87,229
