29,439,81,244
35,439,81,244
41,439,81,244
47,439,81,244
53,439,81,244
59,439,81,244
65,439,81,244
71,439,81,244
77,439,81,244
83,439,81,244
89,439,81,244
95,439,81,244
101,439,81,244
107,439,81,244
113,439,81,244
116,446,84,241
125,446,83,242
134,446,82,243
143,446,81,244
152,446,80,245
161,446,79,246
170,446,78,247
179,446,77,248
188,446,76,249
197,446,75,250
206,446,74,251
215,446,73,252
224,446,72,253
233,446,71,254
242,446,70,255
244,447,75,254
252,447,77,255
260,447,79,256
268,447,81,257
276,447,83,258
284,447,85,259
292,447,87,260
300,447,89,261
308,447,91,262
316,447,93,263
324,447,95,264
332,447,97,265
340,447,99,266
348,447,101,267
356,447,103,268
361,444,107,267
371,445,108,267
381,446,109,267
391,447,110,267
401,448,111,267
411,449,112,267
421,450,113,267
431,451,114,267
441,452,115,267
451,453,116,267
461,454,117,267
471,455,118,267
481,456,119,267
491,457,120,267
501,458,121,267
504,456,125,264
517,456,122,265
530,456,119,266
543,456,116,267
556,456,113,268
569,456,110,269
582,456,107,270
595,456,104,271
608,456,101,272
621,456,98,273
634,456,95,274
647,456,92,275
660,456,89,276
673,456,86,277
686,456,83,278
698,452,74,281
708,452,76,281
718,452,78,281
728,452,80,281
738,452,82,281
748,452,84,281
758,452,86,281
768,452,88,281
778,452,90,281
788,452,92,281
798,452,94,281
808,452,96,281
818,452,98,281
828,452,100,281
838,452,102,281
842,446,108,275
853,446,110,275
864,446,112,275
875,446,114,275
886,446,116,275
897,446,118,275
908,446,120,275
919,446,122,275
930,446,124,275
941,446,126,275
952,446,128,275
963,446,130,275
974,446,132,275
985,446,134,275
996,446,136,275
1006,446,138,279
1018,446,136,278
1030,446,134,277
1042,446,132,276
1054,446,130,275
1066,446,128,274
1078,446,126,273
1090,446,124,272
1102,446,122,271
1114,446,120,270
1126,446,118,269
1138,446,116,268
1150,446,114,267
1162,446,112,266
1174,446,110,265
1189,451,107,267
1201,450,106,267
1213,449,105,267
1225,448,104,267
1237,447,103,267
1249,446,102,267
1261,445,101,267
1273,444,100,267
1285,443,99,267
1297,442,98,267
1309,441,97,267
1321,440,96,267
1333,439,95,267
1345,438,94,267
1357,437,93,267
1370,438,88,267
1378,438,89,266
1386,438,90,265
1394,438,91,264
1402,438,92,263
1410,438,93,262
1418,438,94,261
1426,438,95,260
1434,438,96,259
1442,438,97,258
1450,438,98,257
1458,438,99,256
1466,438,100,255
1474,438,101,254
1482,438,102,253
1492,431,97,258
1499,431,96,256
1506,431,95,254
1513,431,94,252
1520,431,93,250
1527,431,92,248
1534,431,91,246
1541,431,90,244
1548,431,89,242
1555,431,88,240
1562,431,87,238
1569,431,86,236
1576,431,85,234
1583,431,84,232
1590,431,83,230
1603,430,84,230
1605,430,84,228
1607,430,84,226
1609,430,84,224
1611,430,84,222
1613,430,84,220
1615,430,84,218
1617,430,84,216
1619,430,84,214
1621,430,84,212
1623,430,84,210
1625,430,84,208
1627,430,84,206
1629,430,84,204
1631,430,84,202
1626,433,88,204
1624,433,88,202
1622,433,88,200
1620,433,88,198
1618,433,88,196
1616,433,88,194
1614,433,88,192
1612,433,88,190
1610,433,88,188
1608,433,88,186
1606,433,88,184
1604,433,88,182
1602,433,88,180
1600,433,88,178
1598,433,88,176
1590,435,81,178
1583,434,83,178
1576,433,85,178
1569,432,87,178
1562,431,89,178
1555,430,91,178
1548,429,93,178
1541,428,95,178
1534,427,97,178
1527,426,99,178
1520,425,101,178
1513,424,103,178
1506,423,105,178
1499,422,107,178
1492,421,109,178
1486,426,107,183
1480,426,105,184
1474,426,103,185
1468,426,101,186
1462,426,99,187
1456,426,97,188
1450,426,95,189
1444,426,93,190
1438,426,91,191
1432,426,89,192
1426,426,87,193
1420,426,85,194
1414,426,83,195
1408,426,81,196
1402,426,79,197
1391,430,83,198
1382,430,83,199
1373,430,83,200
1364,430,83,201
1355,430,83,202
1346,430,83,203
1337,430,83,204
1328,430,83,205
1319,430,83,206
1310,430,83,207
1301,430,83,208
1292,430,83,209
1283,430,83,210
1274,430,83,211
1265,430,83,212
1253,431,85,207
1243,430,87,209
1233,429,89,211
1223,428,91,213
1213,427,93,215
1203,426,95,217
1193,425,97,219
1183,424,99,221
1173,423,101,223
1163,422,103,225
1153,421,105,227
1143,420,107,229
1133,419,109,231
1123,418,111,233
1113,417,113,235
1105,417,112,231
1094,417,113,231
1083,417,114,231
1072,417,115,231
1061,417,116,231
1050,417,117,231
1039,417,118,231
1028,417,119,231
1017,417,120,231
1006,417,121,231
995,417,122,231
984,417,123,231
973,417,124,231
962,417,125,231
951,417,126,231
942,421,126,230
932,422,124,229
922,423,122,228
912,424,120,227
902,425,118,226
892,426,116,225
882,427,114,224
872,428,112,223
862,429,110,222
852,430,108,221
842,431,106,220
832,432,104,219
822,433,102,218
812,434,100,217
802,435,98,216
799,431,89,219
789,431,89,219
779,431,89,219
769,431,89,219
759,431,89,219
749,431,89,219
739,431,89,219
729,431,89,219
719,431,89,219
709,431,89,219
699,431,89,219
689,431,89,219
679,431,89,219
669,431,89,219
659,431,89,219
647,433,89,214
639,433,90,216
631,433,91,218
623,433,92,220
615,433,93,222
607,433,94,224
599,433,95,226
591,433,96,228
583,433,97,230
575,433,98,232
567,433,99,234
559,433,100,236
551,433,101,238
543,433,102,240
535,433,103,242
528,439,97,247
524,441,98,248
520,443,99,249
516,445,100,250
512,447,101,251
508,449,102,252
504,451,103,253
500,453,104,254
496,455,105,255
492,457,106,256
488,459,107,257
484,461,108,258
480,463,109,259
476,465,110,260
472,467,111,261
463,463,109,269
465,464,109,271
467,465,109,273
469,466,109,275
471,467,109,277
473,468,109,279
475,469,109,281
477,470,109,283
479,471,109,285
481,472,109,287
483,473,109,289
485,474,109,291
487,475,109,293
489,476,109,295
491,477,109,297
494,484,114,292
501,484,117,294
508,484,120,296
515,484,123,298
522,484,126,300
529,484,129,302
536,484,132,304
543,484,135,306
550,484,138,308
557,484,141,310
564,484,144,312
571,484,147,314
578,484,150,316
585,484,153,318
592,484,156,320
597,478,164,325
609,478,161,322
621,478,158,319
633,478,155,316
645,478,152,313
657,478,149,310
669,478,146,307
681,478,143,304
693,478,140,301
705,478,137,298
717,478,134,295
729,478,131,292
741,478,128,289
753,478,125,286
765,478,122,283
783,476,122,281
794,476,120,280
805,476,118,279
816,476,116,278
827,476,114,277
838,476,112,276
849,476,110,275
860,476,108,274
871,476,106,273
882,476,104,272
893,476,102,271
904,476,100,270
915,476,98,269
926,476,96,268
937,476,94,267
948,474,93,264
957,473,96,266
966,472,99,268
975,471,102,270
984,470,105,272
993,469,108,274
1002,468,111,276
1011,467,114,278
1020,466,117,280
1029,465,120,282
1038,464,123,284
1047,463,126,286
1056,462,129,288
1065,461,132,290
1074,460,135,292
1078,463,137,295
1088,463,138,296
1098,463,139,297
1108,463,140,298
1118,463,141,299
1128,463,142,300
1138,463,143,301
1148,463,144,302
1158,463,145,303
1168,463,146,304
1178,463,147,305
1188,463,148,306
1198,463,149,307
1208,463,150,308
1218,463,151,309
1235,466,145,303
1244,465,142,301
1253,464,139,299
1262,463,136,297
1271,462,133,295
1280,461,130,293
1289,460,127,291
1298,459,124,289
1307,458,121,287
1316,457,118,285
1325,456,115,283
1334,455,112,281
1343,454,109,279
1352,453,106,277
1361,452,103,275
1373,457,99,278
1378,456,99,276
1383,455,99,274
1388,454,99,272
1393,453,99,270
1398,452,99,268
1403,451,99,266
1408,450,99,264
1413,449,99,262
1418,448,99,260
1423,447,99,258
1428,446,99,256
1433,445,99,254
1438,444,99,252
1443,443,99,250
1452,446,104,254
