22,337,124,323
37,338,122,323
52,339,120,323
67,340,118,323
82,341,116,323
97,342,114,323
112,343,112,323
127,344,110,323
142,345,108,323
157,346,106,323
172,347,104,323
187,348,102,323
202,349,100,323
217,350,98,323
232,351,96,323
240,354,87,330
251,354,90,332
262,354,93,334
273,354,96,336
284,354,99,338
295,354,102,340
306,354,105,342
317,354,108,344
328,354,111,346
339,354,114,348
350,354,117,350
361,354,120,352
372,354,123,354
383,354,126,356
394,354,129,358
401,352,133,358
413,353,135,357
425,354,137,356
437,355,139,355
449,356,141,354
461,357,143,353
473,358,145,352
485,359,147,351
497,360,149,350
509,361,151,349
521,362,153,348
533,363,155,347
545,364,157,346
557,365,159,345
569,366,161,344
587,371,169,350
604,373,166,349
621,375,163,348
638,377,160,347
655,379,157,346
672,381,154,345
689,383,151,344
706,385,148,343
723,387,145,342
740,389,142,341
757,391,139,340
774,393,136,339
791,395,133,338
808,397,130,337
825,399,127,336
840,396,129,339
853,397,130,339
866,398,131,339
879,399,132,339
892,400,133,339
905,401,134,339
918,402,135,339
931,403,136,339
944,404,137,339
957,405,138,339
970,406,139,339
983,407,140,339
996,408,141,339
1009,409,142,339
1022,410,143,339
1041,406,146,343
1053,407,148,342
1065,408,150,341
1077,409,152,340
1089,410,154,339
1101,411,156,338
1113,412,158,337
1125,413,160,336
1137,414,162,335
1149,415,164,334
1161,416,166,333
1173,417,168,332
1185,418,170,331
1197,419,172,330
1209,420,174,329
1222,416,178,335
1235,418,176,333
1248,420,174,331
1261,422,172,329
1274,424,170,327
1287,426,168,325
1300,428,166,323
1313,430,164,321
1326,432,162,319
1339,434,160,317
1352,436,158,315
1365,438,156,313
1378,440,154,311
1391,442,152,309
1404,444,150,307
1418,446,147,301
1430,446,144,300
1442,446,141,299
1454,446,138,298
1466,446,135,297
1478,446,132,296
1490,446,129,295
1502,446,126,294
1514,446,123,293
1526,446,120,292
1538,446,117,291
1550,446,114,290
1562,446,111,289
1574,446,108,288
1586,446,105,287
1598,446,102,291
1603,446,101,290
1608,446,100,289
1613,446,99,288
1618,446,98,287
1623,446,97,286
1628,446,96,285
1633,446,95,284
1638,446,94,283
1643,446,93,282
1648,446,92,281
1653,446,91,280
1658,446,90,279
1663,446,89,278
1668,446,88,277
1678,440,87,280
1677,440,87,278
1676,440,87,276
1675,440,87,274
1674,440,87,272
1673,440,87,270
1672,440,87,268
1671,440,87,266
1670,440,87,264
1669,440,87,262
1668,440,87,260
1667,440,87,258
1666,440,87,256
1665,440,87,254
1664,440,87,252
1668,438,86,245
1662,438,85,243
1656,438,84,241
1650,438,83,239
1644,438,82,237
1638,438,81,235
1632,438,80,233
1626,438,79,231
1620,438,78,229
1614,438,77,227
1608,438,76,225
1602,438,75,223
1596,438,74,221
1590,438,73,219
1584,438,72,217
1582,442,77,209
1573,440,79,210
1564,438,81,211
1555,436,83,212
1546,434,85,213
1537,432,87,214
1528,430,89,215
1519,428,91,216
1510,426,93,217
1501,424,95,218
1492,422,97,219
1483,420,99,220
1474,418,101,221
1465,416,103,222
1456,414,105,223
1440,417,103,228
1429,415,105,230
1418,413,107,232
1407,411,109,234
1396,409,111,236
1385,407,113,238
1374,405,115,240
1363,403,117,242
1352,401,119,244
1341,399,121,246
1330,397,123,248
1319,395,125,250
1308,393,127,252
1297,391,129,254
1286,389,131,256
1278,392,135,259
1268,391,134,260
1258,390,133,261
1248,389,132,262
1238,388,131,263
1228,387,130,264
1218,386,129,265
1208,385,128,266
1198,384,127,267
1188,383,126,268
1178,382,125,269
1168,381,124,270
1158,380,123,271
1148,379,122,272
1138,378,121,273
1129,378,127,277
1117,377,125,277
1105,376,123,277
1093,375,121,277
1081,374,119,277
1069,373,117,277
1057,372,115,277
1045,371,113,277
1033,370,111,277
1021,369,109,277
1009,368,107,277
997,367,105,277
985,366,103,277
973,365,101,277
961,364,99,277
943,365,98,280
929,363,100,281
915,361,102,282
901,359,104,283
887,357,106,284
873,355,108,285
859,353,110,286
845,351,112,287
831,349,114,288
817,347,116,289
803,345,118,290
789,343,120,291
775,341,122,292
761,339,124,293
747,337,126,294
736,339,129,291
721,338,131,290
706,337,133,289
691,336,135,288
676,335,137,287
661,334,139,286
646,333,141,285
631,332,143,284
616,331,145,283
601,330,147,282
586,329,149,281
571,328,151,280
556,327,153,279
541,326,155,278
526,325,157,277
517,330,166,283
508,331,163,283
499,332,160,283
490,333,157,283
481,334,154,283
472,335,151,283
463,336,148,283
454,337,145,283
445,338,142,283
436,339,139,283
427,340,136,283
418,341,133,283
409,342,130,283
400,343,127,283
391,344,124,283
376,340,122,286
369,341,122,287
362,342,122,288
355,343,122,289
348,344,122,290
341,345,122,291
334,346,122,292
327,347,122,293
320,348,122,294
313,349,122,295
306,350,122,296
299,351,122,297
292,352,122,298
285,353,122,299
278,354,122,300
276,354,129,300
275,355,129,305
274,356,129,310
273,357,129,315
272,358,129,320
271,359,129,325
270,360,129,330
269,361,129,335
268,362,129,340
267,363,129,345
266,364,129,350
265,365,129,355
264,366,129,360
263,367,129,365
262,368,129,370
261,373,129,377
267,376,131,378
273,379,133,379
279,382,135,380
285,385,137,381
291,388,139,382
297,391,141,383
303,394,143,384
309,397,145,385
315,400,147,386
321,403,149,387
327,406,151,388
333,409,153,389
339,412,155,390
345,415,157,391
351,412,152,397
365,412,151,396
379,412,150,395
393,412,149,394
407,412,148,393
421,412,147,392
435,412,146,391
449,412,145,390
463,412,144,389
477,412,143,388
491,412,142,387
505,412,141,386
519,412,140,385
533,412,139,384
547,412,138,383
563,409,131,385
574,409,133,383
585,409,135,381
596,409,137,379
607,409,139,377
618,409,141,375
629,409,143,373
640,409,145,371
651,409,147,369
662,409,149,367
673,409,151,365
684,409,153,363
695,409,155,361
706,409,157,359
717,409,159,357
733,402,154,356
745,404,154,356
757,406,154,356
769,408,154,356
781,410,154,356
793,412,154,356
805,414,154,356
817,416,154,356
829,418,154,356
841,420,154,356
853,422,154,356
865,424,154,356
877,426,154,356
889,428,154,356
901,430,154,356
908,426,160,357
924,427,159,358
940,428,158,359
956,429,157,360
972,430,156,361
988,431,155,362
1004,432,154,363
1020,433,153,364
1036,434,152,365
1052,435,151,366
1068,436,150,367
1084,437,149,368
1100,438,148,369
1116,439,147,370
1132,440,146,371
1153,447,140,378
1165,446,139,378
1177,445,138,378
1189,444,137,378
1201,443,136,378
1213,442,135,378
1225,441,134,378
1237,440,133,378
1249,439,132,378
1261,438,131,378
1273,437,130,378
1285,436,129,378
1297,435,128,378
1309,434,127,378
1321,433,126,378
1333,433,129,383
1338,434,130,378
1343,435,131,373
1348,436,132,368
1353,437,133,363
1358,438,134,358
1363,439,135,353
1368,440,136,348
1373,441,137,343
1378,442,138,338
1383,443,139,333
1388,444,140,328
1393,445,141,323
1398,446,142,318
1403,447,143,313
1411,447,142,307
1420,447,140,305
1429,447,138,303
1438,447,136,301
1447,447,134,299
1456,447,132,297
1465,447,130,295
1474,447,128,293
1483,447,126,291
1492,447,124,289
1501,447,122,287
1510,447,120,285
1519,447,118,283
1528,447,116,281
1537,447,114,279
1541,449,114,284
1548,448,114,284
1555,447,114,284
1562,446,114,284
1569,445,114,284
1576,444,114,284
1583,443,114,284
1590,442,114,284
1597,441,114,284
1604,440,114,284
1611,439,114,284
1618,438,114,284
1625,437,114,284
1632,436,114,284
1639,435,114,284
1645,441,115,285
1651,442,113,283
1657,443,111,281
1663,444,109,279
1669,445,107,277
1675,446,105,275
1681,447,103,273
1687,448,101,271
1693,449,99,269
1699,450,97,267
1705,451,95,265
1711,452,93,263
1717,453,91,261
1723,454,89,259
1729,455,87,257
1735,449,89,253
