90,325,120,367
99,327,124,369
108,329,128,371
117,331,132,373
126,333,136,375
135,335,140,377
144,337,144,379
153,339,148,381
162,341,152,383
171,343,156,385
180,345,160,387
189,347,164,389
198,349,168,391
207,351,172,393
216,353,176,395
227,359,179,393
247,362,176,391
267,365,173,389
287,368,170,387
307,371,167,385
327,374,164,383
347,377,161,381
367,380,158,379
387,383,155,377
407,386,152,375
427,389,149,373
447,392,146,371
467,395,143,369
487,398,140,367
507,401,137,365
520,407,136,363
538,408,138,367
556,409,140,371
574,410,142,375
592,411,144,379
610,412,146,383
628,413,148,387
646,414,150,391
664,415,152,395
682,416,154,399
700,417,156,403
718,418,158,407
736,419,160,411
754,420,162,415
772,421,164,419
796,422,172,428
814,424,175,427
832,426,178,426
850,428,181,425
868,430,184,424
886,432,187,423
904,434,190,422
922,436,193,421
940,438,196,420
958,440,199,419
976,442,202,418
994,444,205,417
1012,446,208,416
1030,448,211,415
1048,450,214,414
1068,456,219,418
1093,458,215,417
1118,460,211,416
1143,462,207,415
1168,464,203,414
1193,466,199,413
1218,468,195,412
1243,470,191,411
1268,472,187,410
1293,474,183,409
1318,476,179,408
1343,478,175,407
1368,480,171,406
1393,482,167,405
1418,484,163,404
1448,490,162,409
1460,491,160,407
1472,492,158,405
1484,493,156,403
1496,494,154,401
1508,495,152,399
1520,496,150,397
1532,497,148,395
1544,498,146,393
1556,499,144,391
1568,500,142,389
1580,501,140,387
1592,502,138,385
1604,503,136,383
1616,504,134,381
1628,499,129,378
1631,499,128,374
1634,499,127,370
1637,499,126,366
1640,499,125,362
1643,499,124,358
1646,499,123,354
1649,499,122,350
1652,499,121,346
1655,499,120,342
1658,499,119,338
1661,499,118,334
1664,499,117,330
1667,499,116,326
1670,499,115,322
1680,495,109,325
1676,493,109,323
1672,491,109,321
1668,489,109,319
1664,487,109,317
1660,485,109,315
1656,483,109,313
1652,481,109,311
1648,479,109,309
1644,477,109,307
1640,475,109,305
1636,473,109,303
1632,471,109,301
1628,469,109,299
1624,467,109,297
1613,467,106,288
1601,465,110,286
1589,463,114,284
1577,461,118,282
1565,459,122,280
1553,457,126,278
1541,455,130,276
1529,453,134,274
1517,451,138,272
1505,449,142,270
1493,447,146,268
1481,445,150,266
1469,443,154,264
1457,441,158,262
1445,439,162,260
1437,440,159,261
1424,437,156,262
1411,434,153,263
1398,431,150,264
1385,428,147,265
1372,425,144,266
1359,422,141,267
1346,419,138,268
1333,416,135,269
1320,413,132,270
1307,410,129,271
1294,407,126,272
1281,404,123,273
1268,401,120,274
1255,398,117,275
1245,400,114,276
1229,396,114,277
1213,392,114,278
1197,388,114,279
1181,384,114,280
1165,380,114,281
1149,376,114,282
1133,372,114,283
1117,368,114,284
1101,364,114,285
1085,360,114,286
1069,356,114,287
1053,352,114,288
1037,348,114,289
1021,344,114,290
1002,339,112,289
986,337,115,287
970,335,118,285
954,333,121,283
938,331,124,281
922,329,127,279
906,327,130,277
890,325,133,275
874,323,136,273
858,321,139,271
842,319,142,269
826,317,145,267
810,315,148,265
794,313,151,263
778,311,154,261
764,303,159,260
751,302,157,259
738,301,155,258
725,300,153,257
712,299,151,256
699,298,149,255
686,297,147,254
673,296,145,253
660,295,143,252
647,294,141,251
634,293,139,250
621,292,137,249
608,291,135,248
595,290,133,247
582,289,131,246
574,292,125,240
561,291,124,240
548,290,123,240
535,289,122,240
522,288,121,240
509,287,120,240
496,286,119,240
483,285,118,240
470,284,117,240
457,283,116,240
444,282,115,240
431,281,114,240
418,280,113,240
405,279,112,240
392,278,111,240
385,278,103,245
375,278,103,246
365,278,103,247
355,278,103,248
345,278,103,249
335,278,103,250
325,278,103,251
315,278,103,252
305,278,103,253
295,278,103,254
285,278,103,255
275,278,103,256
265,278,103,257
255,278,103,258
245,278,103,259
230,271,109,265
224,272,109,267
218,273,109,269
212,274,109,271
206,275,109,273
200,276,109,275
194,277,109,277
188,278,109,279
182,279,109,281
176,280,109,283
170,281,109,285
164,282,109,287
158,283,109,289
152,284,109,291
146,285,109,293
145,283,109,300
144,285,109,301
143,287,109,302
142,289,109,303
141,291,109,304
140,293,109,305
139,295,109,306
138,297,109,307
137,299,109,308
136,301,109,309
135,303,109,310
134,305,109,311
133,307,109,312
132,309,109,313
131,311,109,314
135,314,108,315
140,315,110,317
145,316,112,319
150,317,114,321
155,318,116,323
160,319,118,325
165,320,120,327
170,321,122,329
175,322,124,331
180,323,126,333
185,324,128,335
190,325,130,337
195,326,132,339
200,327,134,341
205,328,136,343
209,327,137,344
216,329,138,347
223,331,139,350
230,333,140,353
237,335,141,356
244,337,142,359
251,339,143,362
258,341,144,365
265,343,145,368
272,345,146,371
279,347,147,374
286,349,148,377
293,351,149,380
300,353,150,383
307,355,151,386
320,359,152,394
338,360,151,393
356,361,150,392
374,362,149,391
392,363,148,390
410,364,147,389
428,365,146,388
446,366,145,387
464,367,144,386
482,368,143,385
500,369,142,384
518,370,141,383
536,371,140,382
554,372,139,381
572,373,138,380
593,380,138,384
607,382,139,382
621,384,140,380
635,386,141,378
649,388,142,376
663,390,143,374
677,392,144,372
691,394,145,370
705,396,146,368
719,398,147,366
733,400,148,364
747,402,149,362
761,404,150,360
775,406,151,358
789,408,152,356
809,413,156,348
824,414,156,350
839,415,156,352
854,416,156,354
869,417,156,356
884,418,156,358
899,419,156,360
914,420,156,362
929,421,156,364
944,422,156,366
959,423,156,368
974,424,156,370
989,425,156,372
1004,426,156,374
1019,427,156,376
1037,431,162,384
1050,432,164,386
1063,433,166,388
1076,434,168,390
1089,435,170,392
1102,436,172,394
1115,437,174,396
1128,438,176,398
1141,439,178,400
1154,440,180,402
1167,441,182,404
1180,442,184,406
1193,443,186,408
1206,444,188,410
1219,445,190,412
1236,449,194,409
1254,451,189,405
1272,453,184,401
1290,455,179,397
1308,457,174,393
1326,459,169,389
1344,461,164,385
1362,463,159,381
1380,465,154,377
1398,467,149,373
1416,469,144,369
1434,471,139,365
1452,473,134,361
1470,475,129,357
1488,477,124,353
1503,474,124,342
1508,474,123,340
1513,474,122,338
1518,474,121,336
1523,474,120,334
1528,474,119,332
1533,474,118,330
1538,474,117,328
1543,474,116,326
1548,474,115,324
1553,474,114,322
1558,474,113,320
1563,474,112,318
1568,474,111,316
1573,474,110,314
1585,467,115,308
1581,467,117,305
1577,467,119,302
1573,467,121,299
1569,467,123,296
1565,467,125,293
1561,467,127,290
1557,467,129,287
1553,467,131,284
1549,467,133,281
1545,467,135,278
1541,467,137,275
1537,467,139,272
1533,467,141,269
1529,467,143,266
1521,461,148,265
1506,457,147,266
1491,453,146,267
1476,449,145,268
1461,445,144,269
1446,441,143,270
1431,437,142,271
1416,433,141,272
1401,429,140,273
1386,425,139,274
1371,421,138,275
1356,417,137,276
1341,413,136,277
1326,409,135,278
1311,405,134,279
1300,402,128,274
1282,399,128,274
1264,396,128,274
1246,393,128,274
1228,390,128,274
1210,387,128,274
1192,384,128,274
1174,381,128,274
1156,378,128,274
1138,375,128,274
1120,372,128,274
1102,369,128,274
1084,366,128,274
1066,363,128,274
1048,360,128,274
1033,355,126,276
1016,353,125,276
999,351,124,276
982,349,123,276
965,347,122,276
948,345,121,276
931,343,120,276
914,341,119,276
897,339,118,276
880,337,117,276
863,335,116,276
846,333,115,276
829,331,114,276
812,329,113,276
795,327,112,276
783,321,104,281
767,319,107,282
751,317,110,283
735,315,113,284
719,313,116,285
703,311,119,286
687,309,122,287
671,307,125,288
655,305,128,289
639,303,131,290
623,301,134,291
607,299,137,292
591,297,140,293
575,295,143,294
559,293,146,295
542,287,149,289
