232,422,87,253
237,423,87,254
242,424,87,255
247,425,87,256
252,426,87,257
257,427,87,258
262,428,87,259
267,429,87,260
272,430,87,261
277,431,87,262
282,432,87,263
287,433,87,264
292,434,87,265
297,435,87,266
302,436,87,267
306,440,80,272
313,441,81,273
320,442,82,274
327,443,83,275
334,444,84,276
341,445,85,277
348,446,86,278
355,447,87,279
362,448,88,280
369,449,89,281
376,450,90,282
383,451,91,283
390,452,92,284
397,453,93,285
404,454,94,286
417,459,89,287
427,459,92,290
437,459,95,293
447,459,98,296
457,459,101,299
467,459,104,302
477,459,107,305
487,459,110,308
497,459,113,311
507,459,116,314
517,459,119,317
527,459,122,320
537,459,125,323
547,459,128,326
557,459,131,329
570,464,136,325
584,465,138,325
598,466,140,325
612,467,142,325
626,468,144,325
640,469,146,325
654,470,148,325
668,471,150,325
682,472,152,325
696,473,154,325
710,474,156,325
724,475,158,325
738,476,160,325
752,477,162,325
766,478,164,325
782,480,159,322
801,480,156,323
820,480,153,324
839,480,150,325
858,480,147,326
877,480,144,327
896,480,141,328
915,480,138,329
934,480,135,330
953,480,132,331
972,480,129,332
991,480,126,333
1010,480,123,334
1029,480,120,335
1048,480,117,336
1068,486,111,331
1081,485,116,332
1094,484,121,333
1107,483,126,334
1120,482,131,335
1133,481,136,336
1146,480,141,337
1159,479,146,338
1172,478,151,339
1185,477,156,340
1198,476,161,341
1211,475,166,342
1224,474,171,343
1237,473,176,344
1250,472,181,345
1260,475,183,347
1275,476,179,346
1290,477,175,345
1305,478,171,344
1320,479,167,343
1335,480,163,342
1350,481,159,341
1365,482,155,340
1380,483,151,339
1395,484,147,338
1410,485,143,337
1425,486,139,336
1440,487,135,335
1455,488,131,334
1470,489,127,333
1490,486,124,326
1498,485,122,324
1506,484,120,322
1514,483,118,320
1522,482,116,318
1530,481,114,316
1538,480,112,314
1546,479,110,312
1554,478,108,310
1562,477,106,308
1570,476,104,306
1578,475,102,304
1586,474,100,302
1594,473,98,300
1602,472,96,298
1608,470,97,302
1608,469,97,300
1608,468,97,298
1608,467,97,296
1608,466,97,294
1608,465,97,292
1608,464,97,290
1608,463,97,288
1608,462,97,286
1608,461,97,284
1608,460,97,282
1608,459,97,280
1608,458,97,278
1608,457,97,276
1608,456,97,274
1608,459,100,268
1603,459,101,264
1598,459,102,260
1593,459,103,256
1588,459,104,252
1583,459,105,248
1578,459,106,244
1573,459,107,240
1568,459,108,236
1563,459,109,232
1558,459,110,228
1553,459,111,224
1548,459,112,220
1543,459,113,216
1538,459,114,212
1527,453,119,209
1517,452,118,209
1507,451,117,209
1497,450,116,209
1487,449,115,209
1477,448,114,209
1467,447,113,209
1457,446,112,209
1447,445,111,209
1437,444,110,209
1427,443,109,209
1417,442,108,209
1407,441,107,209
1397,440,106,209
1387,439,105,209
1371,445,106,203
1358,443,108,205
1345,441,110,207
1332,439,112,209
1319,437,114,211
1306,435,116,213
1293,433,118,215
1280,431,120,217
1267,429,122,219
1254,427,124,221
1241,425,126,223
1228,423,128,225
1215,421,130,227
1202,419,132,229
1189,417,134,231
1178,412,138,234
1167,411,137,232
1156,410,136,230
1145,409,135,228
1134,408,134,226
1123,407,133,224
1112,406,132,222
1101,405,131,220
1090,404,130,218
1079,403,129,216
1068,402,128,214
1057,401,127,212
1046,400,126,210
1035,399,125,208
1024,398,124,206
1010,403,119,203
998,403,117,202
986,403,115,201
974,403,113,200
962,403,111,199
950,403,109,198
938,403,107,197
926,403,105,196
914,403,103,195
902,403,101,194
890,403,99,193
878,403,97,192
866,403,95,191
854,403,93,190
842,403,91,189
837,398,82,189
826,397,83,190
815,396,84,191
804,395,85,192
793,394,86,193
782,393,87,194
771,392,88,195
760,391,89,196
749,390,90,197
738,389,91,198
727,388,92,199
716,387,93,200
705,386,94,201
694,385,95,202
683,384,96,203
673,388,97,197
663,388,97,198
653,388,97,199
643,388,97,200
633,388,97,201
623,388,97,202
613,388,97,203
603,388,97,204
593,388,97,205
583,388,97,206
573,388,97,207
563,388,97,208
553,388,97,209
543,388,97,210
533,388,97,211
529,387,98,213
522,388,98,213
515,389,98,213
508,390,98,213
501,391,98,213
494,392,98,213
487,393,98,213
480,394,98,213
473,395,98,213
466,396,98,213
459,397,98,213
452,398,98,213
445,399,98,213
438,400,98,213
431,401,98,213
424,409,95,215
421,410,94,216
418,411,93,217
415,412,92,218
412,413,91,219
409,414,90,220
406,415,89,221
403,416,88,222
400,417,87,223
397,418,86,224
394,419,85,225
391,420,84,226
388,421,83,227
385,422,82,228
382,423,81,229
373,420,85,231
375,420,84,233
377,420,83,235
379,420,82,237
381,420,81,239
383,420,80,241
385,420,79,243
387,420,78,245
389,420,77,247
391,420,76,249
393,420,75,251
395,420,74,253
397,420,73,255
399,420,72,257
401,420,71,259
399,427,76,266
403,428,78,267
407,429,80,268
411,430,82,269
415,431,84,270
419,432,86,271
423,433,88,272
427,434,90,273
431,435,92,274
435,436,94,275
439,437,96,276
443,438,98,277
447,439,100,278
451,440,102,279
455,441,104,280
462,448,109,277
472,449,109,280
482,450,109,283
492,451,109,286
502,452,109,289
512,453,109,292
522,454,109,295
532,455,109,298
542,456,109,301
552,457,109,304
562,458,109,307
572,459,109,310
582,460,109,313
592,461,109,316
602,462,109,319
606,464,107,317
617,463,109,316
628,462,111,315
639,461,113,314
650,460,115,313
661,459,117,312
672,458,119,311
683,457,121,310
694,456,123,309
705,455,125,308
716,454,127,307
727,453,129,306
738,452,131,305
749,451,133,304
760,450,135,303
767,456,143,304
780,457,139,302
793,458,135,300
806,459,131,298
819,460,127,296
832,461,123,294
845,462,119,292
858,463,115,290
871,464,111,288
884,465,107,286
897,466,103,284
910,467,99,282
923,468,95,280
936,469,91,278
949,470,87,276
969,478,88,270
979,477,91,274
989,476,94,278
999,475,97,282
1009,474,100,286
1019,473,103,290
1029,472,106,294
1039,471,109,298
1049,470,112,302
1059,469,115,306
1069,468,118,310
1079,467,121,314
1089,466,124,318
1099,465,127,322
1109,464,130,326
1116,464,135,333
1128,464,135,332
1140,464,135,331
1152,464,135,330
1164,464,135,329
1176,464,135,328
1188,464,135,327
1200,464,135,326
1212,464,135,325
1224,464,135,324
1236,464,135,323
1248,464,135,322
1260,464,135,321
1272,464,135,320
1284,464,135,319
1299,469,128,320
1311,469,126,318
1323,469,124,316
1335,469,122,314
1347,469,120,312
1359,469,118,310
1371,469,116,308
1383,469,114,306
1395,469,112,304
1407,469,110,302
1419,469,108,300
1431,469,106,298
1443,469,104,296
1455,469,102,294
1467,469,100,292
1483,465,104,284
1487,464,104,282
1491,463,104,280
1495,462,104,278
1499,461,104,276
1503,460,104,274
1507,459,104,272
1511,458,104,270
1515,457,104,268
1519,456,104,266
1523,455,104,264
1527,454,104,262
1531,453,104,260
1535,452,104,258
1539,451,104,256
1543,451,103,258
1539,452,105,254
1535,453,107,250
1531,454,109,246
1527,455,111,242
1523,456,113,238
1519,457,115,234
1515,458,117,230
1511,459,119,226
1507,460,121,222
1503,461,123,218
1499,462,125,214
1495,463,127,210
1491,464,129,206
1487,465,131,202
1483,467,133,205
1474,465,130,206
1465,463,127,207
1456,461,124,208
1447,459,121,209
1438,457,118,210
1429,455,115,211
1420,453,112,212
1411,451,109,213
1402,449,106,214
1393,447,103,215
1384,445,100,216
1375,443,97,217
1366,441,94,218
1357,439,91,219
1346,438,90,216
1334,436,92,217
1322,434,94,218
1310,432,96,219
1298,430,98,220
1286,428,100,221
1274,426,102,222
1262,424,104,223
1250,422,106,224
1238,420,108,225
1226,418,110,226
1214,416,112,227
1202,414,114,228
1190,412,116,229
1178,410,118,230
1161,412,126,231
