153,380,105,344
165,380,107,345
177,380,109,346
189,380,111,347
201,380,113,348
213,380,115,349
225,380,117,350
237,380,119,351
249,380,121,352
261,380,123,353
273,380,125,354
285,380,127,355
297,380,129,356
309,380,131,357
321,380,133,358
336,378,135,361
348,378,138,361
360,378,141,361
372,378,144,361
384,378,147,361
396,378,150,361
408,378,153,361
420,378,156,361
432,378,159,361
444,378,162,361
456,378,165,361
468,378,168,361
480,378,171,361
492,378,174,361
504,378,177,361
518,384,177,358
531,386,176,357
544,388,175,356
557,390,174,355
570,392,173,354
583,394,172,353
596,396,171,352
609,398,170,351
622,400,169,350
635,402,168,349
648,404,167,348
661,406,166,347
674,408,165,346
687,410,164,345
700,412,163,344
716,411,161,338
731,412,159,337
746,413,157,336
761,414,155,335
776,415,153,334
791,416,151,333
806,417,149,332
821,418,147,331
836,419,145,330
851,420,143,329
866,421,141,328
881,422,139,327
896,423,137,326
911,424,135,325
926,425,133,324
944,419,124,325
955,419,126,325
966,419,128,325
977,419,130,325
988,419,132,325
999,419,134,325
1010,419,136,325
1021,419,138,325
1032,419,140,325
1043,419,142,325
1054,419,144,325
1065,419,146,325
1076,419,148,325
1087,419,150,325
1098,419,152,325
1109,419,157,320
1120,419,156,320
1131,419,155,320
1142,419,154,320
1153,419,153,320
1164,419,152,320
1175,419,151,320
1186,419,150,320
1197,419,149,320
1208,419,148,320
1219,419,147,320
1230,419,146,320
1241,419,145,320
1252,419,144,320
1263,419,143,320
1278,422,142,317
1289,423,139,315
1300,424,136,313
1311,425,133,311
1322,426,130,309
1333,427,127,307
1344,428,124,305
1355,429,121,303
1366,430,118,301
1377,431,115,299
1388,432,112,297
1399,433,109,295
1410,434,106,293
1421,435,103,291
1432,436,100,289
1445,440,100,287
1452,440,99,286
1459,440,98,285
1466,440,97,284
1473,440,96,283
1480,440,95,282
1487,440,94,281
1494,440,93,280
1501,440,92,279
1508,440,91,278
1515,440,90,277
1522,440,89,276
1529,440,88,275
1536,440,87,274
1543,440,86,273
1546,437,85,270
1550,436,85,269
1554,435,85,268
1558,434,85,267
1562,433,85,266
1566,432,85,265
1570,431,85,264
1574,430,85,263
1578,429,85,262
1582,428,85,261
1586,427,85,260
1590,426,85,259
1594,425,85,258
1598,424,85,257
1602,423,85,256
1605,428,78,255
1606,427,78,254
1607,426,78,253
1608,425,78,252
1609,424,78,251
1610,423,78,250
1611,422,78,249
1612,421,78,248
1613,420,78,247
1614,419,78,246
1615,418,78,245
1616,417,78,244
1617,416,78,243
1618,415,78,242
1619,414,78,241
1621,419,78,246
1619,419,78,244
1617,419,78,242
1615,419,78,240
1613,419,78,238
1611,419,78,236
1609,419,78,234
1607,419,78,232
1605,419,78,230
1603,419,78,228
1601,419,78,226
1599,419,78,224
1597,419,78,222
1595,419,78,220
1593,419,78,218
1592,414,82,213
1588,414,81,212
1584,414,80,211
1580,414,79,210
1576,414,78,209
1572,414,77,208
1568,414,76,207
1564,414,75,206
1560,414,74,205
1556,414,73,204
1552,414,72,203
1548,414,71,202
1544,414,70,201
1540,414,69,200
1536,414,68,199
1528,414,72,195
1521,413,72,194
1514,412,72,193
1507,411,72,192
1500,410,72,191
1493,409,72,190
1486,408,72,189
1479,407,72,188
1472,406,72,187
1465,405,72,186
1458,404,72,185
1451,403,72,184
1444,402,72,183
1437,401,72,182
1430,400,72,181
1425,406,76,183
1417,405,78,184
1409,404,80,185
1401,403,82,186
1393,402,84,187
1385,401,86,188
1377,400,88,189
1369,399,90,190
1361,398,92,191
1353,397,94,192
1345,396,96,193
1337,395,98,194
1329,394,100,195
1321,393,102,196
1313,392,104,197
1298,384,108,200
1291,384,106,201
1284,384,104,202
1277,384,102,203
1270,384,100,204
1263,384,98,205
1256,384,96,206
1249,384,94,207
1242,384,92,208
1235,384,90,209
1228,384,88,210
1221,384,86,211
1214,384,84,212
1207,384,82,213
1200,384,80,214
1186,383,71,217
1174,382,73,219
1162,381,75,221
1150,380,77,223
1138,379,79,225
1126,378,81,227
1114,377,83,229
1102,376,85,231
1090,375,87,233
1078,374,89,235
1066,373,91,237
1054,372,93,239
1042,371,95,241
1030,370,97,243
1018,369,99,245
1012,367,100,243
996,366,105,244
980,365,110,245
964,364,115,246
948,363,120,247
932,362,125,248
916,361,130,249
900,360,135,250
884,359,140,251
868,358,145,252
852,357,150,253
836,356,155,254
820,355,160,255
804,354,165,256
788,353,170,257
768,356,171,264
754,356,167,265
740,356,163,266
726,356,159,267
712,356,155,268
698,356,151,269
684,356,147,270
670,356,143,271
656,356,139,272
642,356,135,273
628,356,131,274
614,356,127,275
600,356,123,276
586,356,119,277
572,356,115,278
564,350,113,277
550,349,112,277
536,348,111,277
522,347,110,277
508,346,109,277
494,345,108,277
480,344,107,277
466,343,106,277
452,342,105,277
438,341,104,277
424,340,103,277
410,339,102,277
396,338,101,277
382,337,100,277
368,336,99,277
355,335,91,280
345,335,92,279
335,335,93,278
325,335,94,277
315,335,95,276
305,335,96,275
295,335,97,274
285,335,98,273
275,335,99,272
265,335,100,271
255,335,101,270
245,335,102,269
235,335,103,268
225,335,104,267
215,335,105,266
206,339,113,270
199,339,113,272
192,339,113,274
185,339,113,276
178,339,113,278
171,339,113,280
164,339,113,282
157,339,113,284
150,339,113,286
143,339,113,288
136,339,113,290
129,339,113,292
122,339,113,294
115,339,113,296
108,339,113,298
94,339,113,298
90,341,113,299
86,343,113,300
82,345,113,301
78,347,113,302
74,349,113,303
70,351,113,304
66,353,113,305
62,355,113,306
58,357,113,307
54,359,113,308
50,361,113,309
46,363,113,310
42,365,113,311
38,367,113,312
37,369,113,310
39,370,115,312
41,371,117,314
43,372,119,316
45,373,121,318
47,374,123,320
49,375,125,322
51,376,127,324
53,377,129,326
55,378,131,328
57,379,133,330
59,380,135,332
61,381,137,334
63,382,139,336
65,383,141,338
61,381,144,341
70,381,144,343
79,381,144,345
88,381,144,347
97,381,144,349
106,381,144,351
115,381,144,353
124,381,144,355
133,381,144,357
142,381,144,359
151,381,144,361
160,381,144,363
169,381,144,365
178,381,144,367
187,381,144,369
199,383,146,367
210,383,148,367
221,383,150,367
232,383,152,367
243,383,154,367
254,383,156,367
265,383,158,367
276,383,160,367
287,383,162,367
298,383,164,367
309,383,166,367
320,383,168,367
331,383,170,367
342,383,172,367
353,383,174,367
369,387,181,374
385,388,179,373
401,389,177,372
417,390,175,371
433,391,173,370
449,392,171,369
465,393,169,368
481,394,167,367
497,395,165,366
513,396,163,365
529,397,161,364
545,398,159,363
561,399,157,362
577,400,155,361
593,401,153,360
606,406,152,352
621,406,152,352
636,406,152,352
651,406,152,352
666,406,152,352
681,406,152,352
696,406,152,352
711,406,152,352
726,406,152,352
741,406,152,352
756,406,152,352
771,406,152,352
786,406,152,352
801,406,152,352
816,406,152,352
836,406,153,350
847,406,154,349
858,406,155,348
869,406,156,347
880,406,157,346
891,406,158,345
902,406,159,344
913,406,160,343
924,406,161,342
935,406,162,341
946,406,163,340
957,406,164,339
968,406,165,338
979,406,166,337
990,406,167,336
1008,406,168,339
1021,407,166,337
1034,408,164,335
1047,409,162,333
1060,410,160,331
1073,411,158,329
1086,412,156,327
1099,413,154,325
1112,414,152,323
1125,415,150,321
1138,416,148,319
1151,417,146,317
1164,418,144,315
1177,419,142,313
1190,420,140,311
1201,415,133,315
1213,415,131,313
1225,415,129,311
1237,415,127,309
1249,415,125,307
1261,415,123,305
1273,415,121,303
1285,415,119,301
1297,415,117,299
1309,415,115,297
1321,415,113,295
1333,415,111,293
1345,415,109,291
1357,415,107,289
1369,415,105,287
1375,417,102,280
