95,515,76,227
101,515,78,228
107,515,80,229
113,515,82,230
119,515,84,231
125,515,86,232
131,515,88,233
137,515,90,234
143,515,92,235
149,515,94,236
155,515,96,237
161,515,98,238
167,515,100,239
173,515,102,240
179,515,104,241
187,519,109,240
196,520,107,240
205,521,105,240
214,522,103,240
223,523,101,240
232,524,99,240
241,525,97,240
250,526,95,240
259,527,93,240
268,528,91,240
277,529,89,240
286,530,87,240
295,531,85,240
304,532,83,240
313,533,81,240
319,535,84,236
329,535,84,237
339,535,84,238
349,535,84,239
359,535,84,240
369,535,84,241
379,535,84,242
389,535,84,243
399,535,84,244
409,535,84,245
419,535,84,246
429,535,84,247
439,535,84,248
449,535,84,249
459,535,84,250
469,531,83,245
477,531,84,245
485,531,85,245
493,531,86,245
501,531,87,245
509,531,88,245
517,531,89,245
525,531,90,245
533,531,91,245
541,531,92,245
549,531,93,245
557,531,94,245
565,531,95,245
573,531,96,245
581,531,97,245
589,531,103,247
601,532,102,246
613,533,101,245
625,534,100,244
637,535,99,243
649,536,98,242
661,537,97,241
673,538,96,240
685,539,95,239
697,540,94,238
709,541,93,237
721,542,92,236
733,543,91,235
745,544,90,234
757,545,89,233
773,545,85,233
782,544,86,234
791,543,87,235
800,542,88,236
809,541,89,237
818,540,90,238
827,539,91,239
836,538,92,240
845,537,93,241
854,536,94,242
863,535,95,243
872,534,96,244
881,533,97,245
890,532,98,246
899,531,99,247
910,536,100,245
919,536,101,244
928,536,102,243
937,536,103,242
946,536,104,241
955,536,105,240
964,536,106,239
973,536,107,238
982,536,108,237
991,536,109,236
1000,536,110,235
1009,536,111,234
1018,536,112,233
1027,536,113,232
1036,536,114,231
1049,535,111,232
1058,536,109,231
1067,537,107,230
1076,538,105,229
1085,539,103,228
1094,540,101,227
1103,541,99,226
1112,542,97,225
1121,543,95,224
1130,544,93,223
1139,545,91,222
1148,546,89,221
1157,547,87,220
1166,548,85,219
1175,549,83,218
1189,544,86,212
1196,543,85,212
1203,542,84,212
1210,541,83,212
1217,540,82,212
1224,539,81,212
1231,538,80,212
1238,537,79,212
1245,536,78,212
1252,535,77,212
1259,534,76,212
1266,533,75,212
1273,532,74,212
1280,531,73,212
1287,530,72,212
1298,531,74,205
1303,531,74,205
1308,531,74,205
1313,531,74,205
1318,531,74,205
1323,531,74,205
1328,531,74,205
1333,531,74,205
1338,531,74,205
1343,531,74,205
1348,531,74,205
1353,531,74,205
1358,531,74,205
1363,531,74,205
1368,531,74,205
1376,528,67,202
1380,528,66,200
1384,528,65,198
1388,528,64,196
1392,528,63,194
1396,528,62,192
1400,528,61,190
1404,528,60,188
1408,528,59,186
1412,528,58,184
1416,528,57,182
1420,528,56,180
1424,528,55,178
1428,528,54,176
1432,528,53,174
1432,527,57,172
1433,527,57,172
1434,527,57,172
1435,527,57,172
1436,527,57,172
1437,527,57,172
1438,527,57,172
1439,527,57,172
1440,527,57,172
1441,527,57,172
1442,527,57,172
1443,527,57,172
1444,527,57,172
1445,527,57,172
1446,527,57,172
1447,522,56,165
1446,522,55,164
1445,522,54,163
1444,522,53,162
1443,522,52,161
1442,522,51,160
1441,522,50,159
1440,522,49,158
1439,522,48,157
1438,522,47,156
1437,522,46,155
1436,522,45,154
1435,522,44,153
1434,522,43,152
1433,522,42,151
1438,516,48,155
1435,517,49,154
1432,518,50,153
1429,519,51,152
1426,520,52,151
1423,521,53,150
1420,522,54,149
1417,523,55,148
1414,524,56,147
1411,525,57,146
1408,526,58,145
1405,527,59,144
1402,528,60,143
1399,529,61,142
1396,530,62,141
1396,524,60,135
1391,524,59,134
1386,524,58,133
1381,524,57,132
1376,524,56,131
1371,524,55,130
1366,524,54,129
1361,524,53,128
1356,524,52,127
1351,524,51,126
1346,524,50,125
1341,524,49,124
1336,524,48,123
1331,524,47,122
1326,524,46,121
1326,521,51,126
1320,521,52,126
1314,521,53,126
1308,521,54,126
1302,521,55,126
1296,521,56,126
1290,521,57,126
1284,521,58,126
1278,521,59,126
1272,521,60,126
1266,521,61,126
1260,521,62,126
1254,521,63,126
1248,521,64,126
1242,521,65,126
1239,518,70,132
1233,518,69,133
1227,518,68,134
1221,518,67,135
1215,518,66,136
1209,518,65,137
1203,518,64,138
1197,518,63,139
1191,518,62,140
1185,518,61,141
1179,518,60,142
1173,518,59,143
1167,518,58,144
1161,518,57,145
1155,518,56,146
1153,519,52,148
1145,519,53,149
1137,519,54,150
1129,519,55,151
1121,519,56,152
1113,519,57,153
1105,519,58,154
1097,519,59,155
1089,519,60,156
1081,519,61,157
1073,519,62,158
1065,519,63,159
1057,519,64,160
1049,519,65,161
1041,519,66,162
1034,515,73,162
1023,515,74,164
1012,515,75,166
1001,515,76,168
990,515,77,170
979,515,78,172
968,515,79,174
957,515,80,176
946,515,81,178
935,515,82,180
924,515,83,182
913,515,84,184
902,515,85,186
891,515,86,188
880,515,87,190
865,516,95,185
854,515,93,186
843,514,91,187
832,513,89,188
821,512,87,189
810,511,85,190
799,510,83,191
788,509,81,192
777,508,79,193
766,507,77,194
755,506,75,195
744,505,73,196
733,504,71,197
722,503,69,198
711,502,67,199
701,507,72,197
692,507,72,197
683,507,72,197
674,507,72,197
665,507,72,197
656,507,72,197
647,507,72,197
638,507,72,197
629,507,72,197
620,507,72,197
611,507,72,197
602,507,72,197
593,507,72,197
584,507,72,197
575,507,72,197
561,505,74,197
553,505,75,197
545,505,76,197
537,505,77,197
529,505,78,197
521,505,79,197
513,505,80,197
505,505,81,197
497,505,82,197
489,505,83,197
481,505,84,197
473,505,85,197
465,505,86,197
457,505,87,197
449,505,88,197
444,511,96,190
440,511,95,191
436,511,94,192
432,511,93,193
428,511,92,194
424,511,91,195
420,511,90,196
416,511,89,197
412,511,88,198
408,511,87,199
404,511,86,200
400,511,85,201
396,511,84,202
392,511,83,203
388,511,82,204
382,515,75,210
379,516,75,211
376,517,75,212
373,518,75,213
370,519,75,214
367,520,75,215
364,521,75,216
361,522,75,217
358,523,75,218
355,524,75,219
352,525,75,220
349,526,75,221
346,527,75,222
343,528,75,223
340,529,75,224
342,525,81,219
346,526,82,222
350,527,83,225
354,528,84,228
358,529,85,231
362,530,86,234
366,531,87,237
370,532,88,240
374,533,89,243
378,534,90,246
382,535,91,249
386,536,92,252
390,537,93,255
394,538,94,258
398,539,95,261
397,533,98,259
404,533,99,259
411,533,100,259
418,533,101,259
425,533,102,259
432,533,103,259
439,533,104,259
446,533,105,259
453,533,106,259
460,533,107,259
467,533,108,259
474,533,109,259
481,533,110,259
488,533,111,259
495,533,112,259
509,538,113,257
522,539,111,255
535,540,109,253
548,541,107,251
561,542,105,249
574,543,103,247
587,544,101,245
600,545,99,243
613,546,97,241
626,547,95,239
639,548,93,237
652,549,91,235
665,550,89,233
678,551,87,231
691,552,85,229
698,548,81,231
706,547,82,232
714,546,83,233
722,545,84,234
730,544,85,235
738,543,86,236
746,542,87,237
754,541,88,238
762,540,89,239
770,539,90,240
778,538,91,241
786,537,92,242
794,536,93,243
802,535,94,244
810,534,95,245
817,539,99,249
