358,480,106,275
370,479,106,274
382,478,106,273
394,477,106,272
406,476,106,271
418,475,106,270
430,474,106,269
442,473,106,268
454,472,106,267
466,471,106,266
478,470,106,265
490,469,106,264
502,468,106,263
514,467,106,262
526,466,106,261
531,467,106,263
542,466,109,264
553,465,112,265
564,464,115,266
575,463,118,267
586,462,121,268
597,461,124,269
608,460,127,270
619,459,130,271
630,458,133,272
641,457,136,273
652,456,139,274
663,455,142,275
674,454,145,276
685,453,148,277
692,445,147,284
703,445,146,283
714,445,145,282
725,445,144,281
736,445,143,280
747,445,142,279
758,445,141,278
769,445,140,277
780,445,139,276
791,445,138,275
802,445,137,274
813,445,136,273
824,445,135,272
835,445,134,271
846,445,133,270
861,450,133,265
873,449,130,264
885,448,127,263
897,447,124,262
909,446,121,261
921,445,118,260
933,444,115,259
945,443,112,258
957,442,109,257
969,441,106,256
981,440,103,255
993,439,100,254
1005,438,97,253
1017,437,94,252
1029,436,91,251
1041,440,91,255
1050,439,91,255
1059,438,91,255
1068,437,91,255
1077,436,91,255
1086,435,91,255
1095,434,91,255
1104,433,91,255
1113,432,91,255
1122,431,91,255
1131,430,91,255
1140,429,91,255
1149,428,91,255
1158,427,91,255
1167,426,91,255
1169,418,89,254
1176,417,89,252
1183,416,89,250
1190,415,89,248
1197,414,89,246
1204,413,89,244
1211,412,89,242
1218,411,89,240
1225,410,89,238
1232,409,89,236
1239,408,89,234
1246,407,89,232
1253,406,89,230
1260,405,89,228
1267,404,89,226
1276,410,94,221
1281,410,93,219
1286,410,92,217
1291,410,91,215
1296,410,90,213
1301,410,89,211
1306,410,88,209
1311,410,87,207
1316,410,86,205
1321,410,85,203
1326,410,84,201
1331,410,83,199
1336,410,82,197
1341,410,81,195
1346,410,80,193
1347,410,77,191
1349,409,77,191
1351,408,77,191
1353,407,77,191
1355,406,77,191
1357,405,77,191
1359,404,77,191
1361,403,77,191
1363,402,77,191
1365,401,77,191
1367,400,77,191
1369,399,77,191
1371,398,77,191
1373,397,77,191
1375,396,77,191
1376,394,76,187
1374,395,77,185
1372,396,78,183
1370,397,79,181
1368,398,80,179
1366,399,81,177
1364,400,82,175
1362,401,83,173
1360,402,84,171
1358,403,85,169
1356,404,86,167
1354,405,87,165
1352,406,88,163
1350,407,89,161
1348,408,90,159
1347,402,93,164
1341,402,93,163
1335,402,93,162
1329,402,93,161
1323,402,93,160
1317,402,93,159
1311,402,93,158
1305,402,93,157
1299,402,93,156
1293,402,93,155
1287,402,93,154
1281,402,93,153
1275,402,93,152
1269,402,93,151
1263,402,93,150
1263,399,90,152
1256,399,89,153
1249,399,88,154
1242,399,87,155
1235,399,86,156
1228,399,85,157
1221,399,84,158
1214,399,83,159
1207,399,82,160
1200,399,81,161
1193,399,80,162
1186,399,79,163
1179,399,78,164
1172,399,77,165
1165,399,76,166
1153,397,73,164
1145,397,74,165
1137,397,75,166
1129,397,76,167
1121,397,77,168
1113,397,78,169
1105,397,79,170
1097,397,80,171
1089,397,81,172
1081,397,82,173
1073,397,83,174
1065,397,84,175
1057,397,85,176
1049,397,86,177
1041,397,87,178
1029,394,92,178
1021,394,92,180
1013,394,92,182
1005,394,92,184
997,394,92,186
989,394,92,188
981,394,92,190
973,394,92,192
965,394,92,194
957,394,92,196
949,394,92,198
941,394,92,200
933,394,92,202
925,394,92,204
917,394,92,206
912,400,94,207
903,401,95,208
894,402,96,209
885,403,97,210
876,404,98,211
867,405,99,212
858,406,100,213
849,407,101,214
840,408,102,215
831,409,103,216
822,410,104,217
813,411,105,218
804,412,106,219
795,413,107,220
786,414,108,221
775,417,104,219
764,417,104,220
753,417,104,221
742,417,104,222
731,417,104,223
720,417,104,224
709,417,104,225
698,417,104,226
687,417,104,227
676,417,104,228
665,417,104,229
654,417,104,230
643,417,104,231
632,417,104,232
621,417,104,233
614,420,98,227
605,421,99,227
596,422,100,227
587,423,101,227
578,424,102,227
569,425,103,227
560,426,104,227
551,427,105,227
542,428,106,227
533,429,107,227
524,430,108,227
515,431,109,227
506,432,110,227
497,433,111,227
488,434,112,227
472,428,116,229
465,429,116,229
458,430,116,229
451,431,116,229
444,432,116,229
437,433,116,229
430,434,116,229
423,435,116,229
416,436,116,229
409,437,116,229
402,438,116,229
395,439,116,229
388,440,116,229
381,441,116,229
374,442,116,229
364,437,112,224
359,438,110,225
354,439,108,226
349,440,106,227
344,441,104,228
339,442,102,229
334,443,100,230
329,444,98,231
324,445,96,232
319,446,94,233
314,447,92,234
309,448,90,235
304,449,88,236
299,450,86,237
294,451,84,238
282,455,79,244
280,457,80,245
278,459,81,246
276,461,82,247
274,463,83,248
272,465,84,249
270,467,85,250
268,469,86,251
266,471,87,252
264,473,88,253
262,475,89,254
260,477,90,255
258,479,91,256
256,481,92,257
254,483,93,258
245,480,89,252
249,480,90,254
253,480,91,256
257,480,92,258
261,480,93,260
265,480,94,262
269,480,95,264
273,480,96,266
277,480,97,268
281,480,98,270
285,480,99,272
289,480,100,274
293,480,101,276
297,480,102,278
301,480,103,280
311,475,111,287
319,474,114,286
327,473,117,285
335,472,120,284
343,471,123,283
351,470,126,282
359,469,129,281
367,468,132,280
375,467,135,279
383,466,138,278
391,465,141,277
399,464,144,276
407,463,147,275
415,462,150,274
423,461,153,273
431,467,150,275
444,467,148,275
457,467,146,275
470,467,144,275
483,467,142,275
496,467,140,275
509,467,138,275
522,467,136,275
535,467,134,275
548,467,132,275
561,467,130,275
574,467,128,275
587,467,126,275
600,467,124,275
613,467,122,275
624,465,120,279
637,464,118,279
650,463,116,279
663,462,114,279
676,461,112,279
689,460,110,279
702,459,108,279
715,458,106,279
728,457,104,279
741,456,102,279
754,455,100,279
767,454,98,279
780,453,96,279
793,452,94,279
806,451,92,279
826,448,84,277
836,447,86,277
846,446,88,277
856,445,90,277
866,444,92,277
876,443,94,277
886,442,96,277
896,441,98,277
906,440,100,277
916,439,102,277
926,438,104,277
936,437,106,277
946,436,108,277
956,435,110,277
966,434,112,277
971,428,115,276
980,428,116,274
989,428,117,272
998,428,118,270
1007,428,119,268
1016,428,120,266
1025,428,121,264
1034,428,122,262
1043,428,123,260
1052,428,124,258
1061,428,125,256
1070,428,126,254
1079,428,127,252
1088,428,128,250
1097,428,129,248
1107,427,128,250
1117,427,125,248
1127,427,122,246
1137,427,119,244
1147,427,116,242
1157,427,113,240
1167,427,110,238
1177,427,107,236
1187,427,104,234
1197,427,101,232
1207,427,98,230
1217,427,95,228
1227,427,92,226
1237,427,89,224
1247,427,86,222
1251,423,87,226
1257,422,86,225
1263,421,85,224
1269,420,84,223
1275,419,83,222
1281,418,82,221
1287,417,81,220
1293,416,80,219
1299,415,79,218
1305,414,78,217
1311,413,77,216
1317,412,76,215
1323,411,75,214
1329,410,74,213
1335,409,73,212
1340,407,69,209
1342,406,70,208
1344,405,71,207
1346,404,72,206
1348,403,73,205
1350,402,74,204
1352,401,75,203
1354,400,76,202
1356,399,77,201
1358,398,78,200
1360,397,79,199
1362,396,80,198
1364,395,81,197
1366,394,82,196
1368,393,83,195
1366,395,80,192
1365,396,81,189
1364,397,82,186
1363,398,83,183
1362,399,84,180
1361,400,85,177
1360,401,86,174
1359,402,87,171
1358,403,88,168
1357,404,89,165
1356,405,90,162
1355,406,91,159
1354,407,92,156
1353,408,93,153
1352,409,94,150
1347,405,98,151
1340,405,97,150
1333,405,96,149
1326,405,95,148
1319,405,94,147
1312,405,93,146
1305,405,92,145
1298,405,91,144
1291,405,90,143
1284,405,89,142
1277,405,88,141
1270,405,87,140
1263,405,86,139
1256,405,85,138
1249,405,84,137
1249,409,81,135
