30,366,123,364
42,366,127,364
54,366,131,364
66,366,135,364
78,366,139,364
90,366,143,364
102,366,147,364
114,366,151,364
126,366,155,364
138,366,159,364
150,366,163,364
162,366,167,364
174,366,171,364
186,366,175,364
198,366,179,364
211,371,185,366
226,372,183,365
241,373,181,364
256,374,179,363
271,375,177,362
286,376,175,361
301,377,173,360
316,378,171,359
331,379,169,358
346,380,167,357
361,381,165,356
376,382,163,355
391,383,161,354
406,384,159,353
421,385,157,352
443,391,151,357
460,392,150,357
477,393,149,357
494,394,148,357
511,395,147,357
528,396,146,357
545,397,145,357
562,398,144,357
579,399,143,357
596,400,142,357
613,401,141,357
630,402,140,357
647,403,139,357
664,404,138,357
681,405,137,357
697,402,137,351
710,402,139,351
723,402,141,351
736,402,143,351
749,402,145,351
762,402,147,351
775,402,149,351
788,402,151,351
801,402,153,351
814,402,155,351
827,402,157,351
840,402,159,351
853,402,161,351
866,402,163,351
879,402,165,351
890,407,164,344
903,408,163,343
916,409,162,342
929,410,161,341
942,411,160,340
955,412,159,339
968,413,158,338
981,414,157,337
994,415,156,336
1007,416,155,335
1020,417,154,334
1033,418,153,333
1046,419,152,332
1059,420,151,331
1072,421,150,330
1091,415,156,322
1104,416,154,320
1117,417,152,318
1130,418,150,316
1143,419,148,314
1156,420,146,312
1169,421,144,310
1182,422,142,308
1195,423,140,306
1208,424,138,304
1221,425,136,302
1234,426,134,300
1247,427,132,298
1260,428,130,296
1273,429,128,294
1283,437,130,291
1292,436,128,291
1301,435,126,291
1310,434,124,291
1319,433,122,291
1328,432,120,291
1337,431,118,291
1346,430,116,291
1355,429,114,291
1364,428,112,291
1373,427,110,291
1382,426,108,291
1391,425,106,291
1400,424,104,291
1409,423,102,291
1417,417,98,285
1423,416,100,284
1429,415,102,283
1435,414,104,282
1441,413,106,281
1447,412,108,280
1453,411,110,279
1459,410,112,278
1465,409,114,277
1471,408,116,276
1477,407,118,275
1483,406,120,274
1489,405,122,273
1495,404,124,272
1501,403,126,271
1502,408,123,269
1506,408,121,267
1510,408,119,265
1514,408,117,263
1518,408,115,261
1522,408,113,259
1526,408,111,257
1530,408,109,255
1534,408,107,253
1538,408,105,251
1542,408,103,249
1546,408,101,247
1550,408,99,245
1554,408,97,243
1558,408,95,241
1568,408,99,242
1572,408,98,239
1576,408,97,236
1580,408,96,233
1584,408,95,230
1588,408,94,227
1592,408,93,224
1596,408,92,221
1600,408,91,218
1604,408,90,215
1608,408,89,212
1612,408,88,209
1616,408,87,206
1620,408,86,203
1624,408,85,200
1629,415,81,203
1634,416,80,203
1639,417,79,203
1644,418,78,203
1649,419,77,203
1654,420,76,203
1659,421,75,203
1664,422,74,203
1669,423,73,203
1674,424,72,203
1679,425,71,203
1684,426,70,203
1689,427,69,203
1694,428,68,203
1699,429,67,203
1704,430,65,199
1707,430,65,198
1710,430,65,197
1713,430,65,196
1716,430,65,195
1719,430,65,194
1722,430,65,193
1725,430,65,192
1728,430,65,191
1731,430,65,190
1734,430,65,189
1737,430,65,188
1740,430,65,187
1743,430,65,186
1746,430,65,185
1745,425,60,181
1743,425,61,181
1741,425,62,181
1739,425,63,181
1737,425,64,181
1735,425,65,181
1733,425,66,181
1731,425,67,181
1729,425,68,181
1727,425,69,181
1725,425,70,181
1723,425,71,181
1721,425,72,181
1719,425,73,181
1717,425,74,181
1716,429,81,177
1711,428,80,176
1706,427,79,175
1701,426,78,174
1696,425,77,173
1691,424,76,172
1686,423,75,171
1681,422,74,170
1676,421,73,169
1671,420,72,168
1666,419,71,167
1661,418,70,166
1656,417,69,165
1651,416,68,164
1646,415,67,163
1643,421,64,169
1637,420,65,169
1631,419,66,169
1625,418,67,169
1619,417,68,169
1613,416,69,169
1607,415,70,169
1601,414,71,169
1595,413,72,169
1589,412,73,169
1583,411,74,169
1577,410,75,169
1571,409,76,169
1565,408,77,169
1559,407,78,169
1556,410,81,166
1554,410,80,167
1552,410,79,168
1550,410,78,169
1548,410,77,170
1546,410,76,171
1544,410,75,172
1542,410,74,173
1540,410,73,174
1538,410,72,175
1536,410,71,176
1534,410,70,177
1532,410,69,178
1530,410,68,179
1528,410,67,180
1526,405,72,177
1525,404,72,179
1524,403,72,181
1523,402,72,183
1522,401,72,185
1521,400,72,187
1520,399,72,189
1519,398,72,191
1518,397,72,193
1517,396,72,195
1516,395,72,197
1515,394,72,199
1514,393,72,201
1513,392,72,203
1512,391,72,205
1508,391,70,206
1507,392,70,207
1506,393,70,208
1505,394,70,209
1504,395,70,210
1503,396,70,211
1502,397,70,212
1501,398,70,213
1500,399,70,214
1499,400,70,215
1498,401,70,216
1497,402,70,217
1496,403,70,218
1495,404,70,219
1494,405,70,220
1488,402,72,218
1486,402,72,219
1484,402,72,220
1482,402,72,221
1480,402,72,222
1478,402,72,223
1476,402,72,224
1474,402,72,225
1472,402,72,226
1470,402,72,227
1468,402,72,228
1466,402,72,229
1464,402,72,230
1462,402,72,231
1460,402,72,232
1451,397,65,240
1444,397,68,241
1437,397,71,242
1430,397,74,243
1423,397,77,244
1416,397,80,245
1409,397,83,246
1402,397,86,247
1395,397,89,248
1388,397,92,249
1381,397,95,250
1374,397,98,251
1367,397,101,252
1360,397,104,253
1353,397,107,254
1351,397,115,259
1343,397,114,259
1335,397,113,259
1327,397,112,259
1319,397,111,259
1311,397,110,259
1303,397,109,259
1295,397,108,259
1287,397,107,259
1279,397,106,259
1271,397,105,259
1263,397,104,259
1255,397,103,259
1247,397,102,259
1239,397,101,259
1237,401,99,255
1227,400,98,256
1217,399,97,257
1207,398,96,258
1197,397,95,259
1187,396,94,260
1177,395,93,261
1167,394,92,262
1157,393,91,263
1147,392,90,264
1137,391,89,265
1127,390,88,266
1117,389,87,267
1107,388,86,268
1097,387,85,269
1089,385,77,275
1077,384,81,275
1065,383,85,275
1053,382,89,275
1041,381,93,275
1029,380,97,275
1017,379,101,275
1005,378,105,275
993,377,109,275
981,376,113,275
969,375,117,275
957,374,121,275
945,373,125,275
933,372,129,275
921,371,133,275
907,366,133,268
895,365,135,269
883,364,137,270
871,363,139,271
859,362,141,272
847,361,143,273
835,360,145,274
823,359,147,275
811,358,149,276
799,357,151,277
787,356,153,278
775,355,155,279
763,354,157,280
751,353,159,281
739,352,161,282
725,354,162,280
715,354,160,279
705,354,158,278
695,354,156,277
685,354,154,276
675,354,152,275
665,354,150,274
655,354,148,273
645,354,146,272
635,354,144,271
625,354,142,270
615,354,140,269
605,354,138,268
595,354,136,267
585,354,134,266
568,351,128,272
557,350,126,273
546,349,124,274
535,348,122,275
524,347,120,276
513,346,118,277
502,345,116,278
491,344,114,279
480,343,112,280
469,342,110,281
458,341,108,282
447,340,106,283
436,339,104,284
425,338,102,285
414,337,100,286
406,338,101,280
396,338,102,281
386,338,103,282
376,338,104,283
366,338,105,284
356,338,106,285
346,338,107,286
336,338,108,287
326,338,109,288
316,338,110,289
306,338,111,290
296,338,112,291
286,338,113,292
276,338,114,293
266,338,115,294
260,338,122,290
253,339,122,291
246,340,122,292
239,341,122,293
232,342,122,294
225,343,122,295
218,344,122,296
211,345,122,297
204,346,122,298
197,347,122,299
190,348,122,300
183,349,122,301
176,350,122,302
169,351,122,303
162,352,122,304
162,357,127,308
161,359,129,310
160,361,131,312
159,363,133,314
158,365,135,316
157,367,137,318
156,369,139,320
155,371,141,322
154,373,143,324
153,375,145,326
152,377,147,328
151,379,149,330
150,381,151,332
149,383,153,334
148,385,155,336
151,382,158,343
159,383,160,346
167,384,162,349
175,385,164,352
183,386,166,355
191,387,168,358
199,388,170,361
207,389,172,364
215,390,174,367
223,391,176,370
231,392,178,373
239,393,180,376
247,394,182,379
255,395,184,382
263,396,186,385
269,393,191,385
