1281,404,70,192
1273,404,71,193
1265,404,72,194
1257,404,73,195
1249,404,74,196
1241,404,75,197
1233,404,76,198
1225,404,77,199
1217,404,78,200
1209,404,79,201
1201,404,80,202
1193,404,81,203
1185,404,82,204
1177,404,83,205
1169,404,84,206
1168,397,80,205
1159,397,82,206
1150,397,84,207
1141,397,86,208
1132,397,88,209
1123,397,90,210
1114,397,92,211
1105,397,94,212
1096,397,96,213
1087,397,98,214
1078,397,100,215
1069,397,102,216
1060,397,104,217
1051,397,106,218
1042,397,108,219
1032,398,112,223
1023,399,111,223
1014,400,110,223
1005,401,109,223
996,402,108,223
987,403,107,223
978,404,106,223
969,405,105,223
960,406,104,223
951,407,103,223
942,408,102,223
933,409,101,223
924,410,100,223
915,411,99,223
906,412,98,223
891,406,99,222
881,405,99,222
871,404,99,222
861,403,99,222
851,402,99,222
841,401,99,222
831,400,99,222
821,399,99,222
811,398,99,222
801,397,99,222
791,396,99,222
781,395,99,222
771,394,99,222
761,393,99,222
751,392,99,222
741,398,93,219
731,398,95,219
721,398,97,219
711,398,99,219
701,398,101,219
691,398,103,219
681,398,105,219
671,398,107,219
661,398,109,219
651,398,111,219
641,398,113,219
631,398,115,219
621,398,117,219
611,398,119,219
601,398,121,219
587,392,125,213
579,393,123,213
571,394,121,213
563,395,119,213
555,396,117,213
547,397,115,213
539,398,113,213
531,399,111,213
523,400,109,213
515,401,107,213
507,402,105,213
499,403,103,213
491,404,101,213
483,405,99,213
475,406,97,213
472,404,98,220
464,405,98,220
456,406,98,220
448,407,98,220
440,408,98,220
432,409,98,220
424,410,98,220
416,411,98,220
408,412,98,220
400,413,98,220
392,414,98,220
384,415,98,220
376,416,98,220
368,417,98,220
360,418,98,220
345,416,95,218
342,417,95,219
339,418,95,220
336,419,95,221
333,420,95,222
330,421,95,223
327,422,95,224
324,423,95,225
321,424,95,226
318,425,95,227
315,426,95,228
312,427,95,229
309,428,95,230
306,429,95,231
303,430,95,232
302,429,92,239
304,430,92,241
306,431,92,243
308,432,92,245
310,433,92,247
312,434,92,249
314,435,92,251
316,436,92,253
318,437,92,255
320,438,92,257
322,439,92,259
324,440,92,261
326,441,92,263
328,442,92,265
330,443,92,267
325,438,90,270
333,439,90,270
341,440,90,270
349,441,90,270
357,442,90,270
365,443,90,270
373,444,90,270
381,445,90,270
389,446,90,270
397,447,90,270
405,448,90,270
413,449,90,270
421,450,90,270
429,451,90,270
437,452,90,270
441,447,84,276
450,446,85,277
459,445,86,278
468,444,87,279
477,443,88,280
486,442,89,281
495,441,90,282
504,440,91,283
513,439,92,284
522,438,93,285
531,437,94,286
540,436,95,287
549,435,96,288
558,434,97,289
567,433,98,290
577,435,106,294
587,434,107,294
597,433,108,294
607,432,109,294
617,431,110,294
627,430,111,294
637,429,112,294
647,428,113,294
657,427,114,294
667,426,115,294
677,425,116,294
687,424,117,294
697,423,118,294
707,422,119,294
717,421,120,294
726,423,127,295
737,424,127,294
748,425,127,293
759,426,127,292
770,427,127,291
781,428,127,290
792,429,127,289
803,430,127,288
814,431,127,287
825,432,127,286
836,433,127,285
847,434,127,284
858,435,127,283
869,436,127,282
880,437,127,281
886,432,125,276
899,432,122,275
912,432,119,274
925,432,116,273
938,432,113,272
951,432,110,271
964,432,107,270
977,432,104,269
990,432,101,268
1003,432,98,267
1016,432,95,266
1029,432,92,265
1042,432,89,264
1055,432,86,263
1068,432,83,262
1081,427,84,265
1089,426,85,264
1097,425,86,263
1105,424,87,262
1113,423,88,261
1121,422,89,260
1129,421,90,259
1137,420,91,258
1145,419,92,257
1153,418,93,256
1161,417,94,255
1169,416,95,254
1177,415,96,253
1185,414,97,252
1193,413,98,251
1204,416,101,256
1211,416,102,255
1218,416,103,254
1225,416,104,253
1232,416,105,252
1239,416,106,251
1246,416,107,250
1253,416,108,249
1260,416,109,248
1267,416,110,247
1274,416,111,246
1281,416,112,245
1288,416,113,244
1295,416,114,243
1302,416,115,242
1302,409,109,237
1310,409,107,236
1318,409,105,235
1326,409,103,234
1334,409,101,233
1342,409,99,232
1350,409,97,231
1358,409,95,230
1366,409,93,229
1374,409,91,228
1382,409,89,227
1390,409,87,226
1398,409,85,225
1406,409,83,224
1414,409,81,223
1417,407,84,215
1421,407,84,214
1425,407,84,213
1429,407,84,212
1433,407,84,211
1437,407,84,210
1441,407,84,209
1445,407,84,208
1449,407,84,207
1453,407,84,206
1457,407,84,205
1461,407,84,204
1465,407,84,203
1469,407,84,202
1473,407,84,201
1481,406,84,196
1481,406,83,195
1481,406,82,194
1481,406,81,193
1481,406,80,192
1481,406,79,191
1481,406,78,190
1481,406,77,189
1481,406,76,188
1481,406,75,187
1481,406,74,186
1481,406,73,185
1481,406,72,184
1481,406,71,183
1481,406,70,182
1485,400,74,181
1481,400,76,180
1477,400,78,179
1473,400,80,178
1469,400,82,177
1465,400,84,176
1461,400,86,175
1457,400,88,174
1453,400,90,173
1449,400,92,172
1445,400,94,171
1441,400,96,170
1437,400,98,169
1433,400,100,168
1429,400,102,167
1423,404,103,169
1415,405,103,168
1407,406,103,167
1399,407,103,166
1391,408,103,165
1383,409,103,164
1375,410,103,163
1367,411,103,162
1359,412,103,161
1351,413,103,160
1343,414,103,159
1335,415,103,158
1327,416,103,157
1319,417,103,156
1311,418,103,155
1310,416,99,159
1302,415,99,161
1294,414,99,163
1286,413,99,165
1278,412,99,167
1270,411,99,169
1262,410,99,171
1254,409,99,173
1246,408,99,175
1238,407,99,177
1230,406,99,179
1222,405,99,181
1214,404,99,183
1206,403,99,185
1198,402,99,187
1193,404,105,191
1180,404,105,193
1167,404,105,195
1154,404,105,197
1141,404,105,199
1128,404,105,201
1115,404,105,203
1102,404,105,205
1089,404,105,207
1076,404,105,209
1063,404,105,211
1050,404,105,213
1037,404,105,215
1024,404,105,217
1011,404,105,219
1002,410,112,214
986,409,110,215
970,408,108,216
954,407,106,217
938,406,104,218
922,405,102,219
906,404,100,220
890,403,98,221
874,402,96,222
858,401,94,223
842,400,92,224
826,399,90,225
810,398,88,226
794,397,86,227
778,396,84,228
769,400,81,228
756,400,83,228
743,400,85,228
730,400,87,228
717,400,89,228
704,400,91,228
691,400,93,228
678,400,95,228
665,400,97,228
652,400,99,228
639,400,101,228
626,400,103,228
613,400,105,228
600,400,107,228
587,400,109,228
575,394,111,223
565,394,112,222
555,394,113,221
545,394,114,220
535,394,115,219
525,394,116,218
515,394,117,217
505,394,118,216
495,394,119,215
485,394,120,214
475,394,121,213
465,394,122,212
455,394,123,211
445,394,124,210
435,394,125,209
428,397,123,214
421,398,122,214
414,399,121,214
407,400,120,214
400,401,119,214
393,402,118,214
386,403,117,214
379,404,116,214
372,405,115,214
365,406,114,214
358,407,113,214
351,408,112,214
344,409,111,214
337,410,110,214
330,411,109,214
330,409,105,221
327,410,104,221
324,411,103,221
321,412,102,221
318,413,101,221
315,414,100,221
312,415,99,221
309,416,98,221
306,417,97,221
303,418,96,221
300,419,95,221
297,420,94,221
294,421,93,221
291,422,92,221
288,423,91,221
292,429,84,225
294,429,84,227
296,429,84,229
298,429,84,231
300,429,84,233
302,429,84,235
304,429,84,237
306,429,84,239
308,429,84,241
310,429,84,243
312,429,84,245
314,429,84,247
316,429,84,249
318,429,84,251
320,429,84,253
325,433,82,252
331,433,84,253
337,433,86,254
343,433,88,255
349,433,90,256
355,433,92,257
361,433,94,258
367,433,96,259
373,433,98,260
379,433,100,261
385,433,102,262
391,433,104,263
397,433,106,264
403,433,108,265
409,433,110,266
419,427,108,271
