1351,387,77,236
1341,386,78,237
1331,385,79,238
1321,384,80,239
1311,383,81,240
1301,382,82,241
1291,381,83,242
1281,380,84,243
1271,379,85,244
1261,378,86,245
1251,377,87,246
1241,376,88,247
1231,375,89,248
1221,374,90,249
1211,373,91,250
1206,365,99,258
1194,364,102,259
1182,363,105,260
1170,362,108,261
1158,361,111,262
1146,360,114,263
1134,359,117,264
1122,358,120,265
1110,357,123,266
1098,356,126,267
1086,355,129,268
1074,354,132,269
1062,353,135,270
1050,352,138,271
1038,351,141,272
1025,347,147,278
1015,347,145,278
1005,347,143,278
995,347,141,278
985,347,139,278
975,347,137,278
965,347,135,278
955,347,133,278
945,347,131,278
935,347,129,278
925,347,127,278
915,347,125,278
905,347,123,278
895,347,121,278
885,347,119,278
870,347,116,272
857,345,115,273
844,343,114,274
831,341,113,275
818,339,112,276
805,337,111,277
792,335,110,278
779,333,109,279
766,331,108,280
753,329,107,281
740,327,106,282
727,325,105,283
714,323,104,284
701,321,103,285
688,319,102,286
674,323,101,287
661,322,104,287
648,321,107,287
635,320,110,287
622,319,113,287
609,318,116,287
596,317,119,287
583,316,122,287
570,315,125,287
557,314,128,287
544,313,131,287
531,312,134,287
518,311,137,287
505,310,140,287
492,309,143,287
485,305,151,282
475,305,149,281
465,305,147,280
455,305,145,279
445,305,143,278
435,305,141,277
425,305,139,276
415,305,137,275
405,305,135,274
395,305,133,273
385,305,131,272
375,305,129,271
365,305,127,270
355,305,125,269
345,305,123,268
335,308,127,271
326,309,126,271
317,310,125,271
308,311,124,271
299,312,123,271
290,313,122,271
281,314,121,271
272,315,120,271
263,316,119,271
254,317,118,271
245,318,117,271
236,319,116,271
227,320,115,271
218,321,114,271
209,322,113,271
194,322,108,266
189,323,109,268
184,324,110,270
179,325,111,272
174,326,112,274
169,327,113,276
164,328,114,278
159,329,115,280
154,330,116,282
149,331,117,284
144,332,118,286
139,333,119,288
134,334,120,290
129,335,121,292
124,336,122,294
116,331,122,301
118,332,122,303
120,333,122,305
122,334,122,307
124,335,122,309
126,336,122,311
128,337,122,313
130,338,122,315
132,339,122,317
134,340,122,319
136,341,122,321
138,342,122,323
140,343,122,325
142,344,122,327
144,345,122,329
148,345,126,330
156,346,127,331
164,347,128,332
172,348,129,333
180,349,130,334
188,350,131,335
196,351,132,336
204,352,133,337
212,353,134,338
220,354,135,339
228,355,136,340
236,356,137,341
244,357,138,342
252,358,139,343
260,359,140,344
269,361,135,351
283,362,134,351
297,363,133,351
311,364,132,351
325,365,131,351
339,366,130,351
353,367,129,351
367,368,128,351
381,369,127,351
395,370,126,351
409,371,125,351
423,372,124,351
437,373,123,351
451,374,122,351
465,375,121,351
485,369,116,352
496,369,119,352
507,369,122,352
518,369,125,352
529,369,128,352
540,369,131,352
551,369,134,352
562,369,137,352
573,369,140,352
584,369,143,352
595,369,146,352
606,369,149,352
617,369,152,352
628,369,155,352
639,369,158,352
646,370,158,354
659,371,159,354
672,372,160,354
685,373,161,354
698,374,162,354
711,375,163,354
724,376,164,354
737,377,165,354
750,378,166,354
763,379,167,354
776,380,168,354
789,381,169,354
802,382,170,354
815,383,171,354
828,384,172,354
837,387,179,352
853,388,176,351
869,389,173,350
885,390,170,349
901,391,167,348
917,392,164,347
933,393,161,346
949,394,158,345
965,395,155,344
981,396,152,343
997,397,149,342
1013,398,146,341
1029,399,143,340
1045,400,140,339
1061,401,137,338
1077,403,127,331
1089,403,126,330
1101,403,125,329
1113,403,124,328
1125,403,123,327
1137,403,122,326
1149,403,121,325
1161,403,120,324
1173,403,119,323
1185,403,118,322
1197,403,117,321
1209,403,116,320
1221,403,115,319
1233,403,114,318
1245,403,113,317
1258,405,118,313
1265,405,119,312
1272,405,120,311
1279,405,121,310
1286,405,122,309
1293,405,123,308
1300,405,124,307
1307,405,125,306
1314,405,126,305
1321,405,127,304
1328,405,128,303
1335,405,129,302
1342,405,130,301
1349,405,131,300
1356,405,132,299
1361,398,126,299
1371,399,124,297
1381,400,122,295
1391,401,120,293
1401,402,118,291
1411,403,116,289
1421,404,114,287
1431,405,112,285
1441,406,110,283
1451,407,108,281
1461,408,106,279
1471,409,104,277
1481,410,102,275
1491,411,100,273
1501,412,98,271
1504,407,99,275
1510,408,99,273
1516,409,99,271
1522,410,99,269
1528,411,99,267
1534,412,99,265
1540,413,99,263
1546,414,99,261
1552,415,99,259
1558,416,99,257
1564,417,99,255
1570,418,99,253
1576,419,99,251
1582,420,99,249
1588,421,99,247
1588,417,92,248
1589,417,91,247
1590,417,90,246
1591,417,89,245
1592,417,88,244
1593,417,87,243
1594,417,86,242
1595,417,85,241
1596,417,84,240
1597,417,83,239
1598,417,82,238
1599,417,81,237
1600,417,80,236
1601,417,79,235
1602,417,78,234
1599,410,83,238
1593,409,86,236
1587,408,89,234
1581,407,92,232
1575,406,95,230
1569,405,98,228
1563,404,101,226
1557,403,104,224
1551,402,107,222
1545,401,110,220
1539,400,113,218
1533,399,116,216
1527,398,119,214
1521,397,122,212
1515,396,125,210
1510,401,123,204
1503,401,122,204
1496,401,121,204
1489,401,120,204
1482,401,119,204
1475,401,118,204
1468,401,117,204
1461,401,116,204
1454,401,115,204
1447,401,114,204
1440,401,113,204
1433,401,112,204
1426,401,111,204
1419,401,110,204
1412,401,109,204
1400,402,105,200
1390,401,104,202
1380,400,103,204
1370,399,102,206
1360,398,101,208
1350,397,100,210
1340,396,99,212
1330,395,98,214
1320,394,97,216
1310,393,96,218
1300,392,95,220
1290,391,94,222
1280,390,93,224
1270,389,92,226
1260,388,91,228
1250,382,95,233
1232,380,100,236
1214,378,105,239
1196,376,110,242
1178,374,115,245
1160,372,120,248
1142,370,125,251
1124,368,130,254
1106,366,135,257
1088,364,140,260
1070,362,145,263
1052,360,150,266
1034,358,155,269
1016,356,160,272
998,354,165,275
985,359,175,272
968,357,170,272
951,355,165,272
934,353,160,272
917,351,155,272
900,349,150,272
883,347,145,272
866,345,140,272
849,343,135,272
832,341,130,272
815,339,125,272
798,337,120,272
781,335,115,272
764,333,110,272
747,331,105,272
732,332,102,279
715,331,103,279
698,330,104,279
681,329,105,279
664,328,106,279
647,327,107,279
630,326,108,279
613,325,109,279
596,324,110,279
579,323,111,279
562,322,112,279
545,321,113,279
528,320,114,279
511,319,115,279
494,318,116,279
477,311,111,276
464,311,114,276
451,311,117,276
438,311,120,276
425,311,123,276
412,311,126,276
399,311,129,276
386,311,132,276
373,311,135,276
360,311,138,276
347,311,141,276
334,311,144,276
321,311,147,276
308,311,150,276
295,311,153,276
285,309,151,269
277,309,150,269
269,309,149,269
261,309,148,269
253,309,147,269
245,309,146,269
237,309,145,269
229,309,144,269
221,309,143,269
213,309,142,269
205,309,141,269
197,309,140,269
189,309,139,269
181,309,138,269
173,309,137,269
158,311,134,276
155,312,132,277
152,313,130,278
149,314,128,279
146,315,126,280
143,316,124,281
140,317,122,282
137,318,120,283
134,319,118,284
131,320,116,285
128,321,114,286
125,322,112,287
122,323,110,288
119,324,108,289
116,325,106,290
111,332,107,290
113,333,107,291
115,334,107,292
117,335,107,293
119,336,107,294
121,337,107,295
123,338,107,296
125,339,107,297
127,340,107,298
129,341,107,299
131,342,107,300
133,343,107,301
135,344,107,302
137,345,107,303
139,346,107,304
144,346,106,309
151,346,108,312
158,346,110,315
165,346,112,318
172,346,114,321
179,346,116,324
186,346,118,327
193,346,120,330
200,346,122,333
207,346,124,336
214,346,126,339
221,346,128,342
228,346,130,345
235,346,132,348
242,346,134,351
256,343,135,351
