1561,396,96,216
1558,397,96,215
1555,398,96,214
1552,399,96,213
1549,400,96,212
1546,401,96,211
1543,402,96,210
1540,403,96,209
1537,404,96,208
1534,405,96,207
1531,406,96,206
1528,407,96,205
1525,408,96,204
1522,409,96,203
1519,410,96,202
1515,407,100,208
1510,406,99,210
1505,405,98,212
1500,404,97,214
1495,403,96,216
1490,402,95,218
1485,401,94,220
1480,400,93,222
1475,399,92,224
1470,398,91,226
1465,397,90,228
1460,396,89,230
1455,395,88,232
1450,394,87,234
1445,393,86,236
1434,390,86,234
1423,389,89,235
1412,388,92,236
1401,387,95,237
1390,386,98,238
1379,385,101,239
1368,384,104,240
1357,383,107,241
1346,382,110,242
1335,381,113,243
1324,380,116,244
1313,379,119,245
1302,378,122,246
1291,377,125,247
1280,376,128,248
1275,375,133,252
1262,374,131,252
1249,373,129,252
1236,372,127,252
1223,371,125,252
1210,370,123,252
1197,369,121,252
1184,368,119,252
1171,367,117,252
1158,366,115,252
1145,365,113,252
1132,364,111,252
1119,363,109,252
1106,362,107,252
1093,361,105,252
1087,362,103,250
1075,361,105,252
1063,360,107,254
1051,359,109,256
1039,358,111,258
1027,357,113,260
1015,356,115,262
1003,355,117,264
991,354,119,266
979,353,121,268
967,352,123,270
955,351,125,272
943,350,127,274
931,349,129,276
919,348,131,278
902,340,134,276
888,339,136,277
874,338,138,278
860,337,140,279
846,336,142,280
832,335,144,281
818,334,146,282
804,333,148,283
790,332,150,284
776,331,152,285
762,330,154,286
748,329,156,287
734,328,158,288
720,327,160,289
706,326,162,290
693,319,157,286
679,319,153,285
665,319,149,284
651,319,145,283
637,319,141,282
623,319,137,281
609,319,133,280
595,319,129,279
581,319,125,278
567,319,121,277
553,319,117,276
539,319,113,275
525,319,109,274
511,319,105,273
497,319,101,272
479,319,98,265
467,319,101,266
455,319,104,267
443,319,107,268
431,319,110,269
419,319,113,270
407,319,116,271
395,319,119,272
383,319,122,273
371,319,125,274
359,319,128,275
347,319,131,276
335,319,134,277
323,319,137,278
311,319,140,279
296,313,142,283
292,314,140,284
288,315,138,285
284,316,136,286
280,317,134,287
276,318,132,288
272,319,130,289
268,320,128,290
264,321,126,291
260,322,124,292
256,323,122,293
252,324,120,294
248,325,118,295
244,326,116,296
240,327,114,297
239,329,111,295
240,331,111,297
241,333,111,299
242,335,111,301
243,337,111,303
244,339,111,305
245,341,111,307
246,343,111,309
247,345,111,311
248,347,111,313
249,349,111,315
250,351,111,317
251,353,111,319
252,355,111,321
253,357,111,323
254,357,111,319
262,357,113,321
270,357,115,323
278,357,117,325
286,357,119,327
294,357,121,329
302,357,123,331
310,357,125,333
318,357,127,335
326,357,129,337
334,357,131,339
342,357,133,341
350,357,135,343
358,357,137,345
366,357,139,347
371,359,146,342
382,359,149,343
393,359,152,344
404,359,155,345
415,359,158,346
426,359,161,347
437,359,164,348
448,359,167,349
459,359,170,350
470,359,173,351
481,359,176,352
492,359,179,353
503,359,182,354
514,359,185,355
525,359,188,356
536,363,184,352
551,365,182,351
566,367,180,350
581,369,178,349
596,371,176,348
611,373,174,347
626,375,172,346
641,377,170,345
656,379,168,344
671,381,166,343
686,383,164,342
701,385,162,341
716,387,160,340
731,389,158,339
746,391,156,338
766,393,153,338
783,393,150,337
800,393,147,336
817,393,144,335
834,393,141,334
851,393,138,333
868,393,135,332
885,393,132,331
902,393,129,330
919,393,126,329
936,393,123,328
953,393,120,327
970,393,117,326
987,393,114,325
1004,393,111,324
1023,399,114,329
1035,399,116,329
1047,399,118,329
1059,399,120,329
1071,399,122,329
1083,399,124,329
1095,399,126,329
1107,399,128,329
1119,399,130,329
1131,399,132,329
1143,399,134,329
1155,399,136,329
1167,399,138,329
1179,399,140,329
1191,399,142,329
1198,401,148,329
1209,401,147,328
1220,401,146,327
1231,401,145,326
1242,401,144,325
1253,401,143,324
1264,401,142,323
1275,401,141,322
1286,401,140,321
1297,401,139,320
1308,401,138,319
1319,401,137,318
1330,401,136,317
1341,401,135,316
1352,401,134,315
1358,408,127,307
1369,408,125,306
1380,408,123,305
1391,408,121,304
1402,408,119,303
1413,408,117,302
1424,408,115,301
1435,408,113,300
1446,408,111,299
1457,408,109,298
1468,408,107,297
1479,408,105,296
1490,408,103,295
1501,408,101,294
1512,408,99,293
1519,404,92,286
1523,404,91,285
1527,404,90,284
1531,404,89,283
1535,404,88,282
1539,404,87,281
1543,404,86,280
1547,404,85,279
1551,404,84,278
1555,404,83,277
1559,404,82,276
1563,404,81,275
1567,404,80,274
1571,404,79,273
1575,404,78,272
1583,401,81,266
1584,401,81,263
1585,401,81,260
1586,401,81,257
1587,401,81,254
1588,401,81,251
1589,401,81,248
1590,401,81,245
1591,401,81,242
1592,401,81,239
1593,401,81,236
1594,401,81,233
1595,401,81,230
1596,401,81,227
1597,401,81,224
1594,405,74,220
1587,405,77,218
1580,405,80,216
1573,405,83,214
1566,405,86,212
1559,405,89,210
1552,405,92,208
1545,405,95,206
1538,405,98,204
1531,405,101,202
1524,405,104,200
1517,405,107,198
1510,405,110,196
1503,405,113,194
1496,405,116,192
1486,408,116,189
1479,408,114,189
1472,408,112,189
1465,408,110,189
1458,408,108,189
1451,408,106,189
1444,408,104,189
1437,408,102,189
1430,408,100,189
1423,408,98,189
1416,408,96,189
1409,408,94,189
1402,408,92,189
1395,408,90,189
1388,408,88,189
1387,401,80,196
1378,400,83,201
1369,399,86,206
1360,398,89,211
1351,397,92,216
1342,396,95,221
1333,395,98,226
1324,394,101,231
1315,393,104,236
1306,392,107,241
1297,391,110,246
1288,390,113,251
1279,389,116,256
1270,388,119,261
1261,387,122,266
1253,392,131,266
1236,391,132,266
1219,390,133,266
1202,389,134,266
1185,388,135,266
1168,387,136,266
1151,386,137,266
1134,385,138,266
1117,384,139,266
1100,383,140,266
1083,382,141,266
1066,381,142,266
1049,380,143,266
1032,379,144,266
1015,378,145,266
1003,375,140,265
978,372,143,265
953,369,146,265
928,366,149,265
903,363,152,265
878,360,155,265
853,357,158,265
828,354,161,265
803,351,164,265
778,348,167,265
753,345,170,265
728,342,173,265
703,339,176,265
678,336,179,265
653,333,182,265
635,328,185,262
623,328,179,262
611,328,173,262
599,328,167,262
587,328,161,262
575,328,155,262
563,328,149,262
551,328,143,262
539,328,137,262
527,328,131,262
515,328,125,262
503,328,119,262
491,328,113,262
479,328,107,262
467,328,101,262
457,329,91,256
447,329,92,258
437,329,93,260
427,329,94,262
417,329,95,264
407,329,96,266
397,329,97,268
387,329,98,270
377,329,99,272
367,329,100,274
357,329,101,276
347,329,102,278
337,329,103,280
327,329,104,282
317,329,105,284
303,323,113,289
300,324,114,291
297,325,115,293
294,326,116,295
291,327,117,297
288,328,118,299
285,329,119,301
282,330,120,303
279,331,121,305
276,332,122,307
273,333,123,309
270,334,124,311
267,335,125,313
264,336,126,315
261,337,127,317
265,341,129,326
274,343,130,326
283,345,131,326
292,347,132,326
301,349,133,326
310,351,134,326
319,353,135,326
328,355,136,326
337,357,137,326
346,359,138,326
355,361,139,326
364,363,140,326
373,365,141,326
382,367,142,326
391,369,143,326
406,374,140,326
