1368,607,77,157
1362,608,76,157
1356,609,75,157
1350,610,74,157
1344,611,73,157
1338,612,72,157
1332,613,71,157
1326,614,70,157
1320,615,69,157
1314,616,68,157
1308,617,67,157
1302,618,66,157
1296,619,65,157
1290,620,64,157
1284,621,63,157
1282,617,63,161
1273,617,66,162
1264,617,69,163
1255,617,72,164
1246,617,75,165
1237,617,78,166
1228,617,81,167
1219,617,84,168
1210,617,87,169
1201,617,90,170
1192,617,93,171
1183,617,96,172
1174,617,99,173
1165,617,102,174
1156,617,105,175
1148,613,106,180
1141,614,104,180
1134,615,102,180
1127,616,100,180
1120,617,98,180
1113,618,96,180
1106,619,94,180
1099,620,92,180
1092,621,90,180
1085,622,88,180
1078,623,86,180
1071,624,84,180
1064,625,82,180
1057,626,80,180
1050,627,78,180
1036,627,83,180
1026,627,84,181
1016,627,85,182
1006,627,86,183
996,627,87,184
986,627,88,185
976,627,89,186
966,627,90,187
956,627,91,188
946,627,92,189
936,627,93,190
926,627,94,191
916,627,95,192
906,627,96,193
896,627,97,194
879,620,99,191
869,620,100,192
859,620,101,193
849,620,102,194
839,620,103,195
829,620,104,196
819,620,105,197
809,620,106,198
799,620,107,199
789,620,108,200
779,620,109,201
769,620,110,202
759,620,111,203
749,620,112,204
739,620,113,205
727,623,113,207
720,624,109,205
713,625,105,203
706,626,101,201
699,627,97,199
692,628,93,197
685,629,89,195
678,630,85,193
671,631,81,191
664,632,77,189
657,633,73,187
650,634,69,185
643,635,65,183
636,636,61,181
629,637,57,179
619,639,56,170
612,639,57,173
605,639,58,176
598,639,59,179
591,639,60,182
584,639,61,185
577,639,62,188
570,639,63,191
563,639,64,194
556,639,65,197
549,639,66,200
542,639,67,203
535,639,68,206
528,639,69,209
521,639,70,212
521,634,70,215
521,635,71,215
521,636,72,215
521,637,73,215
521,638,74,215
521,639,75,215
521,640,76,215
521,641,77,215
521,642,78,215
521,643,79,215
521,644,80,215
521,645,81,215
521,646,82,215
521,647,83,215
521,648,84,215
519,654,84,219
526,654,84,219
533,654,84,219
540,654,84,219
547,654,84,219
554,654,84,219
561,654,84,219
568,654,84,219
575,654,84,219
582,654,84,219
589,654,84,219
596,654,84,219
603,654,84,219
610,654,84,219
617,654,84,219
625,657,84,225
634,656,86,226
643,655,88,227
652,654,90,228
661,653,92,229
670,652,94,230
679,651,96,231
688,650,98,232
697,649,100,233
706,648,102,234
715,647,104,235
724,646,106,236
733,645,108,237
742,644,110,238
751,643,112,239
759,647,119,243
771,647,117,243
783,647,115,243
795,647,113,243
807,647,111,243
819,647,109,243
831,647,107,243
843,647,105,243
855,647,103,243
867,647,101,243
879,647,99,243
891,647,97,243
903,647,95,243
915,647,93,243
927,647,91,243
943,650,86,238
953,649,88,238
963,648,90,238
973,647,92,238
983,646,94,238
993,645,96,238
1003,644,98,238
1013,643,100,238
1023,642,102,238
1033,641,104,238
1043,640,106,238
1053,639,108,238
1063,638,110,238
1073,637,112,238
1083,636,114,238
1096,638,112,237
1106,638,110,235
1116,638,108,233
1126,638,106,231
1136,638,104,229
1146,638,102,227
1156,638,100,225
1166,638,98,223
1176,638,96,221
1186,638,94,219
1196,638,92,217
1206,638,90,215
1216,638,88,213
1226,638,86,211
1236,638,84,209
1253,634,79,211
1260,633,79,211
1267,632,79,211
1274,631,79,211
1281,630,79,211
1288,629,79,211
1295,628,79,211
1302,627,79,211
1309,626,79,211
1316,625,79,211
1323,624,79,211
1330,623,79,211
1337,622,79,211
1344,621,79,211
1351,620,79,211
1351,617,77,207
1355,616,77,206
1359,615,77,205
1363,614,77,204
1367,613,77,203
1371,612,77,202
1375,611,77,201
1379,610,77,200
1383,609,77,199
1387,608,77,198
1391,607,77,197
1395,606,77,196
1399,605,77,195
1403,604,77,194
1407,603,77,193
1415,605,76,185
1418,605,75,183
1421,605,74,181
1424,605,73,179
1427,605,72,177
1430,605,71,175
1433,605,70,173
1436,605,69,171
1439,605,68,169
1442,605,67,167
1445,605,66,165
1448,605,65,163
1451,605,64,161
1454,605,63,159
1457,605,62,157
1454,610,57,157
1452,610,58,156
1450,610,59,155
1448,610,60,154
1446,610,61,153
1444,610,62,152
1442,610,63,151
1440,610,64,150
1438,610,65,149
1436,610,66,148
1434,610,67,147
1432,610,68,146
1430,610,69,145
1428,610,70,144
1426,610,71,143
1427,609,77,137
1422,610,76,136
1417,611,75,135
1412,612,74,134
1407,613,73,133
1402,614,72,132
1397,615,71,131
1392,616,70,130
1387,617,69,129
1382,618,68,128
1377,619,67,127
1372,620,66,126
1367,621,65,125
1362,622,64,124
1357,623,63,123
1356,624,67,121
1352,624,66,123
1348,624,65,125
1344,624,64,127
1340,624,63,129
1336,624,62,131
1332,624,61,133
1328,624,60,135
1324,624,59,137
1320,624,58,139
1316,624,57,141
1312,624,56,143
1308,624,55,145
1304,624,54,147
1300,624,53,149
1292,621,53,151
1285,623,56,152
1278,625,59,153
1271,627,62,154
1264,629,65,155
1257,631,68,156
1250,633,71,157
1243,635,74,158
1236,637,77,159
1229,639,80,160
1222,641,83,161
1215,643,86,162
1208,645,89,163
1201,647,92,164
1194,649,95,165
1190,645,93,166
1176,644,97,166
1162,643,101,166
1148,642,105,166
1134,641,109,166
1120,640,113,166
1106,639,117,166
1092,638,121,166
1078,637,125,166
1064,636,129,166
1050,635,133,166
1036,634,137,166
1022,633,141,166
1008,632,145,166
994,631,149,166
979,634,146,171
966,634,141,171
953,634,136,171
940,634,131,171
927,634,126,171
914,634,121,171
901,634,116,171
888,634,111,171
875,634,106,171
862,634,101,171
849,634,96,171
836,634,91,171
823,634,86,171
810,634,81,171
797,634,76,171
786,636,72,173
774,635,74,174
762,634,76,175
750,633,78,176
738,632,80,177
726,631,82,178
714,630,84,179
702,629,86,180
690,628,88,181
678,627,90,182
666,626,92,183
654,625,94,184
642,624,96,185
630,623,98,186
618,622,100,187
605,627,106,181
601,628,104,182
597,629,102,183
593,630,100,184
589,631,98,185
585,632,96,186
581,633,94,187
577,634,92,188
573,635,90,189
569,636,88,190
565,637,86,191
561,638,84,192
557,639,82,193
553,640,80,194
549,641,78,195
546,641,75,203
547,642,75,203
548,643,75,203
549,644,75,203
550,645,75,203
551,646,75,203
552,647,75,203
553,648,75,203
554,649,75,203
555,650,75,203
556,651,75,203
557,652,75,203
558,653,75,203
559,654,75,203
560,655,75,203
565,661,78,209
573,661,82,210
581,661,86,211
589,661,90,212
597,661,94,213
605,661,98,214
613,661,102,215
621,661,106,216
629,661,110,217
637,661,114,218
645,661,118,219
653,661,122,220
661,661,126,221
669,661,130,222
677,661,134,223
688,660,140,225
701,659,137,223
714,658,134,221
727,657,131,219
740,656,128,217
753,655,125,215
766,654,122,213
779,653,119,211
792,652,116,209
805,651,113,207
818,650,110,205
831,649,107,203
844,648,104,201
857,647,101,199
870,646,98,197
879,649,94,195
