1448,406,77,170
1443,406,76,171
1438,406,75,172
1433,406,74,173
1428,406,73,174
1423,406,72,175
1418,406,71,176
1413,406,70,177
1408,406,69,178
1403,406,68,179
1398,406,67,180
1393,406,66,181
1388,406,65,182
1383,406,64,183
1378,406,63,184
1380,401,64,184
1373,401,65,185
1366,401,66,186
1359,401,67,187
1352,401,68,188
1345,401,69,189
1338,401,70,190
1331,401,71,191
1324,401,72,192
1317,401,73,193
1310,401,74,194
1303,401,75,195
1296,401,76,196
1289,401,77,197
1282,401,78,198
1270,398,86,200
1260,398,88,201
1250,398,90,202
1240,398,92,203
1230,398,94,204
1220,398,96,205
1210,398,98,206
1200,398,100,207
1190,398,102,208
1180,398,104,209
1170,398,106,210
1160,398,108,211
1150,398,110,212
1140,398,112,213
1130,398,114,214
1126,394,115,210
1117,395,114,209
1108,396,113,208
1099,397,112,207
1090,398,111,206
1081,399,110,205
1072,400,109,204
1063,401,108,203
1054,402,107,202
1045,403,106,201
1036,404,105,200
1027,405,104,199
1018,406,103,198
1009,407,102,197
1000,408,101,196
989,409,95,201
978,408,96,202
967,407,97,203
956,406,98,204
945,405,99,205
934,404,100,206
923,403,101,207
912,402,102,208
901,401,103,209
890,400,104,210
879,399,105,211
868,398,106,212
857,397,107,213
846,396,108,214
835,395,109,215
827,398,104,217
816,397,105,218
805,396,106,219
794,395,107,220
783,394,108,221
772,393,109,222
761,392,110,223
750,391,111,224
739,390,112,225
728,389,113,226
717,388,114,227
706,387,115,228
695,386,116,229
684,385,117,230
673,384,118,231
665,386,124,229
656,387,123,227
647,388,122,225
638,389,121,223
629,390,120,221
620,391,119,219
611,392,118,217
602,393,117,215
593,394,116,213
584,395,115,211
575,396,114,209
566,397,113,207
557,398,112,205
548,399,111,203
539,400,110,201
532,407,104,205
524,407,103,206
516,407,102,207
508,407,101,208
500,407,100,209
492,407,99,210
484,407,98,211
476,407,97,212
468,407,96,213
460,407,95,214
452,407,94,215
444,407,93,216
436,407,92,217
428,407,91,218
420,407,90,219
411,414,91,222
409,414,91,224
407,414,91,226
405,414,91,228
403,414,91,230
401,414,91,232
399,414,91,234
397,414,91,236
395,414,91,238
393,414,91,240
391,414,91,242
389,414,91,244
387,414,91,246
385,414,91,248
383,414,91,250
380,421,88,252
382,421,90,253
384,421,92,254
386,421,94,255
388,421,96,256
390,421,98,257
392,421,100,258
394,421,102,259
396,421,104,260
398,421,106,261
400,421,108,262
402,421,110,263
404,421,112,264
406,421,114,265
408,421,116,266
416,427,113,271
425,428,112,271
434,429,111,271
443,430,110,271
452,431,109,271
461,432,108,271
470,433,107,271
479,434,106,271
488,435,105,271
497,436,104,271
506,437,103,271
515,438,102,271
524,439,101,271
533,440,100,271
542,441,99,271
558,444,104,267
570,444,103,267
582,444,102,267
594,444,101,267
606,444,100,267
618,444,99,267
630,444,98,267
642,444,97,267
654,444,96,267
666,444,95,267
678,444,94,267
690,444,93,267
702,444,92,267
714,444,91,267
726,444,90,267
742,438,89,264
752,437,91,266
762,436,93,268
772,435,95,270
782,434,97,272
792,433,99,274
802,432,101,276
812,431,103,278
822,430,105,280
832,429,107,282
842,428,109,284
852,427,111,286
862,426,113,288
872,425,115,290
882,424,117,292
898,423,117,287
908,423,119,286
918,423,121,285
928,423,123,284
938,423,125,283
948,423,127,282
958,423,129,281
968,423,131,280
978,423,133,279
988,423,135,278
998,423,137,277
1008,423,139,276
1018,423,141,275
1028,423,143,274
1038,423,145,273
1051,426,149,267
1064,426,145,266
1077,426,141,265
1090,426,137,264
1103,426,133,263
1116,426,129,262
1129,426,125,261
1142,426,121,260
1155,426,117,259
1168,426,113,258
1181,426,109,257
1194,426,105,256
1207,426,101,255
1220,426,97,254
1233,426,93,253
1242,427,90,245
1249,426,90,245
1256,425,90,245
1263,424,90,245
1270,423,90,245
1277,422,90,245
1284,421,90,245
1291,420,90,245
1298,419,90,245
1305,418,90,245
1312,417,90,245
1319,416,90,245
1326,415,90,245
1333,414,90,245
1340,413,90,245
1354,409,86,245
1360,408,86,244
1366,407,86,243
1372,406,86,242
1378,405,86,241
1384,404,86,240
1390,403,86,239
1396,402,86,238
1402,401,86,237
1408,400,86,236
1414,399,86,235
1420,398,86,234
1426,397,86,233
1432,396,86,232
1438,395,86,231
1437,398,85,224
1439,398,85,222
1441,398,85,220
1443,398,85,218
1445,398,85,216
1447,398,85,214
1449,398,85,212
1451,398,85,210
1453,398,85,208
1455,398,85,206
1457,398,85,204
1459,398,85,202
1461,398,85,200
1463,398,85,198
1465,398,85,196
1471,401,81,191
1472,401,81,190
1473,401,81,189
1474,401,81,188
1475,401,81,187
1476,401,81,186
1477,401,81,185
1478,401,81,184
1479,401,81,183
1480,401,81,182
1481,401,81,181
1482,401,81,180
1483,401,81,179
1484,401,81,178
1485,401,81,177
1482,401,79,178
1476,402,81,176
1470,403,83,174
1464,404,85,172
1458,405,87,170
1452,406,89,168
1446,407,91,166
1440,408,93,164
1434,409,95,162
1428,410,97,160
1422,411,99,158
1416,412,101,156
1410,413,103,154
1404,414,105,152
1398,415,107,150
1396,411,108,150
1392,411,104,151
1388,411,100,152
1384,411,96,153
1380,411,92,154
1376,411,88,155
1372,411,84,156
1368,411,80,157
1364,411,76,158
1360,411,72,159
1356,411,68,160
1352,411,64,161
1348,411,60,162
1344,411,56,163
1340,411,52,164
1336,409,54,161
1329,409,57,163
1322,409,60,165
1315,409,63,167
1308,409,66,169
1301,409,69,171
1294,409,72,173
1287,409,75,175
1280,409,78,177
1273,409,81,179
1266,409,84,181
1259,409,87,183
1252,409,90,185
1245,409,93,187
1238,409,96,189
1233,412,99,195
1223,412,102,195
1213,412,105,195
1203,412,108,195
1193,412,111,195
1183,412,114,195
1173,412,117,195
1163,412,120,195
1153,412,123,195
1143,412,126,195
1133,412,129,195
1123,412,132,195
1113,412,135,195
1103,412,138,195
1093,412,141,195
1081,418,140,201
1066,417,138,201
1051,416,136,201
1036,415,134,201
1021,414,132,201
1006,413,130,201
991,412,128,201
976,411,126,201
961,410,124,201
946,409,122,201
931,408,120,201
916,407,118,201
901,406,116,201
886,405,114,201
871,404,112,201
863,409,106,207
849,409,106,207
835,409,106,207
821,409,106,207
807,409,106,207
793,409,106,207
779,409,106,207
765,409,106,207
751,409,106,207
737,409,106,207
723,409,106,207
709,409,106,207
695,409,106,207
681,409,106,207
667,409,106,207
651,403,113,209
639,403,115,209
627,403,117,209
615,403,119,209
603,403,121,209
591,403,123,209
579,403,125,209
567,403,127,209
555,403,129,209
543,403,131,209
531,403,133,209
519,403,135,209
507,403,137,209
495,403,139,209
483,403,141,209
469,406,137,204
465,407,134,205
461,408,131,206
457,409,128,207
453,410,125,208
449,411,122,209
445,412,119,210
441,413,116,211
437,414,113,212
433,415,110,213
429,416,107,214
425,417,104,215
421,418,101,216
417,419,98,217
413,420,95,218
414,424,95,225
415,425,96,226
416,426,97,227
417,427,98,228
418,428,99,229
419,429,100,230
420,430,101,231
421,431,102,232
422,432,103,233
423,433,104,234
424,434,105,235
425,435,106,236
426,436,107,237
427,437,108,238
428,438,109,239
425,441,108,243
434,441,112,244
443,441,116,245
452,441,120,246
461,441,124,247
470,441,128,248
479,441,132,249
488,441,136,250
497,441,140,251
506,441,144,252
515,441,148,253
524,441,152,254
533,441,156,255
542,441,160,256
551,441,164,257
556,438,167,263
569,437,162,261
582,436,157,259
595,435,152,257
608,434,147,255
621,433,142,253
634,432,137,251
647,431,132,249
660,430,127,247
673,429,122,245
686,428,117,243
699,427,112,241
712,426,107,239
725,425,102,237
738,424,97,235
758,421,98,239
