1356,481,76,173
1345,481,77,175
1334,481,78,177
1323,481,79,179
1312,481,80,181
1301,481,81,183
1290,481,82,185
1279,481,83,187
1268,481,84,189
1257,481,85,191
1246,481,86,193
1235,481,87,195
1224,481,88,197
1213,481,89,199
1202,481,90,201
1194,476,98,197
1183,476,98,197
1172,476,98,197
1161,476,98,197
1150,476,98,197
1139,476,98,197
1128,476,98,197
1117,476,98,197
1106,476,98,197
1095,476,98,197
1084,476,98,197
1073,476,98,197
1062,476,98,197
1051,476,98,197
1040,476,98,197
1023,481,98,197
1010,481,97,197
997,481,96,197
984,481,95,197
971,481,94,197
958,481,93,197
945,481,92,197
932,481,91,197
919,481,90,197
906,481,89,197
893,481,88,197
880,481,87,197
867,481,86,197
854,481,85,197
841,481,84,197
835,483,88,195
823,483,89,195
811,483,90,195
799,483,91,195
787,483,92,195
775,483,93,195
763,483,94,195
751,483,95,195
739,483,96,195
727,483,97,195
715,483,98,195
703,483,99,195
691,483,100,195
679,483,101,195
667,483,102,195
650,478,105,196
643,479,103,197
636,480,101,198
629,481,99,199
622,482,97,200
615,483,95,201
608,484,93,202
601,485,91,203
594,486,89,204
587,487,87,205
580,488,85,206
573,489,83,207
566,490,81,208
559,491,79,209
552,492,77,210
541,488,71,214
541,489,72,215
541,490,73,216
541,491,74,217
541,492,75,218
541,493,76,219
541,494,77,220
541,495,78,221
541,496,79,222
541,497,80,223
541,498,81,224
541,499,82,225
541,500,83,226
541,501,84,227
541,502,85,228
539,509,79,235
547,509,81,237
555,509,83,239
563,509,85,241
571,509,87,243
579,509,89,245
587,509,91,247
595,509,93,249
603,509,95,251
611,509,97,253
619,509,99,255
627,509,101,257
635,509,103,259
643,509,105,261
651,509,107,263
663,506,110,263
676,506,109,263
689,506,108,263
702,506,107,263
715,506,106,263
728,506,105,263
741,506,104,263
754,506,103,263
767,506,102,263
780,506,101,263
793,506,100,263
806,506,99,263
819,506,98,263
832,506,97,263
845,506,96,263
862,502,98,264
876,503,97,262
890,504,96,260
904,505,95,258
918,506,94,256
932,507,93,254
946,508,92,252
960,509,91,250
974,510,90,248
988,511,89,246
1002,512,88,244
1016,513,87,242
1030,514,86,240
1044,515,85,238
1058,516,84,236
1070,511,89,241
1082,510,90,241
1094,509,91,241
1106,508,92,241
1118,507,93,241
1130,506,94,241
1142,505,95,241
1154,504,96,241
1166,503,97,241
1178,502,98,241
1190,501,99,241
1202,500,100,241
1214,499,101,241
1226,498,102,241
1238,497,103,241
1255,498,102,234
1265,498,101,233
1275,498,100,232
1285,498,99,231
1295,498,98,230
1305,498,97,229
1315,498,96,228
1325,498,95,227
1335,498,94,226
1345,498,93,225
1355,498,92,224
1365,498,91,223
1375,498,90,222
1385,498,89,221
1395,498,88,220
1405,492,82,219
1411,491,81,217
1417,490,80,215
1423,489,79,213
1429,488,78,211
1435,487,77,209
1441,486,76,207
1447,485,75,205
1453,484,74,203
1459,483,73,201
1465,482,72,199
1471,481,71,197
1477,480,70,195
1483,479,69,193
1489,478,68,191
1495,483,61,185
1496,482,62,184
1497,481,63,183
1498,480,64,182
1499,479,65,181
1500,478,66,180
1501,477,67,179
1502,476,68,178
1503,475,69,177
1504,474,70,176
1505,473,71,175
1506,472,72,174
1507,471,73,173
1508,470,74,172
1509,469,75,171
1513,472,70,171
1509,473,71,168
1505,474,72,165
1501,475,73,162
1497,476,74,159
1493,477,75,156
1489,478,76,153
1485,479,77,150
1481,480,78,147
1477,481,79,144
1473,482,80,141
1469,483,81,138
1465,484,82,135
1461,485,83,132
1457,486,84,129
1447,488,79,132
1441,488,78,133
1435,488,77,134
1429,488,76,135
1423,488,75,136
1417,488,74,137
1411,488,73,138
1405,488,72,139
1399,488,71,140
1393,488,70,141
1387,488,69,142
1381,488,68,143
1375,488,67,144
1369,488,66,145
1363,488,65,146
1363,492,57,144
1354,493,61,146
1345,494,65,148
1336,495,69,150
1327,496,73,152
1318,497,77,154
1309,498,81,156
1300,499,85,158
1291,500,89,160
1282,501,93,162
1273,502,97,164
1264,503,101,166
1255,504,105,168
1246,505,109,170
1237,506,113,172
1221,509,115,179
1205,508,115,179
1189,507,115,179
1173,506,115,179
1157,505,115,179
1141,504,115,179
1125,503,115,179
1109,502,115,179
1093,501,115,179
1077,500,115,179
1061,499,115,179
1045,498,115,179
1029,497,115,179
1013,496,115,179
997,495,115,179
978,492,109,185
960,491,110,186
942,490,111,187
924,489,112,188
906,488,113,189
888,487,114,190
870,486,115,191
852,485,116,192
834,484,117,193
816,483,118,194
798,482,119,195
780,481,120,196
762,480,121,197
744,479,122,198
726,478,123,199
715,480,124,194
706,481,121,194
697,482,118,194
688,483,115,194
679,484,112,194
670,485,109,194
661,486,106,194
652,487,103,194
643,488,100,194
634,489,97,194
625,490,94,194
616,491,91,194
607,492,88,194
598,493,85,194
589,494,82,194
580,492,81,195
579,493,81,197
578,494,81,199
577,495,81,201
576,496,81,203
575,497,81,205
574,498,81,207
573,499,81,209
572,500,81,211
571,501,81,213
570,502,81,215
569,503,81,217
568,504,81,219
567,505,81,221
566,506,81,223
558,513,85,222
567,513,89,224
576,513,93,226
585,513,97,228
594,513,101,230
603,513,105,232
612,513,109,234
621,513,113,236
630,513,117,238
639,513,121,240
648,513,125,242
657,513,129,244
666,513,133,246
675,513,137,248
684,513,141,250
697,512,152,246
711,511,150,244
725,510,148,242
739,509,146,240
753,508,144,238
767,507,142,236
781,506,140,234
795,505,138,232
809,504,136,230
823,503,134,228
837,502,132,226
851,501,130,224
865,500,128,222
879,499,126,220
893,498,124,218
913,490,116,221
927,490,115,220
941,490,114,219
955,490,113,218
969,490,112,217
983,490,111,216
997,490,110,215
1011,490,109,214
1025,490,108,213
1039,490,107,212
1053,490,106,211
1067,490,105,210
1081,490,104,209
1095,490,103,208
1109,490,102,207
1121,490,105,213
