1465,401,66,142
1463,400,66,143
1461,399,66,144
1459,398,66,145
1457,397,66,146
1455,396,66,147
1453,395,66,148
1451,394,66,149
1449,393,66,150
1447,392,66,151
1445,391,66,152
1443,390,66,153
1441,389,66,154
1439,388,66,155
1437,387,66,156
1438,392,66,159
1434,393,65,159
1430,394,64,159
1426,395,63,159
1422,396,62,159
1418,397,61,159
1414,398,60,159
1410,399,59,159
1406,400,58,159
1402,401,57,159
1398,402,56,159
1394,403,55,159
1390,404,54,159
1386,405,53,159
1382,406,52,159
1372,404,57,162
1365,405,59,162
1358,406,61,162
1351,407,63,162
1344,408,65,162
1337,409,67,162
1330,410,69,162
1323,411,71,162
1316,412,73,162
1309,413,75,162
1302,414,77,162
1295,415,79,162
1288,416,81,162
1281,417,83,162
1274,418,85,162
1264,413,92,165
1255,412,93,167
1246,411,94,169
1237,410,95,171
1228,409,96,173
1219,408,97,175
1210,407,98,177
1201,406,99,179
1192,405,100,181
1183,404,101,183
1174,403,102,185
1165,402,103,187
1156,401,104,189
1147,400,105,191
1138,399,106,193
1133,395,106,202
1123,395,105,203
1113,395,104,204
1103,395,103,205
1093,395,102,206
1083,395,101,207
1073,395,100,208
1063,395,99,209
1053,395,98,210
1043,395,97,211
1033,395,96,212
1023,395,95,213
1013,395,94,214
1003,395,93,215
993,395,92,216
987,388,96,221
975,388,99,222
963,388,102,223
951,388,105,224
939,388,108,225
927,388,111,226
915,388,114,227
903,388,117,228
891,388,120,229
879,388,123,230
867,388,126,231
855,388,129,232
843,388,132,233
831,388,135,234
819,388,138,235
806,385,138,235
794,385,139,235
782,385,140,235
770,385,141,235
758,385,142,235
746,385,143,235
734,385,144,235
722,385,145,235
710,385,146,235
698,385,147,235
686,385,148,235
674,385,149,235
662,385,150,235
650,385,151,235
638,385,152,235
627,382,160,232
619,383,158,232
611,384,156,232
603,385,154,232
595,386,152,232
587,387,150,232
579,388,148,232
571,389,146,232
563,390,144,232
555,391,142,232
547,392,140,232
539,393,138,232
531,394,136,232
523,395,134,232
515,396,132,232
508,395,123,225
500,396,120,225
492,397,117,225
484,398,114,225
476,399,111,225
468,400,108,225
460,401,105,225
452,402,102,225
444,403,99,225
436,404,96,225
428,405,93,225
420,406,90,225
412,407,87,225
404,408,84,225
396,409,81,225
389,410,78,221
384,410,79,222
379,410,80,223
374,410,81,224
369,410,82,225
364,410,83,226
359,410,84,227
354,410,85,228
349,410,86,229
344,410,87,230
339,410,88,231
334,410,89,232
329,410,90,233
324,410,91,234
319,410,92,235
315,416,89,232
316,415,90,236
317,414,91,240
318,413,92,244
319,412,93,248
320,411,94,252
321,410,95,256
322,409,96,260
323,408,97,264
324,407,98,268
325,406,99,272
326,405,100,276
327,404,101,280
328,403,102,284
329,402,103,288
335,402,98,288
343,404,98,286
351,406,98,284
359,408,98,282
367,410,98,280
375,412,98,278
383,414,98,276
391,416,98,274
399,418,98,272
407,420,98,270
415,422,98,268
423,424,98,266
431,426,98,264
439,428,98,262
447,430,98,260
454,435,94,261
464,434,96,262
474,433,98,263
484,432,100,264
494,431,102,265
504,430,104,266
514,429,106,267
524,428,108,268
534,427,110,269
544,426,112,270
554,425,114,271
564,424,116,272
574,423,118,273
584,422,120,274
594,421,122,275
611,427,128,272
623,426,127,273
635,425,126,274
647,424,125,275
659,423,124,276
671,422,123,277
683,421,122,278
695,420,121,279
707,419,120,280
719,418,119,281
731,417,118,282
743,416,117,283
755,415,116,284
767,414,115,285
779,413,114,286
796,409,120,292
809,409,120,290
822,409,120,288
835,409,120,286
848,409,120,284
861,409,120,282
874,409,120,280
887,409,120,278
900,409,120,276
913,409,120,274
926,409,120,272
939,409,120,270
952,409,120,268
965,409,120,266
978,409,120,264
998,413,116,268
1011,413,115,267
1024,413,114,266
1037,413,113,265
1050,413,112,264
1063,413,111,263
1076,413,110,262
1089,413,109,261
1102,413,108,260
1115,413,107,259
1128,413,106,258
1141,413,105,257
1154,413,104,256
1167,413,103,255
1180,413,102,254
1189,415,96,250
1197,414,96,248
1205,413,96,246
1213,412,96,244
1221,411,96,242
1229,410,96,240
1237,409,96,238
1245,408,96,236
1253,407,96,234
1261,406,96,232
1269,405,96,230
1277,404,96,228
1285,403,96,226
1293,402,96,224
1301,401,96,222
1308,402,92,217
1315,401,91,218
1322,400,90,219
1329,399,89,220
1336,398,88,221
1343,397,87,222
1350,396,86,223
1357,395,85,224
1364,394,84,225
1371,393,83,226
1378,392,82,227
1385,391,81,228
1392,390,80,229
1399,389,79,230
1406,388,78,231
1409,382,84,226
1411,382,86,223
1413,382,88,220
1415,382,90,217
1417,382,92,214
1419,382,94,211
1421,382,96,208
1423,382,98,205
1425,382,100,202
1427,382,102,199
1429,382,104,196
1431,382,106,193
1433,382,108,190
1435,382,110,187
1437,382,112,184
1440,384,108,180
1440,385,108,179
1440,386,108,178
1440,387,108,177
1440,388,108,176
1440,389,108,175
1440,390,108,174
1440,391,108,173
1440,392,108,172
1440,393,108,171
1440,394,108,170
1440,395,108,169
1440,396,108,168
1440,397,108,167
1440,398,108,166
1435,393,104,167
1432,392,104,167
1429,391,104,167
1426,390,104,167
1423,389,104,167
1420,388,104,167
1417,387,104,167
1414,386,104,167
1411,385,104,167
1408,384,104,167
1405,383,104,167
1402,382,104,167
1399,381,104,167
1396,380,104,167
1393,379,104,167
1386,384,109,160
1382,383,108,161
1378,382,107,162
1374,381,106,163
1370,380,105,164
1366,379,104,165
1362,378,103,166
1358,377,102,167
1354,376,101,168
1350,375,100,169
1346,374,99,170
1342,373,98,171
1338,372,97,172
1334,371,96,173
1330,370,95,174
1330,374,101,169
1327,377,99,168
1324,380,97,167
1321,383,95,166
1318,386,93,165
1315,389,91,164
1312,392,89,163
1309,395,87,162
1306,398,85,161
1303,401,83,160
1300,404,81,159
1297,407,79,158
1294,410,77,157
1291,413,75,156
1288,416,73,155
1287,426,73,156
1281,427,74,157
1275,428,75,158
1269,429,76,159
1263,430,77,160
1257,431,78,161
1251,432,79,162
1245,433,80,163
1239,434,81,164
1233,435,82,165
1227,436,83,166
1221,437,84,167
1215,438,85,168
1209,439,86,169
1203,440,87,170
1201,446,94,171
1188,444,99,173
1175,442,104,175
1162,440,109,177
1149,438,114,179
1136,436,119,181
1123,434,124,183
1110,432,129,185
1097,430,134,187
1084,428,139,189
1071,426,144,191
1058,424,149,193
1045,422,154,195
1032,420,159,197
1019,418,164,199
1011,412,167,207
996,412,169,208
981,412,171,209
966,412,173,210
951,412,175,211
936,412,177,212
921,412,179,213
906,412,181,214
891,412,183,215
876,412,185,216
861,412,187,217
846,412,189,218
831,412,191,219
816,412,193,220
801,412,195,221
786,407,192,215
774,407,188,214
762,407,184,213
750,407,180,212
738,407,176,211
726,407,172,210
714,407,168,209
702,407,164,208
690,407,160,207
678,407,156,206
666,407,152,205
654,407,148,204
642,407,144,203
630,407,140,202
618,407,136,201
608,405,128,201
598,404,126,202
588,403,124,203
578,402,122,204
568,401,120,205
558,400,118,206
548,399,116,207
538,398,114,208
528,397,112,209
518,396,110,210
508,395,108,211
498,394,106,212
488,393,104,213
478,392,102,214
468,391,100,215
459,396,101,218
451,396,102,218
443,396,103,218
435,396,104,218
427,396,105,218
419,396,106,218
411,396,107,218
403,396,108,218
395,396,109,218
387,396,110,218
379,396,111,218
371,396,112,218
363,396,113,218
355,396,114,218
347,396,115,218
337,395,114,222
333,397,113,221
329,399,112,220
325,401,111,219
321,403,110,218
317,405,109,217
313,407,108,216
309,409,107,215
305,411,106,214
301,413,105,213
297,415,104,212
293,417,103,211
289,419,102,210
285,421,101,209
281,423,100,208
283,419,97,214
