1510,463,47,144
1508,463,47,144
1506,463,47,144
1504,463,47,144
1502,463,47,144
1500,463,47,144
1498,463,47,144
1496,463,47,144
1494,463,47,144
1492,463,47,144
1490,463,47,144
1488,463,47,144
1486,463,47,144
1484,463,47,144
1482,463,47,144
1478,467,48,146
1474,467,48,147
1470,467,48,148
1466,467,48,149
1462,467,48,150
1458,467,48,151
1454,467,48,152
1450,467,48,153
1446,467,48,154
1442,467,48,155
1438,467,48,156
1434,467,48,157
1430,467,48,158
1426,467,48,159
1422,467,48,160
1418,468,55,156
1412,468,56,157
1406,468,57,158
1400,468,58,159
1394,468,59,160
1388,468,60,161
1382,468,61,162
1376,468,62,163
1370,468,63,164
1364,468,64,165
1358,468,65,166
1352,468,66,167
1346,468,67,168
1340,468,68,169
1334,468,69,170
1331,471,74,177
1323,470,76,180
1315,469,78,183
1307,468,80,186
1299,467,82,189
1291,466,84,192
1283,465,86,195
1275,464,88,198
1267,463,90,201
1259,462,92,204
1251,461,94,207
1243,460,96,210
1235,459,98,213
1227,458,100,216
1219,457,102,219
1210,457,109,224
1201,458,108,223
1192,459,107,222
1183,460,106,221
1174,461,105,220
1165,462,104,219
1156,463,103,218
1147,464,102,217
1138,465,101,216
1129,466,100,215
1120,467,99,214
1111,468,98,213
1102,469,97,212
1093,470,96,211
1084,471,95,210
1077,478,96,209
1066,477,97,209
1055,476,98,209
1044,475,99,209
1033,474,100,209
1022,473,101,209
1011,472,102,209
1000,471,103,209
989,470,104,209
978,469,105,209
967,468,106,209
956,467,107,209
945,466,108,209
934,465,109,209
923,464,110,209
915,463,118,216
906,463,118,216
897,463,118,216
888,463,118,216
879,463,118,216
870,463,118,216
861,463,118,216
852,463,118,216
843,463,118,216
834,463,118,216
825,463,118,216
816,463,118,216
807,463,118,216
798,463,118,216
789,463,118,216
774,465,119,216
764,465,120,216
754,465,121,216
744,465,122,216
734,465,123,216
724,465,124,216
714,465,125,216
704,465,126,216
694,465,127,216
684,465,128,216
674,465,129,216
664,465,130,216
654,465,131,216
644,465,132,216
634,465,133,216
626,465,127,219
619,466,124,218
612,467,121,217
605,468,118,216
598,469,115,215
591,470,112,214
584,471,109,213
577,472,106,212
570,473,103,211
563,474,100,210
556,475,97,209
549,476,94,208
542,477,91,207
535,478,88,206
528,479,85,205
520,481,82,211
516,482,82,212
512,483,82,213
508,484,82,214
504,485,82,215
500,486,82,216
496,487,82,217
492,488,82,218
488,489,82,219
484,490,82,220
480,491,82,221
476,492,82,222
472,493,82,223
468,494,82,224
464,495,82,225
456,492,77,222
456,492,78,223
456,492,79,224
456,492,80,225
456,492,81,226
456,492,82,227
456,492,83,228
456,492,84,229
456,492,85,230
456,492,86,231
456,492,87,232
456,492,88,233
456,492,89,234
456,492,90,235
456,492,91,236
458,496,94,232
463,496,96,235
468,496,98,238
473,496,100,241
478,496,102,244
483,496,104,247
488,496,106,250
493,496,108,253
498,496,110,256
503,496,112,259
508,496,114,262
513,496,116,265
518,496,118,268
523,496,120,271
528,496,122,274
532,503,121,273
545,503,119,272
558,503,117,271
571,503,115,270
584,503,113,269
597,503,111,268
610,503,109,267
623,503,107,266
636,503,105,265
649,503,103,264
662,503,101,263
675,503,99,262
688,503,97,261
701,503,95,260
714,503,93,259
723,504,92,255
733,503,94,256
743,502,96,257
753,501,98,258
763,500,100,259
773,499,102,260
783,498,104,261
793,497,106,262
803,496,108,263
813,495,110,264
823,494,112,265
833,493,114,266
843,492,116,267
853,491,118,268
863,490,120,269
870,488,129,265
881,488,130,264
892,488,131,263
903,488,132,262
914,488,133,261
925,488,134,260
936,488,135,259
947,488,136,258
958,488,137,257
969,488,138,256
980,488,139,255
991,488,140,254
1002,488,141,253
1013,488,142,252
1024,488,143,251
1030,487,140,250
1042,488,138,249
1054,489,136,248
1066,490,134,247
1078,491,132,246
1090,492,130,245
1102,493,128,244
1114,494,126,243
1126,495,124,242
1138,496,122,241
1150,497,120,240
1162,498,118,239
1174,499,116,238
1186,500,114,237
1198,501,112,236
1212,496,108,229
1221,495,106,228
1230,494,104,227
1239,493,102,226
1248,492,100,225
1257,491,98,224
1266,490,96,223
1275,489,94,222
1284,488,92,221
1293,487,90,220
1302,486,88,219
1311,485,86,218
1320,484,84,217
1329,483,82,216
1338,482,80,215
1354,479,79,219
1360,478,79,218
1366,477,79,217
1372,476,79,216
1378,475,79,215
1384,474,79,214
1390,473,79,213
1396,472,79,212
1402,471,79,211
1408,470,79,210
1414,469,79,209
1420,468,79,208
1426,467,79,207
1432,466,79,206
1438,465,79,205
1439,468,73,205
1442,468,73,202
1445,468,73,199
1448,468,73,196
1451,468,73,193
1454,468,73,190
1457,468,73,187
1460,468,73,184
1463,468,73,181
1466,468,73,178
1469,468,73,175
1472,468,73,172
1475,468,73,169
1478,468,73,166
1481,468,73,163
1485,473,76,161
1485,473,77,160
1485,473,78,159
1485,473,79,158
1485,473,80,157
1485,473,81,156
1485,473,82,155
1485,473,83,154
1485,473,84,153
1485,473,85,152
1485,473,86,151
1485,473,87,150
1485,473,88,149
1485,473,89,148
1485,473,90,147
1484,479,87,147
1481,479,86,146
1478,479,85,145
1475,479,84,144
1472,479,83,143
1469,479,82,142
1466,479,81,141
1463,479,80,140
1460,479,79,139
1457,479,78,138
1454,479,77,137
1451,479,76,136
1448,479,75,135
1445,479,74,134
1442,479,73,133
1442,481,74,132
1437,481,75,133
1432,481,76,134
1427,481,77,135
1422,481,78,136
1417,481,79,137
1412,481,80,138
1407,481,81,139
1402,481,82,140
1397,481,83,141
1392,481,84,142
1387,481,85,143
1382,481,86,144
1377,481,87,145
1372,481,88,146
1371,476,84,147
1369,476,83,149
1367,476,82,151
1365,476,81,153
1363,476,80,155
1361,476,79,157
1359,476,78,159
1357,476,77,161
1355,476,76,163
1353,476,75,165
1351,476,74,167
1349,476,73,169
1347,476,72,171
1345,476,71,173
1343,476,70,175
1344,482,73,181
1339,483,74,182
1334,484,75,183
1329,485,76,184
1324,486,77,185
1319,487,78,186
1314,488,79,187
1309,489,80,188
1304,490,81,189
1299,491,82,190
1294,492,83,191
1289,493,84,192
1284,494,85,193
1279,495,86,194
1274,496,87,195
1271,499,87,190
1261,499,92,191
1251,499,97,192
1241,499,102,193
1231,499,107,194
1221,499,112,195
1211,499,117,196
1201,499,122,197
1191,499,127,198
1181,499,132,199
1171,499,137,200
1161,499,142,201
1151,499,147,202
1141,499,152,203
1131,499,157,204
1115,499,160,211
1101,497,161,212
1087,495,162,213
1073,493,163,214
1059,491,164,215
1045,489,165,216
1031,487,166,217
1017,485,167,218
1003,483,168,219
989,481,169,220
975,479,170,221
961,477,171,222
947,475,172,223
933,473,173,224
919,471,174,225
909,476,169,219
898,476,165,219
887,476,161,219
876,476,157,219
865,476,153,219
854,476,149,219
843,476,145,219
832,476,141,219
821,476,137,219
810,476,133,219
799,476,129,219
788,476,125,219
777,476,121,219
766,476,117,219
755,476,113,219
748,470,110,212
738,470,108,211
728,470,106,210
718,470,104,209
708,470,102,208
698,470,100,207
688,470,98,206
678,470,96,205
668,470,94,204
658,470,92,203
648,470,90,202
638,470,88,201
628,470,86,200
618,470,84,199
608,470,82,198
598,467,82,198
591,467,82,199
584,467,82,200
577,467,82,201
570,467,82,202
563,467,82,203
556,467,82,204
549,467,82,205
542,467,82,206
535,467,82,207
528,467,82,208
521,467,82,209
514,467,82,210
507,467,82,211
500,467,82,212
491,465,87,220
487,466,87,221
483,467,87,222
479,468,87,223
475,469,87,224
471,470,87,225
467,471,87,226
463,472,87,227
459,473,87,228
455,474,87,229
451,475,87,230
447,476,87,231
443,477,87,232
439,478,87,233
435,479,87,234
430,481,93,228
