1384,585,56,145
1381,585,56,145
1378,585,56,145
1375,585,56,145
1372,585,56,145
1369,585,56,145
1366,585,56,145
1363,585,56,145
1360,585,56,145
1357,585,56,145
1354,585,56,145
1351,585,56,145
1348,585,56,145
1345,585,56,145
1342,585,56,145
1335,591,61,146
1330,592,62,147
1325,593,63,148
1320,594,64,149
1315,595,65,150
1310,596,66,151
1305,597,67,152
1300,598,68,153
1295,599,69,154
1290,600,70,155
1285,601,71,156
1280,602,72,157
1275,603,73,158
1270,604,74,159
1265,605,75,160
1258,606,78,163
1251,606,79,165
1244,606,80,167
1237,606,81,169
1230,606,82,171
1223,606,83,173
1216,606,84,175
1209,606,85,177
1202,606,86,179
1195,606,87,181
1188,606,88,183
1181,606,89,185
1174,606,90,187
1167,606,91,189
1160,606,92,191
1157,603,97,188
1148,603,96,188
1139,603,95,188
1130,603,94,188
1121,603,93,188
1112,603,92,188
1103,603,91,188
1094,603,90,188
1085,603,89,188
1076,603,88,188
1067,603,87,188
1058,603,86,188
1049,603,85,188
1040,603,84,188
1031,603,83,188
1029,609,89,182
1018,609,91,183
1007,609,93,184
996,609,95,185
985,609,97,186
974,609,99,187
963,609,101,188
952,609,103,189
941,609,105,190
930,609,107,191
919,609,109,192
908,609,111,193
897,609,113,194
886,609,115,195
875,609,117,196
864,606,121,193
855,606,120,193
846,606,119,193
837,606,118,193
828,606,117,193
819,606,116,193
810,606,115,193
801,606,114,193
792,606,113,193
783,606,112,193
774,606,111,193
765,606,110,193
756,606,109,193
747,606,108,193
738,606,107,193
734,606,108,187
726,607,106,187
718,608,104,187
710,609,102,187
702,610,100,187
694,611,98,187
686,612,96,187
678,613,94,187
670,614,92,187
662,615,90,187
654,616,88,187
646,617,86,187
638,618,84,187
630,619,82,187
622,620,80,187
614,615,83,194
607,616,83,194
600,617,83,194
593,618,83,194
586,619,83,194
579,620,83,194
572,621,83,194
565,622,83,194
558,623,83,194
551,624,83,194
544,625,83,194
537,626,83,194
530,627,83,194
523,628,83,194
516,629,83,194
507,628,83,192
504,628,83,194
501,628,83,196
498,628,83,198
495,628,83,200
492,628,83,202
489,628,83,204
486,628,83,206
483,628,83,208
480,628,83,210
477,628,83,212
474,628,83,214
471,628,83,216
468,628,83,218
465,628,83,220
462,628,87,224
464,630,87,224
466,632,87,224
468,634,87,224
470,636,87,224
472,638,87,224
474,640,87,224
476,642,87,224
478,644,87,224
480,646,87,224
482,648,87,224
484,650,87,224
486,652,87,224
488,654,87,224
490,656,87,224
495,652,82,228
502,651,84,229
509,650,86,230
516,649,88,231
523,648,90,232
530,647,92,233
537,646,94,234
544,645,96,235
551,644,98,236
558,643,100,237
565,642,102,238
572,641,104,239
579,640,106,240
586,639,108,241
593,638,110,242
604,644,109,237
615,644,110,236
626,644,111,235
637,644,112,234
648,644,113,233
659,644,114,232
670,644,115,231
681,644,116,230
692,644,117,229
703,644,118,228
714,644,119,227
725,644,120,226
736,644,121,225
747,644,122,224
758,644,123,223
766,641,127,227
777,641,126,227
788,641,125,227
799,641,124,227
810,641,123,227
821,641,122,227
832,641,121,227
843,641,120,227
854,641,119,227
865,641,118,227
876,641,117,227
887,641,116,227
898,641,115,227
909,641,114,227
920,641,113,227
926,641,110,232
938,640,110,232
950,639,110,232
962,638,110,232
974,637,110,232
986,636,110,232
998,635,110,232
1010,634,110,232
1022,633,110,232
1034,632,110,232
1046,631,110,232
1058,630,110,232
1070,629,110,232
1082,628,110,232
1094,627,110,232
1108,625,104,227
1117,624,103,225
1126,623,102,223
1135,622,101,221
1144,621,100,219
1153,620,99,217
1162,619,98,215
1171,618,97,213
1180,617,96,211
1189,616,95,209
1198,615,94,207
1207,614,93,205
1216,613,92,203
1225,612,91,201
1234,611,90,199
1236,612,93,203
1242,611,92,202
1248,610,91,201
1254,609,90,200
1260,608,89,199
1266,607,88,198
1272,606,87,197
1278,605,86,196
1284,604,85,195
1290,603,84,194
1296,602,83,193
1302,601,82,192
1308,600,81,191
1314,599,80,190
1320,598,79,189
1322,599,80,194
1326,599,79,192
1330,599,78,190
1334,599,77,188
1338,599,76,186
1342,599,75,184
1346,599,74,182
1350,599,73,180
1354,599,72,178
1358,599,71,176
1362,599,70,174
1366,599,69,172
1370,599,68,170
1374,599,67,168
1378,599,66,166
1386,598,70,163
1387,598,71,162
1388,598,72,161
1389,598,73,160
1390,598,74,159
1391,598,75,158
1392,598,76,157
1393,598,77,156
1394,598,78,155
1395,598,79,154
1396,598,80,153
1397,598,81,152
1398,598,82,151
1399,598,83,150
1400,598,84,149
1405,595,83,153
1403,595,83,152
1401,595,83,151
1399,595,83,150
1397,595,83,149
1395,595,83,148
1393,595,83,147
1391,595,83,146
1389,595,83,145
1387,595,83,144
1385,595,83,143
1383,595,83,142
1381,595,83,141
1379,595,83,140
1377,595,83,139
1375,598,80,136
1372,599,78,135
1369,600,76,134
1366,601,74,133
1363,602,72,132
1360,603,70,131
1357,604,68,130
1354,605,66,129
1351,606,64,128
1348,607,62,127
1345,608,60,126
1342,609,58,125
1339,610,56,124
1336,611,54,123
1333,612,52,122
1328,612,48,122
1325,611,48,124
1322,610,48,126
1319,609,48,128
1316,608,48,130
1313,607,48,132
1310,606,48,134
1307,605,48,136
1304,604,48,138
1301,603,48,140
1298,602,48,142
1295,601,48,144
1292,600,48,146
1289,599,48,148
1286,598,48,150
1290,603,50,150
1287,604,52,151
1284,605,54,152
1281,606,56,153
1278,607,58,154
1275,608,60,155
1272,609,62,156
1269,610,64,157
1266,611,66,158
1263,612,68,159
1260,613,70,160
1257,614,72,161
1254,615,74,162
1251,616,76,163
1248,617,78,164
1245,617,76,168
1238,618,76,170
1231,619,76,172
1224,620,76,174
1217,621,76,176
1210,622,76,178
1203,623,76,180
1196,624,76,182
1189,625,76,184
1182,626,76,186
1175,627,76,188
1168,628,76,190
1161,629,76,192
1154,630,76,194
1147,631,76,196
1147,636,80,192
1135,636,82,192
1123,636,84,192
1111,636,86,192
1099,636,88,192
1087,636,90,192
1075,636,92,192
1063,636,94,192
1051,636,96,192
1039,636,98,192
1027,636,100,192
1015,636,102,192
1003,636,104,192
991,636,106,192
979,636,108,192
971,636,113,194
957,634,114,194
943,632,115,194
929,630,116,194
915,628,117,194
901,626,118,194
887,624,119,194
873,622,120,194
859,620,121,194
845,618,122,194
831,616,123,194
817,614,124,194
803,612,125,194
789,610,126,194
775,608,127,194
758,609,135,198
749,609,133,198
740,609,131,198
731,609,129,198
722,609,127,198
713,609,125,198
704,609,123,198
695,609,121,198
686,609,119,198
677,609,117,198
668,609,115,198
659,609,113,198
650,609,111,198
641,609,109,198
632,609,107,198
623,615,103,196
615,615,101,195
607,615,99,194
599,615,97,193
591,615,95,192
583,615,93,191
575,615,91,190
567,615,89,189
559,615,87,188
551,615,85,187
543,615,83,186
535,615,81,185
527,615,79,184
519,615,77,183
511,615,75,182
499,620,80,183
495,620,79,184
491,620,78,185
487,620,77,186
483,620,76,187
479,620,75,188
475,620,74,189
471,620,73,190
467,620,72,191
463,620,71,192
459,620,70,193
455,620,69,194
451,620,68,195
447,620,67,196
443,620,66,197
439,627,71,196
440,627,71,197
441,627,71,198
442,627,71,199
443,627,71,200
444,627,71,201
445,627,71,202
446,627,71,203
447,627,71,204
448,627,71,205
449,627,71,206
450,627,71,207
451,627,71,208
452,627,71,209
453,627,71,210
454,630,78,217
461,630,78,216
468,630,78,215
475,630,78,214
482,630,78,213
489,630,78,212
496,630,78,211
503,630,78,210
510,630,78,209
517,630,78,208
524,630,78,207
531,630,78,206
538,630,78,205
545,630,78,204
552,630,78,203
552,636,76,208
