1248,520,73,191
1245,520,73,191
1242,520,73,191
1239,520,73,191
1236,520,73,191
1233,520,73,191
1230,520,73,191
1227,520,73,191
1224,520,73,191
1221,520,73,191
1218,520,73,191
1215,520,73,191
1212,520,73,191
1209,520,73,191
1206,520,73,191
1204,526,80,189
1202,526,79,189
1200,526,78,189
1198,526,77,189
1196,526,76,189
1194,526,75,189
1192,526,74,189
1190,526,73,189
1188,526,72,189
1186,526,71,189
1184,526,70,189
1182,526,69,189
1180,526,68,189
1178,526,67,189
1176,526,66,189
1169,529,58,194
1166,530,60,194
1163,531,62,194
1160,532,64,194
1157,533,66,194
1154,534,68,194
1151,535,70,194
1148,536,72,194
1145,537,74,194
1142,538,76,194
1139,539,78,194
1136,540,80,194
1133,541,82,194
1130,542,84,194
1127,543,86,194
1124,539,88,195
1120,539,89,196
1116,539,90,197
1112,539,91,198
1108,539,92,199
1104,539,93,200
1100,539,94,201
1096,539,95,202
1092,539,96,203
1088,539,97,204
1084,539,98,205
1080,539,99,206
1076,539,100,207
1072,539,101,208
1068,539,102,209
1067,542,97,206
1064,542,96,206
1061,542,95,206
1058,542,94,206
1055,542,93,206
1052,542,92,206
1049,542,91,206
1046,542,90,206
1043,542,89,206
1040,542,88,206
1037,542,87,206
1034,542,86,206
1031,542,85,206
1028,542,84,206
1025,542,83,206
1026,540,82,211
1023,540,82,211
1020,540,82,211
1017,540,82,211
1014,540,82,211
1011,540,82,211
1008,540,82,211
1005,540,82,211
1002,540,82,211
999,540,82,211
996,540,82,211
993,540,82,211
990,540,82,211
987,540,82,211
984,540,82,211
980,539,82,212
977,539,82,212
974,539,82,212
971,539,82,212
968,539,82,212
965,539,82,212
962,539,82,212
959,539,82,212
956,539,82,212
953,539,82,212
950,539,82,212
947,539,82,212
944,539,82,212
941,539,82,212
938,539,82,212
934,545,88,218
930,545,89,219
926,545,90,220
922,545,91,221
918,545,92,222
914,545,93,223
910,545,94,224
906,545,95,225
902,545,96,226
898,545,97,227
894,545,98,228
890,545,99,229
886,545,100,230
882,545,101,231
878,545,102,232
869,548,99,226
868,548,98,226
867,548,97,226
866,548,96,226
865,548,95,226
864,548,94,226
863,548,93,226
862,548,92,226
861,548,91,226
860,548,90,226
859,548,89,226
858,548,88,226
857,548,87,226
856,548,86,226
855,548,85,226
849,551,78,228
846,551,79,229
843,551,80,230
840,551,81,231
837,551,82,232
834,551,83,233
831,551,84,234
828,551,85,235
825,551,86,236
822,551,87,237
819,551,88,238
816,551,89,239
813,551,90,240
810,551,91,241
807,551,92,242
800,556,88,237
796,557,89,237
792,558,90,237
788,559,91,237
784,560,92,237
780,561,93,237
776,562,94,237
772,563,95,237
768,564,96,237
764,565,97,237
760,566,98,237
756,567,99,237
752,568,100,237
748,569,101,237
744,570,102,237
747,565,110,234
743,565,110,234
739,565,110,234
735,565,110,234
731,565,110,234
727,565,110,234
723,565,110,234
719,565,110,234
715,565,110,234
711,565,110,234
707,565,110,234
703,565,110,234
699,565,110,234
695,565,110,234
691,565,110,234
693,568,114,236
689,569,113,235
685,570,112,234
681,571,111,233
677,572,110,232
673,573,109,231
669,574,108,230
665,575,107,229
661,576,106,228
657,577,105,227
653,578,104,226
649,579,103,225
645,580,102,224
641,581,101,223
637,582,100,222
632,579,105,226
627,581,107,224
622,583,109,222
617,585,111,220
612,587,113,218
607,589,115,216
602,591,117,214
597,593,119,212
592,595,121,210
587,597,123,208
582,599,125,206
577,601,127,204
572,603,129,202
567,605,131,200
562,607,133,198
564,615,139,192
560,619,140,188
556,623,141,184
552,627,142,180
548,631,143,176
544,635,144,172
540,639,145,168
536,643,146,164
532,647,147,160
528,651,148,156
524,655,149,152
520,659,150,148
516,663,151,144
512,667,152,140
508,671,153,136
501,675,151,138
498,678,153,136
495,681,155,134
492,684,157,132
489,687,159,130
486,690,161,128
483,693,163,126
480,696,165,124
477,699,167,122
474,702,169,120
471,705,171,118
468,708,173,116
465,711,175,114
462,714,177,112
459,717,179,110
449,722,175,101
446,721,177,102
443,720,179,103
440,719,181,104
437,718,183,105
434,717,185,106
431,716,187,107
428,715,189,108
425,714,191,109
422,713,193,110
419,712,195,111
416,711,197,112
413,710,199,113
410,709,201,114
407,708,203,115
397,703,212,112
396,705,213,110
395,707,214,108
394,709,215,106
393,711,216,104
392,713,217,102
391,715,218,100
390,717,219,98
389,719,220,96
388,721,221,94
387,723,222,92
386,725,223,90
385,727,224,88
384,729,225,86
383,731,226,84
384,728,232,88
384,729,233,87
384,730,234,86
384,731,235,85
384,732,236,84
384,733,237,83
384,734,238,82
384,735,239,81
384,736,240,80
384,737,241,79
384,738,242,78
384,739,243,77
384,740,244,76
384,741,245,75
384,742,246,74
382,741,253,77
382,742,253,76
382,743,253,75
382,744,253,74
382,745,253,73
382,746,253,72
382,747,253,71
382,748,253,70
382,749,253,69
382,750,253,68
382,751,253,67
382,752,253,66
382,753,253,65
382,754,253,64
382,755,253,63
377,758,256,61
377,758,256,61
377,758,256,61
377,758,256,61
377,758,256,61
377,758,256,61
377,758,256,61
377,758,256,61
377,758,256,61
377,758,256,61
377,758,256,61
377,758,256,61
377,758,256,61
377,758,256,61
377,758,256,61
379,761,258,62
379,761,258,62
379,761,258,62
379,761,258,62
379,761,258,62
379,761,258,62
379,761,258,62
379,761,258,62
379,761,258,62
379,761,258,62
379,761,258,62
379,761,258,62
379,761,258,62
379,761,258,62
379,761,258,62
379,759,254,62
379,759,254,62
379,759,254,62
379,759,254,62
379,759,254,62
379,759,254,62
379,759,254,62
379,759,254,62
379,759,254,62
379,759,254,62
379,759,254,62
379,759,254,62
379,759,254,62
379,759,254,62
379,759,254,62
379,758,252,66
379,758,252,66
379,758,252,66
379,758,252,66
379,758,252,66
379,758,252,66
379,758,252,66
379,758,252,66
379,758,252,66
379,758,252,66
379,758,252,66
379,758,252,66
379,758,252,66
379,758,252,66
379,758,252,66
379,761,252,62
379,761,252,62
379,761,252,62
379,761,252,62
379,761,252,62
379,761,252,62
379,761,252,62
379,761,252,62
379,761,252,62
379,761,252,62
379,761,252,62
379,761,252,62
379,761,252,62
379,761,252,62
379,761,252,62
373,761,258,65
373,761,258,65
373,761,258,65
373,761,258,65
373,761,258,65
373,761,258,65
373,761,258,65
373,761,258,65
373,761,258,65
373,761,258,65
373,761,258,65
373,761,258,65
373,761,258,65
373,761,258,65
373,761,258,65
377,756,260,67
377,756,260,67
377,756,260,67
377,756,260,67
377,756,260,67
377,756,260,67
377,756,260,67
377,756,260,67
377,756,260,67
377,756,260,67
377,756,260,67
377,756,260,67
377,756,260,67
377,756,260,67
377,756,260,67
375,759,256,67
375,759,256,67
375,759,256,67
375,759,256,67
375,759,256,67
375,759,256,67
375,759,256,67
375,759,256,67
375,759,256,67
375,759,256,67
375,759,256,67
375,759,256,67
375,759,256,67
375,759,256,67
375,759,256,67
379,759,256,64
379,759,256,64
379,759,256,64
379,759,256,64
379,759,256,64
379,759,256,64
379,759,256,64
379,759,256,64
379,759,256,64
379,759,256,64
379,759,256,64
379,759,256,64
379,759,256,64
379,759,256,64
379,759,256,64
379,762,256,61
379,762,256,61
379,762,256,61
379,762,256,61
379,762,256,61
379,762,256,61
379,762,256,61
379,762,256,61
379,762,256,61
379,762,256,61
379,762,256,61
379,762,256,61
379,762,256,61
379,762,256,61
379,762,256,61
379,761,252,65
