1333,511,94,229
1332,511,92,229
1331,511,90,229
1330,511,88,229
1329,511,86,229
1328,511,84,229
1327,511,82,229
1326,511,80,229
1325,511,78,229
1324,511,76,229
1323,511,74,229
1322,511,72,229
1321,511,70,229
1320,511,68,229
1319,511,66,229
1315,512,63,234
1312,512,64,234
1309,512,65,234
1306,512,66,234
1303,512,67,234
1300,512,68,234
1297,512,69,234
1294,512,70,234
1291,512,71,234
1288,512,72,234
1285,512,73,234
1282,512,74,234
1279,512,75,234
1276,512,76,234
1273,512,77,234
1266,519,72,235
1261,519,74,235
1256,519,76,235
1251,519,78,235
1246,519,80,235
1241,519,82,235
1236,519,84,235
1231,519,86,235
1226,519,88,235
1221,519,90,235
1216,519,92,235
1211,519,94,235
1206,519,96,235
1201,519,98,235
1196,519,100,235
1185,518,104,241
1181,518,105,242
1177,518,106,243
1173,518,107,244
1169,518,108,245
1165,518,109,246
1161,518,110,247
1157,518,111,248
1153,518,112,249
1149,518,113,250
1145,518,114,251
1141,518,115,252
1137,518,116,253
1133,518,117,254
1129,518,118,255
1127,514,118,255
1124,514,116,255
1121,514,114,255
1118,514,112,255
1115,514,110,255
1112,514,108,255
1109,514,106,255
1106,514,104,255
1103,514,102,255
1100,514,100,255
1097,514,98,255
1094,514,96,255
1091,514,94,255
1088,514,92,255
1085,514,90,255
1084,508,85,261
1079,508,87,261
1074,508,89,261
1069,508,91,261
1064,508,93,261
1059,508,95,261
1054,508,97,261
1049,508,99,261
1044,508,101,261
1039,508,103,261
1034,508,105,261
1029,508,107,261
1024,508,109,261
1019,508,111,261
1014,508,113,261
1016,501,116,260
1011,501,117,260
1006,501,118,260
1001,501,119,260
996,501,120,260
991,501,121,260
986,501,122,260
981,501,123,260
976,501,124,260
971,501,125,260
966,501,126,260
961,501,127,260
956,501,128,260
951,501,129,260
946,501,130,260
946,505,126,267
943,505,124,267
940,505,122,267
937,505,120,267
934,505,118,267
931,505,116,267
928,505,114,267
925,505,112,267
922,505,110,267
919,505,108,267
916,505,106,267
913,505,104,267
910,505,102,267
907,505,100,267
904,505,98,267
894,501,99,272
892,501,98,273
890,501,97,274
888,501,96,275
886,501,95,276
884,501,94,277
882,501,93,278
880,501,92,279
878,501,91,280
876,501,90,281
874,501,89,282
872,501,88,283
870,501,87,284
868,501,86,285
866,501,85,286
868,496,78,284
864,496,79,284
860,496,80,284
856,496,81,284
852,496,82,284
848,496,83,284
844,496,84,284
840,496,85,284
836,496,86,284
832,496,87,284
828,496,88,284
824,496,89,284
820,496,90,284
816,496,91,284
812,496,92,284
814,499,98,290
808,499,100,290
802,499,102,290
796,499,104,290
790,499,106,290
784,499,108,290
778,499,110,290
772,499,112,290
766,499,114,290
760,499,116,290
754,499,118,290
748,499,120,290
742,499,122,290
736,499,124,290
730,499,126,290
730,503,126,292
725,502,126,293
720,501,126,294
715,500,126,295
710,499,126,296
705,498,126,297
700,497,126,298
695,496,126,299
690,495,126,300
685,494,126,301
680,493,126,302
675,492,126,303
670,491,126,304
665,490,126,305
660,489,126,306
652,495,131,300
649,495,128,300
646,495,125,300
643,495,122,300
640,495,119,300
637,495,116,300
634,495,113,300
631,495,110,300
628,495,107,300
625,495,104,300
622,495,101,300
619,495,98,300
616,495,95,300
613,495,92,300
610,495,89,300
607,499,88,297
601,502,92,294
595,505,96,291
589,508,100,288
583,511,104,285
577,514,108,282
571,517,112,279
565,520,116,276
559,523,120,273
553,526,124,270
547,529,128,267
541,532,132,264
535,535,136,261
529,538,140,258
523,541,144,255
520,538,147,257
512,544,150,250
504,550,153,243
496,556,156,236
488,562,159,229
480,568,162,222
472,574,165,215
464,580,168,208
456,586,171,201
448,592,174,194
440,598,177,187
432,604,180,180
424,610,183,173
416,616,186,166
408,622,189,159
396,628,189,158
392,630,191,156
388,632,193,154
384,634,195,152
380,636,197,150
376,638,199,148
372,640,201,146
368,642,203,144
364,644,205,142
360,646,207,140
356,648,209,138
352,650,211,136
348,652,213,134
344,654,215,132
340,656,217,130
337,665,217,128
333,665,220,128
329,665,223,128
325,665,226,128
321,665,229,128
317,665,232,128
313,665,235,128
309,665,238,128
305,665,241,128
301,665,244,128
297,665,247,128
293,665,250,128
289,665,253,128
285,665,256,128
281,665,259,128
274,658,264,125
273,659,266,124
272,660,268,123
271,661,270,122
270,662,272,121
269,663,274,120
268,664,276,119
267,665,278,118
266,666,280,117
265,667,282,116
264,668,284,115
263,669,286,114
262,670,288,113
261,671,290,112
260,672,292,111
262,680,290,107
262,681,292,106
262,682,294,105
262,683,296,104
262,684,298,103
262,685,300,102
262,686,302,101
262,687,304,100
262,688,306,99
262,689,308,98
262,690,310,97
262,691,312,96
262,692,314,95
262,693,316,94
262,694,318,93
258,698,313,94
258,699,313,93
258,700,313,92
258,701,313,91
258,702,313,90
258,703,313,89
258,704,313,88
258,705,313,87
258,706,313,86
258,707,313,85
258,708,313,84
258,709,313,83
258,710,313,82
258,711,313,81
258,712,313,80
252,717,318,85
252,717,318,85
252,717,318,85
252,717,318,85
252,717,318,85
252,717,318,85
252,717,318,85
252,717,318,85
252,717,318,85
252,717,318,85
252,717,318,85
252,717,318,85
252,717,318,85
252,717,318,85
252,717,318,85
252,714,319,86
252,714,319,86
252,714,319,86
252,714,319,86
252,714,319,86
252,714,319,86
252,714,319,86
252,714,319,86
252,714,319,86
252,714,319,86
252,714,319,86
252,714,319,86
252,714,319,86
252,714,319,86
252,714,319,86
252,713,317,85
252,713,317,85
252,713,317,85
252,713,317,85
252,713,317,85
252,713,317,85
252,713,317,85
252,713,317,85
252,713,317,85
252,713,317,85
252,713,317,85
252,713,317,85
252,713,317,85
252,713,317,85
252,713,317,85
251,710,316,86
251,710,316,86
251,710,316,86
251,710,316,86
251,710,316,86
251,710,316,86
251,710,316,86
251,710,316,86
251,710,316,86
251,710,316,86
251,710,316,86
251,710,316,86
251,710,316,86
251,710,316,86
251,710,316,86
252,716,317,83
252,716,317,83
252,716,317,83
252,716,317,83
252,716,317,83
252,716,317,83
252,716,317,83
252,716,317,83
252,716,317,83
252,716,317,83
252,716,317,83
252,716,317,83
252,716,317,83
252,716,317,83
252,716,317,83
251,716,318,84
251,716,318,84
251,716,318,84
251,716,318,84
251,716,318,84
251,716,318,84
251,716,318,84
251,716,318,84
251,716,318,84
251,716,318,84
251,716,318,84
251,716,318,84
251,716,318,84
251,716,318,84
251,716,318,84
249,713,318,83
249,713,318,83
249,713,318,83
249,713,318,83
249,713,318,83
249,713,318,83
249,713,318,83
249,713,318,83
249,713,318,83
249,713,318,83
249,713,318,83
249,713,318,83
249,713,318,83
249,713,318,83
249,713,318,83
253,717,316,83
253,717,316,83
253,717,316,83
253,717,316,83
253,717,316,83
253,717,316,83
253,717,316,83
253,717,316,83
253,717,316,83
253,717,316,83
253,717,316,83
253,717,316,83
253,717,316,83
253,717,316,83
253,717,316,83
251,716,315,87
251,716,315,86
251,716,315,85
251,716,315,84
251,716,315,83
251,716,315,82
251,716,315,81
251,716,315,80
251,716,315,79
251,716,315,78
251,716,315,77
251,716,315,76
251,716,315,75
251,716,315,74
251,716,315,73
251,720,318,76
251,720,318,76
251,720,318,76
251,720,318,76
251,720,318,76
251,720,318,76
251,720,318,76
251,720,318,76
251,720,318,76
251,720,318,76
251,720,318,76
251,720,318,76
251,720,318,76
251,720,318,76
251,720,318,76
252,716,315,83
