1335,392,81,240
1332,392,81,240
1329,392,81,240
1326,392,81,240
1323,392,81,240
1320,392,81,240
1317,392,81,240
1314,392,81,240
1311,392,81,240
1308,392,81,240
1305,392,81,240
1302,392,81,240
1299,392,81,240
1296,392,81,240
1293,392,81,240
1295,393,84,244
1292,393,85,244
1289,393,86,244
1286,393,87,244
1283,393,88,244
1280,393,89,244
1277,393,90,244
1274,393,91,244
1271,393,92,244
1268,393,93,244
1265,393,94,244
1262,393,95,244
1259,393,96,244
1256,393,97,244
1253,393,98,244
1246,397,102,248
1241,397,103,249
1236,397,104,250
1231,397,105,251
1226,397,106,252
1221,397,107,253
1216,397,108,254
1211,397,109,255
1206,397,110,256
1201,397,111,257
1196,397,112,258
1191,397,113,259
1186,397,114,260
1181,397,115,261
1176,397,116,262
1164,391,113,256
1163,390,110,256
1162,389,107,256
1161,388,104,256
1160,387,101,256
1159,386,98,256
1158,385,95,256
1157,384,92,256
1156,383,89,256
1155,382,86,256
1154,381,83,256
1153,380,80,256
1152,379,77,256
1151,378,74,256
1150,377,71,256
1148,382,64,263
1143,382,67,263
1138,382,70,263
1133,382,73,263
1128,382,76,263
1123,382,79,263
1118,382,82,263
1113,382,85,263
1108,382,88,263
1103,382,91,263
1098,382,94,263
1093,382,97,263
1088,382,100,263
1083,382,103,263
1078,382,106,263
1071,382,109,265
1065,382,110,265
1059,382,111,265
1053,382,112,265
1047,382,113,265
1041,382,114,265
1035,382,115,265
1029,382,116,265
1023,382,117,265
1017,382,118,265
1011,382,119,265
1005,382,120,265
999,382,121,265
993,382,122,265
987,382,123,265
977,380,130,265
975,380,127,265
973,380,124,265
971,380,121,265
969,380,118,265
967,380,115,265
965,380,112,265
963,380,109,265
961,380,106,265
959,380,103,265
957,380,100,265
955,380,97,265
953,380,94,265
951,380,91,265
949,380,88,265
943,374,87,271
939,374,86,271
935,374,85,271
931,374,84,271
927,374,83,271
923,374,82,271
919,374,81,271
915,374,80,271
911,374,79,271
907,374,78,271
903,374,77,271
899,374,76,271
895,374,75,271
891,374,74,271
887,374,73,271
884,369,79,276
879,369,82,276
874,369,85,276
869,369,88,276
864,369,91,276
859,369,94,276
854,369,97,276
849,369,100,276
844,369,103,276
839,369,106,276
834,369,109,276
829,369,112,276
824,369,115,276
819,369,118,276
814,369,121,276
806,368,122,278
801,368,122,278
796,368,122,278
791,368,122,278
786,368,122,278
781,368,122,278
776,368,122,278
771,368,122,278
766,368,122,278
761,368,122,278
756,368,122,278
751,368,122,278
746,368,122,278
741,368,122,278
736,368,122,278
725,366,128,281
723,366,125,282
721,366,122,283
719,366,119,284
717,366,116,285
715,366,113,286
713,366,110,287
711,366,107,288
709,366,104,289
707,366,101,290
705,366,98,291
703,366,95,292
701,366,92,293
699,366,89,294
697,366,86,295
692,361,78,289
687,361,81,289
682,361,84,289
677,361,87,289
672,361,90,289
667,361,93,289
662,361,96,289
657,361,99,289
652,361,102,289
647,361,105,289
642,361,108,289
637,361,111,289
632,361,114,289
627,361,117,289
622,361,120,289
624,361,125,291
621,361,123,292
618,361,121,293
615,361,119,294
612,361,117,295
609,361,115,296
606,361,113,297
603,361,111,298
600,361,109,299
597,361,107,300
594,361,105,301
591,361,103,302
588,361,101,303
585,361,99,304
582,361,97,305
575,362,96,299
572,362,95,299
569,362,94,299
566,362,93,299
563,362,92,299
560,362,91,299
557,362,90,299
554,362,89,299
551,362,88,299
548,362,87,299
545,362,86,299
542,362,85,299
539,362,84,299
536,362,83,299
533,362,82,299
531,364,85,296
526,365,88,295
521,366,91,294
516,367,94,293
511,368,97,292
506,369,100,291
501,370,103,290
496,371,106,289
491,372,109,288
486,373,112,287
481,374,115,286
476,375,118,285
471,376,121,284
466,377,124,283
461,378,127,282
458,377,136,282
454,380,135,280
450,383,134,278
446,386,133,276
442,389,132,274
438,392,131,272
434,395,130,270
430,398,129,268
426,401,128,266
422,404,127,264
418,407,126,262
414,410,125,260
410,413,124,258
406,416,123,256
402,419,122,254
394,417,128,249
389,423,131,243
384,429,134,237
379,435,137,231
374,441,140,225
369,447,143,219
364,453,146,213
359,459,149,207
354,465,152,201
349,471,155,195
344,477,158,189
339,483,161,183
334,489,164,177
329,495,167,171
324,501,170,165
314,507,173,162
309,509,178,159
304,511,183,156
299,513,188,153
294,515,193,150
289,517,198,147
284,519,203,144
279,521,208,141
274,523,213,138
269,525,218,135
264,527,223,132
259,529,228,129
254,531,233,126
249,533,238,123
244,535,243,120
246,543,241,118
243,543,244,118
240,543,247,118
237,543,250,118
234,543,253,118
231,543,256,118
228,543,259,118
225,543,262,118
222,543,265,118
219,543,268,118
216,543,271,118
213,543,274,118
210,543,277,118
207,543,280,118
204,543,283,118
200,545,283,116
200,547,284,115
200,549,285,114
200,551,286,113
200,553,287,112
200,555,288,111
200,557,289,110
200,559,290,109
200,561,291,108
200,563,292,107
200,565,293,106
200,567,294,105
200,569,295,104
200,571,296,103
200,573,297,102
199,568,292,100
199,569,292,99
199,570,292,98
199,571,292,97
199,572,292,96
199,573,292,95
199,574,292,94
199,575,292,93
199,576,292,92
199,577,292,91
199,578,292,90
199,579,292,89
199,580,292,88
199,581,292,87
199,582,292,86
201,581,297,84
201,581,297,84
201,581,297,84
201,581,297,84
201,581,297,84
201,581,297,84
201,581,297,84
201,581,297,84
201,581,297,84
201,581,297,84
201,581,297,84
201,581,297,84
201,581,297,84
201,581,297,84
201,581,297,84
201,586,300,82
201,586,300,82
201,586,300,82
201,586,300,82
201,586,300,82
201,586,300,82
201,586,300,82
201,586,300,82
201,586,300,82
201,586,300,82
201,586,300,82
201,586,300,82
201,586,300,82
201,586,300,82
201,586,300,82
199,586,301,82
199,586,301,82
199,586,301,82
199,586,301,82
199,586,301,82
199,586,301,82
199,586,301,82
199,586,301,82
199,586,301,82
199,586,301,82
199,586,301,82
199,586,301,82
199,586,301,82
199,586,301,82
199,586,301,82
200,582,303,89
200,582,303,89
200,582,303,89
200,582,303,89
200,582,303,89
200,582,303,89
200,582,303,89
200,582,303,89
200,582,303,89
200,582,303,89
200,582,303,89
200,582,303,89
200,582,303,89
200,582,303,89
200,582,303,89
199,581,302,88
199,581,302,88
199,581,302,88
199,581,302,88
199,581,302,88
199,581,302,88
199,581,302,88
199,581,302,88
199,581,302,88
199,581,302,88
199,581,302,88
199,581,302,88
199,581,302,88
199,581,302,88
199,581,302,88
199,584,304,84
199,584,304,84
199,584,304,84
199,584,304,84
199,584,304,84
199,584,304,84
199,584,304,84
199,584,304,84
199,584,304,84
199,584,304,84
199,584,304,84
199,584,304,84
199,584,304,84
199,584,304,84
199,584,304,84
201,587,300,82
201,587,300,82
201,587,300,82
201,587,300,82
201,587,300,82
201,587,300,82
201,587,300,82
201,587,300,82
201,587,300,82
201,587,300,82
201,587,300,82
201,587,300,82
201,587,300,82
201,587,300,82
201,587,300,82
200,582,303,84
200,582,303,84
200,582,303,84
200,582,303,84
200,582,303,84
200,582,303,84
200,582,303,84
200,582,303,84
200,582,303,84
200,582,303,84
200,582,303,84
200,582,303,84
200,582,303,84
200,582,303,84
200,582,303,84
201,581,304,85
201,581,304,85
201,581,304,85
201,581,304,85
201,581,304,85
201,581,304,85
201,581,304,85
201,581,304,85
201,581,304,85
201,581,304,85
201,581,304,85
201,581,304,85
201,581,304,85
201,581,304,85
201,581,304,85
200,584,303,85
