1275,516,70,161
1274,516,69,161
1273,516,68,161
1272,516,67,161
1271,516,66,161
1270,516,65,161
1269,516,64,161
1268,516,63,161
1267,516,62,161
1266,516,61,161
1265,516,60,161
1264,516,59,161
1263,516,58,161
1262,516,57,161
1261,516,56,161
1253,518,61,167
1252,518,60,168
1251,518,59,169
1250,518,58,170
1249,518,57,171
1248,518,56,172
1247,518,55,173
1246,518,54,174
1245,518,53,175
1244,518,52,176
1243,518,51,177
1242,518,50,178
1241,518,49,179
1240,518,48,180
1239,518,47,181
1237,515,48,176
1234,515,49,176
1231,515,50,176
1228,515,51,176
1225,515,52,176
1222,515,53,176
1219,515,54,176
1216,515,55,176
1213,515,56,176
1210,515,57,176
1207,515,58,176
1204,515,59,176
1201,515,60,176
1198,515,61,176
1195,515,62,176
1195,522,61,180
1191,522,62,180
1187,522,63,180
1183,522,64,180
1179,522,65,180
1175,522,66,180
1171,522,67,180
1167,522,68,180
1163,522,69,180
1159,522,70,180
1155,522,71,180
1151,522,72,180
1147,522,73,180
1143,522,74,180
1139,522,75,180
1137,519,83,185
1134,519,82,185
1131,519,81,185
1128,519,80,185
1125,519,79,185
1122,519,78,185
1119,519,77,185
1116,519,76,185
1113,519,75,185
1110,519,74,185
1107,519,73,185
1104,519,72,185
1101,519,71,185
1098,519,70,185
1095,519,69,185
1094,521,75,180
1092,521,74,180
1090,521,73,180
1088,521,72,180
1086,521,71,180
1084,521,70,180
1082,521,69,180
1080,521,68,180
1078,521,67,180
1076,521,66,180
1074,521,65,180
1072,521,64,180
1070,521,63,180
1068,521,62,180
1066,521,61,180
1057,519,60,186
1054,519,60,187
1051,519,60,188
1048,519,60,189
1045,519,60,190
1042,519,60,191
1039,519,60,192
1036,519,60,193
1033,519,60,194
1030,519,60,195
1027,519,60,196
1024,519,60,197
1021,519,60,198
1018,519,60,199
1015,519,60,200
1018,516,57,195
1014,516,58,195
1010,516,59,195
1006,516,60,195
1002,516,61,195
998,516,62,195
994,516,63,195
990,516,64,195
986,516,65,195
982,516,66,195
978,516,67,195
974,516,68,195
970,516,69,195
966,516,70,195
962,516,71,195
956,521,73,195
952,521,74,195
948,521,75,195
944,521,76,195
940,521,77,195
936,521,78,195
932,521,79,195
928,521,80,195
924,521,81,195
920,521,82,195
916,521,83,195
912,521,84,195
908,521,85,195
904,521,86,195
900,521,87,195
896,522,88,196
893,522,88,196
890,522,88,196
887,522,88,196
884,522,88,196
881,522,88,196
878,522,88,196
875,522,88,196
872,522,88,196
869,522,88,196
866,522,88,196
863,522,88,196
860,522,88,196
857,522,88,196
854,522,88,196
845,519,85,202
843,519,84,202
841,519,83,202
839,519,82,202
837,519,81,202
835,519,80,202
833,519,79,202
831,519,78,202
829,519,77,202
827,519,76,202
825,519,75,202
823,519,74,202
821,519,73,202
819,519,72,202
817,519,71,202
809,521,64,200
806,521,66,200
803,521,68,200
800,521,70,200
797,521,72,200
794,521,74,200
791,521,76,200
788,521,78,200
785,521,80,200
782,521,82,200
779,521,84,200
776,521,86,200
773,521,88,200
770,521,90,200
767,521,92,200
758,522,94,205
755,522,93,205
752,522,92,205
749,522,91,205
746,522,90,205
743,522,89,205
740,522,88,205
737,522,87,205
734,522,86,205
731,522,85,205
728,522,84,205
725,522,83,205
722,522,82,205
719,522,81,205
716,522,80,205
716,525,83,206
713,525,84,206
710,525,85,206
707,525,86,206
704,525,87,206
701,525,88,206
698,525,89,206
695,525,90,206
692,525,91,206
689,525,92,206
686,525,93,206
683,525,94,206
680,525,95,206
677,525,96,206
674,525,97,206
671,530,95,201
668,531,95,201
665,532,95,201
662,533,95,201
659,534,95,201
656,535,95,201
653,536,95,201
650,537,95,201
647,538,95,201
644,539,95,201
641,540,95,201
638,541,95,201
635,542,95,201
632,543,95,201
629,544,95,201
626,542,90,196
622,545,93,193
618,548,96,190
614,551,99,187
610,554,102,184
606,557,105,181
602,560,108,178
598,563,111,175
594,566,114,172
590,569,117,169
586,572,120,166
582,575,123,163
578,578,126,160
574,581,129,157
570,584,132,154
568,593,128,149
565,597,130,145
562,601,132,141
559,605,134,137
556,609,136,133
553,613,138,129
550,617,140,125
547,621,142,121
544,625,144,117
541,629,146,113
538,633,148,109
535,637,150,105
532,641,152,101
529,645,154,97
526,649,156,93
519,649,151,90
515,648,154,90
511,647,157,90
507,646,160,90
503,645,163,90
499,644,166,90
495,643,169,90
491,642,172,90
487,641,175,90
483,640,178,90
479,639,181,90
475,638,184,90
471,637,187,90
467,636,190,90
463,635,193,90
466,635,202,96
466,637,203,95
466,639,204,94
466,641,205,93
466,643,206,92
466,645,207,91
466,647,208,90
466,649,209,89
466,651,210,88
466,653,211,87
466,655,212,86
466,657,213,85
466,659,214,84
466,661,215,83
466,663,216,82
462,661,215,81
462,662,215,80
462,663,215,79
462,664,215,78
462,665,215,77
462,666,215,76
462,667,215,75
462,668,215,74
462,669,215,73
462,670,215,72
462,671,215,71
462,672,215,70
462,673,215,69
462,674,215,68
462,675,215,67
462,681,215,61
462,681,216,61
462,681,217,61
462,681,218,61
462,681,219,61
462,681,220,61
462,681,221,61
462,681,222,61
462,681,223,61
462,681,224,61
462,681,225,61
462,681,226,61
462,681,227,61
462,681,228,61
462,681,229,61
460,681,223,60
460,681,223,60
460,681,223,60
460,681,223,60
460,681,223,60
460,681,223,60
460,681,223,60
460,681,223,60
460,681,223,60
460,681,223,60
460,681,223,60
460,681,223,60
460,681,223,60
460,681,223,60
460,681,223,60
462,679,219,63
462,679,219,63
462,679,219,63
462,679,219,63
462,679,219,63
462,679,219,63
462,679,219,63
462,679,219,63
462,679,219,63
462,679,219,63
462,679,219,63
462,679,219,63
462,679,219,63
462,679,219,63
462,679,219,63
462,684,217,60
462,684,217,60
462,684,217,60
462,684,217,60
462,684,217,60
462,684,217,60
462,684,217,60
462,684,217,60
462,684,217,60
462,684,217,60
462,684,217,60
462,684,217,60
462,684,217,60
462,684,217,60
462,684,217,60
460,681,223,63
460,681,223,63
460,681,223,63
460,681,223,63
460,681,223,63
460,681,223,63
460,681,223,63
460,681,223,63
460,681,223,63
460,681,223,63
460,681,223,63
460,681,223,63
460,681,223,63
460,681,223,63
460,681,223,63
460,681,219,63
460,681,219,63
460,681,219,63
460,681,219,63
460,681,219,63
460,681,219,63
460,681,219,63
460,681,219,63
460,681,219,63
460,681,219,63
460,681,219,63
460,681,219,63
460,681,219,63
460,681,219,63
460,681,219,63
462,684,217,61
462,684,217,61
462,684,217,61
462,684,217,61
462,684,217,61
462,684,217,61
462,684,217,61
462,684,217,61
462,684,217,61
462,684,217,61
462,684,217,61
462,684,217,61
462,684,217,61
462,684,217,61
462,684,217,61
460,681,221,61
