1266,398,72,193
1263,398,72,193
1260,398,72,193
1257,398,72,193
1254,398,72,193
1251,398,72,193
1248,398,72,193
1245,398,72,193
1242,398,72,193
1239,398,72,193
1236,398,72,193
1233,398,72,193
1230,398,72,193
1227,398,72,193
1224,398,72,193
1224,403,70,192
1222,403,70,193
1220,403,70,194
1218,403,70,195
1216,403,70,196
1214,403,70,197
1212,403,70,198
1210,403,70,199
1208,403,70,200
1206,403,70,201
1204,403,70,202
1202,403,70,203
1200,403,70,204
1198,403,70,205
1196,403,70,206
1194,405,66,203
1192,405,65,204
1190,405,64,205
1188,405,63,206
1186,405,62,207
1184,405,61,208
1182,405,60,209
1180,405,59,210
1178,405,58,211
1176,405,57,212
1174,405,56,213
1172,405,55,214
1170,405,54,215
1168,405,53,216
1166,405,52,217
1159,403,53,212
1155,403,56,212
1151,403,59,212
1147,403,62,212
1143,403,65,212
1139,403,68,212
1135,403,71,212
1131,403,74,212
1127,403,77,212
1123,403,80,212
1119,403,83,212
1115,403,86,212
1111,403,89,212
1107,403,92,212
1103,403,95,212
1103,403,98,215
1099,404,98,215
1095,405,98,215
1091,406,98,215
1087,407,98,215
1083,408,98,215
1079,409,98,215
1075,410,98,215
1071,411,98,215
1067,412,98,215
1063,413,98,215
1059,414,98,215
1055,415,98,215
1051,416,98,215
1047,417,98,215
1044,414,98,211
1041,414,96,211
1038,414,94,211
1035,414,92,211
1032,414,90,211
1029,414,88,211
1026,414,86,211
1023,414,84,211
1020,414,82,211
1017,414,80,211
1014,414,78,211
1011,414,76,211
1008,414,74,211
1005,414,72,211
1002,414,70,211
1002,414,70,214
999,414,71,214
996,414,72,214
993,414,73,214
990,414,74,214
987,414,75,214
984,414,76,214
981,414,77,214
978,414,78,214
975,414,79,214
972,414,80,214
969,414,81,214
966,414,82,214
963,414,83,214
960,414,84,214
953,415,84,219
949,416,85,219
945,417,86,219
941,418,87,219
937,419,88,219
933,420,89,219
929,421,90,219
925,422,91,219
921,423,92,219
917,424,93,219
913,425,94,219
909,426,95,219
905,427,96,219
901,428,97,219
897,429,98,219
891,423,102,220
887,423,102,220
883,423,102,220
879,423,102,220
875,423,102,220
871,423,102,220
867,423,102,220
863,423,102,220
859,423,102,220
855,423,102,220
851,423,102,220
847,423,102,220
843,423,102,220
839,423,102,220
835,423,102,220
828,424,105,221
825,424,103,221
822,424,101,221
819,424,99,221
816,424,97,221
813,424,95,221
810,424,93,221
807,424,91,221
804,424,89,221
801,424,87,221
798,424,85,221
795,424,83,221
792,424,81,221
789,424,79,221
786,424,77,221
789,425,78,226
786,425,79,226
783,425,80,226
780,425,81,226
777,425,82,226
774,425,83,226
771,425,84,226
768,425,85,226
765,425,86,226
762,425,87,226
759,425,88,226
756,425,89,226
753,425,90,226
750,425,91,226
747,425,92,226
740,430,94,230
735,430,96,230
730,430,98,230
725,430,100,230
720,430,102,230
715,430,104,230
710,430,106,230
705,430,108,230
700,430,110,230
695,430,112,230
690,430,114,230
685,430,116,230
680,430,118,230
675,430,120,230
670,430,122,230
670,437,119,228
667,437,118,228
664,437,117,228
661,437,116,228
658,437,115,228
655,437,114,228
652,437,113,228
649,437,112,228
646,437,111,228
643,437,110,228
640,437,109,228
637,437,108,228
634,437,107,228
631,437,106,228
628,437,105,228
629,440,108,229
627,440,108,229
625,440,108,229
623,440,108,229
621,440,108,229
619,440,108,229
617,440,108,229
615,440,108,229
613,440,108,229
611,440,108,229
609,440,108,229
607,440,108,229
605,440,108,229
603,440,108,229
601,440,108,229
597,442,101,236
594,443,102,235
591,444,103,234
588,445,104,233
585,446,105,232
582,447,106,231
579,448,107,230
576,449,108,229
573,450,109,228
570,451,110,227
567,452,111,226
564,453,112,225
561,454,113,224
558,455,114,223
555,456,115,222
545,454,123,228
542,456,122,227
539,458,121,226
536,460,120,225
533,462,119,224
530,464,118,223
527,466,117,222
524,468,116,221
521,470,115,220
518,472,114,219
515,474,113,218
512,476,112,217
509,478,111,216
506,480,110,215
503,482,109,214
495,480,113,207
492,484,115,202
489,488,117,197
486,492,119,192
483,496,121,187
480,500,123,182
477,504,125,177
474,508,127,172
471,512,129,167
468,516,131,162
465,520,133,157
462,524,135,152
459,528,137,147
456,532,139,142
453,536,141,137
445,541,138,133
442,544,139,131
439,547,140,129
436,550,141,127
433,553,142,125
430,556,143,123
427,559,144,121
424,562,145,119
421,565,146,117
418,568,147,115
415,571,148,113
412,574,149,111
409,577,150,109
406,580,151,107
403,583,152,105
401,593,155,103
397,591,159,104
393,589,163,105
389,587,167,106
385,585,171,107
381,583,175,108
377,581,179,109
373,579,183,110
369,577,187,111
365,575,191,112
361,573,195,113
357,571,199,114
353,569,203,115
349,567,207,116
345,565,211,117
337,570,215,119
337,573,216,117
337,576,217,115
337,579,218,113
337,582,219,111
337,585,220,109
337,588,221,107
337,591,222,105
337,594,223,103
337,597,224,101
337,600,225,99
337,603,226,97
337,606,227,95
337,609,228,93
337,612,229,91
339,613,234,87
339,614,234,86
339,615,234,85
339,616,234,84
339,617,234,83
339,618,234,82
339,619,234,81
339,620,234,80
339,621,234,79
339,622,234,78
339,623,234,77
339,624,234,76
339,625,234,75
339,626,234,74
339,627,234,73
337,633,240,67
337,633,240,67
337,633,240,67
337,633,240,67
337,633,240,67
337,633,240,67
337,633,240,67
337,633,240,67
337,633,240,67
337,633,240,67
337,633,240,67
337,633,240,67
337,633,240,67
337,633,240,67
337,633,240,67
339,636,238,65
339,636,238,65
339,636,238,65
339,636,238,65
339,636,238,65
339,636,238,65
339,636,238,65
339,636,238,65
339,636,238,65
339,636,238,65
339,636,238,65
339,636,238,65
339,636,238,65
339,636,238,65
339,636,238,65
339,635,241,67
339,635,241,67
339,635,241,67
339,635,241,67
339,635,241,67
339,635,241,67
339,635,241,67
339,635,241,67
339,635,241,67
339,635,241,67
339,635,241,67
339,635,241,67
339,635,241,67
339,635,241,67
339,635,241,67
337,637,243,63
337,637,243,63
337,637,243,63
337,637,243,63
337,637,243,63
337,637,243,63
337,637,243,63
337,637,243,63
337,637,243,63
337,637,243,63
337,637,243,63
337,637,243,63
337,637,243,63
337,637,243,63
337,637,243,63
337,637,247,61
337,637,247,61
337,637,247,61
337,637,247,61
337,637,247,61
337,637,247,61
337,637,247,61
337,637,247,61
337,637,247,61
337,637,247,61
337,637,247,61
337,637,247,61
337,637,247,61
337,637,247,61
337,637,247,61
339,636,244,65
339,636,244,65
339,636,244,65
339,636,244,65
339,636,244,65
339,636,244,65
339,636,244,65
339,636,244,65
339,636,244,65
339,636,244,65
339,636,244,65
339,636,244,65
339,636,244,65
339,636,244,65
339,636,244,65
337,636,246,62
337,636,246,62
337,636,246,62
337,636,246,62
337,636,246,62
337,636,246,62
337,636,246,62
337,636,246,62
337,636,246,62
337,636,246,62
337,636,246,62
337,636,246,62
337,636,246,62
337,636,246,62
337,636,246,62
336,636,244,62
336,636,244,62
336,636,244,62
336,636,244,62
336,636,244,62
336,636,244,62
336,636,244,62
336,636,244,62
336,636,244,62
336,636,244,62
336,636,244,62
336,636,244,62
336,636,244,62
336,636,244,62
336,636,244,62
339,635,244,66
339,635,244,66
339,635,244,66
339,635,244,66
339,635,244,66
339,635,244,66
339,635,244,66
339,635,244,66
339,635,244,66
339,635,244,66
339,635,244,66
339,635,244,66
339,635,244,66
339,635,244,66
339,635,244,66
335,637,249,63
