1693,428,80,232
1690,428,81,232
1687,428,82,232
1684,428,83,232
1681,428,84,232
1678,428,85,232
1675,428,86,232
1672,428,87,232
1669,428,88,232
1666,428,89,232
1663,428,90,232
1660,428,91,232
1657,428,92,232
1654,428,93,232
1651,428,94,232
1641,430,92,232
1638,430,93,233
1635,430,94,234
1632,430,95,235
1629,430,96,236
1626,430,97,237
1623,430,98,238
1620,430,99,239
1617,430,100,240
1614,430,101,241
1611,430,102,242
1608,430,103,243
1605,430,104,244
1602,430,105,245
1599,430,106,246
1602,428,103,248
1600,428,102,248
1598,428,101,248
1596,428,100,248
1594,428,99,248
1592,428,98,248
1590,428,97,248
1588,428,96,248
1586,428,95,248
1584,428,94,248
1582,428,93,248
1580,428,92,248
1578,428,91,248
1576,428,90,248
1574,428,89,248
1571,425,90,252
1567,425,90,252
1563,425,90,252
1559,425,90,252
1555,425,90,252
1551,425,90,252
1547,425,90,252
1543,425,90,252
1539,425,90,252
1535,425,90,252
1531,425,90,252
1527,425,90,252
1523,425,90,252
1519,425,90,252
1515,425,90,252
1515,423,96,258
1510,423,98,258
1505,423,100,258
1500,423,102,258
1495,423,104,258
1490,423,106,258
1485,423,108,258
1480,423,110,258
1475,423,112,258
1470,423,114,258
1465,423,116,258
1460,423,118,258
1455,423,120,258
1450,423,122,258
1445,423,124,258
1443,423,133,265
1438,423,133,265
1433,423,133,265
1428,423,133,265
1423,423,133,265
1418,423,133,265
1413,423,133,265
1408,423,133,265
1403,423,133,265
1398,423,133,265
1393,423,133,265
1388,423,133,265
1383,423,133,265
1378,423,133,265
1373,423,133,265
1365,416,139,272
1363,415,136,273
1361,414,133,274
1359,413,130,275
1357,412,127,276
1355,411,124,277
1353,410,121,278
1351,409,118,279
1349,408,115,280
1347,407,112,281
1345,406,109,282
1343,405,106,283
1341,404,103,284
1339,403,100,285
1337,402,97,286
1342,408,94,287
1336,408,96,287
1330,408,98,287
1324,408,100,287
1318,408,102,287
1312,408,104,287
1306,408,106,287
1300,408,108,287
1294,408,110,287
1288,408,112,287
1282,408,114,287
1276,408,116,287
1270,408,118,287
1264,408,120,287
1258,408,122,287
1259,408,123,287
1253,408,124,288
1247,408,125,289
1241,408,126,290
1235,408,127,291
1229,408,128,292
1223,408,129,293
1217,408,130,294
1211,408,131,295
1205,408,132,296
1199,408,133,297
1193,408,134,298
1187,408,135,299
1181,408,136,300
1175,408,137,301
1168,406,144,296
1167,405,139,297
1166,404,134,298
1165,403,129,299
1164,402,124,300
1163,401,119,301
1162,400,114,302
1161,399,109,303
1160,398,104,304
1159,397,99,305
1158,396,94,306
1157,395,89,307
1156,394,84,308
1155,393,79,309
1154,392,74,310
1160,394,75,308
1153,394,80,308
1146,394,85,308
1139,394,90,308
1132,394,95,308
1125,394,100,308
1118,394,105,308
1111,394,110,308
1104,394,115,308
1097,394,120,308
1090,394,125,308
1083,394,130,308
1076,394,135,308
1069,394,140,308
1062,394,145,308
1048,391,154,307
1041,391,154,307
1034,391,154,307
1027,391,154,307
1020,391,154,307
1013,391,154,307
1006,391,154,307
999,391,154,307
992,391,154,307
985,391,154,307
978,391,154,307
971,391,154,307
964,391,154,307
957,391,154,307
950,391,154,307
941,385,150,303
938,384,148,304
935,383,146,305
932,382,144,306
929,381,142,307
926,380,140,308
923,379,138,309
920,378,136,310
917,377,134,311
914,376,132,312
911,375,130,313
908,374,128,314
905,373,126,315
902,372,124,316
899,371,122,317
902,373,120,318
895,375,123,316
888,377,126,314
881,379,129,312
874,381,132,310
867,383,135,308
860,385,138,306
853,387,141,304
846,389,144,302
839,391,147,300
832,393,150,298
825,395,153,296
818,397,156,294
811,399,159,292
804,401,162,290
800,399,158,291
793,405,161,285
786,411,164,279
779,417,167,273
772,423,170,267
765,429,173,261
758,435,176,255
751,441,179,249
744,447,182,243
737,453,185,237
730,459,188,231
723,465,191,225
716,471,194,219
709,477,197,213
702,483,200,207
701,482,210,201
699,486,209,196
697,490,208,191
695,494,207,186
693,498,206,181
691,502,205,176
689,506,204,171
687,510,203,166
685,514,202,161
683,518,201,156
681,522,200,151
679,526,199,146
677,530,198,141
675,534,197,136
673,538,196,131
672,542,191,132
667,542,198,131
662,542,205,130
657,542,212,129
652,542,219,128
647,542,226,127
642,542,233,126
637,542,240,125
632,542,247,124
627,542,254,123
622,542,261,122
617,542,268,121
612,542,275,120
607,542,282,119
602,542,289,118
600,546,290,114
598,546,292,114
596,546,294,114
594,546,296,114
592,546,298,114
590,546,300,114
588,546,302,114
586,546,304,114
584,546,306,114
582,546,308,114
580,546,310,114
578,546,312,114
576,546,314,114
574,546,316,114
572,546,318,114
563,549,317,118
563,551,318,117
563,553,319,116
563,555,320,115
563,557,321,114
563,559,322,113
563,561,323,112
563,563,324,111
563,565,325,110
563,567,326,109
563,569,327,108
563,571,328,107
563,573,329,106
563,575,330,105
563,577,331,104
556,577,330,99
556,577,330,98
556,577,330,97
556,577,330,96
556,577,330,95
556,577,330,94
556,577,330,93
556,577,330,92
556,577,330,91
556,577,330,90
556,577,330,89
556,577,330,88
556,577,330,87
556,577,330,86
556,577,330,85
556,582,330,90
556,582,330,90
556,582,330,90
556,582,330,90
556,582,330,90
556,582,330,90
556,582,330,90
556,582,330,90
556,582,330,90
556,582,330,90
556,582,330,90
556,582,330,90
556,582,330,90
556,582,330,90
556,582,330,90
557,589,329,87
557,589,329,87
557,589,329,87
557,589,329,87
557,589,329,87
557,589,329,87
557,589,329,87
557,589,329,87
557,589,329,87
557,589,329,87
557,589,329,87
557,589,329,87
557,589,329,87
557,589,329,87
557,589,329,87
557,583,329,94
557,583,329,94
557,583,329,94
557,583,329,94
557,583,329,94
557,583,329,94
557,583,329,94
557,583,329,94
557,583,329,94
557,583,329,94
557,583,329,94
557,583,329,94
557,583,329,94
557,583,329,94
557,583,329,94
556,589,328,87
556,589,328,87
556,589,328,87
556,589,328,87
556,589,328,87
556,589,328,87
556,589,328,87
556,589,328,87
556,589,328,87
556,589,328,87
556,589,328,87
556,589,328,87
556,589,328,87
556,589,328,87
556,589,328,87
552,585,332,91
552,585,332,91
552,585,332,91
552,585,332,91
552,585,332,91
552,585,332,91
552,585,332,91
552,585,332,91
552,585,332,91
552,585,332,91
552,585,332,91
552,585,332,91
552,585,332,91
552,585,332,91
552,585,332,91
556,587,330,89
556,587,330,89
556,587,330,89
556,587,330,89
556,587,330,89
556,587,330,89
556,587,330,89
556,587,330,89
556,587,330,89
556,587,330,89
556,587,330,89
556,587,330,89
556,587,330,89
556,587,330,89
556,587,330,89
554,589,330,87
554,589,330,87
554,589,330,87
554,589,330,87
554,589,330,87
554,589,330,87
554,589,330,87
554,589,330,87
554,589,330,87
554,589,330,87
554,589,330,87
554,589,330,87
554,589,330,87
554,589,330,87
554,589,330,87
554,589,330,88
554,589,330,88
554,589,330,88
554,589,330,88
554,589,330,88
554,589,330,88
554,589,330,88
554,589,330,88
554,589,330,88
554,589,330,88
554,589,330,88
554,589,330,88
554,589,330,88
554,589,330,88
554,589,330,88
556,585,330,91
556,585,330,90
556,585,330,89
556,585,330,88
556,585,330,87
556,585,330,86
556,585,330,85
556,585,330,84
556,585,330,83
556,585,330,82
556,585,330,81
556,585,330,80
556,585,330,79
556,585,330,78
556,585,330,77
554,589,330,83
554,589,330,83
554,589,330,83
554,589,330,83
554,589,330,83
554,589,330,83
554,589,330,83
554,589,330,83
554,589,330,83
554,589,330,83
554,589,330,83
554,589,330,83
554,589,330,83
554,589,330,83
554,589,330,83
554,587,336,90
