1543,624,54,146
1543,624,54,147
1543,624,54,148
1543,624,54,149
1543,624,54,150
1543,624,54,151
1543,624,54,152
1543,624,54,153
1543,624,54,154
1543,624,54,155
1543,624,54,156
1543,624,54,157
1543,624,54,158
1543,624,54,159
1543,624,54,160
1536,622,49,154
1535,622,50,155
1534,622,51,156
1533,622,52,157
1532,622,53,158
1531,622,54,159
1530,622,55,160
1529,622,56,161
1528,622,57,162
1527,622,58,163
1526,622,59,164
1525,622,60,165
1524,622,61,166
1523,622,62,167
1522,622,63,168
1524,627,57,164
1522,627,57,164
1520,627,57,164
1518,627,57,164
1516,627,57,164
1514,627,57,164
1512,627,57,164
1510,627,57,164
1508,627,57,164
1506,627,57,164
1504,627,57,164
1502,627,57,164
1500,627,57,164
1498,627,57,164
1496,627,57,164
1499,630,55,166
1496,630,57,166
1493,630,59,166
1490,630,61,166
1487,630,63,166
1484,630,65,166
1481,630,67,166
1478,630,69,166
1475,630,71,166
1472,630,73,166
1469,630,75,166
1466,630,77,166
1463,630,79,166
1460,630,81,166
1457,630,83,166
1461,635,78,173
1458,635,77,173
1455,635,76,173
1452,635,75,173
1449,635,74,173
1446,635,73,173
1443,635,72,173
1440,635,71,173
1437,635,70,173
1434,635,69,173
1431,635,68,173
1428,635,67,173
1425,635,66,173
1422,635,65,173
1419,635,64,173
1417,640,69,180
1415,640,69,181
1413,640,69,182
1411,640,69,183
1409,640,69,184
1407,640,69,185
1405,640,69,186
1403,640,69,187
1401,640,69,188
1399,640,69,189
1397,640,69,190
1395,640,69,191
1393,640,69,192
1391,640,69,193
1389,640,69,194
1385,640,76,188
1383,640,75,189
1381,640,74,190
1379,640,73,191
1377,640,72,192
1375,640,71,193
1373,640,70,194
1371,640,69,195
1369,640,68,196
1367,640,67,197
1365,640,66,198
1363,640,65,199
1361,640,64,200
1359,640,63,201
1357,640,62,202
1350,643,56,196
1347,643,57,196
1344,643,58,196
1341,643,59,196
1338,643,60,196
1335,643,61,196
1332,643,62,196
1329,643,63,196
1326,643,64,196
1323,643,65,196
1320,643,66,196
1317,643,67,196
1314,643,68,196
1311,643,69,196
1308,643,70,196
1298,644,71,200
1294,644,72,200
1290,644,73,200
1286,644,74,200
1282,644,75,200
1278,644,76,200
1274,644,77,200
1270,644,78,200
1266,644,79,200
1262,644,80,200
1258,644,81,200
1254,644,82,200
1250,644,83,200
1246,644,84,200
1242,644,85,200
1238,651,86,205
1234,651,87,205
1230,651,88,205
1226,651,89,205
1222,651,90,205
1218,651,91,205
1214,651,92,205
1210,651,93,205
1206,651,94,205
1202,651,95,205
1198,651,96,205
1194,651,97,205
1190,651,98,205
1186,651,99,205
1182,651,100,205
1175,654,95,205
1173,654,93,205
1171,654,91,205
1169,654,89,205
1167,654,87,205
1165,654,85,205
1163,654,83,205
1161,654,81,205
1159,654,79,205
1157,654,77,205
1155,654,75,205
1153,654,73,205
1151,654,71,205
1149,654,69,205
1147,654,67,205
1138,656,70,204
1134,656,70,204
1130,656,70,204
1126,656,70,204
1122,656,70,204
1118,656,70,204
1114,656,70,204
1110,656,70,204
1106,656,70,204
1102,656,70,204
1098,656,70,204
1094,656,70,204
1090,656,70,204
1086,656,70,204
1082,656,70,204
1083,657,67,208
1076,657,71,208
1069,657,75,208
1062,657,79,208
1055,657,83,208
1048,657,87,208
1041,657,91,208
1034,657,95,208
1027,657,99,208
1020,657,103,208
1013,657,107,208
1006,657,111,208
999,657,115,208
992,657,119,208
985,657,123,208
984,662,126,212
981,662,124,212
978,662,122,212
975,662,120,212
972,662,118,212
969,662,116,212
966,662,114,212
963,662,112,212
960,662,110,212
957,662,108,212
954,662,106,212
951,662,104,212
948,662,102,212
945,662,100,212
942,662,98,212
940,664,89,210
935,668,92,206
930,672,95,202
925,676,98,198
920,680,101,194
915,684,104,190
910,688,107,186
905,692,110,182
900,696,113,178
895,700,116,174
890,704,119,170
885,708,122,166
880,712,125,162
875,716,128,158
870,720,131,154
868,720,134,154
865,724,134,150
862,728,134,146
859,732,134,142
856,736,134,138
853,740,134,134
850,744,134,130
847,748,134,126
844,752,134,122
841,756,134,118
838,760,134,114
835,764,134,110
832,768,134,106
829,772,134,102
826,776,134,98
824,784,137,88
820,784,142,87
816,784,147,86
812,784,152,85
808,784,157,84
804,784,162,83
800,784,167,82
796,784,172,81
792,784,177,80
788,784,182,79
784,784,187,78
780,784,192,77
776,784,197,76
772,784,202,75
768,784,207,74
761,787,214,72
760,789,215,71
759,791,216,70
758,793,217,69
757,795,218,68
756,797,219,67
755,799,220,66
754,801,221,65
753,803,222,64
752,805,223,63
751,807,224,62
750,809,225,61
749,811,226,60
748,813,227,59
747,815,228,58
739,810,231,62
739,810,231,62
739,810,231,62
739,810,231,62
739,810,231,62
739,810,231,62
739,810,231,62
739,810,231,62
739,810,231,62
739,810,231,62
739,810,231,62
739,810,231,62
739,810,231,62
739,810,231,62
739,810,231,62
735,811,237,67
735,811,237,67
735,811,237,67
735,811,237,67
735,811,237,67
735,811,237,67
735,811,237,67
735,811,237,67
735,811,237,67
735,811,237,67
735,811,237,67
735,811,237,67
735,811,237,67
735,811,237,67
735,811,237,67
737,810,235,65
737,810,235,65
737,810,235,65
737,810,235,65
737,810,235,65
737,810,235,65
737,810,235,65
737,810,235,65
737,810,235,65
737,810,235,65
737,810,235,65
737,810,235,65
737,810,235,65
737,810,235,65
737,810,235,65
735,814,235,58
735,814,235,58
735,814,235,58
735,814,235,58
735,814,235,58
735,814,235,58
735,814,235,58
735,814,235,58
735,814,235,58
735,814,235,58
735,814,235,58
735,814,235,58
735,814,235,58
735,814,235,58
735,814,235,58
735,813,238,63
735,813,238,63
735,813,238,63
735,813,238,63
735,813,238,63
735,813,238,63
735,813,238,63
735,813,238,63
735,813,238,63
735,813,238,63
735,813,238,63
735,813,238,63
735,813,238,63
735,813,238,63
735,813,238,63
734,810,238,65
734,810,238,65
734,810,238,65
734,810,238,65
734,810,238,65
734,810,238,65
734,810,238,65
734,810,238,65
734,810,238,65
734,810,238,65
734,810,238,65
734,810,238,65
734,810,238,65
734,810,238,65
734,810,238,65
737,810,235,62
737,810,235,62
737,810,235,62
737,810,235,62
737,810,235,62
737,810,235,62
737,810,235,62
737,810,235,62
737,810,235,62
737,810,235,62
737,810,235,62
737,810,235,62
737,810,235,62
737,810,235,62
737,810,235,62
734,813,239,61
734,813,239,61
734,813,239,61
734,813,239,61
734,813,239,61
734,813,239,61
734,813,239,61
734,813,239,61
734,813,239,61
734,813,239,61
734,813,239,61
734,813,239,61
734,813,239,61
734,813,239,61
734,813,239,61
737,813,236,59
