1659,412,62,185
1658,412,62,186
1657,412,62,187
1656,412,62,188
1655,412,62,189
1654,412,62,190
1653,412,62,191
1652,412,62,192
1651,412,62,193
1650,412,62,194
1649,412,62,195
1648,412,62,196
1647,412,62,197
1646,412,62,198
1645,412,62,199
1647,413,62,195
1645,413,62,196
1643,413,62,197
1641,413,62,198
1639,413,62,199
1637,413,62,200
1635,413,62,201
1633,413,62,202
1631,413,62,203
1629,413,62,204
1627,413,62,205
1625,413,62,206
1623,413,62,207
1621,413,62,208
1619,413,62,209
1614,415,66,207
1611,415,67,207
1608,415,68,207
1605,415,69,207
1602,415,70,207
1599,415,71,207
1596,415,72,207
1593,415,73,207
1590,415,74,207
1587,415,75,207
1584,415,76,207
1581,415,77,207
1578,415,78,207
1575,415,79,207
1572,415,80,207
1573,420,87,210
1571,420,86,210
1569,420,85,210
1567,420,84,210
1565,420,83,210
1563,420,82,210
1561,420,81,210
1559,420,80,210
1557,420,79,210
1555,420,78,210
1553,420,77,210
1551,420,76,210
1549,420,75,210
1547,420,74,210
1545,420,73,210
1544,424,65,208
1542,424,66,208
1540,424,67,208
1538,424,68,208
1536,424,69,208
1534,424,70,208
1532,424,71,208
1530,424,72,208
1528,424,73,208
1526,424,74,208
1524,424,75,208
1522,424,76,208
1520,424,77,208
1518,424,78,208
1516,424,79,208
1508,426,74,213
1504,426,75,213
1500,426,76,213
1496,426,77,213
1492,426,78,213
1488,426,79,213
1484,426,80,213
1480,426,81,213
1476,426,82,213
1472,426,83,213
1468,426,84,213
1464,426,85,213
1460,426,86,213
1456,426,87,213
1452,426,88,213
1450,431,91,218
1446,431,92,219
1442,431,93,220
1438,431,94,221
1434,431,95,222
1430,431,96,223
1426,431,97,224
1422,431,98,225
1418,431,99,226
1414,431,100,227
1410,431,101,228
1406,431,102,229
1402,431,103,230
1398,431,104,231
1394,431,105,232
1385,431,99,227
1383,431,97,227
1381,431,95,227
1379,431,93,227
1377,431,91,227
1375,431,89,227
1373,431,87,227
1371,431,85,227
1369,431,83,227
1367,431,81,227
1365,431,79,227
1363,431,77,227
1361,431,75,227
1359,431,73,227
1357,431,71,227
1352,429,69,234
1348,429,70,234
1344,429,71,234
1340,429,72,234
1336,429,73,234
1332,429,74,234
1328,429,75,234
1324,429,76,234
1320,429,77,234
1316,429,78,234
1312,429,79,234
1308,429,80,234
1304,429,81,234
1300,429,82,234
1296,429,83,234
1299,432,85,240
1294,433,87,240
1289,434,89,240
1284,435,91,240
1279,436,93,240
1274,437,95,240
1269,438,97,240
1264,439,99,240
1259,440,101,240
1254,441,103,240
1249,442,105,240
1244,443,107,240
1239,444,109,240
1234,445,111,240
1229,446,113,240
1225,440,108,237
1223,440,106,237
1221,440,104,237
1219,440,102,237
1217,440,100,237
1215,440,98,237
1213,440,96,237
1211,440,94,237
1209,440,92,237
1207,440,90,237
1205,440,88,237
1203,440,86,237
1201,440,84,237
1199,440,82,237
1197,440,80,237
1191,435,76,240
1186,435,79,240
1181,435,82,240
1176,435,85,240
1171,435,88,240
1166,435,91,240
1161,435,94,240
1156,435,97,240
1151,435,100,240
1146,435,103,240
1141,435,106,240
1136,435,109,240
1131,435,112,240
1126,435,115,240
1121,435,118,240
1115,438,124,239
1109,438,124,239
1103,438,124,239
1097,438,124,239
1091,438,124,239
1085,438,124,239
1079,438,124,239
1073,438,124,239
1067,438,124,239
1061,438,124,239
1055,438,124,239
1049,438,124,239
1043,438,124,239
1037,438,124,239
1031,438,124,239
1029,442,128,243
1026,442,126,243
1023,442,124,243
1020,442,122,243
1017,442,120,243
1014,442,118,243
1011,442,116,243
1008,442,114,243
1005,442,112,243
1002,442,110,243
999,442,108,243
996,442,106,243
993,442,104,243
990,442,102,243
987,442,100,243
988,442,103,246
983,444,105,244
978,446,107,242
973,448,109,240
968,450,111,238
963,452,113,236
958,454,115,234
953,456,117,232
948,458,119,230
943,460,121,228
938,462,123,226
933,464,125,224
928,466,127,222
923,468,129,220
918,470,131,218
912,468,132,223
907,473,135,219
902,478,138,215
897,483,141,211
892,488,144,207
887,493,147,203
882,498,150,199
877,503,153,195
872,508,156,191
867,513,159,187
862,518,162,183
857,523,165,179
852,528,168,175
847,533,171,171
842,538,174,167
839,537,173,156
837,540,173,152
835,543,173,148
833,546,173,144
831,549,173,140
829,552,173,136
827,555,173,132
825,558,173,128
823,561,173,124
821,564,173,120
819,567,173,116
817,570,173,112
815,573,173,108
813,576,173,104
811,579,173,100
808,587,167,98
804,587,172,97
800,587,177,96
796,587,182,95
792,587,187,94
788,587,192,93
784,587,197,92
780,587,202,91
776,587,207,90
772,587,212,89
768,587,217,88
764,587,222,87
760,587,227,86
756,587,232,85
752,587,237,84
753,592,238,82
751,593,239,82
749,594,240,82
747,595,241,82
745,596,242,82
743,597,243,82
741,598,244,82
739,599,245,82
737,600,246,82
735,601,247,82
733,602,248,82
731,603,249,82
729,604,250,82
727,605,251,82
725,606,252,82
730,604,257,81
730,605,258,80
730,606,259,79
730,607,260,78
730,608,261,77
730,609,262,76
730,610,263,75
730,611,264,74
730,612,265,73
730,613,266,72
730,614,267,71
730,615,268,70
730,616,269,69
730,617,270,68
730,618,271,67
724,618,265,70
724,618,265,70
724,618,265,70
724,618,265,70
724,618,265,70
724,618,265,70
724,618,265,70
724,618,265,70
724,618,265,70
724,618,265,70
724,618,265,70
724,618,265,70
724,618,265,70
724,618,265,70
724,618,265,70
724,620,267,71
724,620,267,71
724,620,267,71
724,620,267,71
724,620,267,71
724,620,267,71
724,620,267,71
724,620,267,71
724,620,267,71
724,620,267,71
724,620,267,71
724,620,267,71
724,620,267,71
724,620,267,71
724,620,267,71
722,621,267,70
722,621,267,70
722,621,267,70
722,621,267,70
722,621,267,70
722,621,267,70
722,621,267,70
722,621,267,70
722,621,267,70
722,621,267,70
722,621,267,70
722,621,267,70
722,621,267,70
722,621,267,70
722,621,267,70
726,618,265,73
726,618,265,73
726,618,265,73
726,618,265,73
726,618,265,73
726,618,265,73
726,618,265,73
726,618,265,73
726,618,265,73
726,618,265,73
726,618,265,73
726,618,265,73
726,618,265,73
726,618,265,73
726,618,265,73
726,621,265,70
726,621,265,70
726,621,265,70
726,621,265,70
726,621,265,70
726,621,265,70
726,621,265,70
726,621,265,70
726,621,265,70
726,621,265,70
726,621,265,70
726,621,265,70
726,621,265,70
726,621,265,70
726,621,265,70
724,618,267,71
724,618,267,71
724,618,267,71
724,618,267,71
724,618,267,71
724,618,267,71
724,618,267,71
724,618,267,71
724,618,267,71
724,618,267,71
724,618,267,71
724,618,267,71
724,618,267,71
724,618,267,71
724,618,267,71
726,621,265,70
726,621,265,70
726,621,265,70
726,621,265,70
726,621,265,70
726,621,265,70
726,621,265,70
726,621,265,70
726,621,265,70
726,621,265,70
726,621,265,70
726,621,265,70
726,621,265,70
726,621,265,70
726,621,265,70
728,621,263,72
728,621,263,72
728,621,263,72
728,621,263,72
728,621,263,72
728,621,263,72
728,621,263,72
728,621,263,72
728,621,263,72
728,621,263,72
728,621,263,72
728,621,263,72
728,621,263,72
728,621,263,72
728,621,263,72
726,623,267,68
726,623,267,68
726,623,267,68
726,623,267,68
726,623,267,68
726,623,267,68
726,623,267,68
726,623,267,68
726,623,267,68
726,623,267,68
726,623,267,68
726,623,267,68
726,623,267,68
726,623,267,68
726,623,267,68
728,618,261,73
728,618,261,73
728,618,261,73
728,618,261,73
728,618,261,73
728,618,261,73
728,618,261,73
728,618,261,73
728,618,261,73
728,618,261,73
728,618,261,73
728,618,261,73
728,618,261,73
728,618,261,73
728,618,261,73
726,620,265,74
