1635,407,64,174
1634,407,65,175
1633,407,66,176
1632,407,67,177
1631,407,68,178
1630,407,69,179
1629,407,70,180
1628,407,71,181
1627,407,72,182
1626,407,73,183
1625,407,74,184
1624,407,75,185
1623,407,76,186
1622,407,77,187
1621,407,78,188
1626,405,73,184
1625,405,72,184
1624,405,71,184
1623,405,70,184
1622,405,69,184
1621,405,68,184
1620,405,67,184
1619,405,66,184
1618,405,65,184
1617,405,64,184
1616,405,63,184
1615,405,62,184
1614,405,61,184
1613,405,60,184
1612,405,59,184
1613,411,58,187
1612,411,59,188
1611,411,60,189
1610,411,61,190
1609,411,62,191
1608,411,63,192
1607,411,64,193
1606,411,65,194
1605,411,66,195
1604,411,67,196
1603,411,68,197
1602,411,69,198
1601,411,70,199
1600,411,71,200
1599,411,72,201
1595,413,76,202
1594,413,75,202
1593,413,74,202
1592,413,73,202
1591,413,72,202
1590,413,71,202
1589,413,70,202
1588,413,69,202
1587,413,68,202
1586,413,67,202
1585,413,66,202
1584,413,65,202
1583,413,64,202
1582,413,63,202
1581,413,62,202
1578,411,64,207
1576,411,64,207
1574,411,64,207
1572,411,64,207
1570,411,64,207
1568,411,64,207
1566,411,64,207
1564,411,64,207
1562,411,64,207
1560,411,64,207
1558,411,64,207
1556,411,64,207
1554,411,64,207
1552,411,64,207
1550,411,64,207
1546,416,71,210
1543,417,71,210
1540,418,71,210
1537,419,71,210
1534,420,71,210
1531,421,71,210
1528,422,71,210
1525,423,71,210
1522,424,71,210
1519,425,71,210
1516,426,71,210
1513,427,71,210
1510,428,71,210
1507,429,71,210
1504,430,71,210
1508,425,77,214
1504,425,77,214
1500,425,77,214
1496,425,77,214
1492,425,77,214
1488,425,77,214
1484,425,77,214
1480,425,77,214
1476,425,77,214
1472,425,77,214
1468,425,77,214
1464,425,77,214
1460,425,77,214
1456,425,77,214
1452,425,77,214
1452,425,83,217
1450,425,82,217
1448,425,81,217
1446,425,80,217
1444,425,79,217
1442,425,78,217
1440,425,77,217
1438,425,76,217
1436,425,75,217
1434,425,74,217
1432,425,73,217
1430,425,72,217
1428,425,71,217
1426,425,70,217
1424,425,69,217
1416,425,62,224
1413,425,63,225
1410,425,64,226
1407,425,65,227
1404,425,66,228
1401,425,67,229
1398,425,68,230
1395,425,69,231
1392,425,70,232
1389,425,71,233
1386,425,72,234
1383,425,73,235
1380,425,74,236
1377,425,75,237
1374,425,76,238
1367,426,77,232
1363,426,79,232
1359,426,81,232
1355,426,83,232
1351,426,85,232
1347,426,87,232
1343,426,89,232
1339,426,91,232
1335,426,93,232
1331,426,95,232
1327,426,97,232
1323,426,99,232
1319,426,101,232
1315,426,103,232
1311,426,105,232
1300,428,106,236
1299,428,105,236
1298,428,104,236
1297,428,103,236
1296,428,102,236
1295,428,101,236
1294,428,100,236
1293,428,99,236
1292,428,98,236
1291,428,97,236
1290,428,96,236
1289,428,95,236
1288,428,94,236
1287,428,93,236
1286,428,92,236
1279,429,90,238
1276,429,90,238
1273,429,90,238
1270,429,90,238
1267,429,90,238
1264,429,90,238
1261,429,90,238
1258,429,90,238
1255,429,90,238
1252,429,90,238
1249,429,90,238
1246,429,90,238
1243,429,90,238
1240,429,90,238
1237,429,90,238
1239,433,96,237
1236,433,97,237
1233,433,98,237
1230,433,99,237
1227,433,100,237
1224,433,101,237
1221,433,102,237
1218,433,103,237
1215,433,104,237
1212,433,105,237
1209,433,106,237
1206,433,107,237
1203,433,108,237
1200,433,109,237
1197,433,110,237
1199,439,108,232
1196,440,108,231
1193,441,108,230
1190,442,108,229
1187,443,108,228
1184,444,108,227
1181,445,108,226
1178,446,108,225
1175,447,108,224
1172,448,108,223
1169,449,108,222
1166,450,108,221
1163,451,108,220
1160,452,108,219
1157,453,108,218
1153,452,102,219
1150,455,103,217
1147,458,104,215
1144,461,105,213
1141,464,106,211
1138,467,107,209
1135,470,108,207
1132,473,109,205
1129,476,110,203
1126,479,111,201
1123,482,112,199
1120,485,113,197
1117,488,114,195
1114,491,115,193
1111,494,116,191
1105,490,120,189
1101,494,121,186
1097,498,122,183
1093,502,123,180
1089,506,124,177
1085,510,125,174
1081,514,126,171
1077,518,127,168
1073,522,128,165
1069,526,129,162
1065,530,130,159
1061,534,131,156
1057,538,132,153
1053,542,133,150
1049,546,134,147
1042,551,139,142
1039,553,140,139
1036,555,141,136
1033,557,142,133
1030,559,143,130
1027,561,144,127
1024,563,145,124
1021,565,146,121
1018,567,147,118
1015,569,148,115
1012,571,149,112
1009,573,150,109
1006,575,151,106
1003,577,152,103
1000,579,153,100
1002,587,160,101
997,588,164,99
992,589,168,97
987,590,172,95
982,591,176,93
977,592,180,91
972,593,184,89
967,594,188,87
962,595,192,85
957,596,196,83
952,597,200,81
947,598,204,79
942,599,208,77
937,600,212,75
932,601,216,73
924,609,220,78
924,611,223,77
924,613,226,76
924,615,229,75
924,617,232,74
924,619,235,73
924,621,238,72
924,623,241,71
924,625,244,70
924,627,247,69
924,629,250,68
924,631,253,67
924,633,256,66
924,635,259,65
924,637,262,64
920,634,261,60
920,634,261,60
920,634,261,60
920,634,261,60
920,634,261,60
920,634,261,60
920,634,261,60
920,634,261,60
920,634,261,60
920,634,261,60
920,634,261,60
920,634,261,60
920,634,261,60
920,634,261,60
920,634,261,60
926,632,262,62
926,632,262,62
926,632,262,62
926,632,262,62
926,632,262,62
926,632,262,62
926,632,262,62
926,632,262,62
926,632,262,62
926,632,262,62
926,632,262,62
926,632,262,62
926,632,262,62
926,632,262,62
926,632,262,62
928,637,258,56
928,636,258,57
928,635,258,58
928,634,258,59
928,633,258,60
928,632,258,61
928,631,258,62
928,630,258,63
928,629,258,64
928,628,258,65
928,627,258,66
928,626,258,67
928,625,258,68
928,624,258,69
928,623,258,70
924,628,261,65
924,628,261,65
924,628,261,65
924,628,261,65
924,628,261,65
924,628,261,65
924,628,261,65
924,628,261,65
924,628,261,65
924,628,261,65
924,628,261,65
924,628,261,65
924,628,261,65
924,628,261,65
924,628,261,65
924,629,261,65
924,629,261,65
924,629,261,65
924,629,261,65
924,629,261,65
924,629,261,65
924,629,261,65
924,629,261,65
924,629,261,65
924,629,261,65
924,629,261,65
924,629,261,65
924,629,261,65
924,629,261,65
924,629,261,65
926,632,259,64
926,632,259,64
926,632,259,64
926,632,259,64
926,632,259,64
926,632,259,64
926,632,259,64
926,632,259,64
926,632,259,64
926,632,259,64
926,632,259,64
926,632,259,64
926,632,259,64
926,632,259,64
926,632,259,64
926,632,262,65
926,632,262,65
926,632,262,65
926,632,262,65
926,632,262,65
926,632,262,65
926,632,262,65
926,632,262,65
926,632,262,65
926,632,262,65
926,632,262,65
926,632,262,65
926,632,262,65
926,632,262,65
926,632,262,65
926,634,260,60
926,634,260,60
926,634,260,60
926,634,260,60
926,634,260,60
926,634,260,60
926,634,260,60
926,634,260,60
926,634,260,60
926,634,260,60
926,634,260,60
926,634,260,60
926,634,260,60
926,634,260,60
926,634,260,60
924,632,266,62
924,632,266,62
924,632,266,62
924,632,266,62
924,632,266,62
924,632,266,62
924,632,266,62
924,632,266,62
924,632,266,62
924,632,266,62
924,632,266,62
924,632,266,62
924,632,266,62
924,632,266,62
924,632,266,62
926,634,260,60
926,634,260,60
926,634,260,60
926,634,260,60
926,634,260,60
926,634,260,60
926,634,260,60
926,634,260,60
926,634,260,60
926,634,260,60
926,634,260,60
926,634,260,60
926,634,260,60
926,634,260,60
926,634,260,60
922,628,266,66
922,628,266,66
922,628,266,66
922,628,266,66
922,628,266,66
922,628,266,66
922,628,266,66
922,628,266,66
922,628,266,66
922,628,266,66
922,628,266,66
922,628,266,66
922,628,266,66
922,628,266,66
922,628,266,66
922,635,266,59
