1516,627,45,138
1515,627,47,138
1514,627,49,138
1513,627,51,138
1512,627,53,138
1511,627,55,138
1510,627,57,138
1509,627,59,138
1508,627,61,138
1507,627,63,138
1506,627,65,138
1505,627,67,138
1504,627,69,138
1503,627,71,138
1502,627,73,138
1498,626,69,143
1498,626,68,144
1498,626,67,145
1498,626,66,146
1498,626,65,147
1498,626,64,148
1498,626,63,149
1498,626,62,150
1498,626,61,151
1498,626,60,152
1498,626,59,153
1498,626,58,154
1498,626,57,155
1498,626,56,156
1498,626,55,157
1500,628,47,158
1499,628,48,159
1498,628,49,160
1497,628,50,161
1496,628,51,162
1495,628,52,163
1494,628,53,164
1493,628,54,165
1492,628,55,166
1491,628,56,167
1490,628,57,168
1489,628,58,169
1488,628,59,170
1487,628,60,171
1486,628,61,172
1480,626,64,166
1479,626,64,166
1478,626,64,166
1477,626,64,166
1476,626,64,166
1475,626,64,166
1474,626,64,166
1473,626,64,166
1472,626,64,166
1471,626,64,166
1470,626,64,166
1469,626,64,166
1468,626,64,166
1467,626,64,166
1466,626,64,166
1463,628,59,172
1462,628,59,172
1461,628,59,172
1460,628,59,172
1459,628,59,172
1458,628,59,172
1457,628,59,172
1456,628,59,172
1455,628,59,172
1454,628,59,172
1453,628,59,172
1452,628,59,172
1451,628,59,172
1450,628,59,172
1449,628,59,172
1441,631,56,177
1439,632,56,178
1437,633,56,179
1435,634,56,180
1433,635,56,181
1431,636,56,182
1429,637,56,183
1427,638,56,184
1425,639,56,185
1423,640,56,186
1421,641,56,187
1419,642,56,188
1417,643,56,189
1415,644,56,190
1413,645,56,191
1408,640,61,185
1404,641,63,185
1400,642,65,185
1396,643,67,185
1392,644,69,185
1388,645,71,185
1384,646,73,185
1380,647,75,185
1376,648,77,185
1372,649,79,185
1368,650,81,185
1364,651,83,185
1360,652,85,185
1356,653,87,185
1352,654,89,185
1344,648,86,180
1341,648,86,181
1338,648,86,182
1335,648,86,183
1332,648,86,184
1329,648,86,185
1326,648,86,186
1323,648,86,187
1320,648,86,188
1317,648,86,189
1314,648,86,190
1311,648,86,191
1308,648,86,192
1305,648,86,193
1302,648,86,194
1297,646,87,193
1294,646,87,193
1291,646,87,193
1288,646,87,193
1285,646,87,193
1282,646,87,193
1279,646,87,193
1276,646,87,193
1273,646,87,193
1270,646,87,193
1267,646,87,193
1264,646,87,193
1261,646,87,193
1258,646,87,193
1255,646,87,193
1251,643,81,200
1250,643,80,201
1249,643,79,202
1248,643,78,203
1247,643,77,204
1246,643,76,205
1245,643,75,206
1244,643,74,207
1243,643,73,208
1242,643,72,209
1241,643,71,210
1240,643,70,211
1239,643,69,212
1238,643,68,213
1237,643,67,214
1240,643,67,209
1236,643,68,209
1232,643,69,209
1228,643,70,209
1224,643,71,209
1220,643,72,209
1216,643,73,209
1212,643,74,209
1208,643,75,209
1204,643,76,209
1200,643,77,209
1196,643,78,209
1192,643,79,209
1188,643,80,209
1184,643,81,209
1187,649,86,207
1185,650,87,206
1183,651,88,205
1181,652,89,204
1179,653,90,203
1177,654,91,202
1175,655,92,201
1173,656,93,200
1171,657,94,199
1169,658,95,198
1167,659,96,197
1165,660,97,196
1163,661,98,195
1161,662,99,194
1159,663,100,193
1150,659,106,196
1147,660,104,195
1144,661,102,194
1141,662,100,193
1138,663,98,192
1135,664,96,191
1132,665,94,190
1129,666,92,189
1126,667,90,188
1123,668,88,187
1120,669,86,186
1117,670,84,185
1114,671,82,184
1111,672,80,183
1108,673,78,182
1107,674,81,188
1103,677,83,185
1099,680,85,182
1095,683,87,179
1091,686,89,176
1087,689,91,173
1083,692,93,170
1079,695,95,167
1075,698,97,164
1071,701,99,161
1067,704,101,158
1063,707,103,155
1059,710,105,152
1055,713,107,149
1051,716,109,146
1052,726,117,136
1050,730,116,133
1048,734,115,130
1046,738,114,127
1044,742,113,124
1042,746,112,121
1040,750,111,118
1038,754,110,115
1036,758,109,112
1034,762,108,109
1032,766,107,106
1030,770,106,103
1028,774,105,100
1026,778,104,97
1024,782,103,94
1015,786,102,85
1010,787,107,84
1005,788,112,83
1000,789,117,82
995,790,122,81
990,791,127,80
985,792,132,79
980,793,137,78
975,794,142,77
970,795,147,76
965,796,152,75
960,797,157,74
955,798,162,73
950,799,167,72
945,800,172,71
938,801,181,73
936,802,184,72
934,803,187,71
932,804,190,70
930,805,193,69
928,806,196,68
926,807,199,67
924,808,202,66
922,809,205,65
920,810,208,64
918,811,211,63
916,812,214,62
914,813,217,61
912,814,220,60
910,815,223,59
912,814,225,61
912,815,225,60
912,816,225,59
912,817,225,58
912,818,225,57
912,819,225,56
912,820,225,55
912,821,225,54
912,822,225,53
912,823,225,52
912,824,225,51
912,825,225,50
912,826,225,49
912,827,225,48
912,828,225,47
919,827,228,48
919,827,228,48
919,827,228,48
919,827,228,48
919,827,228,48
919,827,228,48
919,827,228,48
919,827,228,48
919,827,228,48
919,827,228,48
919,827,228,48
919,827,228,48
919,827,228,48
919,827,228,48
919,827,228,48
919,827,225,47
919,827,225,47
919,827,225,47
919,827,225,47
919,827,225,47
919,827,225,47
919,827,225,47
919,827,225,47
919,827,225,47
919,827,225,47
919,827,225,47
919,827,225,47
919,827,225,47
919,827,225,47
919,827,225,47
919,826,223,48
919,826,223,48
919,826,223,48
919,826,223,48
919,826,223,48
919,826,223,48
919,826,223,48
919,826,223,48
919,826,223,48
919,826,223,48
919,826,223,48
919,826,223,48
919,826,223,48
919,826,223,48
919,826,223,48
917,827,227,53
917,827,227,53
917,827,227,53
917,827,227,53
917,827,227,53
917,827,227,53
917,827,227,53
917,827,227,53
917,827,227,53
917,827,227,53
917,827,227,53
917,827,227,53
917,827,227,53
917,827,227,53
917,827,227,53
917,826,227,51
917,826,227,51
917,826,227,51
917,826,227,51
917,826,227,51
917,826,227,51
917,826,227,51
917,826,227,51
917,826,227,51
917,826,227,51
917,826,227,51
917,826,227,51
917,826,227,51
917,826,227,51
917,826,227,51
915,827,227,50
915,827,227,50
915,827,227,50
915,827,227,50
915,827,227,50
915,827,227,50
915,827,227,50
915,827,227,50
915,827,227,50
915,827,227,50
915,827,227,50
915,827,227,50
915,827,227,50
915,827,227,50
915,827,227,50
915,829,229,49
915,829,229,49
915,829,229,49
915,829,229,49
915,829,229,49
915,829,229,49
915,829,229,49
915,829,229,49
915,829,229,49
915,829,229,49
915,829,229,49
915,829,229,49
915,829,229,49
915,829,229,49
915,829,229,49
919,827,225,47
919,827,225,47
919,827,225,47
919,827,225,47
919,827,225,47
919,827,225,47
919,827,225,47
919,827,225,47
919,827,225,47
919,827,225,47
919,827,225,47
919,827,225,47
919,827,225,47
919,827,225,47
919,827,225,47
917,829,227,48
