1660,417,96,217
1659,417,96,217
1658,417,96,217
1657,417,96,217
1656,417,96,217
1655,417,96,217
1654,417,96,217
1653,417,96,217
1652,417,96,217
1651,417,96,217
1650,417,96,217
1649,417,96,217
1648,417,96,217
1647,417,96,217
1646,417,96,217
1642,420,89,223
1642,419,88,224
1642,418,87,225
1642,417,86,226
1642,416,85,227
1642,415,84,228
1642,414,83,229
1642,413,82,230
1642,412,81,231
1642,411,80,232
1642,410,79,233
1642,409,78,234
1642,408,77,235
1642,407,76,236
1642,406,75,237
1640,412,73,236
1639,413,74,237
1638,414,75,238
1637,415,76,239
1636,416,77,240
1635,417,78,241
1634,418,79,242
1633,419,80,243
1632,420,81,244
1631,421,82,245
1630,422,83,246
1629,423,84,247
1628,424,85,248
1627,425,86,249
1626,426,87,250
1620,420,86,248
1616,420,87,248
1612,420,88,248
1608,420,89,248
1604,420,90,248
1600,420,91,248
1596,420,92,248
1592,420,93,248
1588,420,94,248
1584,420,95,248
1580,420,96,248
1576,420,97,248
1572,420,98,248
1568,420,99,248
1564,420,100,248
1563,425,100,244
1560,424,100,245
1557,423,100,246
1554,422,100,247
1551,421,100,248
1548,420,100,249
1545,419,100,250
1542,418,100,251
1539,417,100,252
1536,416,100,253
1533,415,100,254
1530,414,100,255
1527,413,100,256
1524,412,100,257
1521,411,100,258
1525,417,98,260
1522,417,98,260
1519,417,98,260
1516,417,98,260
1513,417,98,260
1510,417,98,260
1507,417,98,260
1504,417,98,260
1501,417,98,260
1498,417,98,260
1495,417,98,260
1492,417,98,260
1489,417,98,260
1486,417,98,260
1483,417,98,260
1474,420,95,264
1470,419,94,265
1466,418,93,266
1462,417,92,267
1458,416,91,268
1454,415,90,269
1450,414,89,270
1446,413,88,271
1442,412,87,272
1438,411,86,273
1434,410,85,274
1430,409,84,275
1426,408,83,276
1422,407,82,277
1418,406,81,278
1409,407,77,275
1404,407,78,276
1399,407,79,277
1394,407,80,278
1389,407,81,279
1384,407,82,280
1379,407,83,281
1374,407,84,282
1369,407,85,283
1364,407,86,284
1359,407,87,285
1354,407,88,286
1349,407,89,287
1344,407,90,288
1339,407,91,289
1341,404,96,285
1336,404,98,285
1331,404,100,285
1326,404,102,285
1321,404,104,285
1316,404,106,285
1311,404,108,285
1306,404,110,285
1301,404,112,285
1296,404,114,285
1291,404,116,285
1286,404,118,285
1281,404,120,285
1276,404,122,285
1271,404,124,285
1269,404,130,286
1267,403,130,287
1265,402,130,288
1263,401,130,289
1261,400,130,290
1259,399,130,291
1257,398,130,292
1255,397,130,293
1253,396,130,294
1251,395,130,295
1249,394,130,296
1247,393,130,297
1245,392,130,298
1243,391,130,299
1241,390,130,300
1240,396,123,298
1237,396,123,298
1234,396,123,298
1231,396,123,298
1228,396,123,298
1225,396,123,298
1222,396,123,298
1219,396,123,298
1216,396,123,298
1213,396,123,298
1210,396,123,298
1207,396,123,298
1204,396,123,298
1201,396,123,298
1198,396,123,298
1189,399,122,296
1185,399,124,296
1181,399,126,296
1177,399,128,296
1173,399,130,296
1169,399,132,296
1165,399,134,296
1161,399,136,296
1157,399,138,296
1153,399,140,296
1149,399,142,296
1145,399,144,296
1141,399,146,296
1137,399,148,296
1133,399,150,296
1132,404,149,294
1129,405,146,293
1126,406,143,292
1123,407,140,291
1120,408,137,290
1117,409,134,289
1114,410,131,288
1111,411,128,287
1108,412,125,286
1105,413,122,285
1102,414,119,284
1099,415,116,283
1096,416,113,282
1093,417,110,281
1090,418,107,280
1083,420,109,274
1077,424,113,269
1071,428,117,264
1065,432,121,259
1059,436,125,254
1053,440,129,249
1047,444,133,244
1041,448,137,239
1035,452,141,234
1029,456,145,229
1023,460,149,224
1017,464,153,219
1011,468,157,214
1005,472,161,209
999,476,165,204
998,486,162,198
994,492,161,193
990,498,160,188
986,504,159,183
982,510,158,178
978,516,157,173
974,522,156,168
970,528,155,163
966,534,154,158
962,540,153,153
958,546,152,148
954,552,151,143
950,558,150,138
946,564,149,133
942,570,148,128
937,569,152,129
931,570,159,128
925,571,166,127
919,572,173,126
913,573,180,125
907,574,187,124
901,575,194,123
895,576,201,122
889,577,208,121
883,578,215,120
877,579,222,119
871,580,229,118
865,581,236,117
859,582,243,116
853,583,250,115
847,584,253,108
844,584,256,108
841,584,259,108
838,584,262,108
835,584,265,108
832,584,268,108
829,584,271,108
826,584,274,108
823,584,277,108
820,584,280,108
817,584,283,108
814,584,286,108
811,584,289,108
808,584,292,108
805,584,295,108
800,582,298,112
800,585,299,110
800,588,300,108
800,591,301,106
800,594,302,104
800,597,303,102
800,600,304,100
800,603,305,98
800,606,306,96
800,609,307,94
800,612,308,92
800,615,309,90
800,618,310,88
800,621,311,86
800,624,312,84
807,623,320,77
807,623,320,77
807,623,320,77
807,623,320,77
807,623,320,77
807,623,320,77
807,623,320,77
807,623,320,77
807,623,320,77
807,623,320,77
807,623,320,77
807,623,320,77
807,623,320,77
807,623,320,77
807,623,320,77
805,621,320,77
805,621,320,77
805,621,320,77
805,621,320,77
805,621,320,77
805,621,320,77
805,621,320,77
805,621,320,77
805,621,320,77
805,621,320,77
805,621,320,77
805,621,320,77
805,621,320,77
805,621,320,77
805,621,320,77
804,618,323,82
804,618,323,82
804,618,323,82
804,618,323,82
804,618,323,82
804,618,323,82
804,618,323,82
804,618,323,82
804,618,323,82
804,618,323,82
804,618,323,82
804,618,323,82
804,618,323,82
804,618,323,82
804,618,323,82
805,616,322,84
805,616,322,84
805,616,322,84
805,616,322,84
805,616,322,84
805,616,322,84
805,616,322,84
805,616,322,84
805,616,322,84
805,616,322,84
805,616,322,84
805,616,322,84
805,616,322,84
805,616,322,84
805,616,322,84
805,621,320,79
805,621,320,79
805,621,320,79
805,621,320,79
805,621,320,79
805,621,320,79
805,621,320,79
805,621,320,79
805,621,320,79
805,621,320,79
805,621,320,79
805,621,320,79
805,621,320,79
805,621,320,79
805,621,320,79
807,624,320,78
807,624,320,78
807,624,320,78
807,624,320,78
807,624,320,78
807,624,320,78
807,624,320,78
807,624,320,78
807,624,320,78
807,624,320,78
807,624,320,78
807,624,320,78
807,624,320,78
807,624,320,78
807,624,320,78
807,621,318,77
807,621,318,77
807,621,318,77
807,621,318,77
807,621,318,77
807,621,318,77
807,621,318,77
807,621,318,77
807,621,318,77
807,621,318,77
807,621,318,77
807,621,318,77
807,621,318,77
807,621,318,77
807,621,318,77
809,623,318,77
809,623,318,77
809,623,318,77
809,623,318,77
809,623,318,77
809,623,318,77
809,623,318,77
809,623,318,77
809,623,318,77
809,623,318,77
809,623,318,77
809,623,318,77
809,623,318,77
809,623,318,77
809,623,318,77
802,623,320,77
802,623,320,77
802,623,320,77
802,623,320,77
802,623,320,77
802,623,320,77
802,623,320,77
802,623,320,77
802,623,320,77
802,623,320,77
802,623,320,77
802,623,320,77
802,623,320,77
802,623,320,77
802,623,320,77
804,621,321,81
804,621,321,81
804,621,321,81
804,621,321,81
804,621,321,81
804,621,321,81
804,621,321,81
804,621,321,81
804,621,321,81
804,621,321,81
804,621,321,81
804,621,321,81
804,621,321,81
804,621,321,81
804,621,321,81
804,620,323,80
