1311,516,51,162
1308,516,52,162
1305,516,53,162
1302,516,54,162
1299,516,55,162
1296,516,56,162
1293,516,57,162
1290,516,58,162
1287,516,59,162
1284,516,60,162
1281,516,61,162
1278,516,62,162
1275,516,63,162
1272,516,64,162
1269,516,65,162
1263,520,71,164
1260,520,71,164
1257,520,71,164
1254,520,71,164
1251,520,71,164
1248,520,71,164
1245,520,71,164
1242,520,71,164
1239,520,71,164
1236,520,71,164
1233,520,71,164
1230,520,71,164
1227,520,71,164
1224,520,71,164
1221,520,71,164
1224,520,68,164
1222,520,67,165
1220,520,66,166
1218,520,65,167
1216,520,64,168
1214,520,63,169
1212,520,62,170
1210,520,61,171
1208,520,60,172
1206,520,59,173
1204,520,58,174
1202,520,57,175
1200,520,56,176
1198,520,55,177
1196,520,54,178
1201,518,56,173
1199,518,57,173
1197,518,58,173
1195,518,59,173
1193,518,60,173
1191,518,61,173
1189,518,62,173
1187,518,63,173
1185,518,64,173
1183,518,65,173
1181,518,66,173
1179,518,67,173
1177,518,68,173
1175,518,69,173
1173,518,70,173
1168,521,64,172
1164,521,65,173
1160,521,66,174
1156,521,67,175
1152,521,68,176
1148,521,69,177
1144,521,70,178
1140,521,71,179
1136,521,72,180
1132,521,73,181
1128,521,74,182
1124,521,75,183
1120,521,76,184
1116,521,77,185
1112,521,78,186
1112,521,82,180
1110,521,81,180
1108,521,80,180
1106,521,79,180
1104,521,78,180
1102,521,77,180
1100,521,76,180
1098,521,75,180
1096,521,74,180
1094,521,73,180
1092,521,72,180
1090,521,71,180
1088,521,70,180
1086,521,69,180
1084,521,68,180
1086,521,62,182
1084,521,62,182
1082,521,62,182
1080,521,62,182
1078,521,62,182
1076,521,62,182
1074,521,62,182
1072,521,62,182
1070,521,62,182
1068,521,62,182
1066,521,62,182
1064,521,62,182
1062,521,62,182
1060,521,62,182
1058,521,62,182
1050,526,65,183
1046,526,66,183
1042,526,67,183
1038,526,68,183
1034,526,69,183
1030,526,70,183
1026,526,71,183
1022,526,72,183
1018,526,73,183
1014,526,74,183
1010,526,75,183
1006,526,76,183
1002,526,77,183
998,526,78,183
994,526,79,183
997,526,81,185
994,526,81,185
991,526,81,185
988,526,81,185
985,526,81,185
982,526,81,185
979,526,81,185
976,526,81,185
973,526,81,185
970,526,81,185
967,526,81,185
964,526,81,185
961,526,81,185
958,526,81,185
955,526,81,185
950,524,77,192
948,524,76,192
946,524,75,192
944,524,74,192
942,524,73,192
940,524,72,192
938,524,71,192
936,524,70,192
934,524,69,192
932,524,68,192
930,524,67,192
928,524,66,192
926,524,65,192
924,524,64,192
922,524,63,192
915,525,56,193
912,525,57,193
909,525,58,193
906,525,59,193
903,525,60,193
900,525,61,193
897,525,62,193
894,525,63,193
891,525,64,193
888,525,65,193
885,525,66,193
882,525,67,193
879,525,68,193
876,525,69,193
873,525,70,193
868,521,76,199
864,522,77,199
860,523,78,199
856,524,79,199
852,525,80,199
848,526,81,199
844,527,82,199
840,528,83,199
836,529,84,199
832,530,85,199
828,531,86,199
824,532,87,199
820,533,88,199
816,534,89,199
812,535,90,199
806,529,88,200
804,529,87,200
802,529,86,200
800,529,85,200
798,529,84,200
796,529,83,200
794,529,82,200
792,529,81,200
790,529,80,200
788,529,79,200
786,529,78,200
784,529,77,200
782,529,76,200
780,529,75,200
778,529,74,200
771,527,71,203
767,527,74,202
763,527,77,201
759,527,80,200
755,527,83,199
751,527,86,198
747,527,89,197
743,527,92,196
739,527,95,195
735,527,98,194
731,527,101,193
727,527,104,192
723,527,107,191
719,527,110,190
715,527,113,189
715,532,112,194
712,533,111,194
709,534,110,194
706,535,109,194
703,536,108,194
700,537,107,194
697,538,106,194
694,539,105,194
691,540,104,194
688,541,103,194
685,542,102,194
682,543,101,194
679,544,100,194
676,545,99,194
673,546,98,194
670,548,96,189
666,551,97,186
662,554,98,183
658,557,99,180
654,560,100,177
650,563,101,174
646,566,102,171
642,569,103,168
638,572,104,165
634,575,105,162
630,578,106,159
626,581,107,156
622,584,108,153
618,587,109,150
614,590,110,147
617,593,118,146
615,597,118,142
613,601,118,138
611,605,118,134
609,609,118,130
607,613,118,126
605,617,118,122
603,621,118,118
601,625,118,114
599,629,118,110
597,633,118,106
595,637,118,102
593,641,118,98
591,645,118,94
589,649,118,90
582,654,120,92
577,654,125,91
572,654,130,90
567,654,135,89
562,654,140,88
557,654,145,87
552,654,150,86
547,654,155,85
542,654,160,84
537,654,165,83
532,654,170,82
527,654,175,81
522,654,180,80
517,654,185,79
512,654,190,78
511,655,192,79
510,655,194,79
509,655,196,79
508,655,198,79
507,655,200,79
506,655,202,79
505,655,204,79
504,655,206,79
503,655,208,79
502,655,210,79
501,655,212,79
500,655,214,79
499,655,216,79
498,655,218,79
497,655,220,79
503,655,224,80
503,655,224,80
503,655,224,80
503,655,224,80
503,655,224,80
503,655,224,80
503,655,224,80
503,655,224,80
503,655,224,80
503,655,224,80
503,655,224,80
503,655,224,80
503,655,224,80
503,655,224,80
503,655,224,80
506,660,222,75
506,660,222,75
506,660,222,75
506,660,222,75
506,660,222,75
506,660,222,75
506,660,222,75
506,660,222,75
506,660,222,75
506,660,222,75
506,660,222,75
506,660,222,75
506,660,222,75
506,660,222,75
506,660,222,75
504,660,223,73
504,660,223,74
504,660,223,75
504,660,223,76
504,660,223,77
504,660,223,78
504,660,223,79
504,660,223,80
504,660,223,81
504,660,223,82
504,660,223,83
504,660,223,84
504,660,223,85
504,660,223,86
504,660,223,87
503,659,224,82
503,659,224,81
503,659,224,80
503,659,224,79
503,659,224,78
503,659,224,77
503,659,224,76
503,659,224,75
503,659,224,74
503,659,224,73
503,659,224,72
503,659,224,71
503,659,224,70
503,659,224,69
503,659,224,68
504,662,224,72
504,662,224,72
504,662,224,72
504,662,224,72
504,662,224,72
504,662,224,72
504,662,224,72
504,662,224,72
504,662,224,72
504,662,224,72
504,662,224,72
504,662,224,72
504,662,224,72
504,662,224,72
504,662,224,72
507,663,223,74
507,663,223,74
507,663,223,74
507,663,223,74
507,663,223,74
507,663,223,74
507,663,223,74
507,663,223,74
507,663,223,74
507,663,223,74
507,663,223,74
507,663,223,74
507,663,223,74
507,663,223,74
507,663,223,74
504,662,224,73
504,662,224,73
504,662,224,73
504,662,224,73
504,662,224,73
504,662,224,73
504,662,224,73
504,662,224,73
504,662,224,73
504,662,224,73
504,662,224,73
504,662,224,73
504,662,224,73
504,662,224,73
504,662,224,73
507,658,221,79
507,658,221,79
507,658,221,79
507,658,221,79
507,658,221,79
507,658,221,79
507,658,221,79
507,658,221,79
507,658,221,79
507,658,221,79
507,658,221,79
507,658,221,79
507,658,221,79
507,658,221,79
507,658,221,79
503,660,224,74
503,660,224,74
503,660,224,74
503,660,224,74
503,660,224,74
503,660,224,74
503,660,224,74
503,660,224,74
503,660,224,74
503,660,224,74
503,660,224,74
503,660,224,74
503,660,224,74
503,660,224,74
503,660,224,74
506,663,227,74
