1341,395,97,239
1337,395,97,239
1333,395,97,239
1329,395,97,239
1325,395,97,239
1321,395,97,239
1317,395,97,239
1313,395,97,239
1309,395,97,239
1305,395,97,239
1301,395,97,239
1297,395,97,239
1293,395,97,239
1289,395,97,239
1285,395,97,239
1276,400,103,234
1274,399,102,235
1272,398,101,236
1270,397,100,237
1268,396,99,238
1266,395,98,239
1264,394,97,240
1262,393,96,241
1260,392,95,242
1258,391,94,243
1256,390,93,244
1254,389,92,245
1252,388,91,246
1250,387,90,247
1248,386,89,248
1241,389,92,253
1238,389,91,253
1235,389,90,253
1232,389,89,253
1229,389,88,253
1226,389,87,253
1223,389,86,253
1220,389,85,253
1217,389,84,253
1214,389,83,253
1211,389,82,253
1208,389,81,253
1205,389,80,253
1202,389,79,253
1199,389,78,253
1202,388,81,254
1196,388,84,254
1190,388,87,254
1184,388,90,254
1178,388,93,254
1172,388,96,254
1166,388,99,254
1160,388,102,254
1154,388,105,254
1148,388,108,254
1142,388,111,254
1136,388,114,254
1130,388,117,254
1124,388,120,254
1118,388,123,254
1111,388,121,254
1109,387,118,255
1107,386,115,256
1105,385,112,257
1103,384,109,258
1101,383,106,259
1099,382,103,260
1097,381,100,261
1095,380,97,262
1093,379,94,263
1091,378,91,264
1089,377,88,265
1087,376,85,266
1085,375,82,267
1083,374,79,268
1087,379,83,267
1084,379,83,267
1081,379,83,267
1078,379,83,267
1075,379,83,267
1072,379,83,267
1069,379,83,267
1066,379,83,267
1063,379,83,267
1060,379,83,267
1057,379,83,267
1054,379,83,267
1051,379,83,267
1048,379,83,267
1045,379,83,267
1036,385,88,266
1030,385,90,266
1024,385,92,266
1018,385,94,266
1012,385,96,266
1006,385,98,266
1000,385,100,266
994,385,102,266
988,385,104,266
982,385,106,266
976,385,108,266
970,385,110,266
964,385,112,266
958,385,114,266
952,385,116,266
947,383,119,269
943,383,118,270
939,383,117,271
935,383,116,272
931,383,115,273
927,383,114,274
923,383,113,275
919,383,112,276
915,383,111,277
911,383,110,278
907,383,109,279
903,383,108,280
899,383,107,281
895,383,106,282
891,383,105,283
888,377,111,277
885,377,108,278
882,377,105,279
879,377,102,280
876,377,99,281
873,377,96,282
870,377,93,283
867,377,90,284
864,377,87,285
861,377,84,286
858,377,81,287
855,377,78,288
852,377,75,289
849,377,72,290
846,377,69,291
847,371,73,286
841,371,77,287
835,371,81,288
829,371,85,289
823,371,89,290
817,371,93,291
811,371,97,292
805,371,101,293
799,371,105,294
793,371,109,295
787,371,113,296
781,371,117,297
775,371,121,298
769,371,125,299
763,371,129,300
755,365,138,295
750,365,138,295
745,365,138,295
740,365,138,295
735,365,138,295
730,365,138,295
725,365,138,295
720,365,138,295
715,365,138,295
710,365,138,295
705,365,138,295
700,365,138,295
695,365,138,295
690,365,138,295
685,365,138,295
676,370,133,294
674,370,130,294
672,370,127,294
670,370,124,294
668,370,121,294
666,370,118,294
664,370,115,294
662,370,112,294
660,370,109,294
658,370,106,294
656,370,103,294
654,370,100,294
652,370,97,294
650,370,94,294
648,370,91,294
650,373,84,291
644,373,89,291
638,373,94,291
632,373,99,291
626,373,104,291
620,373,109,291
614,373,114,291
608,373,119,291
602,373,124,291
596,373,129,291
590,373,134,291
584,373,139,291
578,373,144,291
572,373,149,291
566,373,154,291
556,376,152,288
553,377,150,288
550,378,148,288
547,379,146,288
544,380,144,288
541,381,142,288
538,382,140,288
535,383,138,288
532,384,136,288
529,385,134,288
526,386,132,288
523,387,130,288
520,388,128,288
517,389,126,288
514,390,124,288
505,391,117,282
501,393,119,280
497,395,121,278
493,397,123,276
489,399,125,274
485,401,127,272
481,403,129,270
477,405,131,268
473,407,133,266
469,409,135,264
465,411,137,262
461,413,139,260
457,415,141,258
453,417,143,256
449,419,145,254
445,421,145,251
440,427,145,245
435,433,145,239
430,439,145,233
425,445,145,227
420,451,145,221
415,457,145,215
410,463,145,209
405,469,145,203
400,475,145,197
395,481,145,191
390,487,145,185
385,493,145,179
380,499,145,173
375,505,145,167
364,516,143,159
360,518,149,156
356,520,155,153
352,522,161,150
348,524,167,147
344,526,173,144
340,528,179,141
336,530,185,138
332,532,191,135
328,534,197,132
324,536,203,129
320,538,209,126
316,540,215,123
312,542,221,120
308,544,227,117
306,540,237,118
302,540,239,119
298,540,241,120
294,540,243,121
290,540,245,122
286,540,247,123
282,540,249,124
278,540,251,125
274,540,253,126
270,540,255,127
266,540,257,128
262,540,259,129
258,540,261,130
254,540,263,131
250,540,265,132
251,538,260,128
251,539,263,127
251,540,266,126
251,541,269,125
251,542,272,124
251,543,275,123
251,544,278,122
251,545,281,121
251,546,284,120
251,547,287,119
251,548,290,118
251,549,293,117
251,550,296,116
251,551,299,115
251,552,302,114
253,560,302,107
253,560,302,107
253,560,302,107
253,560,302,107
253,560,302,107
253,560,302,107
253,560,302,107
253,560,302,107
253,560,302,107
253,560,302,107
253,560,302,107
253,560,302,107
253,560,302,107
253,560,302,107
253,560,302,107
256,563,299,106
256,563,299,106
256,563,299,106
256,563,299,106
256,563,299,106
256,563,299,106
256,563,299,106
256,563,299,106
256,563,299,106
256,563,299,106
256,563,299,106
256,563,299,106
256,563,299,106
256,563,299,106
256,563,299,106
250,558,300,112
250,558,300,112
250,558,300,112
250,558,300,112
250,558,300,112
250,558,300,112
250,558,300,112
250,558,300,112
250,558,300,112
250,558,300,112
250,558,300,112
250,558,300,112
250,558,300,112
250,558,300,112
250,558,300,112
255,557,297,110
255,557,297,110
255,557,297,110
255,557,297,110
255,557,297,110
255,557,297,110
255,557,297,110
255,557,297,110
255,557,297,110
255,557,297,110
255,557,297,110
255,557,297,110
255,557,297,110
255,557,297,110
255,557,297,110
255,560,297,106
255,560,297,106
255,560,297,106
255,560,297,106
255,560,297,106
255,560,297,106
255,560,297,106
255,560,297,106
255,560,297,106
255,560,297,106
255,560,297,106
255,560,297,106
255,560,297,106
255,560,297,106
255,560,297,106
251,561,303,108
251,561,303,108
251,561,303,108
251,561,303,108
251,561,303,108
251,561,303,108
251,561,303,108
251,561,303,108
251,561,303,108
251,561,303,108
251,561,303,108
251,561,303,108
251,561,303,108
251,561,303,108
251,561,303,108
251,563,304,103
251,563,304,104
251,563,304,105
251,563,304,106
251,563,304,107
251,563,304,108
251,563,304,109
251,563,304,110
251,563,304,111
251,563,304,112
251,563,304,113
251,563,304,114
251,563,304,115
251,563,304,116
251,563,304,117
251,558,301,112
251,558,301,112
251,558,301,112
251,558,301,112
251,558,301,112
251,558,301,112
251,558,301,112
251,558,301,112
251,558,301,112
251,558,301,112
251,558,301,112
251,558,301,112
251,558,301,112
251,558,301,112
251,558,301,112
253,558,299,112
253,558,299,112
253,558,299,112
253,558,299,112
253,558,299,112
253,558,299,112
253,558,299,112
253,558,299,112
253,558,299,112
253,558,299,112
253,558,299,112
253,558,299,112
253,558,299,112
253,558,299,112
253,558,299,112
253,561,302,105
253,561,302,105
253,561,302,105
253,561,302,105
253,561,302,105
253,561,302,105
253,561,302,105
253,561,302,105
253,561,302,105
253,561,302,105
253,561,302,105
253,561,302,105
253,561,302,105
253,561,302,105
253,561,302,105
251,560,299,107
251,560,299,107
251,560,299,107
251,560,299,107
251,560,299,107
251,560,299,107
251,560,299,107
251,560,299,107
251,560,299,107
251,560,299,107
251,560,299,107
251,560,299,107
251,560,299,107
251,560,299,107
251,560,299,107
251,560,301,110
