1249,399,56,188
1246,400,56,188
1243,401,56,188
1240,402,56,188
1237,403,56,188
1234,404,56,188
1231,405,56,188
1228,406,56,188
1225,407,56,188
1222,408,56,188
1219,409,56,188
1216,410,56,188
1213,411,56,188
1210,412,56,188
1207,413,56,188
1209,407,56,188
1205,407,58,189
1201,407,60,190
1197,407,62,191
1193,407,64,192
1189,407,66,193
1185,407,68,194
1181,407,70,195
1177,407,72,196
1173,407,74,197
1169,407,76,198
1165,407,78,199
1161,407,80,200
1157,407,82,201
1153,407,84,202
1152,405,87,202
1150,405,86,203
1148,405,85,204
1146,405,84,205
1144,405,83,206
1142,405,82,207
1140,405,81,208
1138,405,80,209
1136,405,79,210
1134,405,78,211
1132,405,77,212
1130,405,76,213
1128,405,75,214
1126,405,74,215
1124,405,73,216
1115,404,75,211
1112,404,74,211
1109,404,73,211
1106,404,72,211
1103,404,71,211
1100,404,70,211
1097,404,69,211
1094,404,68,211
1091,404,67,211
1088,404,66,211
1085,404,65,211
1082,404,64,211
1079,404,63,211
1076,404,62,211
1073,404,61,211
1073,411,65,205
1069,411,68,205
1065,411,71,205
1061,411,74,205
1057,411,77,205
1053,411,80,205
1049,411,83,205
1045,411,86,205
1041,411,89,205
1037,411,92,205
1033,411,95,205
1029,411,98,205
1025,411,101,205
1021,411,104,205
1017,411,107,205
1013,418,111,211
1010,419,110,211
1007,420,109,211
1004,421,108,211
1001,422,107,211
998,423,106,211
995,424,105,211
992,425,104,211
989,426,103,211
986,427,102,211
983,428,101,211
980,429,100,211
977,430,99,211
974,431,98,211
971,432,97,211
969,426,96,212
967,426,95,212
965,426,94,212
963,426,93,212
961,426,92,212
959,426,91,212
957,426,90,212
955,426,89,212
953,426,88,212
951,426,87,212
949,426,86,212
947,426,85,212
945,426,84,212
943,426,83,212
941,426,82,212
936,423,74,219
934,423,75,220
932,423,76,221
930,423,77,222
928,423,78,223
926,423,79,224
924,423,80,225
922,423,81,226
920,423,82,227
918,423,83,228
916,423,84,229
914,423,85,230
912,423,86,231
910,423,87,232
908,423,88,233
903,426,94,227
899,427,94,228
895,428,94,229
891,429,94,230
887,430,94,231
883,431,94,232
879,432,94,233
875,433,94,234
871,434,94,235
867,435,94,236
863,436,94,237
859,437,94,238
855,438,94,239
851,439,94,240
847,440,94,241
848,437,92,236
844,437,92,236
840,437,92,236
836,437,92,236
832,437,92,236
828,437,92,236
824,437,92,236
820,437,92,236
816,437,92,236
812,437,92,236
808,437,92,236
804,437,92,236
800,437,92,236
796,437,92,236
792,437,92,236
791,439,93,238
788,439,94,239
785,439,95,240
782,439,96,241
779,439,97,242
776,439,98,243
773,439,99,244
770,439,100,245
767,439,101,246
764,439,102,247
761,439,103,248
758,439,104,249
755,439,105,250
752,439,106,251
749,439,107,252
741,432,113,246
737,432,113,246
733,432,113,246
729,432,113,246
725,432,113,246
721,432,113,246
717,432,113,246
713,432,113,246
709,432,113,246
705,432,113,246
701,432,113,246
697,432,113,246
693,432,113,246
689,432,113,246
685,432,113,246
674,439,114,242
671,439,113,242
668,439,112,242
665,439,111,242
662,439,110,242
659,439,109,242
656,439,108,242
653,439,107,242
650,439,106,242
647,439,105,242
644,439,104,242
641,439,103,242
638,439,102,242
635,439,101,242
632,439,100,242
624,440,97,248
620,441,99,247
616,442,101,246
612,443,103,245
608,444,105,244
604,445,107,243
600,446,109,242
596,447,111,241
592,448,113,240
588,449,115,239
584,450,117,238
580,451,119,237
576,452,121,236
572,453,123,235
568,454,125,234
558,456,130,233
555,458,130,232
552,460,130,231
549,462,130,230
546,464,130,229
543,466,130,228
540,468,130,227
537,470,130,226
534,472,130,225
531,474,130,224
528,476,130,223
525,478,130,222
522,480,130,221
519,482,130,220
516,484,130,219
514,483,128,213
509,487,130,208
504,491,132,203
499,495,134,198
494,499,136,193
489,503,138,188
484,507,140,183
479,511,142,178
474,515,144,173
469,519,146,168
464,523,148,163
459,527,150,158
454,531,152,153
449,535,154,148
444,539,156,143
437,548,164,132
434,551,166,130
431,554,168,128
428,557,170,126
425,560,172,124
422,563,174,122
419,566,176,120
416,569,178,118
413,572,180,116
410,575,182,114
407,578,184,112
404,581,186,110
401,584,188,108
398,587,190,106
395,590,192,104
388,594,195,103
384,595,196,102
380,596,197,101
376,597,198,100
372,598,199,99
368,599,200,98
364,600,201,97
360,601,202,96
356,602,203,95
352,603,204,94
348,604,205,93
344,605,206,92
340,606,207,91
336,607,208,90
332,608,209,89
329,606,212,91
329,608,215,89
329,610,218,87
329,612,221,85
329,614,224,83
329,616,227,81
329,618,230,79
329,620,233,77
329,622,236,75
329,624,239,73
329,626,242,71
329,628,245,69
329,630,248,67
329,632,251,65
329,634,254,63
326,636,252,61
326,636,251,61
326,636,250,61
326,636,249,61
326,636,248,61
326,636,247,61
326,636,246,61
326,636,245,61
326,636,244,61
326,636,243,61
326,636,242,61
326,636,241,61
326,636,240,61
326,636,239,61
326,636,238,61
331,637,236,63
331,637,237,63
331,637,238,63
331,637,239,63
331,637,240,63
331,637,241,63
331,637,242,63
331,637,243,63
331,637,244,63
331,637,245,63
331,637,246,63
331,637,247,63
331,637,248,63
331,637,249,63
331,637,250,63
324,639,252,60
324,639,252,60
324,639,252,60
324,639,252,60
324,639,252,60
324,639,252,60
324,639,252,60
324,639,252,60
324,639,252,60
324,639,252,60
324,639,252,60
324,639,252,60
324,639,252,60
324,639,252,60
324,639,252,60
326,639,248,61
326,639,248,61
326,639,248,61
326,639,248,61
326,639,248,61
326,639,248,61
326,639,248,61
326,639,248,61
326,639,248,61
326,639,248,61
326,639,248,61
326,639,248,61
326,639,248,61
326,639,248,61
326,639,248,61
326,641,250,61
326,641,250,61
326,641,250,61
326,641,250,61
326,641,250,61
326,641,250,61
326,641,250,61
326,641,250,61
326,641,250,61
326,641,250,61
326,641,250,61
326,641,250,61
326,641,250,61
326,641,250,61
326,641,250,61
327,634,245,65
327,634,246,65
327,634,247,65
327,634,248,65
327,634,249,65
327,634,250,65
327,634,251,65
327,634,252,65
327,634,253,65
327,634,254,65
327,634,255,65
327,634,256,65
327,634,257,65
327,634,258,65
327,634,259,65
326,637,255,59
326,637,254,59
326,637,253,59
326,637,252,59
326,637,251,59
326,637,250,59
326,637,249,59
326,637,248,59
326,637,247,59
326,637,246,59
326,637,245,59
326,637,244,59
326,637,243,59
326,637,242,59
326,637,241,59
324,636,244,61
324,636,244,61
324,636,244,61
324,636,244,61
324,636,244,61
324,636,244,61
324,636,244,61
324,636,244,61
324,636,244,61
324,636,244,61
324,636,244,61
324,636,244,61
324,636,244,61
324,636,244,61
324,636,244,61
324,642,246,62
324,642,246,62
324,642,246,62
324,642,246,62
324,642,246,62
324,642,246,62
324,642,246,62
324,642,246,62
324,642,246,62
324,642,246,62
324,642,246,62
324,642,246,62
324,642,246,62
324,642,246,62
324,642,246,62
329,639,249,68
329,639,249,68
329,639,249,68
329,639,249,68
329,639,249,68
329,639,249,68
329,639,249,68
329,639,249,68
329,639,249,68
329,639,249,68
329,639,249,68
329,639,249,68
329,639,249,68
329,639,249,68
329,639,249,68
326,636,252,63
326,636,252,63
326,636,252,63
326,636,252,63
326,636,252,63
326,636,252,63
326,636,252,63
326,636,252,63
326,636,252,63
326,636,252,63
326,636,252,63
326,636,252,63
326,636,252,63
326,636,252,63
326,636,252,63
326,639,246,63
