1241,516,54,162
1239,516,55,162
1237,516,56,162
1235,516,57,162
1233,516,58,162
1231,516,59,162
1229,516,60,162
1227,516,61,162
1225,516,62,162
1223,516,63,162
1221,516,64,162
1219,516,65,162
1217,516,66,162
1215,516,67,162
1213,516,68,162
1206,522,62,158
1204,522,63,158
1202,522,64,158
1200,522,65,158
1198,522,66,158
1196,522,67,158
1194,522,68,158
1192,522,69,158
1190,522,70,158
1188,522,71,158
1186,522,72,158
1184,522,73,158
1182,522,74,158
1180,522,75,158
1178,522,76,158
1169,521,71,164
1167,521,71,165
1165,521,71,166
1163,521,71,167
1161,521,71,168
1159,521,71,169
1157,521,71,170
1155,521,71,171
1153,521,71,172
1151,521,71,173
1149,521,71,174
1147,521,71,175
1145,521,71,176
1143,521,71,177
1141,521,71,178
1134,516,73,176
1131,516,73,176
1128,516,73,176
1125,516,73,176
1122,516,73,176
1119,516,73,176
1116,516,73,176
1113,516,73,176
1110,516,73,176
1107,516,73,176
1104,516,73,176
1101,516,73,176
1098,516,73,176
1095,516,73,176
1092,516,73,176
1096,513,67,182
1094,514,68,181
1092,515,69,180
1090,516,70,179
1088,517,71,178
1086,518,72,177
1084,519,73,176
1082,520,74,175
1080,521,75,174
1078,522,76,173
1076,523,77,172
1074,524,78,171
1072,525,79,170
1070,526,80,169
1068,527,81,168
1064,521,78,173
1061,521,78,174
1058,521,78,175
1055,521,78,176
1052,521,78,177
1049,521,78,178
1046,521,78,179
1043,521,78,180
1040,521,78,181
1037,521,78,182
1034,521,78,183
1031,521,78,184
1028,521,78,185
1025,521,78,186
1022,521,78,187
1019,519,72,188
1016,519,72,188
1013,519,72,188
1010,519,72,188
1007,519,72,188
1004,519,72,188
1001,519,72,188
998,519,72,188
995,519,72,188
992,519,72,188
989,519,72,188
986,519,72,188
983,519,72,188
980,519,72,188
977,519,72,188
980,519,71,191
979,519,70,191
978,519,69,191
977,519,68,191
976,519,67,191
975,519,66,191
974,519,65,191
973,519,64,191
972,519,63,191
971,519,62,191
970,519,61,191
969,519,60,191
968,519,59,191
967,519,58,191
966,519,57,191
961,522,54,196
958,522,55,197
955,522,56,198
952,522,57,199
949,522,58,200
946,522,59,201
943,522,60,202
940,522,61,203
937,522,62,204
934,522,63,205
931,522,64,206
928,522,65,207
925,522,66,208
922,522,67,209
919,522,68,210
918,521,74,204
914,521,75,204
910,521,76,204
906,521,77,204
902,521,78,204
898,521,79,204
894,521,80,204
890,521,81,204
886,521,82,204
882,521,83,204
878,521,84,204
874,521,85,204
870,521,86,204
866,521,87,204
862,521,88,204
853,528,95,201
851,528,92,202
849,528,89,203
847,528,86,204
845,528,83,205
843,528,80,206
841,528,77,207
839,528,74,208
837,528,71,209
835,528,68,210
833,528,65,211
831,528,62,212
829,528,59,213
827,528,56,214
825,528,53,215
830,522,50,212
827,522,52,212
824,522,54,212
821,522,56,212
818,522,58,212
815,522,60,212
812,522,62,212
809,522,64,212
806,522,66,212
803,522,68,212
800,522,70,212
797,522,72,212
794,522,74,212
791,522,76,212
788,522,78,212
781,524,82,208
777,524,83,208
773,524,84,208
769,524,85,208
765,524,86,208
761,524,87,208
757,524,88,208
753,524,89,208
749,524,90,208
745,524,91,208
741,524,92,208
737,524,93,208
733,524,94,208
729,524,95,208
725,524,96,208
717,529,95,208
714,529,94,208
711,529,93,208
708,529,92,208
705,529,91,208
702,529,90,208
699,529,89,208
696,529,88,208
693,529,87,208
690,529,86,208
687,529,85,208
684,529,84,208
681,529,83,208
678,529,82,208
675,529,81,208
672,532,84,214
668,534,87,211
664,536,90,208
660,538,93,205
656,540,96,202
652,542,99,199
648,544,102,196
644,546,105,193
640,548,108,190
636,550,111,187
632,552,114,184
628,554,117,181
624,556,120,178
620,558,123,175
616,560,126,172
609,565,133,170
606,569,132,166
603,573,131,162
600,577,130,158
597,581,129,154
594,585,128,150
591,589,127,146
588,593,126,142
585,597,125,138
582,601,124,134
579,605,123,130
576,609,122,126
573,613,121,122
570,617,120,118
567,621,119,114
558,627,125,116
554,628,129,114
550,629,133,112
546,630,137,110
542,631,141,108
538,632,145,106
534,633,149,104
530,634,153,102
526,635,157,100
522,636,161,98
518,637,165,96
514,638,169,94
510,639,173,92
506,640,177,90
502,641,181,88
500,641,179,87
498,642,180,86
496,643,181,85
494,644,182,84
492,645,183,83
490,646,184,82
488,647,185,81
486,648,186,80
484,649,187,79
482,650,188,78
480,651,189,77
478,652,190,76
476,653,191,75
474,654,192,74
472,655,193,73
466,657,200,78
466,658,201,77
466,659,202,76
466,660,203,75
466,661,204,74
466,662,205,73
466,663,206,72
466,664,207,71
466,665,208,70
466,666,209,69
466,667,210,68
466,668,211,67
466,669,212,66
466,670,213,65
466,671,214,64
466,672,212,62
466,672,212,62
466,672,212,62
466,672,212,62
466,672,212,62
466,672,212,62
466,672,212,62
466,672,212,62
466,672,212,62
466,672,212,62
466,672,212,62
466,672,212,62
466,672,212,62
466,672,212,62
466,672,212,62
467,672,214,63
467,672,214,63
467,672,214,63
467,672,214,63
467,672,214,63
467,672,214,63
467,672,214,63
467,672,214,63
467,672,214,63
467,672,214,63
467,672,214,63
467,672,214,63
467,672,214,63
467,672,214,63
467,672,214,63
469,676,214,58
469,676,214,59
469,676,214,60
469,676,214,61
469,676,214,62
469,676,214,63
469,676,214,64
469,676,214,65
469,676,214,66
469,676,214,67
469,676,214,68
469,676,214,69
469,676,214,70
469,676,214,71
469,676,214,72
467,670,211,68
467,670,212,68
467,670,213,68
467,670,214,68
467,670,215,68
467,670,216,68
467,670,217,68
467,670,218,68
467,670,219,68
467,670,220,68
467,670,221,68
467,670,222,68
467,670,223,68
467,670,224,68
467,670,225,68
462,673,219,65
462,673,219,65
462,673,219,65
462,673,219,65
462,673,219,65
462,673,219,65
462,673,219,65
462,673,219,65
462,673,219,65
462,673,219,65
462,673,219,65
462,673,219,65
462,673,219,65
462,673,219,65
462,673,219,65
467,676,212,59
467,676,212,59
467,676,212,59
467,676,212,59
467,676,212,59
467,676,212,59
467,676,212,59
467,676,212,59
467,676,212,59
467,676,212,59
467,676,212,59
467,676,212,59
467,676,212,59
467,676,212,59
467,676,212,59
464,673,210,64
464,673,210,64
464,673,210,64
464,673,210,64
464,673,210,64
464,673,210,64
464,673,210,64
464,673,210,64
464,673,210,64
464,673,210,64
464,673,210,64
464,673,210,64
464,673,210,64
464,673,210,64
464,673,210,64
464,675,217,62
464,675,217,62
464,675,217,62
464,675,217,62
464,675,217,62
464,675,217,62
464,675,217,62
464,675,217,62
464,675,217,62
464,675,217,62
464,675,217,62
464,675,217,62
464,675,217,62
464,675,217,62
464,675,217,62
469,678,212,62
469,678,212,62
469,678,212,62
469,678,212,62
469,678,212,62
469,678,212,62
469,678,212,62
469,678,212,62
469,678,212,62
469,678,212,62
469,678,212,62
469,678,212,62
469,678,212,62
469,678,212,62
469,678,212,62
467,673,216,64
467,673,216,64
467,673,216,64
467,673,216,64
467,673,216,64
467,673,216,64
467,673,216,64
467,673,216,64
467,673,216,64
467,673,216,64
467,673,216,64
467,673,216,64
467,673,216,64
467,673,216,64
467,673,216,64
469,675,214,62
469,675,214,62
469,675,214,62
469,675,214,62
469,675,214,62
469,675,214,62
469,675,214,62
469,675,214,62
469,675,214,62
469,675,214,62
469,675,214,62
469,675,214,62
469,675,214,62
469,675,214,62
469,675,214,62
466,675,215,57
