1343,389,95,238
1339,389,96,238
1335,389,97,238
1331,389,98,238
1327,389,99,238
1323,389,100,238
1319,389,101,238
1315,389,102,238
1311,389,103,238
1307,389,104,238
1303,389,105,238
1299,389,106,238
1295,389,107,238
1291,389,108,238
1287,389,109,238
1284,396,109,237
1281,396,108,237
1278,396,107,237
1275,396,106,237
1272,396,105,237
1269,396,104,237
1266,396,103,237
1263,396,102,237
1260,396,101,237
1257,396,100,237
1254,396,99,237
1251,396,98,237
1248,396,97,237
1245,396,96,237
1242,396,95,237
1232,392,101,240
1230,391,99,241
1228,390,97,242
1226,389,95,243
1224,388,93,244
1222,387,91,245
1220,386,89,246
1218,385,87,247
1216,384,85,248
1214,383,83,249
1212,382,81,250
1210,381,79,251
1208,380,77,252
1206,379,75,253
1204,378,73,254
1208,382,70,252
1203,382,73,252
1198,382,76,252
1193,382,79,252
1188,382,82,252
1183,382,85,252
1178,382,88,252
1173,382,91,252
1168,382,94,252
1163,382,97,252
1158,382,100,252
1153,382,103,252
1148,382,106,252
1143,382,109,252
1138,382,112,252
1127,384,122,258
1123,384,121,258
1119,384,120,258
1115,384,119,258
1111,384,118,258
1107,384,117,258
1103,384,116,258
1099,384,115,258
1095,384,114,258
1091,384,113,258
1087,384,112,258
1083,384,111,258
1079,384,110,258
1075,384,109,258
1071,384,108,258
1060,383,114,255
1058,382,113,256
1056,381,112,257
1054,380,111,258
1052,379,110,259
1050,378,109,260
1048,377,108,261
1046,376,107,262
1044,375,106,263
1042,374,105,264
1040,373,104,265
1038,372,103,266
1036,371,102,267
1034,370,101,268
1032,369,100,269
1026,375,92,276
1023,375,92,276
1020,375,92,276
1017,375,92,276
1014,375,92,276
1011,375,92,276
1008,375,92,276
1005,375,92,276
1002,375,92,276
999,375,92,276
996,375,92,276
993,375,92,276
990,375,92,276
987,375,92,276
984,375,92,276
985,378,91,281
980,378,92,281
975,378,93,281
970,378,94,281
965,378,95,281
960,378,96,281
955,378,97,281
950,378,98,281
945,378,99,281
940,378,100,281
935,378,101,281
930,378,102,281
925,378,103,281
920,378,104,281
915,378,105,281
913,377,101,288
910,377,101,288
907,377,101,288
904,377,101,288
901,377,101,288
898,377,101,288
895,377,101,288
892,377,101,288
889,377,101,288
886,377,101,288
883,377,101,288
880,377,101,288
877,377,101,288
874,377,101,288
871,377,101,288
869,374,99,295
866,375,98,295
863,376,97,295
860,377,96,295
857,378,95,295
854,379,94,295
851,380,93,295
848,381,92,295
845,382,91,295
842,383,90,295
839,384,89,295
836,385,88,295
833,386,87,295
830,387,86,295
827,388,85,295
821,382,87,296
814,382,91,296
807,382,95,296
800,382,99,296
793,382,103,296
786,382,107,296
779,382,111,296
772,382,115,296
765,382,119,296
758,382,123,296
751,382,127,296
744,382,131,296
737,382,135,296
730,382,139,296
723,382,143,296
718,379,145,299
714,378,143,299
710,377,141,299
706,376,139,299
702,375,137,299
698,374,135,299
694,373,133,299
690,372,131,299
686,371,129,299
682,370,127,299
678,369,125,299
674,368,123,299
670,367,121,299
666,366,119,299
662,365,117,299
654,370,108,305
651,370,107,306
648,370,106,307
645,370,105,308
642,370,104,309
639,370,103,310
636,370,102,311
633,370,101,312
630,370,100,313
627,370,99,314
624,370,98,315
621,370,97,316
618,370,96,317
615,370,95,318
612,370,94,319
614,364,91,316
609,365,94,315
604,366,97,314
599,367,100,313
594,368,103,312
589,369,106,311
584,370,109,310
579,371,112,309
574,372,115,308
569,373,118,307
564,374,121,306
559,375,124,305
554,376,127,304
549,377,130,303
544,378,133,302
532,378,132,301
527,378,131,300
522,378,130,299
517,378,129,298
512,378,128,297
507,378,127,296
502,378,126,295
497,378,125,294
492,378,124,293
487,378,123,292
482,378,122,291
477,378,121,290
472,378,120,289
467,378,119,288
462,378,118,287
464,385,116,292
457,390,122,287
450,395,128,282
443,400,134,277
436,405,140,272
429,410,146,267
422,415,152,262
415,420,158,257
408,425,164,252
401,430,170,247
394,435,176,242
387,440,182,237
380,445,188,232
373,450,194,227
366,455,200,222
359,462,201,218
355,467,201,213
351,472,201,208
347,477,201,203
343,482,201,198
339,487,201,193
335,492,201,188
331,497,201,183
327,502,201,178
323,507,201,173
319,512,201,168
315,517,201,163
311,522,201,158
307,527,201,153
303,532,201,148
294,534,200,141
288,535,205,139
282,536,210,137
276,537,215,135
270,538,220,133
264,539,225,131
258,540,230,129
252,541,235,127
246,542,240,125
240,543,245,123
234,544,250,121
228,545,255,119
222,546,260,117
216,547,265,115
210,548,270,113
200,548,273,112
199,551,275,109
198,554,277,106
197,557,279,103
196,560,281,100
195,563,283,97
194,566,285,94
193,569,287,91
192,572,289,88
191,575,291,85
190,578,293,82
189,581,295,79
188,584,297,76
187,587,299,73
186,590,301,70
180,586,304,74
180,586,303,75
180,586,302,76
180,586,301,77
180,586,300,78
180,586,299,79
180,586,298,80
180,586,297,81
180,586,296,82
180,586,295,83
180,586,294,84
180,586,293,85
180,586,292,86
180,586,291,87
180,586,290,88
180,584,296,86
180,584,296,86
180,584,296,86
180,584,296,86
180,584,296,86
180,584,296,86
180,584,296,86
180,584,296,86
180,584,296,86
180,584,296,86
180,584,296,86
180,584,296,86
180,584,296,86
180,584,296,86
180,584,296,86
178,585,301,89
178,585,301,89
178,585,301,89
178,585,301,89
178,585,301,89
178,585,301,89
178,585,301,89
178,585,301,89
178,585,301,89
178,585,301,89
178,585,301,89
178,585,301,89
178,585,301,89
178,585,301,89
178,585,301,89
179,589,298,82
179,589,298,82
179,589,298,82
179,589,298,82
179,589,298,82
179,589,298,82
179,589,298,82
179,589,298,82
179,589,298,82
179,589,298,82
179,589,298,82
179,589,298,82
179,589,298,82
179,589,298,82
179,589,298,82
182,587,298,87
182,587,298,87
182,587,298,87
182,587,298,87
182,587,298,87
182,587,298,87
182,587,298,87
182,587,298,87
182,587,298,87
182,587,298,87
182,587,298,87
182,587,298,87
182,587,298,87
182,587,298,87
182,587,298,87
182,585,300,86
182,585,300,86
182,585,300,86
182,585,300,86
182,585,300,86
182,585,300,86
182,585,300,86
182,585,300,86
182,585,300,86
182,585,300,86
182,585,300,86
182,585,300,86
182,585,300,86
182,585,300,86
182,585,300,86
182,586,298,85
182,586,298,85
182,586,298,85
182,586,298,85
182,586,298,85
182,586,298,85
182,586,298,85
182,586,298,85
182,586,298,85
182,586,298,85
182,586,298,85
182,586,298,85
182,586,298,85
182,586,298,85
182,586,298,85
178,587,301,82
178,587,301,82
178,587,301,82
178,587,301,82
178,587,301,82
178,587,301,82
178,587,301,82
178,587,301,82
178,587,301,82
178,587,301,82
178,587,301,82
178,587,301,82
178,587,301,82
178,587,301,82
178,587,301,82
179,589,303,85
179,589,303,85
179,589,303,85
179,589,303,85
179,589,303,85
179,589,303,85
179,589,303,85
179,589,303,85
179,589,303,85
179,589,303,85
179,589,303,85
179,589,303,85
179,589,303,85
179,589,303,85
179,589,303,85
176,586,304,87
176,586,304,87
176,586,304,87
176,586,304,87
176,586,304,87
176,586,304,87
176,586,304,87
176,586,304,87
176,586,304,87
176,586,304,87
176,586,304,87
176,586,304,87
176,586,304,87
176,586,304,87
176,586,304,87
179,586,300,85
179,586,300,86
179,586,300,87
179,586,300,88
179,586,300,89
179,586,300,90
179,586,300,91
179,586,300,92
179,586,300,93
179,586,300,94
179,586,300,95
179,586,300,96
179,586,300,97
179,586,300,98
179,586,300,99
179,584,296,93
