1381,389,49,169
1379,390,50,168
1377,391,51,167
1375,392,52,166
1373,393,53,165
1371,394,54,164
1369,395,55,163
1367,396,56,162
1365,397,57,161
1363,398,58,160
1361,399,59,159
1359,400,60,158
1357,401,61,157
1355,402,62,156
1353,403,63,155
1348,406,62,156
1343,406,62,158
1338,406,62,160
1333,406,62,162
1328,406,62,164
1323,406,62,166
1318,406,62,168
1313,406,62,170
1308,406,62,172
1303,406,62,174
1298,406,62,176
1293,406,62,178
1288,406,62,180
1283,406,62,182
1278,406,62,184
1280,406,61,187
1278,407,61,186
1276,408,61,185
1274,409,61,184
1272,410,61,183
1270,411,61,182
1268,412,61,181
1266,413,61,180
1264,414,61,179
1262,415,61,178
1260,416,61,177
1258,417,61,176
1256,418,61,175
1254,419,61,174
1252,420,61,173
1245,417,60,176
1243,417,61,177
1241,417,62,178
1239,417,63,179
1237,417,64,180
1235,417,65,181
1233,417,66,182
1231,417,67,183
1229,417,68,184
1227,417,69,185
1225,417,70,186
1223,417,71,187
1221,417,72,188
1219,417,73,189
1217,417,74,190
1211,414,78,187
1208,414,78,188
1205,414,78,189
1202,414,78,190
1199,414,78,191
1196,414,78,192
1193,414,78,193
1190,414,78,194
1187,414,78,195
1184,414,78,196
1181,414,78,197
1178,414,78,198
1175,414,78,199
1172,414,78,200
1169,414,78,201
1168,419,80,202
1166,420,79,202
1164,421,78,202
1162,422,77,202
1160,423,76,202
1158,424,75,202
1156,425,74,202
1154,426,73,202
1152,427,72,202
1150,428,71,202
1148,429,70,202
1146,430,69,202
1144,431,68,202
1142,432,67,202
1140,433,66,202
1140,428,62,196
1138,428,63,196
1136,428,64,196
1134,428,65,196
1132,428,66,196
1130,428,67,196
1128,428,68,196
1126,428,69,196
1124,428,70,196
1122,428,71,196
1120,428,72,196
1118,428,73,196
1116,428,74,196
1114,428,75,196
1112,428,76,196
1103,425,72,202
1100,426,73,202
1097,427,74,202
1094,428,75,202
1091,429,76,202
1088,430,77,202
1085,431,78,202
1082,432,79,202
1079,433,80,202
1076,434,81,202
1073,435,82,202
1070,436,83,202
1067,437,84,202
1064,438,85,202
1061,439,86,202
1063,436,82,199
1060,436,81,199
1057,436,80,199
1054,436,79,199
1051,436,78,199
1048,436,77,199
1045,436,76,199
1042,436,75,199
1039,436,74,199
1036,436,73,199
1033,436,72,199
1030,436,71,199
1027,436,70,199
1024,436,69,199
1021,436,68,199
1018,436,74,204
1014,437,76,203
1010,438,78,202
1006,439,80,201
1002,440,82,200
998,441,84,199
994,442,86,198
990,443,88,197
986,444,90,196
982,445,92,195
978,446,94,194
974,447,96,193
970,448,98,192
966,449,100,191
962,450,102,190
957,450,103,182
954,450,103,184
951,450,103,186
948,450,103,188
945,450,103,190
942,450,103,192
939,450,103,194
936,450,103,196
933,450,103,198
930,450,103,200
927,450,103,202
924,450,103,204
921,450,103,206
918,450,103,208
915,450,103,210
907,453,102,215
904,453,101,216
901,453,100,217
898,453,99,218
895,453,98,219
892,453,97,220
889,453,96,221
886,453,95,222
883,453,94,223
880,453,93,224
877,453,92,225
874,453,91,226
871,453,90,227
868,453,89,228
865,453,88,229
862,446,82,225
858,446,83,224
854,446,84,223
850,446,85,222
846,446,86,221
842,446,87,220
838,446,88,219
834,446,89,218
830,446,90,217
826,446,91,216
822,446,92,215
818,446,93,214
814,446,94,213
810,446,95,212
806,446,96,211
804,450,102,213
800,452,105,212
796,454,108,211
792,456,111,210
788,458,114,209
784,460,117,208
780,462,120,207
776,464,123,206
772,466,126,205
768,468,129,204
764,470,132,203
760,472,135,202
756,474,138,201
752,476,141,200
748,478,144,199
741,484,141,201
737,489,140,197
733,494,139,193
729,499,138,189
725,504,137,185
721,509,136,181
717,514,135,177
713,519,134,173
709,524,133,169
705,529,132,165
701,534,131,161
697,539,130,157
693,544,129,153
689,549,128,149
685,554,127,145
686,564,119,143
680,565,125,141
674,566,131,139
668,567,137,137
662,568,143,135
656,569,149,133
650,570,155,131
644,571,161,129
638,572,167,127
632,573,173,125
626,574,179,123
620,575,185,121
614,576,191,119
608,577,197,117
602,578,203,115
599,581,216,115
597,582,219,114
595,583,222,113
593,584,225,112
591,585,228,111
589,586,231,110
587,587,234,109
585,588,237,108
583,589,240,107
581,590,243,106
579,591,246,105
577,592,249,104
575,593,252,103
573,594,255,102
571,595,258,101
575,592,262,104
575,594,262,102
575,596,262,100
575,598,262,98
575,600,262,96
575,602,262,94
575,604,262,92
575,606,262,90
575,608,262,88
575,610,262,86
575,612,262,84
575,614,262,82
575,616,262,80
575,618,262,78
575,620,262,76
573,619,266,74
574,620,264,73
575,621,262,72
576,622,260,71
577,623,258,70
578,624,256,69
579,625,254,68
580,626,252,67
581,627,250,66
582,628,248,65
583,629,246,64
584,630,244,63
585,631,242,62
586,632,240,61
587,633,238,60
583,628,238,66
582,628,240,66
581,628,242,66
580,628,244,66
579,628,246,66
578,628,248,66
577,628,250,66
576,628,252,66
575,628,254,66
574,628,256,66
573,628,258,66
572,628,260,66
571,628,262,66
570,628,264,66
569,628,266,66
571,626,266,71
571,626,265,71
571,626,264,71
571,626,263,71
571,626,262,71
571,626,261,71
571,626,260,71
571,626,259,71
571,626,258,71
571,626,257,71
571,626,256,71
571,626,255,71
571,626,254,71
571,626,253,71
571,626,252,71
573,625,254,75
573,624,254,76
573,623,254,77
573,622,254,78
573,621,254,79
573,620,254,80
573,619,254,81
573,618,254,82
573,617,254,83
573,616,254,84
573,615,254,85
573,614,254,86
573,613,254,87
573,612,254,88
573,611,254,89
579,614,260,88
580,615,259,88
581,616,258,88
582,617,257,88
583,618,256,88
584,619,255,88
585,620,254,88
586,621,253,88
587,622,252,88
588,623,251,88
589,624,250,88
590,625,249,88
591,626,248,88
592,627,247,88
593,628,246,88
591,623,248,90
590,623,249,89
589,623,250,88
588,623,251,87
587,623,252,86
586,623,253,85
585,623,254,84
584,623,255,83
583,623,256,82
582,623,257,81
581,623,258,80
580,623,259,79
579,623,260,78
578,623,261,77
577,623,262,76
579,626,258,73
579,626,258,74
579,626,258,75
579,626,258,76
579,626,258,77
579,626,258,78
579,626,258,79
579,626,258,80
579,626,258,81
579,626,258,82
579,626,258,83
579,626,258,84
579,626,258,85
579,626,258,86
579,626,258,87
579,625,252,82
579,625,252,82
579,625,252,82
579,625,252,82
579,625,252,82
579,625,252,82
579,625,252,82
579,625,252,82
579,625,252,82
579,625,252,82
579,625,252,82
579,625,252,82
579,625,252,82
579,625,252,82
579,625,252,82
581,625,248,77
581,625,248,77
581,625,248,77
581,625,248,77
581,625,248,77
581,625,248,77
581,625,248,77
581,625,248,77
581,625,248,77
581,625,248,77
581,625,248,77
581,625,248,77
581,625,248,77
581,625,248,77
581,625,248,77
587,628,242,71
586,628,243,71
585,628,244,71
584,628,245,71
583,628,246,71
582,628,247,71
581,628,248,71
580,628,249,71
579,628,250,71
578,628,251,71
577,628,252,71
576,628,253,71
575,628,254,71
574,628,255,71
573,628,256,71
577,631,260,68
577,630,260,69
577,629,260,70
577,628,260,71
577,627,260,72
577,626,260,73
577,625,260,74
577,624,260,75
577,623,260,76
577,622,260,77
577,621,260,78
577,620,260,79
577,619,260,80
577,618,260,81
577,617,260,82
575,622,264,89
0,0,0,0
0,0,0,0
0,0,0,0
0,0,0,0
0,0,0,0
0,0,0,0
0,0,0,0
0,0,0,0
0,0,0,0
0,0,0,0
0,0,0,0
0,0,0,0
0,0,0,0
0,0,0,0
