1526,406,73,214
1525,406,73,214
1524,406,73,214
1523,406,73,214
1522,406,73,214
1521,406,73,214
1520,406,73,214
1519,406,73,214
1518,406,73,214
1517,406,73,214
1516,406,73,214
1515,406,73,214
1514,406,73,214
1513,406,73,214
1512,406,73,214
1509,402,73,220
1506,403,74,221
1503,404,75,222
1500,405,76,223
1497,406,77,224
1494,407,78,225
1491,408,79,226
1488,409,80,227
1485,410,81,228
1482,411,82,229
1479,412,83,230
1476,413,84,231
1473,414,85,232
1470,415,86,233
1467,416,87,234
1460,411,86,233
1456,411,88,233
1452,411,90,233
1448,411,92,233
1444,411,94,233
1440,411,96,233
1436,411,98,233
1432,411,100,233
1428,411,102,233
1424,411,104,233
1420,411,106,233
1416,411,108,233
1412,411,110,233
1408,411,112,233
1404,411,114,233
1401,406,111,238
1400,406,109,238
1399,406,107,238
1398,406,105,238
1397,406,103,238
1396,406,101,238
1395,406,99,238
1394,406,97,238
1393,406,95,238
1392,406,93,238
1391,406,91,238
1390,406,89,238
1389,406,87,238
1388,406,85,238
1387,406,83,238
1380,402,85,236
1377,402,85,236
1374,402,85,236
1371,402,85,236
1368,402,85,236
1365,402,85,236
1362,402,85,236
1359,402,85,236
1356,402,85,236
1353,402,85,236
1350,402,85,236
1347,402,85,236
1344,402,85,236
1341,402,85,236
1338,402,85,236
1333,409,84,242
1329,409,86,242
1325,409,88,242
1321,409,90,242
1317,409,92,242
1313,409,94,242
1309,409,96,242
1305,409,98,242
1301,409,100,242
1297,409,102,242
1293,409,104,242
1289,409,106,242
1285,409,108,242
1281,409,110,242
1277,409,112,242
1280,409,107,240
1279,409,105,241
1278,409,103,242
1277,409,101,243
1276,409,99,244
1275,409,97,245
1274,409,95,246
1273,409,93,247
1272,409,91,248
1271,409,89,249
1270,409,87,250
1269,409,85,251
1268,409,83,252
1267,409,81,253
1266,409,79,254
1269,404,78,252
1265,404,79,253
1261,404,80,254
1257,404,81,255
1253,404,82,256
1249,404,83,257
1245,404,84,258
1241,404,85,259
1237,404,86,260
1233,404,87,261
1229,404,88,262
1225,404,89,263
1221,404,90,264
1217,404,91,265
1213,404,92,266
1208,407,94,262
1205,407,94,263
1202,407,94,264
1199,407,94,265
1196,407,94,266
1193,407,94,267
1190,407,94,268
1187,407,94,269
1184,407,94,270
1181,407,94,271
1178,407,94,272
1175,407,94,273
1172,407,94,274
1169,407,94,275
1166,407,94,276
1161,407,96,276
1158,407,96,276
1155,407,96,276
1152,407,96,276
1149,407,96,276
1146,407,96,276
1143,407,96,276
1140,407,96,276
1137,407,96,276
1134,407,96,276
1131,407,96,276
1128,407,96,276
1125,407,96,276
1122,407,96,276
1119,407,96,276
1112,402,99,283
1110,402,98,283
1108,402,97,283
1106,402,96,283
1104,402,95,283
1102,402,94,283
1100,402,93,283
1098,402,92,283
1096,402,91,283
1094,402,90,283
1092,402,89,283
1090,402,88,283
1088,402,87,283
1086,402,86,283
1084,402,85,283
1080,402,88,290
1074,402,92,289
1068,402,96,288
1062,402,100,287
1056,402,104,286
1050,402,108,285
1044,402,112,284
1038,402,116,283
1032,402,120,282
1026,402,124,281
1020,402,128,280
1014,402,132,279
1008,402,136,278
1002,402,140,277
996,402,144,276
985,409,141,280
979,409,141,280
973,409,141,280
967,409,141,280
961,409,141,280
955,409,141,280
949,409,141,280
943,409,141,280
937,409,141,280
931,409,141,280
925,409,141,280
919,409,141,280
913,409,141,280
907,409,141,280
901,409,141,280
894,406,139,286
892,405,136,287
890,404,133,288
888,403,130,289
886,402,127,290
884,401,124,291
882,400,121,292
880,399,118,293
878,398,115,294
876,397,112,295
874,396,109,296
872,395,106,297
870,394,103,298
868,393,100,299
866,392,97,300
866,397,94,295
862,398,96,295
858,399,98,295
854,400,100,295
850,401,102,295
846,402,104,295
842,403,106,295
838,404,108,295
834,405,110,295
830,406,112,295
826,407,114,295
822,408,116,295
818,409,118,295
814,410,120,295
810,411,122,295
807,406,119,290
801,408,122,288
795,410,125,286
789,412,128,284
783,414,131,282
777,416,134,280
771,418,137,278
765,420,140,276
759,422,143,274
753,424,146,272
747,426,149,270
741,428,152,268
735,430,155,266
729,432,158,264
723,434,161,262
713,436,169,264
708,443,168,257
703,450,167,250
698,457,166,243
693,464,165,236
688,471,164,229
683,478,163,222
678,485,162,215
673,492,161,208
668,499,160,201
663,506,159,194
658,513,158,187
653,520,157,180
648,527,156,173
643,534,155,166
631,544,156,161
625,546,164,158
619,548,172,155
613,550,180,152
607,552,188,149
601,554,196,146
595,556,204,143
589,558,212,140
583,560,220,137
577,562,228,134
571,564,236,131
565,566,244,128
559,568,252,125
553,570,260,122
547,572,268,119
539,575,269,121
537,574,272,122
535,573,275,123
533,572,278,124
531,571,281,125
529,570,284,126
527,569,287,127
525,568,290,128
523,567,293,129
521,566,296,130
519,565,299,131
517,564,302,132
515,563,305,133
513,562,308,134
511,561,311,135
505,566,315,137
505,568,315,135
505,570,315,133
505,572,315,131
505,574,315,129
505,576,315,127
505,578,315,125
505,580,315,123
505,582,315,121
505,584,315,119
505,586,315,117
505,588,315,115
505,590,315,113
505,592,315,111
505,594,315,109
508,600,313,105
508,600,313,105
508,600,313,105
508,600,313,105
508,600,313,105
508,600,313,105
508,600,313,105
508,600,313,105
508,600,313,105
508,600,313,105
508,600,313,105
508,600,313,105
508,600,313,105
508,600,313,105
508,600,313,105
505,607,313,102
505,607,313,102
505,607,313,102
505,607,313,102
505,607,313,102
505,607,313,102
505,607,313,102
505,607,313,102
505,607,313,102
505,607,313,102
505,607,313,102
505,607,313,102
505,607,313,102
505,607,313,102
505,607,313,102
503,607,315,102
503,607,315,102
503,607,315,102
503,607,315,102
503,607,315,102
503,607,315,102
503,607,315,102
503,607,315,102
503,607,315,102
503,607,315,102
503,607,315,102
503,607,315,102
503,607,315,102
503,607,315,102
503,607,315,102
508,609,308,96
508,609,308,97
508,609,308,98
508,609,308,99
508,609,308,100
508,609,308,101
508,609,308,102
508,609,308,103
508,609,308,104
508,609,308,105
508,609,308,106
508,609,308,107
508,609,308,108
508,609,308,109
508,609,308,110
508,607,310,105
508,607,310,104
508,607,310,103
508,607,310,102
508,607,310,101
508,607,310,100
508,607,310,99
508,607,310,98
508,607,310,97
508,607,310,96
508,607,310,95
508,607,310,94
508,607,310,93
508,607,310,92
508,607,310,91
506,614,312,93
506,614,312,93
506,614,312,93
506,614,312,93
506,614,312,93
506,614,312,93
506,614,312,93
506,614,312,93
506,614,312,93
506,614,312,93
506,614,312,93
506,614,312,93
506,614,312,93
506,614,312,93
506,614,312,93
505,619,316,93
505,619,316,93
505,619,316,93
505,619,316,93
505,619,316,93
505,619,316,93
505,619,316,93
505,619,316,93
505,619,316,93
505,619,316,93
505,619,316,93
505,619,316,93
505,619,316,93
505,619,316,93
505,619,316,93
508,616,319,93
508,616,319,93
508,616,319,93
508,616,319,93
508,616,319,93
508,616,319,93
508,616,319,93
508,616,319,93
508,616,319,93
508,616,319,93
508,616,319,93
508,616,319,93
508,616,319,93
508,616,319,93
508,616,319,93
506,619,312,86
506,619,312,86
506,619,312,86
506,619,312,86
506,619,312,86
506,619,312,86
506,619,312,86
506,619,312,86
506,619,312,86
506,619,312,86
506,619,312,86
506,619,312,86
506,619,312,86
506,619,312,86
506,619,312,86
508,614,310,91
508,615,310,90
508,616,310,89
508,617,310,88
508,618,310,87
508,619,310,86
508,620,310,85
508,621,310,84
508,622,310,83
508,623,310,82
508,624,310,81
508,625,310,80
508,626,310,79
508,627,310,78
508,628,310,77
506,623,312,82
