1523,384,72,212
1520,384,74,213
1517,384,76,214
1514,384,78,215
1511,384,80,216
1508,384,82,217
1505,384,84,218
1502,384,86,219
1499,384,88,220
1496,384,90,221
1493,384,92,222
1490,384,94,223
1487,384,96,224
1484,384,98,225
1481,384,100,226
1479,386,97,223
1476,386,98,223
1473,386,99,223
1470,386,100,223
1467,386,101,223
1464,386,102,223
1461,386,103,223
1458,386,104,223
1455,386,105,223
1452,386,106,223
1449,386,107,223
1446,386,108,223
1443,386,109,223
1440,386,110,223
1437,386,111,223
1436,382,112,227
1435,382,110,228
1434,382,108,229
1433,382,106,230
1432,382,104,231
1431,382,102,232
1430,382,100,233
1429,382,98,234
1428,382,96,235
1427,382,94,236
1426,382,92,237
1425,382,90,238
1424,382,88,239
1423,382,86,240
1422,382,84,241
1427,375,79,244
1423,376,81,244
1419,377,83,244
1415,378,85,244
1411,379,87,244
1407,380,89,244
1403,381,91,244
1399,382,93,244
1395,383,95,244
1391,384,97,244
1387,385,99,244
1383,386,101,244
1379,387,103,244
1375,388,105,244
1371,389,107,244
1373,389,103,240
1369,389,103,240
1365,389,103,240
1361,389,103,240
1357,389,103,240
1353,389,103,240
1349,389,103,240
1345,389,103,240
1341,389,103,240
1337,389,103,240
1333,389,103,240
1329,389,103,240
1325,389,103,240
1321,389,103,240
1317,389,103,240
1316,386,106,243
1311,386,107,244
1306,386,108,245
1301,386,109,246
1296,386,110,247
1291,386,111,248
1286,386,112,249
1281,386,113,250
1276,386,114,251
1271,386,115,252
1266,386,116,253
1261,386,117,254
1256,386,118,255
1251,386,119,256
1246,386,120,257
1244,382,125,254
1242,381,123,255
1240,380,121,256
1238,379,119,257
1236,378,117,258
1234,377,115,259
1232,376,113,260
1230,375,111,261
1228,374,109,262
1226,373,107,263
1224,372,105,264
1222,371,103,265
1220,370,101,266
1218,369,99,267
1216,368,97,268
1207,372,90,264
1203,372,90,265
1199,372,90,266
1195,372,90,267
1191,372,90,268
1187,372,90,269
1183,372,90,270
1179,372,90,271
1175,372,90,272
1171,372,90,273
1167,372,90,274
1163,372,90,275
1159,372,90,276
1155,372,90,277
1151,372,90,278
1153,367,90,281
1148,367,92,281
1143,367,94,281
1138,367,96,281
1133,367,98,281
1128,367,100,281
1123,367,102,281
1118,367,104,281
1113,367,106,281
1108,367,108,281
1103,367,110,281
1098,367,112,281
1093,367,114,281
1088,367,116,281
1083,367,118,281
1073,369,116,277
1067,368,117,278
1061,367,118,279
1055,366,119,280
1049,365,120,281
1043,364,121,282
1037,363,122,283
1031,362,123,284
1025,361,124,285
1019,360,125,286
1013,359,126,287
1007,358,127,288
1001,357,128,289
995,356,129,290
989,355,130,291
988,360,127,288
986,360,125,288
984,360,123,288
982,360,121,288
980,360,119,288
978,360,117,288
976,360,115,288
974,360,113,288
972,360,111,288
970,360,109,288
968,360,107,288
966,360,105,288
964,360,103,288
962,360,101,288
960,360,99,288
955,357,90,288
951,357,91,288
947,357,92,288
943,357,93,288
939,357,94,288
935,357,95,288
931,357,96,288
927,357,97,288
923,357,98,288
919,357,99,288
915,357,100,288
911,357,101,288
907,357,102,288
903,357,103,288
899,357,104,288
892,354,101,292
884,355,104,292
876,356,107,292
868,357,110,292
860,358,113,292
852,359,116,292
844,360,119,292
836,361,122,292
828,362,125,292
820,363,128,292
812,364,131,292
804,365,134,292
796,366,137,292
788,367,140,292
780,368,143,292
779,364,151,286
777,364,149,286
775,364,147,286
773,364,145,286
771,364,143,286
769,364,141,286
767,364,139,286
765,364,137,286
763,364,135,286
761,364,133,286
759,364,131,286
757,364,129,286
755,364,127,286
753,364,125,286
751,364,123,286
748,367,117,284
743,370,119,281
738,373,121,278
733,376,123,275
728,379,125,272
723,382,127,269
718,385,129,266
713,388,131,263
708,391,133,260
703,394,135,257
698,397,137,254
693,400,139,251
688,403,141,248
683,406,143,245
678,409,145,242
672,416,151,234
669,422,150,229
666,428,149,224
663,434,148,219
660,440,147,214
657,446,146,209
654,452,145,204
651,458,144,199
648,464,143,194
645,470,142,189
642,476,141,184
639,482,140,179
636,488,139,174
633,494,138,169
630,500,137,164
620,500,132,155
615,502,139,152
610,504,146,149
605,506,153,146
600,508,160,143
595,510,167,140
590,512,174,137
585,514,181,134
580,516,188,131
575,518,195,128
570,520,202,125
565,522,209,122
560,524,216,119
555,526,223,116
550,528,230,113
548,529,236,105
544,529,240,106
540,529,244,107
536,529,248,108
532,529,252,109
528,529,256,110
524,529,260,111
520,529,264,112
516,529,268,113
512,529,272,114
508,529,276,115
504,529,280,116
500,529,284,117
496,529,288,118
492,529,292,119
485,529,299,122
485,529,299,122
485,529,299,122
485,529,299,122
485,529,299,122
485,529,299,122
485,529,299,122
485,529,299,122
485,529,299,122
485,529,299,122
485,529,299,122
485,529,299,122
485,529,299,122
485,529,299,122
485,529,299,122
483,527,304,128
483,527,304,127
483,527,304,126
483,527,304,125
483,527,304,124
483,527,304,123
483,527,304,122
483,527,304,121
483,527,304,120
483,527,304,119
483,527,304,118
483,527,304,117
483,527,304,116
483,527,304,115
483,527,304,114
477,531,307,119
477,531,307,119
477,531,307,119
477,531,307,119
477,531,307,119
477,531,307,119
477,531,307,119
477,531,307,119
477,531,307,119
477,531,307,119
477,531,307,119
477,531,307,119
477,531,307,119
477,531,307,119
477,531,307,119
483,531,304,117
483,531,304,117
483,531,304,117
483,531,304,117
483,531,304,117
483,531,304,117
483,531,304,117
483,531,304,117
483,531,304,117
483,531,304,117
483,531,304,117
483,531,304,117
483,531,304,117
483,531,304,117
483,531,304,117
477,529,309,122
477,529,309,122
477,529,309,122
477,529,309,122
477,529,309,122
477,529,309,122
477,529,309,122
477,529,309,122
477,529,309,122
477,529,309,122
477,529,309,122
477,529,309,122
477,529,309,122
477,529,309,122
477,529,309,122
481,526,306,125
481,526,306,125
481,526,306,125
481,526,306,125
481,526,306,125
481,526,306,125
481,526,306,125
481,526,306,125
481,526,306,125
481,526,306,125
481,526,306,125
481,526,306,125
481,526,306,125
481,526,306,125
481,526,306,125
475,531,312,119
475,531,312,119
475,531,312,119
475,531,312,119
475,531,312,119
475,531,312,119
475,531,312,119
475,531,312,119
475,531,312,119
475,531,312,119
475,531,312,119
475,531,312,119
475,531,312,119
475,531,312,119
475,531,312,119
479,524,312,126
479,524,312,126
479,524,312,126
479,524,312,126
479,524,312,126
479,524,312,126
479,524,312,126
479,524,312,126
479,524,312,126
479,524,312,126
479,524,312,126
479,524,312,126
479,524,312,126
479,524,312,126
479,524,312,126
481,526,306,125
481,526,306,125
481,526,306,125
481,526,306,125
481,526,306,125
481,526,306,125
481,526,306,125
481,526,306,125
481,526,306,125
481,526,306,125
481,526,306,125
481,526,306,125
481,526,306,125
481,526,306,125
481,526,306,125
483,526,304,127
482,526,305,127
481,526,306,127
480,526,307,127
479,526,308,127
478,526,309,127
477,526,310,127
476,526,311,127
475,526,312,127
474,526,313,127
473,526,314,127
472,526,315,127
471,526,316,127
470,526,317,127
469,526,318,127
475,524,312,129
475,524,312,129
475,524,312,129
475,524,312,129
475,524,312,129
475,524,312,129
475,524,312,129
475,524,312,129
475,524,312,129
475,524,312,129
475,524,312,129
475,524,312,129
475,524,312,129
475,524,312,129
475,524,312,129
481,526,306,125
481,526,306,125
481,526,306,125
481,526,306,125
481,526,306,125
481,526,306,125
481,526,306,125
481,526,306,125
481,526,306,125
481,526,306,125
481,526,306,125
481,526,306,125
481,526,306,125
481,526,306,125
481,526,306,125
477,524,307,127
