1527,457,56,152
1527,458,56,151
1527,459,56,150
1527,460,56,149
1527,461,56,148
1527,462,56,147
1527,463,56,146
1527,464,56,145
1527,465,56,144
1527,466,56,143
1527,467,56,142
1527,468,56,141
1527,469,56,140
1527,470,56,139
1527,471,56,138
1526,472,50,140
1525,472,50,140
1524,472,50,140
1523,472,50,140
1522,472,50,140
1521,472,50,140
1520,472,50,140
1519,472,50,140
1518,472,50,140
1517,472,50,140
1516,472,50,140
1515,472,50,140
1514,472,50,140
1513,472,50,140
1512,472,50,140
1509,466,57,146
1509,466,57,147
1509,466,57,148
1509,466,57,149
1509,466,57,150
1509,466,57,151
1509,466,57,152
1509,466,57,153
1509,466,57,154
1509,466,57,155
1509,466,57,156
1509,466,57,157
1509,466,57,158
1509,466,57,159
1509,466,57,160
1502,463,55,157
1500,463,55,157
1498,463,55,157
1496,463,55,157
1494,463,55,157
1492,463,55,157
1490,463,55,157
1488,463,55,157
1486,463,55,157
1484,463,55,157
1482,463,55,157
1480,463,55,157
1478,463,55,157
1476,463,55,157
1474,463,55,157
1473,465,55,161
1471,465,56,161
1469,465,57,161
1467,465,58,161
1465,465,59,161
1463,465,60,161
1461,465,61,161
1459,465,62,161
1457,465,63,161
1455,465,64,161
1453,465,65,161
1451,465,66,161
1449,465,67,161
1447,465,68,161
1445,465,69,161
1446,468,65,168
1445,468,65,168
1444,468,65,168
1443,468,65,168
1442,468,65,168
1441,468,65,168
1440,468,65,168
1439,468,65,168
1438,468,65,168
1437,468,65,168
1436,468,65,168
1435,468,65,168
1434,468,65,168
1433,468,65,168
1432,468,65,168
1427,468,66,171
1426,468,66,172
1425,468,66,173
1424,468,66,174
1423,468,66,175
1422,468,66,176
1421,468,66,177
1420,468,66,178
1419,468,66,179
1418,468,66,180
1417,468,66,181
1416,468,66,182
1415,468,66,183
1414,468,66,184
1413,468,66,185
1405,469,67,181
1403,470,68,181
1401,471,69,181
1399,472,70,181
1397,473,71,181
1395,474,72,181
1393,475,73,181
1391,476,74,181
1389,477,75,181
1387,478,76,181
1385,479,77,181
1383,480,78,181
1381,481,79,181
1379,482,80,181
1377,483,81,181
1369,480,78,179
1367,480,78,179
1365,480,78,179
1363,480,78,179
1361,480,78,179
1359,480,78,179
1357,480,78,179
1355,480,78,179
1353,480,78,179
1351,480,78,179
1349,480,78,179
1347,480,78,179
1345,480,78,179
1343,480,78,179
1341,480,78,179
1336,486,77,180
1334,486,76,181
1332,486,75,182
1330,486,74,183
1328,486,73,184
1326,486,72,185
1324,486,71,186
1322,486,70,187
1320,486,69,188
1318,486,68,189
1316,486,67,190
1314,486,66,191
1312,486,65,192
1310,486,64,193
1308,486,63,194
1307,483,55,191
1304,483,56,191
1301,483,57,191
1298,483,58,191
1295,483,59,191
1292,483,60,191
1289,483,61,191
1286,483,62,191
1283,483,63,191
1280,483,64,191
1277,483,65,191
1274,483,66,191
1271,483,67,191
1268,483,68,191
1265,483,69,191
1261,487,70,185
1258,487,70,186
1255,487,70,187
1252,487,70,188
1249,487,70,189
1246,487,70,190
1243,487,70,191
1240,487,70,192
1237,487,70,193
1234,487,70,194
1231,487,70,195
1228,487,70,196
1225,487,70,197
1222,487,70,198
1219,487,70,199
1213,490,76,196
1199,490,76,198
1185,490,76,200
1171,490,76,202
1157,490,76,204
1143,490,76,206
1129,490,76,208
1115,490,76,210
1101,490,76,212
1087,490,76,214
1073,490,76,216
1059,490,76,218
1045,490,76,220
1031,490,76,222
1017,490,76,224
1006,490,79,221
1002,491,80,220
998,492,81,219
994,493,82,218
990,494,83,217
986,495,84,216
982,496,85,215
978,497,86,214
974,498,87,213
970,499,88,212
966,500,89,211
962,501,90,210
958,502,91,209
954,503,92,208
950,504,93,207
943,499,96,206
940,499,96,206
937,499,96,206
934,499,96,206
931,499,96,206
928,499,96,206
925,499,96,206
922,499,96,206
919,499,96,206
916,499,96,206
913,499,96,206
910,499,96,206
907,499,96,206
904,499,96,206
901,499,96,206
891,505,92,202
888,508,93,199
885,511,94,196
882,514,95,193
879,517,96,190
876,520,97,187
873,523,98,184
870,526,99,181
867,529,100,178
864,532,101,175
861,535,102,172
858,538,103,169
855,541,104,166
852,544,105,163
849,547,106,160
843,546,105,164
834,551,113,159
825,556,121,154
816,561,129,149
807,566,137,144
798,571,145,139
789,576,153,134
780,581,161,129
771,586,169,124
762,591,177,119
753,596,185,114
744,601,193,109
735,606,201,104
726,611,209,99
717,616,217,94
714,620,220,90
714,620,220,90
714,620,220,90
714,620,220,90
714,620,220,90
714,620,220,90
714,620,220,90
714,620,220,90
714,620,220,90
714,620,220,90
714,620,220,90
714,620,220,90
714,620,220,90
714,620,220,90
714,620,220,90
709,623,223,87
709,623,223,87
709,623,223,87
709,623,223,87
709,623,223,87
709,623,223,87
709,623,223,87
709,623,223,87
709,623,223,87
709,623,223,87
709,623,223,87
709,623,223,87
709,623,223,87
709,623,223,87
709,623,223,87
709,625,222,86
709,625,222,86
709,625,222,86
709,625,222,86
709,625,222,86
709,625,222,86
709,625,222,86
709,625,222,86
709,625,222,86
709,625,222,86
709,625,222,86
709,625,222,86
709,625,222,86
709,625,222,86
709,625,222,86
714,626,218,84
714,626,218,84
714,626,218,84
714,626,218,84
714,626,218,84
714,626,218,84
714,626,218,84
714,626,218,84
714,626,218,84
714,626,218,84
714,626,218,84
714,626,218,84
714,626,218,84
714,626,218,84
714,626,218,84
712,626,222,85
712,626,222,85
712,626,222,85
712,626,222,85
712,626,222,85
712,626,222,85
712,626,222,85
712,626,222,85
712,626,222,85
712,626,222,85
712,626,222,85
712,626,222,85
712,626,222,85
712,626,222,85
712,626,222,85
712,625,219,85
712,625,219,85
712,625,219,85
712,625,219,85
712,625,219,85
712,625,219,85
712,625,219,85
712,625,219,85
712,625,219,85
712,625,219,85
712,625,219,85
712,625,219,85
712,625,219,85
712,625,219,85
712,625,219,85
711,626,221,85
