1427,384,57,185
1425,384,57,186
1423,384,57,187
1421,384,57,188
1419,384,57,189
1417,384,57,190
1415,384,57,191
1413,384,57,192
1411,384,57,193
1409,384,57,194
1407,384,57,195
1405,384,57,196
1403,384,57,197
1401,384,57,198
1399,384,57,199
1396,383,63,196
1394,383,64,196
1392,383,65,196
1390,383,66,196
1388,383,67,196
1386,383,68,196
1384,383,69,196
1382,383,70,196
1380,383,71,196
1378,383,72,196
1376,383,73,196
1374,383,74,196
1372,383,75,196
1370,383,76,196
1368,383,77,196
1364,389,77,197
1362,390,77,197
1360,391,77,197
1358,392,77,197
1356,393,77,197
1354,394,77,197
1352,395,77,197
1350,396,77,197
1348,397,77,197
1346,398,77,197
1344,399,77,197
1342,400,77,197
1340,401,77,197
1338,402,77,197
1336,403,77,197
1329,397,78,193
1327,397,78,193
1325,397,78,193
1323,397,78,193
1321,397,78,193
1319,397,78,193
1317,397,78,193
1315,397,78,193
1313,397,78,193
1311,397,78,193
1309,397,78,193
1307,397,78,193
1305,397,78,193
1303,397,78,193
1301,397,78,193
1297,400,79,197
1295,400,78,198
1293,400,77,199
1291,400,76,200
1289,400,75,201
1287,400,74,202
1285,400,73,203
1283,400,72,204
1281,400,71,205
1279,400,70,206
1277,400,69,207
1275,400,68,208
1273,400,67,209
1271,400,66,210
1269,400,65,211
1260,400,66,209
1256,400,67,209
1252,400,68,209
1248,400,69,209
1244,400,70,209
1240,400,71,209
1236,400,72,209
1232,400,73,209
1228,400,74,209
1224,400,75,209
1220,400,76,209
1216,400,77,209
1212,400,78,209
1208,400,79,209
1204,400,80,209
1203,406,84,203
1199,406,85,204
1195,406,86,205
1191,406,87,206
1187,406,88,207
1183,406,89,208
1179,406,90,209
1175,406,91,210
1171,406,92,211
1167,406,93,212
1163,406,94,213
1159,406,95,214
1155,406,96,215
1151,406,97,216
1147,406,98,217
1141,405,95,215
1139,405,93,215
1137,405,91,215
1135,405,89,215
1133,405,87,215
1131,405,85,215
1129,405,83,215
1127,405,81,215
1125,405,79,215
1123,405,77,215
1121,405,75,215
1119,405,73,215
1117,405,71,215
1115,405,69,215
1113,405,67,215
1109,401,71,222
1106,401,71,222
1103,401,71,222
1100,401,71,222
1097,401,71,222
1094,401,71,222
1091,401,71,222
1088,401,71,222
1085,401,71,222
1082,401,71,222
1079,401,71,222
1076,401,71,222
1073,401,71,222
1070,401,71,222
1067,401,71,222
1063,405,74,226
1058,405,76,226
1053,405,78,226
1048,405,80,226
1043,405,82,226
1038,405,84,226
1033,405,86,226
1028,405,88,226
1023,405,90,226
1018,405,92,226
1013,405,94,226
1008,405,96,226
1003,405,98,226
998,405,100,226
993,405,102,226
994,406,99,225
990,406,99,225
986,406,99,225
982,406,99,225
978,406,99,225
974,406,99,225
970,406,99,225
966,406,99,225
962,406,99,225
958,406,99,225
954,406,99,225
950,406,99,225
946,406,99,225
942,406,99,225
938,406,99,225
932,410,104,230
930,410,101,230
928,410,98,230
926,410,95,230
924,410,92,230
922,410,89,230
920,410,86,230
918,410,83,230
916,410,80,230
914,410,77,230
912,410,74,230
910,410,71,230
908,410,68,230
906,410,65,230
904,410,62,230
900,407,60,235
895,408,64,235
890,409,68,235
885,410,72,235
880,411,76,235
875,412,80,235
870,413,84,235
865,414,88,235
860,415,92,235
855,416,96,235
850,417,100,235
845,418,104,235
840,419,108,235
835,420,112,235
830,421,116,235
827,417,115,233
824,418,114,232
821,419,113,231
818,420,112,230
815,421,111,229
812,422,110,228
809,423,109,227
806,424,108,226
803,425,107,225
800,426,106,224
797,427,105,223
794,428,104,222
791,429,103,221
788,430,102,220
785,431,101,219
778,431,99,216
775,435,100,212
772,439,101,208
769,443,102,204
766,447,103,200
763,451,104,196
760,455,105,192
757,459,106,188
754,463,107,184
751,467,108,180
748,471,109,176
745,475,110,172
742,479,111,168
739,483,112,164
736,487,113,160
726,493,116,161
723,497,116,157
720,501,116,153
717,505,116,149
714,509,116,145
711,513,116,141
708,517,116,137
705,521,116,133
702,525,116,129
699,529,116,125
696,533,116,121
693,537,116,117
690,541,116,113
687,545,116,109
684,549,116,105
687,554,123,103
682,555,129,102
677,556,135,101
672,557,141,100
667,558,147,99
662,559,153,98
657,560,159,97
652,561,165,96
647,562,171,95
642,563,177,94
637,564,183,93
632,565,189,92
627,566,195,91
622,567,201,90
617,568,207,89
615,562,217,83
614,562,218,84
613,562,219,85
612,562,220,86
611,562,221,87
610,562,222,88
609,562,223,89
608,562,224,90
607,562,225,91
606,562,226,92
605,562,227,93
604,562,228,94
603,562,229,95
602,562,230,96
601,562,231,97
600,555,235,93
600,555,235,93
600,555,235,93
600,555,235,93
600,555,235,93
600,555,235,93
600,555,235,93
600,555,235,93
600,555,235,93
600,555,235,93
600,555,235,93
600,555,235,93
600,555,235,93
600,555,235,93
600,555,235,93
598,557,238,93
598,557,238,93
598,557,238,93
598,557,238,93
598,557,238,93
598,557,238,93
598,557,238,93
598,557,238,93
598,557,238,93
598,557,238,93
598,557,238,93
598,557,238,93
598,557,238,93
598,557,238,93
598,557,238,93
598,558,241,92
598,558,241,92
598,558,241,92
598,558,241,92
598,558,241,92
598,558,241,92
598,558,241,92
598,558,241,92
598,558,241,92
598,558,241,92
598,558,241,92
598,558,241,92
598,558,241,92
598,558,241,92
598,558,241,92
598,554,240,96
598,554,240,96
598,554,240,96
598,554,240,96
598,554,240,96
598,554,240,96
598,554,240,96
598,554,240,96
598,554,240,96
598,554,240,96
598,554,240,96
598,554,240,96
598,554,240,96
598,554,240,96
598,554,240,96
600,557,236,94
600,557,236,94
600,557,236,94
600,557,236,94
600,557,236,94
600,557,236,94
600,557,236,94
600,557,236,94
600,557,236,94
600,557,236,94
600,557,236,94
600,557,236,94
600,557,236,94
600,557,236,94
600,557,236,94
598,559,240,91
598,559,240,91
598,559,240,91
598,559,240,91
598,559,240,91
598,559,240,91
598,559,240,91
598,559,240,91
598,559,240,91
598,559,240,91
598,559,240,91
598,559,240,91
598,559,240,91
598,559,240,91
598,559,240,91
598,557,238,94
598,557,238,94
598,557,238,94
598,557,238,94
598,557,238,94
598,557,238,94
598,557,238,94
598,557,238,94
598,557,238,94
598,557,238,94
598,557,238,94
598,557,238,94
598,557,238,94
598,557,238,94
598,557,238,94
597,555,238,95
597,555,238,95
597,555,238,95
597,555,238,95
597,555,238,95
597,555,238,95
597,555,238,95
597,555,238,95
597,555,238,95
597,555,238,95
597,555,238,95
597,555,238,95
597,555,238,95
597,555,238,95
597,555,238,95
594,557,244,95
594,557,244,95
594,557,244,95
594,557,244,95
594,557,244,95
594,557,244,95
594,557,244,95
594,557,244,95
594,557,244,95
594,557,244,95
594,557,244,95
594,557,244,95
594,557,244,95
594,557,244,95
594,557,244,95
597,558,242,93
597,558,242,93
597,558,242,93
597,558,242,93
597,558,242,93
597,558,242,93
597,558,242,93
597,558,242,93
597,558,242,93
597,558,242,93
597,558,242,93
597,558,242,93
597,558,242,93
597,558,242,93
597,558,242,93
601,559,237,91
601,559,237,91
601,559,237,91
601,559,237,91
601,559,237,91
601,559,237,91
601,559,237,91
601,559,237,91
601,559,237,91
601,559,237,91
601,559,237,91
601,559,237,91
601,559,237,91
601,559,237,91
601,559,237,91
597,557,241,90
597,557,241,90
597,557,241,90
597,557,241,90
597,557,241,90
597,557,241,90
597,557,241,90
597,557,241,90
597,557,241,90
597,557,241,90
597,557,241,90
597,557,241,90
597,557,241,90
597,557,241,90
597,557,241,90
597,555,239,96
