1611,415,53,138
1609,414,53,140
1607,413,53,142
1605,412,53,144
1603,411,53,146
1601,410,53,148
1599,409,53,150
1597,408,53,152
1595,407,53,154
1593,406,53,156
1591,405,53,158
1589,404,53,160
1587,403,53,162
1585,402,53,164
1583,401,53,166
1586,397,60,167
1583,397,59,168
1580,397,58,169
1577,397,57,170
1574,397,56,171
1571,397,55,172
1568,397,54,173
1565,397,53,174
1562,397,52,175
1559,397,51,176
1556,397,50,177
1553,397,49,178
1550,397,48,179
1547,397,47,180
1544,397,46,181
1544,395,48,175
1538,395,50,176
1532,395,52,177
1526,395,54,178
1520,395,56,179
1514,395,58,180
1508,395,60,181
1502,395,62,182
1496,395,64,183
1490,395,66,184
1484,395,68,185
1478,395,70,186
1472,395,72,187
1466,395,74,188
1460,395,76,189
1455,395,78,187
1450,395,78,188
1445,395,78,189
1440,395,78,190
1435,395,78,191
1430,395,78,192
1425,395,78,193
1420,395,78,194
1415,395,78,195
1410,395,78,196
1405,395,78,197
1400,395,78,198
1395,395,78,199
1390,395,78,200
1385,395,78,201
1380,395,83,200
1372,395,84,201
1364,395,85,202
1356,395,86,203
1348,395,87,204
1340,395,88,205
1332,395,89,206
1324,395,90,207
1316,395,91,208
1308,395,92,209
1300,395,93,210
1292,395,94,211
1284,395,95,212
1276,395,96,213
1268,395,97,214
1253,397,104,213
1246,397,105,214
1239,397,106,215
1232,397,107,216
1225,397,108,217
1218,397,109,218
1211,397,110,219
1204,397,111,220
1197,397,112,221
1190,397,113,222
1183,397,114,223
1176,397,115,224
1169,397,116,225
1162,397,117,226
1155,397,118,227
1143,403,117,222
1138,403,116,222
1133,403,115,222
1128,403,114,222
1123,403,113,222
1118,403,112,222
1113,403,111,222
1108,403,110,222
1103,403,109,222
1098,403,108,222
1093,403,107,222
1088,403,106,222
1083,403,105,222
1078,403,104,222
1073,403,103,222
1062,407,104,221
1057,408,104,221
1052,409,104,221
1047,410,104,221
1042,411,104,221
1037,412,104,221
1032,413,104,221
1027,414,104,221
1022,415,104,221
1017,416,104,221
1012,417,104,221
1007,418,104,221
1002,419,104,221
997,420,104,221
992,421,104,221
982,415,104,218
977,417,105,216
972,419,106,214
967,421,107,212
962,423,108,210
957,425,109,208
952,427,110,206
947,429,111,204
942,431,112,202
937,433,113,200
932,435,114,198
927,437,115,196
922,439,116,194
917,441,117,192
912,443,118,190
900,449,115,190
895,455,114,185
890,461,113,180
885,467,112,175
880,473,111,170
875,479,110,165
870,485,109,160
865,491,108,155
860,497,107,150
855,503,106,145
850,509,105,140
845,515,104,135
840,521,103,130
835,527,102,125
830,533,101,120
823,534,104,118
817,536,111,115
811,538,118,112
805,540,125,109
799,542,132,106
793,544,139,103
787,546,146,100
781,548,153,97
775,550,160,94
769,552,167,91
763,554,174,88
757,556,181,85
751,558,188,82
745,560,195,79
739,562,202,76
738,566,212,77
735,566,214,77
732,566,216,77
729,566,218,77
726,566,220,77
723,566,222,77
720,566,224,77
717,566,226,77
714,566,228,77
711,566,230,77
708,566,232,77
705,566,234,77
702,566,236,77
699,566,238,77
696,566,240,77
699,572,249,80
699,573,249,79
699,574,249,78
699,575,249,77
699,576,249,76
699,577,249,75
699,578,249,74
699,579,249,73
699,580,249,72
699,581,249,71
699,582,249,70
699,583,249,69
699,584,249,68
699,585,249,67
699,586,249,66
705,587,243,65
705,587,243,65
705,587,243,65
705,587,243,65
705,587,243,65
705,587,243,65
705,587,243,65
705,587,243,65
705,587,243,65
705,587,243,65
705,587,243,65
705,587,243,65
705,587,243,65
705,587,243,65
705,587,243,65
702,585,246,70
702,585,246,70
702,585,246,70
702,585,246,70
702,585,246,70
702,585,246,70
702,585,246,70
702,585,246,70
702,585,246,70
702,585,246,70
702,585,246,70
702,585,246,70
702,585,246,70
702,585,246,70
702,585,246,70
705,585,245,70
705,585,245,70
705,585,245,70
705,585,245,70
705,585,245,70
705,585,245,70
705,585,245,70
705,585,245,70
705,585,245,70
705,585,245,70
705,585,245,70
705,585,245,70
705,585,245,70
705,585,245,70
705,585,245,70
704,585,243,66
704,585,243,66
704,585,243,66
704,585,243,66
704,585,243,66
704,585,243,66
704,585,243,66
704,585,243,66
704,585,243,66
704,585,243,66
704,585,243,66
704,585,243,66
704,585,243,66
704,585,243,66
704,585,243,66
705,584,245,65
705,584,245,65
705,584,245,65
705,584,245,65
705,584,245,65
705,584,245,65
705,584,245,65
705,584,245,65
705,584,245,65
705,584,245,65
705,584,245,65
705,584,245,65
705,584,245,65
705,584,245,65
705,584,245,65
707,588,245,70
707,588,245,70
707,588,245,70
707,588,245,70
707,588,245,70
707,588,245,70
707,588,245,70
707,588,245,70
707,588,245,70
707,588,245,70
707,588,245,70
707,588,245,70
707,588,245,70
707,588,245,70
707,588,245,70
704,588,239,64
704,588,239,64
704,588,239,64
704,588,239,64
704,588,239,64
704,588,239,64
704,588,239,64
704,588,239,64
704,588,239,64
704,588,239,64
704,588,239,64
704,588,239,64
704,588,239,64
704,588,239,64
704,588,239,64
705,587,243,70
705,587,243,70
705,587,243,70
705,587,243,70
705,587,243,70
705,587,243,70
705,587,243,70
705,587,243,70
705,587,243,70
705,587,243,70
705,587,243,70
705,587,243,70
705,587,243,70
705,587,243,70
705,587,243,70
705,588,243,64
705,588,243,64
705,588,243,64
705,588,243,64
705,588,243,64
705,588,243,64
705,588,243,64
705,588,243,64
705,588,243,64
705,588,243,64
705,588,243,64
705,588,243,64
705,588,243,64
705,588,243,64
705,588,243,64
704,587,246,61
704,587,246,61
704,587,246,61
704,587,246,61
704,587,246,61
704,587,246,61
704,587,246,61
704,587,246,61
704,587,246,61
704,587,246,61
704,587,246,61
704,587,246,61
704,587,246,61
704,587,246,61
704,587,246,61
704,588,239,58
704,588,240,58
704,588,241,58
704,588,242,58
704,588,243,58
704,588,244,58
704,588,245,58
704,588,246,58
704,588,247,58
704,588,248,58
704,588,249,58
704,588,250,58
704,588,251,58
704,588,252,58
704,588,253,58
705,590,250,62
705,590,250,62
705,590,250,62
705,590,250,62
705,590,250,62
705,590,250,62
705,590,250,62
705,590,250,62
705,590,250,62
705,590,250,62
705,590,250,62
705,590,250,62
705,590,250,62
705,590,250,62
705,590,250,62
707,590,245,61
707,590,245,61
707,590,245,61
707,590,245,61
707,590,245,61
707,590,245,61
707,590,245,61
707,590,245,61
707,590,245,61
707,590,245,61
707,590,245,61
707,590,245,61
707,590,245,61
707,590,245,61
707,590,245,61
701,588,247,60
701,588,247,60
701,588,247,60
701,588,247,60
701,588,247,60
701,588,247,60
701,588,247,60
701,588,247,60
701,588,247,60
701,588,247,60
701,588,247,60
701,588,247,60
701,588,247,60
701,588,247,60
701,588,247,60
707,590,241,59
707,590,241,59
707,590,241,59
707,590,241,59
707,590,241,59
707,590,241,59
707,590,241,59
707,590,241,59
707,590,241,59
707,590,241,59
707,590,241,59
707,590,241,59
707,590,241,59
707,590,241,59
707,590,241,59
705,588,238,61
705,588,238,61
705,588,238,61
705,588,238,61
705,588,238,61
705,588,238,61
705,588,238,61
705,588,238,61
705,588,238,61
705,588,238,61
705,588,238,61
705,588,238,61
705,588,238,61
705,588,238,61
705,588,238,61
707,590,240,62
707,590,240,62
707,590,240,62
707,590,240,62
707,590,240,62
707,590,240,62
707,590,240,62
707,590,240,62
707,590,240,62
707,590,240,62
707,590,240,62
707,590,240,62
707,590,240,62
707,590,240,62
707,590,240,62
704,587,239,62
