1588,473,62,150
1584,472,62,151
1580,471,62,152
1576,470,62,153
1572,469,62,154
1568,468,62,155
1564,467,62,156
1560,466,62,157
1556,465,62,158
1552,464,62,159
1548,463,62,160
1544,462,62,161
1540,461,62,162
1536,460,62,163
1532,459,62,164
1530,465,64,172
1523,466,64,172
1516,467,64,172
1509,468,64,172
1502,469,64,172
1495,470,64,172
1488,471,64,172
1481,472,64,172
1474,473,64,172
1467,474,64,172
1460,475,64,172
1453,476,64,172
1446,477,64,172
1439,478,64,172
1432,479,64,172
1431,484,70,174
1422,484,71,176
1413,484,72,178
1404,484,73,180
1395,484,74,182
1386,484,75,184
1377,484,76,186
1368,484,77,188
1359,484,78,190
1350,484,79,192
1341,484,80,194
1332,484,81,196
1323,484,82,198
1314,484,83,200
1305,484,84,202
1293,486,91,199
1286,486,89,200
1279,486,87,201
1272,486,85,202
1265,486,83,203
1258,486,81,204
1251,486,79,205
1244,486,77,206
1237,486,75,207
1230,486,73,208
1223,486,71,209
1216,486,69,210
1209,486,67,211
1202,486,65,212
1195,486,63,213
1183,484,64,208
1176,484,65,208
1169,484,66,208
1162,484,67,208
1155,484,68,208
1148,484,69,208
1141,484,70,208
1134,484,71,208
1127,484,72,208
1120,484,73,208
1113,484,74,208
1106,484,75,208
1099,484,76,208
1092,484,77,208
1085,484,78,208
1080,490,82,205
1074,493,84,203
1068,496,86,201
1062,499,88,199
1056,502,90,197
1050,505,92,195
1044,508,94,193
1038,511,96,191
1032,514,98,189
1026,517,100,187
1020,520,102,185
1014,523,104,183
1008,526,106,181
1002,529,108,179
996,532,110,177
983,535,114,170
977,540,116,165
971,545,118,160
965,550,120,155
959,555,122,150
953,560,124,145
947,565,126,140
941,570,128,135
935,575,130,130
929,580,132,125
923,585,134,120
917,590,136,115
911,595,138,110
905,600,140,105
899,605,142,100
895,617,147,91
889,618,152,90
883,619,157,89
877,620,162,88
871,621,167,87
865,622,172,86
859,623,177,85
853,624,182,84
847,625,187,83
841,626,192,82
835,627,197,81
829,628,202,80
823,629,207,79
817,630,212,78
811,631,217,77
810,625,215,76
810,627,216,75
810,629,217,74
810,631,218,73
810,633,219,72
810,635,220,71
810,637,221,70
810,639,222,69
810,641,223,68
810,643,224,67
810,645,225,66
810,647,226,65
810,649,227,64
810,651,228,63
810,653,229,62
808,648,232,60
808,648,232,60
808,648,232,60
808,648,232,60
808,648,232,60
808,648,232,60
808,648,232,60
808,648,232,60
808,648,232,60
808,648,232,60
808,648,232,60
808,648,232,60
808,648,232,60
808,648,232,60
808,648,232,60
808,651,232,63
808,651,232,63
808,651,232,63
808,651,232,63
808,651,232,63
808,651,232,63
808,651,232,63
808,651,232,63
808,651,232,63
808,651,232,63
808,651,232,63
808,651,232,63
808,651,232,63
808,651,232,63
808,651,232,63
806,649,232,64
806,649,232,64
806,649,232,64
806,649,232,64
806,649,232,64
806,649,232,64
806,649,232,64
806,649,232,64
806,649,232,64
806,649,232,64
806,649,232,64
806,649,232,64
806,649,232,64
806,649,232,64
806,649,232,64
808,652,228,57
808,652,228,58
808,652,228,59
808,652,228,60
808,652,228,61
808,652,228,62
808,652,228,63
808,652,228,64
808,652,228,65
808,652,228,66
808,652,228,67
808,652,228,68
808,652,228,69
808,652,228,70
808,652,228,71
806,652,232,66
806,652,232,66
806,652,232,66
806,652,232,66
806,652,232,66
806,652,232,66
806,652,232,66
806,652,232,66
806,652,232,66
806,652,232,66
806,652,232,66
806,652,232,66
806,652,232,66
806,652,232,66
806,652,232,66
808,648,232,65
808,648,232,65
808,648,232,65
808,648,232,65
808,648,232,65
808,648,232,65
808,648,232,65
808,648,232,65
808,648,232,65
808,648,232,65
808,648,232,65
808,648,232,65
808,648,232,65
808,648,232,65
808,648,232,65
806,651,234,67
806,651,234,67
806,651,234,67
806,651,234,67
806,651,234,67
806,651,234,67
806,651,234,67
806,651,234,67
806,651,234,67
806,651,234,67
806,651,234,67
806,651,234,67
806,651,234,67
806,651,234,67
806,651,234,67
805,649,237,65
805,649,236,65
805,649,235,65
805,649,234,65
805,649,233,65
805,649,232,65
805,649,231,65
805,649,230,65
805,649,229,65
805,649,228,65
805,649,227,65
805,649,226,65
805,649,225,65
805,649,224,65
805,649,223,65
810,651,226,60
810,651,226,60
810,651,226,60
810,651,226,60
810,651,226,60
810,651,226,60
810,651,226,60
810,651,226,60
810,651,226,60
810,651,226,60
810,651,226,60
810,651,226,60
810,651,226,60
810,651,226,60
810,651,226,60
812,652,226,64
812,652,226,64
812,652,226,64
812,652,226,64
812,652,226,64
812,652,226,64
812,652,226,64
812,652,226,64
812,652,226,64
812,652,226,64
812,652,226,64
812,652,226,64
812,652,226,64
812,652,226,64
812,652,226,64
810,651,228,62
810,651,228,62
810,651,228,62
810,651,228,62
810,651,228,62
810,651,228,62
810,651,228,62
810,651,228,62
810,651,228,62
810,651,228,62
810,651,228,62
810,651,228,62
810,651,228,62
810,651,228,62
810,651,228,62
810,646,232,68
810,646,232,68
810,646,232,68
810,646,232,68
810,646,232,68
810,646,232,68
810,646,232,68
810,646,232,68
810,646,232,68
810,646,232,68
810,646,232,68
810,646,232,68
810,646,232,68
810,646,232,68
810,646,232,68
810,649,230,64
810,649,230,64
810,649,230,64
810,649,230,64
810,649,230,64
810,649,230,64
810,649,230,64
810,649,230,64
810,649,230,64
810,649,230,64
810,649,230,64
810,649,230,64
810,649,230,64
810,649,230,64
810,649,230,64
808,654,228,64
808,654,228,64
808,654,228,64
808,654,228,64
808,654,228,64
808,654,228,64
808,654,228,64
808,654,228,64
808,654,228,64
808,654,228,64
808,654,228,64
808,654,228,64
808,654,228,64
808,654,228,64
808,654,228,64
808,652,228,64
