1539,612,53,122
1538,611,53,123
1537,610,53,124
1536,609,53,125
1535,608,53,126
1534,607,53,127
1533,606,53,128
1532,605,53,129
1531,604,53,130
1530,603,53,131
1529,602,53,132
1528,601,53,133
1527,600,53,134
1526,599,53,135
1525,598,53,136
1524,599,49,138
1521,599,49,138
1518,599,49,138
1515,599,49,138
1512,599,49,138
1509,599,49,138
1506,599,49,138
1503,599,49,138
1500,599,49,138
1497,599,49,138
1494,599,49,138
1491,599,49,138
1488,599,49,138
1485,599,49,138
1482,599,49,138
1486,602,54,143
1482,602,54,145
1478,602,54,147
1474,602,54,149
1470,602,54,151
1466,602,54,153
1462,602,54,155
1458,602,54,157
1454,602,54,159
1450,602,54,161
1446,602,54,163
1442,602,54,165
1438,602,54,167
1434,602,54,169
1430,602,54,171
1421,599,59,168
1415,600,61,169
1409,601,63,170
1403,602,65,171
1397,603,67,172
1391,604,69,173
1385,605,71,174
1379,606,73,175
1373,607,75,176
1367,608,77,177
1361,609,79,178
1355,610,81,179
1349,611,83,180
1343,612,85,181
1337,613,87,182
1338,609,85,181
1331,610,84,181
1324,611,83,181
1317,612,82,181
1310,613,81,181
1303,614,80,181
1296,615,79,181
1289,616,78,181
1282,617,77,181
1275,618,76,181
1268,619,75,181
1261,620,74,181
1254,621,73,181
1247,622,72,181
1240,623,71,181
1235,622,68,181
1230,622,68,182
1225,622,68,183
1220,622,68,184
1215,622,68,185
1210,622,68,186
1205,622,68,187
1200,622,68,188
1195,622,68,189
1190,622,68,190
1185,622,68,191
1180,622,68,192
1175,622,68,193
1170,622,68,194
1165,622,68,195
1154,625,65,191
1149,625,65,191
1144,625,65,191
1139,625,65,191
1134,625,65,191
1129,625,65,191
1124,625,65,191
1119,625,65,191
1114,625,65,191
1109,625,65,191
1104,625,65,191
1099,625,65,191
1094,625,65,191
1089,625,65,191
1084,625,65,191
1075,629,59,194
1070,630,60,193
1065,631,61,192
1060,632,62,191
1055,633,63,190
1050,634,64,189
1045,635,65,188
1040,636,66,187
1035,637,67,186
1030,638,68,185
1025,639,69,184
1020,640,70,183
1015,641,71,182
1010,642,72,181
1005,643,73,180
999,643,72,185
993,648,75,181
987,653,78,177
981,658,81,173
975,663,84,169
969,668,87,165
963,673,90,161
957,678,93,157
951,683,96,153
945,688,99,149
939,693,102,145
933,698,105,141
927,703,108,137
921,708,111,133
915,713,114,129
903,724,113,119
898,727,117,116
893,730,121,113
888,733,125,110
883,736,129,107
878,739,133,104
873,742,137,101
868,745,141,98
863,748,145,95
858,751,149,92
853,754,153,89
848,757,157,86
843,760,161,83
838,763,165,80
833,766,169,77
834,762,175,74
831,762,178,74
828,762,181,74
825,762,184,74
822,762,187,74
819,762,190,74
816,762,193,74
813,762,196,74
810,762,199,74
807,762,202,74
804,762,205,74
801,762,208,74
798,762,211,74
795,762,214,74
792,762,217,74
782,769,218,70
782,770,218,69
782,771,218,68
782,772,218,67
782,773,218,66
782,774,218,65
782,775,218,64
782,776,218,63
782,777,218,62
782,778,218,61
782,779,218,60
782,780,218,59
782,781,218,58
782,782,218,57
782,783,218,56
789,785,220,58
789,785,220,58
789,785,220,58
789,785,220,58
789,785,220,58
789,785,220,58
789,785,220,58
789,785,220,58
789,785,220,58
789,785,220,58
789,785,220,58
789,785,220,58
789,785,220,58
789,785,220,58
789,785,220,58
787,787,220,56
787,787,220,56
787,787,220,56
787,787,220,56
787,787,220,56
787,787,220,56
787,787,220,56
787,787,220,56
787,787,220,56
787,787,220,56
787,787,220,56
787,787,220,56
787,787,220,56
787,787,220,56
787,787,220,56
789,787,216,56
789,787,216,56
789,787,216,56
789,787,216,56
789,787,216,56
789,787,216,56
789,787,216,56
789,787,216,56
789,787,216,56
789,787,216,56
789,787,216,56
789,787,216,56
789,787,216,56
789,787,216,56
789,787,216,56
789,789,218,55
789,789,218,55
789,789,218,55
789,789,218,55
789,789,218,55
789,789,218,55
789,789,218,55
789,789,218,55
789,789,218,55
789,789,218,55
789,789,218,55
789,789,218,55
789,789,218,55
789,789,218,55
789,789,218,55
789,787,218,59
789,787,218,59
789,787,218,59
789,787,218,59
789,787,218,59
789,787,218,59
789,787,218,59
789,787,218,59
789,787,218,59
789,787,218,59
789,787,218,59
789,787,218,59
789,787,218,59
789,787,218,59
789,787,218,59
787,790,220,54
787,790,220,54
787,790,220,54
787,790,220,54
787,790,220,54
787,790,220,54
787,790,220,54
787,790,220,54
787,790,220,54
787,790,220,54
787,790,220,54
787,790,220,54
787,790,220,54
787,790,220,54
787,790,220,54
786,792,221,52
786,792,221,52
786,792,221,52
786,792,221,52
786,792,221,52
786,792,221,52
786,792,221,52
786,792,221,52
786,792,221,52
786,792,221,52
786,792,221,52
786,792,221,52
786,792,221,52
786,792,221,52
786,792,221,52
786,789,224,54
786,789,224,54
786,789,224,54
786,789,224,54
786,789,224,54
786,789,224,54
786,789,224,54
786,789,224,54
786,789,224,54
786,789,224,54
786,789,224,54
786,789,224,54
786,789,224,54
786,789,224,54
786,789,224,54
787,792,223,52
787,792,223,52
787,792,223,52
787,792,223,52
787,792,223,52
787,792,223,52
787,792,223,52
787,792,223,52
787,792,223,52
787,792,223,52
787,792,223,52
787,792,223,52
787,792,223,52
787,792,223,52
787,792,223,52
787,789,225,54
787,789,225,54
787,789,225,54
787,789,225,54
787,789,225,54
787,789,225,54
787,789,225,54
787,789,225,54
787,789,225,54
787,789,225,54
787,789,225,54
787,789,225,54
787,789,225,54
787,789,225,54
787,789,225,54
786,789,221,57
786,789,221,57
786,789,221,57
786,789,221,57
786,789,221,57
786,789,221,57
786,789,221,57
786,789,221,57
786,789,221,57
786,789,221,57
786,789,221,57
786,789,221,57
786,789,221,57
786,789,221,57
786,789,221,57
787,787,222,57
787,787,221,57
787,787,220,57
787,787,219,57
787,787,218,57
787,787,217,57
787,787,216,57
787,787,215,57
787,787,214,57
787,787,213,57
787,787,212,57
787,787,211,57
787,787,210,57
787,787,209,57
787,787,208,57
791,792,214,54
791,792,215,54
791,792,216,54
791,792,217,54
791,792,218,54
791,792,219,54
791,792,220,54
791,792,221,54
791,792,222,54
791,792,223,54
791,792,224,54
791,792,225,54
791,792,226,54
791,792,227,54
791,792,228,54
787,790,222,54
787,790,222,54
787,790,222,54
787,790,222,54
787,790,222,54
787,790,222,54
787,790,222,54
787,790,222,54
787,790,222,54
787,790,222,54
787,790,222,54
787,790,222,54
787,790,222,54
787,790,222,54
787,790,222,54
789,789,220,55
789,789,220,55
789,789,220,55
789,789,220,55
789,789,220,55
789,789,220,55
789,789,220,55
789,789,220,55
789,789,220,55
789,789,220,55
789,789,220,55
789,789,220,55
789,789,220,55
789,789,220,55
789,789,220,55
787,789,223,59
