1281,620,67,161
1277,620,69,162
1273,620,71,163
1269,620,73,164
1265,620,75,165
1261,620,77,166
1257,620,79,167
1253,620,81,168
1249,620,83,169
1245,620,85,170
1241,620,87,171
1237,620,89,172
1233,620,91,173
1229,620,93,174
1225,620,95,175
1224,618,93,176
1221,619,94,175
1218,620,95,174
1215,621,96,173
1212,622,97,172
1209,623,98,171
1206,624,99,170
1203,625,100,169
1200,626,101,168
1197,627,102,167
1194,628,103,166
1191,629,104,165
1188,630,105,164
1185,631,106,163
1182,632,107,162
1180,633,106,163
1177,633,106,164
1174,633,106,165
1171,633,106,166
1168,633,106,167
1165,633,106,168
1162,633,106,169
1159,633,106,170
1156,633,106,171
1153,633,106,172
1150,633,106,173
1147,633,106,174
1144,633,106,175
1141,633,106,176
1138,633,106,177
1129,628,100,177
1127,628,97,177
1125,628,94,177
1123,628,91,177
1121,628,88,177
1119,628,85,177
1117,628,82,177
1115,628,79,177
1113,628,76,177
1111,628,73,177
1109,628,70,177
1107,628,67,177
1105,628,64,177
1103,628,61,177
1101,628,58,177
1098,630,53,178
1094,630,56,178
1090,630,59,178
1086,630,62,178
1082,630,65,178
1078,630,68,178
1074,630,71,178
1070,630,74,178
1066,630,77,178
1062,630,80,178
1058,630,83,178
1054,630,86,178
1050,630,89,178
1046,630,92,178
1042,630,95,178
1038,634,105,175
1034,634,105,176
1030,634,105,177
1026,634,105,178
1022,634,105,179
1018,634,105,180
1014,634,105,181
1010,634,105,182
1006,634,105,183
1002,634,105,184
998,634,105,185
994,634,105,186
990,634,105,187
986,634,105,188
982,634,105,189
974,631,112,186
970,631,110,186
966,631,108,186
962,631,106,186
958,631,104,186
954,631,102,186
950,631,100,186
946,631,98,186
942,631,96,186
938,631,94,186
934,631,92,186
930,631,90,186
926,631,88,186
922,631,86,186
918,631,84,186
920,627,89,190
919,627,89,190
918,627,89,190
917,627,89,190
916,627,89,190
915,627,89,190
914,627,89,190
913,627,89,190
912,627,89,190
911,627,89,190
910,627,89,190
909,627,89,190
908,627,89,190
907,627,89,190
906,627,89,190
898,623,85,194
895,623,86,195
892,623,87,196
889,623,88,197
886,623,89,198
883,623,90,199
880,623,91,200
877,623,92,201
874,623,93,202
871,623,94,203
868,623,95,204
865,623,96,205
862,623,97,206
859,623,98,207
856,623,99,208
850,628,96,206
847,628,96,206
844,628,96,206
841,628,96,206
838,628,96,206
835,628,96,206
832,628,96,206
829,628,96,206
826,628,96,206
823,628,96,206
820,628,96,206
817,628,96,206
814,628,96,206
811,628,96,206
808,628,96,206
801,633,89,203
798,634,90,202
795,635,91,201
792,636,92,200
789,637,93,199
786,638,94,198
783,639,95,197
780,640,96,196
777,641,97,195
774,642,98,194
771,643,99,193
768,644,100,192
765,645,101,191
762,646,102,190
759,647,103,189
761,649,110,193
758,650,110,192
755,651,110,191
752,652,110,190
749,653,110,189
746,654,110,188
743,655,110,187
740,656,110,186
737,657,110,185
734,658,110,184
731,659,110,183
728,660,110,182
725,661,110,181
722,662,110,180
719,663,110,179
718,670,112,176
716,674,112,173
714,678,112,170
712,682,112,167
710,686,112,164
708,690,112,161
706,694,112,158
704,698,112,155
702,702,112,152
700,706,112,149
698,710,112,146
696,714,112,143
694,718,112,140
692,722,112,137
690,726,112,134
686,723,115,127
683,724,116,126
680,725,117,125
677,726,118,124
674,727,119,123
671,728,120,122
668,729,121,121
665,730,122,120
662,731,123,119
659,732,124,118
656,733,125,117
653,734,126,116
650,735,127,115
647,736,128,114
644,737,129,113
643,737,135,109
640,738,138,108
637,739,141,107
634,740,144,106
631,741,147,105
628,742,150,104
625,743,153,103
622,744,156,102
619,745,159,101
616,746,162,100
613,747,165,99
610,748,168,98
607,749,171,97
604,750,174,96
601,751,177,95
599,751,182,95
599,752,183,94
599,753,184,93
599,754,185,92
599,755,186,91
599,756,187,90
599,757,188,89
599,758,189,88
599,759,190,87
599,760,191,86
599,761,192,85
599,762,193,84
599,763,194,83
599,764,195,82
599,765,196,81
593,763,201,86
593,764,201,84
593,765,201,82
593,766,201,80
593,767,201,78
593,768,201,76
593,769,201,74
593,770,201,72
593,771,201,70
593,772,201,68
593,773,201,66
593,774,201,64
593,775,201,62
593,776,201,60
593,777,201,58
586,776,200,63
586,776,200,64
586,776,200,65
586,776,200,66
586,776,200,67
586,776,200,68
586,776,200,69
586,776,200,70
586,776,200,71
586,776,200,72
586,776,200,73
586,776,200,74
586,776,200,75
586,776,200,76
586,776,200,77
590,774,206,73
590,774,206,73
590,774,206,73
590,774,206,73
590,774,206,73
590,774,206,73
590,774,206,73
590,774,206,73
590,774,206,73
590,774,206,73
590,774,206,73
590,774,206,73
590,774,206,73
590,774,206,73
590,774,206,73
594,776,204,66
594,776,204,66
594,776,204,66
594,776,204,66
594,776,204,66
594,776,204,66
594,776,204,66
594,776,204,66
594,776,204,66
594,776,204,66
594,776,204,66
594,776,204,66
594,776,204,66
594,776,204,66
594,776,204,66
591,774,208,69
591,774,208,69
591,774,208,69
591,774,208,69
591,774,208,69
591,774,208,69
591,774,208,69
591,774,208,69
591,774,208,69
591,774,208,69
591,774,208,69
591,774,208,69
591,774,208,69
591,774,208,69
591,774,208,69
591,776,210,69
591,776,210,69
591,776,210,69
591,776,210,69
591,776,210,69
591,776,210,69
591,776,210,69
591,776,210,69
591,776,210,69
591,776,210,69
591,776,210,69
591,776,210,69
591,776,210,69
591,776,210,69
591,776,210,69
593,779,206,67
593,779,206,67
593,779,206,67
593,779,206,67
593,779,206,67
593,779,206,67
593,779,206,67
593,779,206,67
593,779,206,67
593,779,206,67
593,779,206,67
593,779,206,67
593,779,206,67
593,779,206,67
593,779,206,67
591,776,207,71
591,776,207,71
591,776,207,71
591,776,207,71
591,776,207,71
591,776,207,71
591,776,207,71
591,776,207,71
591,776,207,71
591,776,207,71
591,776,207,71
591,776,207,71
591,776,207,71
591,776,207,71
591,776,207,71
596,776,202,69
595,776,202,69
594,776,202,69
593,776,202,69
592,776,202,69
591,776,202,69
590,776,202,69
589,776,202,69
588,776,202,69
587,776,202,69
586,776,202,69
585,776,202,69
584,776,202,69
583,776,202,69
582,776,202,69
588,777,195,65
588,777,196,65
588,777,197,65
588,777,198,65
588,777,199,65
588,777,200,65
588,777,201,65
588,777,202,65
588,777,203,65
588,777,204,65
588,777,205,65
588,777,206,65
588,777,207,65
588,777,208,65
588,777,209,65
591,776,203,71
591,776,203,71
591,776,203,71
591,776,203,71
591,776,203,71
591,776,203,71
591,776,203,71
591,776,203,71
591,776,203,71
591,776,203,71
591,776,203,71
591,776,203,71
591,776,203,71
591,776,203,71
591,776,203,71
590,777,208,70
590,777,208,70
590,777,208,70
590,777,208,70
590,777,208,70
590,777,208,70
590,777,208,70
590,777,208,70
590,777,208,70
590,777,208,70
590,777,208,70
590,777,208,70
590,777,208,70
590,777,208,70
590,777,208,70
590,779,206,67
590,779,206,67
590,779,206,67
590,779,206,67
590,779,206,67
590,779,206,67
590,779,206,67
590,779,206,67
590,779,206,67
590,779,206,67
590,779,206,67
590,779,206,67
590,779,206,67
590,779,206,67
590,779,206,67
591,776,207,67
591,776,207,67
591,776,207,67
591,776,207,67
591,776,207,67
591,776,207,67
591,776,207,67
591,776,207,67
591,776,207,67
591,776,207,67
591,776,207,67
591,776,207,67
591,776,207,67
591,776,207,67
591,776,207,67
591,780,207,62
