1454,474,75,193
1452,474,75,193
1450,474,75,193
1448,474,75,193
1446,474,75,193
1444,474,75,193
1442,474,75,193
1440,474,75,193
1438,474,75,193
1436,474,75,193
1434,474,75,193
1432,474,75,193
1430,474,75,193
1428,474,75,193
1426,474,75,193
1419,478,72,198
1415,478,74,199
1411,478,76,200
1407,478,78,201
1403,478,80,202
1399,478,82,203
1395,478,84,204
1391,478,86,205
1387,478,88,206
1383,478,90,207
1379,478,92,208
1375,478,94,209
1371,478,96,210
1367,478,98,211
1363,478,100,212
1363,478,108,209
1361,478,107,209
1359,478,106,209
1357,478,105,209
1355,478,104,209
1353,478,103,209
1351,478,102,209
1349,478,101,209
1347,478,100,209
1345,478,99,209
1343,478,98,209
1341,478,97,209
1339,478,96,209
1337,478,95,209
1335,478,94,209
1326,478,90,212
1323,478,89,212
1320,478,88,212
1317,478,87,212
1314,478,86,212
1311,478,85,212
1308,478,84,212
1305,478,83,212
1302,478,82,212
1299,478,81,212
1296,478,80,212
1293,478,79,212
1290,478,78,212
1287,478,77,212
1284,478,76,212
1282,476,68,216
1279,477,70,215
1276,478,72,214
1273,479,74,213
1270,480,76,212
1267,481,78,211
1264,482,80,210
1261,483,82,209
1258,484,84,208
1255,485,86,207
1252,486,88,206
1249,487,90,205
1246,488,92,204
1243,489,94,203
1240,490,96,202
1233,488,92,196
1228,488,94,197
1223,488,96,198
1218,488,98,199
1213,488,100,200
1208,488,102,201
1203,488,104,202
1198,488,106,203
1193,488,108,204
1188,488,110,205
1183,488,112,206
1178,488,114,207
1173,488,116,208
1168,488,118,209
1163,488,120,210
1155,485,116,210
1152,485,114,210
1149,485,112,210
1146,485,110,210
1143,485,108,210
1140,485,106,210
1137,485,104,210
1134,485,102,210
1131,485,100,210
1128,485,98,210
1125,485,96,210
1122,485,94,210
1119,485,92,210
1116,485,90,210
1113,485,88,210
1114,487,90,203
1111,487,88,204
1108,487,86,205
1105,487,84,206
1102,487,82,207
1099,487,80,208
1096,487,78,209
1093,487,76,210
1090,487,74,211
1087,487,72,212
1084,487,70,213
1081,487,68,214
1078,487,66,215
1075,487,64,216
1072,487,62,217
1070,481,59,211
1065,482,63,211
1060,483,67,211
1055,484,71,211
1050,485,75,211
1045,486,79,211
1040,487,83,211
1035,488,87,211
1030,489,91,211
1025,490,95,211
1020,491,99,211
1015,492,103,211
1010,493,107,211
1005,494,111,211
1000,495,115,211
997,497,120,208
993,497,119,208
989,497,118,208
985,497,117,208
981,497,116,208
977,497,115,208
973,497,114,208
969,497,113,208
965,497,112,208
961,497,111,208
957,497,110,208
953,497,109,208
949,497,108,208
945,497,107,208
941,497,106,208
934,490,106,214
932,490,104,215
930,490,102,216
928,490,100,217
926,490,98,218
924,490,96,219
922,490,94,220
920,490,92,221
918,490,90,222
916,490,88,223
914,490,86,224
912,490,84,225
910,490,82,226
908,490,80,227
906,490,78,228
908,484,82,227
905,484,83,227
902,484,84,227
899,484,85,227
896,484,86,227
893,484,87,227
890,484,88,227
887,484,89,227
884,484,90,227
881,484,91,227
878,484,92,227
875,484,93,227
872,484,94,227
869,484,95,227
866,484,96,227
859,485,102,223
855,486,102,224
851,487,102,225
847,488,102,226
843,489,102,227
839,490,102,228
835,491,102,229
831,492,102,230
827,493,102,231
823,494,102,232
819,495,102,233
815,496,102,234
811,497,102,235
807,498,102,236
803,499,102,237
803,493,108,234
800,494,109,233
797,495,110,232
794,496,111,231
791,497,112,230
788,498,113,229
785,499,114,228
782,500,115,227
779,501,116,226
776,502,117,225
773,503,118,224
770,504,119,223
767,505,120,222
764,506,121,221
761,507,122,220
760,508,123,219
757,510,124,217
754,512,125,215
751,514,126,213
748,516,127,211
745,518,128,209
742,520,129,207
739,522,130,205
736,524,131,203
733,526,132,201
730,528,133,199
727,530,134,197
724,532,135,195
721,534,136,193
718,536,137,191
712,532,134,196
709,536,135,192
706,540,136,188
703,544,137,184
700,548,138,180
697,552,139,176
694,556,140,172
691,560,141,168
688,564,142,164
685,568,143,160
682,572,144,156
679,576,145,152
676,580,146,148
673,584,147,144
670,588,148,140
672,590,142,138
670,592,142,136
668,594,142,134
666,596,142,132
664,598,142,130
662,600,142,128
660,602,142,126
658,604,142,124
656,606,142,122
654,608,142,120
652,610,142,118
650,612,142,116
648,614,142,114
646,616,142,112
644,618,142,110
647,618,145,107
644,618,149,107
641,618,153,107
638,618,157,107
635,618,161,107
632,618,165,107
629,618,169,107
626,618,173,107
623,618,177,107
620,618,181,107
617,618,185,107
614,618,189,107
611,618,193,107
608,618,197,107
605,618,201,107
595,613,207,105
594,614,209,105
593,615,211,105
592,616,213,105
591,617,215,105
590,618,217,105
589,619,219,105
588,620,221,105
587,621,223,105
586,622,225,105
585,623,227,105
584,624,229,105
583,625,231,105
582,626,233,105
581,627,235,105
583,628,231,99
583,629,231,97
583,630,231,95
583,631,231,93
583,632,231,91
583,633,231,89
583,634,231,87
583,635,231,85
583,636,231,83
583,637,231,81
583,638,231,79
583,639,231,77
583,640,231,75
583,641,231,73
583,642,231,71
581,645,237,69
581,645,237,69
581,645,237,69
581,645,237,69
581,645,237,69
581,645,237,69
581,645,237,69
581,645,237,69
581,645,237,69
581,645,237,69
581,645,237,69
581,645,237,69
581,645,237,69
581,645,237,69
581,645,237,69
583,643,241,75
583,643,241,74
583,643,241,73
583,643,241,72
583,643,241,71
583,643,241,70
583,643,241,69
583,643,241,68
583,643,241,67
583,643,241,66
583,643,241,65
583,643,241,64
583,643,241,63
583,643,241,62
583,643,241,61
587,648,239,66
587,648,239,66
587,648,239,66
587,648,239,66
587,648,239,66
587,648,239,66
587,648,239,66
587,648,239,66
587,648,239,66
587,648,239,66
587,648,239,66
587,648,239,66
587,648,239,66
587,648,239,66
587,648,239,66
587,648,243,70
587,648,243,70
587,648,243,70
587,648,243,70
587,648,243,70
587,648,243,70
587,648,243,70
587,648,243,70
587,648,243,70
587,648,243,70
587,648,243,70
587,648,243,70
587,648,243,70
587,648,243,70
587,648,243,70
585,650,249,69
585,650,249,69
585,650,249,69
585,650,249,69
585,650,249,69
585,650,249,69
585,650,249,69
585,650,249,69
585,650,249,69
585,650,249,69
585,650,249,69
585,650,249,69
585,650,249,69
585,650,249,69
585,650,249,69
589,648,251,74
589,648,251,74
589,648,251,74
589,648,251,74
589,648,251,74
589,648,251,74
589,648,251,74
589,648,251,74
589,648,251,74
589,648,251,74
589,648,251,74
589,648,251,74
589,648,251,74
589,648,251,74
589,648,251,74
587,648,245,70
587,648,246,70
587,648,247,70
587,648,248,70
587,648,249,70
587,648,250,70
587,648,251,70
587,648,252,70
587,648,253,70
587,648,254,70
587,648,255,70
587,648,256,70
587,648,257,70
587,648,258,70
587,648,259,70
585,650,253,69
585,650,252,69
585,650,251,69
585,650,250,69
585,650,249,69
585,650,248,69
585,650,247,69
585,650,246,69
585,650,245,69
585,650,244,69
585,650,243,69
585,650,242,69
585,650,241,69
585,650,240,69
585,650,239,69
589,651,245,73
589,651,245,73
589,651,245,73
589,651,245,73
589,651,245,73
589,651,245,73
589,651,245,73
589,651,245,73
589,651,245,73
589,651,245,73
589,651,245,73
589,651,245,73
589,651,245,73
589,651,245,73
589,651,245,73
589,653,247,68
589,653,247,68
589,653,247,68
589,653,247,68
589,653,247,68
589,653,247,68
589,653,247,68
589,653,247,68
589,653,247,68
589,653,247,68
589,653,247,68
589,653,247,68
589,653,247,68
589,653,247,68
589,653,247,68
587,648,241,71
