1392,421,59,167
1387,420,62,168
1382,419,65,169
1377,418,68,170
1372,417,71,171
1367,416,74,172
1362,415,77,173
1357,414,80,174
1352,413,83,175
1347,412,86,176
1342,411,89,177
1337,410,92,178
1332,409,95,179
1327,408,98,180
1322,407,101,181
1322,413,98,182
1320,413,96,184
1318,413,94,186
1316,413,92,188
1314,413,90,190
1312,413,88,192
1310,413,86,194
1308,413,84,196
1306,413,82,198
1304,413,80,200
1302,413,78,202
1300,413,76,204
1298,413,74,206
1296,413,72,208
1294,413,70,210
1289,407,67,207
1286,409,67,205
1283,411,67,203
1280,413,67,201
1277,415,67,199
1274,417,67,197
1271,419,67,195
1268,421,67,193
1265,423,67,191
1262,425,67,189
1259,427,67,187
1256,429,67,185
1253,431,67,183
1250,433,67,181
1247,435,67,179
1238,430,61,178
1234,430,64,178
1230,430,67,178
1226,430,70,178
1222,430,73,178
1218,430,76,178
1214,430,79,178
1210,430,82,178
1206,430,85,178
1202,430,88,178
1198,430,91,178
1194,430,94,178
1190,430,97,178
1186,430,100,178
1182,430,103,178
1172,424,100,183
1167,423,101,185
1162,422,102,187
1157,421,103,189
1152,420,104,191
1147,419,105,193
1142,418,106,195
1137,417,107,197
1132,416,108,199
1127,415,109,201
1122,414,110,203
1117,413,111,205
1112,412,112,207
1107,411,113,209
1102,410,114,211
1097,404,111,206
1094,404,109,206
1091,404,107,206
1088,404,105,206
1085,404,103,206
1082,404,101,206
1079,404,99,206
1076,404,97,206
1073,404,95,206
1070,404,93,206
1067,404,91,206
1064,404,89,206
1061,404,87,206
1058,404,85,206
1055,404,83,206
1049,407,80,210
1045,407,83,210
1041,407,86,210
1037,407,89,210
1033,407,92,210
1029,407,95,210
1025,407,98,210
1021,407,101,210
1017,407,104,210
1013,407,107,210
1009,407,110,210
1005,407,113,210
1001,407,116,210
997,407,119,210
993,407,122,210
987,404,120,206
983,404,120,206
979,404,120,206
975,404,120,206
971,404,120,206
967,404,120,206
963,404,120,206
959,404,120,206
955,404,120,206
951,404,120,206
947,404,120,206
943,404,120,206
939,404,120,206
935,404,120,206
931,404,120,206
921,408,124,212
917,408,122,212
913,408,120,212
909,408,118,212
905,408,116,212
901,408,114,212
897,408,112,212
893,408,110,212
889,408,108,212
885,408,106,212
881,408,104,212
877,408,102,212
873,408,100,212
869,408,98,212
865,408,96,212
859,407,91,213
856,407,93,214
853,407,95,215
850,407,97,216
847,407,99,217
844,407,101,218
841,407,103,219
838,407,105,220
835,407,107,221
832,407,109,222
829,407,111,223
826,407,113,224
823,407,115,225
820,407,117,226
817,407,119,227
809,400,115,221
806,402,115,220
803,404,115,219
800,406,115,218
797,408,115,217
794,410,115,216
791,412,115,215
788,414,115,214
785,416,115,213
782,418,115,212
779,420,115,211
776,422,115,210
773,424,115,209
770,426,115,208
767,428,115,207
771,427,111,200
768,427,109,201
765,427,107,202
762,427,105,203
759,427,103,204
756,427,101,205
753,427,99,206
750,427,97,207
747,427,95,208
744,427,93,209
741,427,91,210
738,427,89,211
735,427,87,212
732,427,85,213
729,427,83,214
720,424,85,208
718,424,86,208
716,424,87,208
714,424,88,208
712,424,89,208
710,424,90,208
708,424,91,208
706,424,92,208
704,424,93,208
702,424,94,208
700,424,95,208
698,424,96,208
696,424,97,208
694,424,98,208
692,424,99,208
687,421,103,208
683,421,104,208
679,421,105,208
675,421,106,208
671,421,107,208
667,421,108,208
663,421,109,208
659,421,110,208
655,421,111,208
651,421,112,208
647,421,113,208
643,421,114,208
639,421,115,208
635,421,116,208
631,421,117,208
624,415,118,206
619,422,120,201
614,429,122,196
609,436,124,191
604,443,126,186
599,450,128,181
594,457,130,176
589,464,132,171
584,471,134,166
579,478,136,161
574,485,138,156
569,492,140,151
564,499,142,146
559,506,144,141
554,513,146,136
549,515,142,135
548,517,141,135
547,519,140,135
546,521,139,135
545,523,138,135
544,525,137,135
543,527,136,135
542,529,135,135
541,531,134,135
540,533,133,135
539,535,132,135
538,537,131,135
537,539,130,135
536,541,129,135
535,543,128,135
531,551,124,130
529,551,125,130
527,551,126,130
525,551,127,130
523,551,128,130
521,551,129,130
519,551,130,130
517,551,131,130
515,551,132,130
513,551,133,130
511,551,134,130
509,551,135,130
507,551,136,130
505,551,137,130
503,551,138,130
507,545,144,123
504,545,147,124
501,545,150,125
498,545,153,126
495,545,156,127
492,545,159,128
489,545,162,129
486,545,165,130
483,545,168,131
480,545,171,132
477,545,174,133
474,545,177,134
471,545,180,135
468,545,183,136
465,545,186,137
469,540,193,139
469,542,193,136
469,544,193,133
469,546,193,130
469,548,193,127
469,550,193,124
469,552,193,121
469,554,193,118
469,556,193,115
469,558,193,112
469,560,193,109
469,562,193,106
469,564,193,103
469,566,193,100
469,568,193,97
469,570,187,90
469,571,189,89
469,572,191,88
469,573,193,87
469,574,195,86
469,575,197,85
469,576,199,84
469,577,201,83
469,578,203,82
469,579,205,81
469,580,207,80
469,581,209,79
469,582,211,78
469,583,213,77
469,584,215,76
467,580,211,80
467,580,211,80
467,580,211,80
467,580,211,80
467,580,211,80
467,580,211,80
467,580,211,80
467,580,211,80
467,580,211,80
467,580,211,80
467,580,211,80
467,580,211,80
467,580,211,80
467,580,211,80
467,580,211,80
474,586,210,73
475,586,209,73
476,586,208,73
477,586,207,73
478,586,206,73
479,586,205,73
480,586,204,73
481,586,203,73
482,586,202,73
483,586,201,73
484,586,200,73
485,586,199,73
486,586,198,73
487,586,197,73
488,586,196,73
483,587,199,72
483,587,200,72
483,587,201,72
483,587,202,72
483,587,203,72
483,587,204,72
483,587,205,72
483,587,206,72
483,587,207,72
483,587,208,72
483,587,209,72
483,587,210,72
483,587,211,72
483,587,212,72
483,587,213,72
478,587,208,69
478,587,208,69
478,587,208,69
478,587,208,69
478,587,208,69
478,587,208,69
478,587,208,69
478,587,208,69
478,587,208,69
478,587,208,69
478,587,208,69
478,587,208,69
478,587,208,69
478,587,208,69
478,587,208,69
481,590,212,65
481,590,212,66
481,590,212,67
481,590,212,68
481,590,212,69
481,590,212,70
481,590,212,71
481,590,212,72
481,590,212,73
481,590,212,74
481,590,212,75
481,590,212,76
481,590,212,77
481,590,212,78
481,590,212,79
481,586,212,73
481,586,212,72
481,586,212,71
481,586,212,70
481,586,212,69
481,586,212,68
481,586,212,67
481,586,212,66
481,586,212,65
481,586,212,64
481,586,212,63
481,586,212,62
481,586,212,61
481,586,212,60
481,586,212,59
476,590,215,63
476,590,215,63
476,590,215,63
476,590,215,63
476,590,215,63
476,590,215,63
476,590,215,63
476,590,215,63
476,590,215,63
476,590,215,63
476,590,215,63
476,590,215,63
476,590,215,63
476,590,215,63
476,590,215,63
481,589,208,69
481,589,208,68
481,589,208,67
481,589,208,66
481,589,208,65
481,589,208,64
481,589,208,63
481,589,208,62
481,589,208,61
481,589,208,60
481,589,208,59
481,589,208,58
481,589,208,57
481,589,208,56
481,589,208,55
480,590,204,60
480,590,204,60
480,590,204,60
480,590,204,60
480,590,204,60
480,590,204,60
480,590,204,60
480,590,204,60
480,590,204,60
480,590,204,60
480,590,204,60
480,590,204,60
480,590,204,60
480,590,204,60
480,590,204,60
480,590,200,65
480,590,200,65
480,590,200,65
480,590,200,65
480,590,200,65
480,590,200,65
480,590,200,65
480,590,200,65
480,590,200,65
480,590,200,65
480,590,200,65
480,590,200,65
480,590,200,65
480,590,200,65
480,590,200,65
480,590,206,66
