1520,392,91,269
1516,392,92,269
1512,392,93,269
1508,392,94,269
1504,392,95,269
1500,392,96,269
1496,392,97,269
1492,392,98,269
1488,392,99,269
1484,392,100,269
1480,392,101,269
1476,392,102,269
1472,392,103,269
1468,392,104,269
1464,392,105,269
1460,398,107,264
1455,398,108,264
1450,398,109,264
1445,398,110,264
1440,398,111,264
1435,398,112,264
1430,398,113,264
1425,398,114,264
1420,398,115,264
1415,398,116,264
1410,398,117,264
1405,398,118,264
1400,398,119,264
1395,398,120,264
1390,398,121,264
1378,395,125,271
1374,395,126,271
1370,395,127,271
1366,395,128,271
1362,395,129,271
1358,395,130,271
1354,395,131,271
1350,395,132,271
1346,395,133,271
1342,395,134,271
1338,395,135,271
1334,395,136,271
1330,395,137,271
1326,395,138,271
1322,395,139,271
1312,388,144,276
1308,388,142,276
1304,388,140,276
1300,388,138,276
1296,388,136,276
1292,388,134,276
1288,388,132,276
1284,388,130,276
1280,388,128,276
1276,388,126,276
1272,388,124,276
1268,388,122,276
1264,388,120,276
1260,388,118,276
1256,388,116,276
1245,386,112,283
1241,385,110,283
1237,384,108,283
1233,383,106,283
1229,382,104,283
1225,381,102,283
1221,380,100,283
1217,379,98,283
1213,378,96,283
1209,377,94,283
1205,376,92,283
1201,375,90,283
1197,374,88,283
1193,373,86,283
1189,372,84,283
1192,376,85,286
1185,376,89,286
1178,376,93,286
1171,376,97,286
1164,376,101,286
1157,376,105,286
1150,376,109,286
1143,376,113,286
1136,376,117,286
1129,376,121,286
1122,376,125,286
1115,376,129,286
1108,376,133,286
1101,376,137,286
1094,376,141,286
1083,376,150,286
1076,375,150,286
1069,374,150,286
1062,373,150,286
1055,372,150,286
1048,371,150,286
1041,370,150,286
1034,369,150,286
1027,368,150,286
1020,367,150,286
1013,366,150,286
1006,365,150,286
999,364,150,286
992,363,150,286
985,362,150,286
980,366,156,291
977,366,152,291
974,366,148,291
971,366,144,291
968,366,140,291
965,366,136,291
962,366,132,291
959,366,128,291
956,366,124,291
953,366,120,291
950,366,116,291
947,366,112,291
944,366,108,291
941,366,104,291
938,366,100,291
942,362,96,294
937,362,96,294
932,362,96,294
927,362,96,294
922,362,96,294
917,362,96,294
912,362,96,294
907,362,96,294
902,362,96,294
897,362,96,294
892,362,96,294
887,362,96,294
882,362,96,294
877,362,96,294
872,362,96,294
860,355,98,292
854,355,101,293
848,355,104,294
842,355,107,295
836,355,110,296
830,355,113,297
824,355,116,298
818,355,119,299
812,355,122,300
806,355,125,301
800,355,128,302
794,355,131,303
788,355,134,304
782,355,137,305
776,355,140,306
774,350,136,300
768,350,137,300
762,350,138,300
756,350,139,300
750,350,140,300
744,350,141,300
738,350,142,300
732,350,143,300
726,350,144,300
720,350,145,300
714,350,146,300
708,350,147,300
702,350,148,300
696,350,149,300
690,350,150,300
689,350,150,306
688,350,146,306
687,350,142,306
686,350,138,306
685,350,134,306
684,350,130,306
683,350,126,306
682,350,122,306
681,350,118,306
680,350,114,306
679,350,110,306
678,350,106,306
677,350,102,306
676,350,98,306
675,350,94,306
669,352,83,307
664,352,87,307
659,352,91,307
654,352,95,307
649,352,99,307
644,352,103,307
639,352,107,307
634,352,111,307
629,352,115,307
624,352,119,307
619,352,123,307
614,352,127,307
609,352,131,307
604,352,135,307
599,352,139,307
590,357,147,302
586,359,146,300
582,361,145,298
578,363,144,296
574,365,143,294
570,367,142,292
566,369,141,290
562,371,140,288
558,373,139,286
554,375,138,284
550,377,137,282
546,379,136,280
542,381,135,278
538,383,134,276
534,385,133,274
528,392,133,265
524,397,133,258
520,402,133,251
516,407,133,244
512,412,133,237
508,417,133,230
504,422,133,223
500,427,133,216
496,432,133,209
492,437,133,202
488,442,133,195
484,447,133,188
480,452,133,181
476,457,133,174
472,462,133,167
463,467,139,158
460,470,140,158
457,473,141,158
454,476,142,158
451,479,143,158
448,482,144,158
445,485,145,158
442,488,146,158
439,491,147,158
436,494,148,158
433,497,149,158
430,500,150,158
427,503,151,158
424,506,152,158
421,509,153,158
417,510,151,163
413,511,156,160
409,512,161,157
405,513,166,154
401,514,171,151
397,515,176,148
393,516,181,145
389,517,186,142
385,518,191,139
381,519,196,136
377,520,201,133
373,521,206,130
369,522,211,127
365,523,216,124
361,524,221,121
362,526,226,121
358,526,232,122
354,526,238,123
350,526,244,124
346,526,250,125
342,526,256,126
338,526,262,127
334,526,268,128
330,526,274,129
326,526,280,130
322,526,286,131
318,526,292,132
314,526,298,133
310,526,304,134
306,526,310,135
304,519,309,140
304,521,309,138
304,523,309,136
304,525,309,134
304,527,309,132
304,529,309,130
304,531,309,128
304,533,309,126
304,535,309,124
304,537,309,122
304,539,309,120
304,541,309,118
304,543,309,116
304,545,309,114
304,547,309,112
306,543,313,111
306,544,314,109
306,545,315,107
306,546,316,105
306,547,317,103
306,548,318,101
306,549,319,99
306,550,320,97
306,551,321,95
306,552,322,93
306,553,323,91
306,554,324,89
306,555,325,87
306,556,326,85
306,557,327,83
306,563,322,86
306,563,322,86
306,563,322,86
306,563,322,86
306,563,322,86
306,563,322,86
306,563,322,86
306,563,322,86
306,563,322,86
306,563,322,86
306,563,322,86
306,563,322,86
306,563,322,86
306,563,322,86
306,563,322,86
313,562,320,88
313,562,320,88
313,562,320,88
313,562,320,88
313,562,320,88
313,562,320,88
313,562,320,88
313,562,320,88
313,562,320,88
313,562,320,88
313,562,320,88
313,562,320,88
313,562,320,88
313,562,320,88
313,562,320,88
313,562,318,88
313,562,319,88
313,562,320,88
313,562,321,88
313,562,322,88
313,562,323,88
313,562,324,88
313,562,325,88
313,562,326,88
313,562,327,88
313,562,328,88
313,562,329,88
313,562,330,88
313,562,331,88
313,562,332,88
309,562,328,88
309,562,328,88
309,562,328,88
309,562,328,88
309,562,328,88
309,562,328,88
309,562,328,88
309,562,328,88
309,562,328,88
309,562,328,88
309,562,328,88
309,562,328,88
309,562,328,88
309,562,328,88
309,562,328,88
313,562,324,85
313,562,324,85
313,562,324,85
313,562,324,85
313,562,324,85
313,562,324,85
313,562,324,85
313,562,324,85
313,562,324,85
313,562,324,85
313,562,324,85
313,562,324,85
313,562,324,85
313,562,324,85
313,562,324,85
309,562,322,87
309,562,322,87
309,562,322,87
309,562,322,87
309,562,322,87
309,562,322,87
309,562,322,87
309,562,322,87
309,562,322,87
309,562,322,87
309,562,322,87
309,562,322,87
309,562,322,87
309,562,322,87
309,562,322,87
311,562,322,83
311,562,322,83
311,562,322,83
311,562,322,83
311,562,322,83
311,562,322,83
311,562,322,83
311,562,322,83
311,562,322,83
311,562,322,83
311,562,322,83
311,562,322,83
311,562,322,83
311,562,322,83
311,562,322,83
308,563,325,84
308,563,325,84
308,563,325,84
308,563,325,84
308,563,325,84
308,563,325,84
308,563,325,84
308,563,325,84
308,563,325,84
308,563,325,84
308,563,325,84
308,563,325,84
308,563,325,84
308,563,325,84
308,563,325,84
308,558,323,89
