1154,475,93,234
1157,475,91,234
1160,475,89,234
1163,475,87,234
1166,475,85,234
1169,475,83,234
1172,475,81,234
1175,475,79,234
1178,475,77,234
1181,475,75,234
1184,475,73,234
1187,475,71,234
1190,475,69,234
1193,475,67,234
1196,475,65,234
1204,477,66,231
1203,477,71,231
1202,477,76,231
1201,477,81,231
1200,477,86,231
1199,477,91,231
1198,477,96,231
1197,477,101,231
1196,477,106,231
1195,477,111,231
1194,477,116,231
1193,477,121,231
1192,477,126,231
1191,477,131,231
1190,477,136,231
1186,477,134,237
1185,477,130,237
1184,477,126,237
1183,477,122,237
1182,477,118,237
1181,477,114,237
1180,477,110,237
1179,477,106,237
1178,477,102,237
1177,477,98,237
1176,477,94,237
1175,477,90,237
1174,477,86,237
1173,477,82,237
1172,477,78,237
1176,480,80,234
1175,480,80,234
1174,480,80,234
1173,480,80,234
1172,480,80,234
1171,480,80,234
1170,480,80,234
1169,480,80,234
1168,480,80,234
1167,480,80,234
1166,480,80,234
1165,480,80,234
1164,480,80,234
1163,480,80,234
1162,480,80,234
1166,483,87,238
1164,483,87,238
1162,483,87,238
1160,483,87,238
1158,483,87,238
1156,483,87,238
1154,483,87,238
1152,483,87,238
1150,483,87,238
1148,483,87,238
1146,483,87,238
1144,483,87,238
1142,483,87,238
1140,483,87,238
1138,483,87,238
1141,483,81,244
1138,483,82,244
1135,483,83,244
1132,483,84,244
1129,483,85,244
1126,483,86,244
1123,483,87,244
1120,483,88,244
1117,483,89,244
1114,483,90,244
1111,483,91,244
1108,483,92,244
1105,483,93,244
1102,483,94,244
1099,483,95,244
1095,479,99,248
1095,479,96,248
1095,479,93,248
1095,479,90,248
1095,479,87,248
1095,479,84,248
1095,479,81,248
1095,479,78,248
1095,479,75,248
1095,479,72,248
1095,479,69,248
1095,479,66,248
1095,479,63,248
1095,479,60,248
1095,479,57,248
1096,479,56,248
1096,479,56,248
1096,479,56,248
1096,479,56,248
1096,479,56,248
1096,479,56,248
1096,479,56,248
1096,479,56,248
1096,479,56,248
1096,479,56,248
1096,479,56,248
1096,479,56,248
1096,479,56,248
1096,479,56,248
1096,479,56,248
1092,480,60,245
1092,480,62,245
1092,480,64,245
1092,480,66,245
1092,480,68,245
1092,480,70,245
1092,480,72,245
1092,480,74,245
1092,480,76,245
1092,480,78,245
1092,480,80,245
1092,480,82,245
1092,480,84,245
1092,480,86,245
1092,480,88,245
1092,485,87,242
1090,485,89,242
1088,485,91,242
1086,485,93,242
1084,485,95,242
1082,485,97,242
1080,485,99,242
1078,485,101,242
1076,485,103,242
1074,485,105,242
1072,485,107,242
1070,485,109,242
1068,485,111,242
1066,485,113,242
1064,485,115,242
1067,492,112,238
1067,492,110,239
1067,492,108,240
1067,492,106,241
1067,492,104,242
1067,492,102,243
1067,492,100,244
1067,492,98,245
1067,492,96,246
1067,492,94,247
1067,492,92,248
1067,492,90,249
1067,492,88,250
1067,492,86,251
1067,492,84,252
1060,488,88,249
1058,488,87,249
1056,488,86,249
1054,488,85,249
1052,488,84,249
1050,488,83,249
1048,488,82,249
1046,488,81,249
1044,488,80,249
1042,488,79,249
1040,488,78,249
1038,488,77,249
1036,488,76,249
1034,488,75,249
1032,488,74,249
1028,493,80,253
1025,493,82,253
1022,493,84,253
1019,493,86,253
1016,493,88,253
1013,493,90,253
1010,493,92,253
1007,493,94,253
1004,493,96,253
1001,493,98,253
998,493,100,253
995,493,102,253
992,493,104,253
989,493,106,253
986,493,108,253
976,492,109,259
972,492,110,259
968,492,111,259
964,492,112,259
960,492,113,259
956,492,114,259
952,492,115,259
948,492,116,259
944,492,117,259
940,492,118,259
936,492,119,259
932,492,120,259
928,492,121,259
924,492,122,259
920,492,123,259
921,492,122,259
920,492,119,260
919,492,116,261
918,492,113,262
917,492,110,263
916,492,107,264
915,492,104,265
914,492,101,266
913,492,98,267
912,492,95,268
911,492,92,269
910,492,89,270
909,492,86,271
908,492,83,272
907,492,80,273
900,485,77,269
896,486,80,269
892,487,83,269
888,488,86,269
884,489,89,269
880,490,92,269
876,491,95,269
872,492,98,269
868,493,101,269
864,494,104,269
860,495,107,269
856,496,110,269
852,497,113,269
848,498,116,269
844,499,119,269
847,493,117,266
846,493,114,266
845,493,111,266
844,493,108,266
843,493,105,266
842,493,102,266
841,493,99,266
840,493,96,266
839,493,93,266
838,493,90,266
837,493,87,266
836,493,84,266
835,493,81,266
834,493,78,266
833,493,75,266
828,495,70,264
824,495,74,264
820,495,78,264
816,495,82,264
812,495,86,264
808,495,90,264
804,495,94,264
800,495,98,264
796,495,102,264
792,495,106,264
788,495,110,264
784,495,114,264
780,495,118,264
776,495,122,264
772,495,126,264
767,495,127,268
765,495,124,269
763,495,121,270
761,495,118,271
759,495,115,272
757,495,112,273
755,495,109,274
753,495,106,275
751,495,103,276
749,495,100,277
747,495,97,278
745,495,94,279
743,495,91,280
741,495,88,281
739,495,85,282
734,493,88,277
730,493,90,276
726,493,92,275
722,493,94,274
718,493,96,273
714,493,98,272
710,493,100,271
706,493,102,270
702,493,104,269
698,493,106,268
694,493,108,267
690,493,110,266
686,493,112,265
682,493,114,264
678,493,116,263
680,496,119,265
674,496,121,265
668,496,123,265
662,496,125,265
656,496,127,265
650,496,129,265
644,496,131,265
638,496,133,265
632,496,135,265
626,496,137,265
620,496,139,265
614,496,141,265
608,496,143,265
602,496,145,265
596,496,147,265
584,501,149,262
583,500,144,262
582,499,139,262
581,498,134,262
580,497,129,262
579,496,124,262
578,495,119,262
577,494,114,262
576,493,109,262
575,492,104,262
574,491,99,262
573,490,94,262
572,489,89,262
571,488,84,262
570,487,79,262
562,493,77,266
557,493,81,266
552,493,85,266
547,493,89,266
542,493,93,266
537,493,97,266
532,493,101,266
527,493,105,266
522,493,109,266
517,493,113,266
512,493,117,266
507,493,121,266
502,493,125,266
497,493,129,266
492,493,133,266
485,495,134,265
482,495,131,265
479,495,128,265
476,495,125,265
473,495,122,265
470,495,119,265
467,495,116,265
464,495,113,265
461,495,110,265
458,495,107,265
455,495,104,265
452,495,101,265
449,495,98,265
446,495,95,265
443,495,92,265
443,493,89,266
441,493,89,266
439,493,89,266
437,493,89,266
435,493,89,266
433,493,89,266
431,493,89,266
429,493,89,266
427,493,89,266
425,493,89,266
423,493,89,266
421,493,89,266
419,493,89,266
417,493,89,266
415,493,89,266
417,490,94,267
415,489,93,267
413,488,92,267
411,487,91,267
409,486,90,267
407,485,89,267
405,484,88,267
403,483,87,267
401,482,86,267
399,481,85,267
397,480,84,267
395,479,83,267
393,478,82,267
391,477,81,267
389,476,80,267
391,482,85,261
394,483,88,259
397,484,91,257
400,485,94,255
403,486,97,253
406,487,100,251
409,488,103,249
412,489,106,247
415,490,109,245
418,491,112,243
421,492,115,241
424,493,118,239
427,494,121,237
430,495,124,235
433,496,127,233
436,492,130,226
437,493,136,224
438,494,142,222
439,495,148,220
440,496,154,218
441,497,160,216
442,498,166,214
443,499,172,212
444,500,178,210
445,501,184,208
446,502,190,206
447,503,196,204
448,504,202,202
449,505,208,200
450,506,214,198
458,506,217,195
462,504,209,196
466,502,201,197
470,500,193,198
474,498,185,199
478,496,177,200
482,494,169,201
486,492,161,202
490,490,153,203
494,488,145,204
498,486,137,205
502,484,129,206
506,482,121,207
510,480,113,208
514,478,105,209
523,483,92,216
515,483,95,216
507,483,98,216
499,483,101,216
491,483,104,216
483,483,107,216
475,483,110,216
467,483,113,216
459,483,116,216
451,483,119,216
443,483,122,216
435,483,125,216
427,483,128,216
419,483,131,216
411,483,134,216
406,490,137,209
