1477,224,115,281
1475,224,115,282
1473,224,115,283
1471,224,115,284
1469,224,115,285
1467,224,115,286
1465,224,115,287
1463,224,115,288
1461,224,115,289
1459,224,115,290
1457,224,115,291
1455,224,115,292
1453,224,115,293
1451,224,115,294
1449,224,115,295
1445,219,118,292
1444,219,118,292
1443,219,118,292
1442,219,118,292
1441,219,118,292
1440,219,118,292
1439,219,118,292
1438,219,118,292
1437,219,118,292
1436,219,118,292
1435,219,118,292
1434,219,118,292
1433,219,118,292
1432,219,118,292
1431,219,118,292
1431,222,119,296
1427,222,119,296
1423,222,119,296
1419,222,119,296
1415,222,119,296
1411,222,119,296
1407,222,119,296
1403,222,119,296
1399,222,119,296
1395,222,119,296
1391,222,119,296
1387,222,119,296
1383,222,119,296
1379,222,119,296
1375,222,119,296
1368,215,121,303
1367,214,119,303
1366,213,117,303
1365,212,115,303
1364,211,113,303
1363,210,111,303
1362,209,109,303
1361,208,107,303
1360,207,105,303
1359,206,103,303
1358,205,101,303
1357,204,99,303
1356,203,97,303
1355,202,95,303
1354,201,93,303
1353,203,96,310
1353,203,95,310
1353,203,94,310
1353,203,93,310
1353,203,92,310
1353,203,91,310
1353,203,90,310
1353,203,89,310
1353,203,88,310
1353,203,87,310
1353,203,86,310
1353,203,85,310
1353,203,84,310
1353,203,83,310
1353,203,82,310
1353,204,88,307
1353,205,90,307
1353,206,92,307
1353,207,94,307
1353,208,96,307
1353,209,98,307
1353,210,100,307
1353,211,102,307
1353,212,104,307
1353,213,106,307
1353,214,108,307
1353,215,110,307
1353,216,112,307
1353,217,114,307
1353,218,116,307
1350,212,114,301
1349,212,116,300
1348,212,118,299
1347,212,120,298
1346,212,122,297
1345,212,124,296
1344,212,126,295
1343,212,128,294
1342,212,130,293
1341,212,132,292
1340,212,134,291
1339,212,136,290
1338,212,138,289
1337,212,140,288
1336,212,142,287
1337,219,138,290
1336,219,138,290
1335,219,138,290
1334,219,138,290
1333,219,138,290
1332,219,138,290
1331,219,138,290
1330,219,138,290
1329,219,138,290
1328,219,138,290
1327,219,138,290
1326,219,138,290
1325,219,138,290
1324,219,138,290
1323,219,138,290
1317,222,132,291
1317,221,129,293
1317,220,126,295
1317,219,123,297
1317,218,120,299
1317,217,117,301
1317,216,114,303
1317,215,111,305
1317,214,108,307
1317,213,105,309
1317,212,102,311
1317,211,99,313
1317,210,96,315
1317,209,93,317
1317,208,90,319
1314,206,87,317
1310,207,89,317
1306,208,91,317
1302,209,93,317
1298,210,95,317
1294,211,97,317
1290,212,99,317
1286,213,101,317
1282,214,103,317
1278,215,105,317
1274,216,107,317
1270,217,109,317
1266,218,111,317
1262,219,113,317
1258,220,115,317
1251,215,112,312
1246,214,115,313
1241,213,118,314
1236,212,121,315
1231,211,124,316
1226,210,127,317
1221,209,130,318
1216,208,133,319
1211,207,136,320
1206,206,139,321
1201,205,142,322
1196,204,145,323
1191,203,148,324
1186,202,151,325
1181,201,154,326
1177,203,156,324
1174,202,154,325
1171,201,152,326
1168,200,150,327
1165,199,148,328
1162,198,146,329
1159,197,144,330
1156,196,142,331
1153,195,140,332
1150,194,138,333
1147,193,136,334
1144,192,134,335
1141,191,132,336
1138,190,130,337
1135,189,128,338
1139,186,129,339
1134,187,130,338
1129,188,131,337
1124,189,132,336
1119,190,133,335
1114,191,134,334
1109,192,135,333
1104,193,136,332
1099,194,137,331
1094,195,138,330
1089,196,139,329
1084,197,140,328
1079,198,141,327
1074,199,142,326
1069,200,143,325
1069,195,138,319
1068,195,135,320
1067,195,132,321
1066,195,129,322
1065,195,126,323
1064,195,123,324
1063,195,120,325
1062,195,117,326
1061,195,114,327
1060,195,111,328
1059,195,108,329
1058,195,105,330
1057,195,102,331
1056,195,99,332
1055,195,96,333
1057,190,99,335
1052,190,101,335
1047,190,103,335
1042,190,105,335
1037,190,107,335
1032,190,109,335
1027,190,111,335
1022,190,113,335
1017,190,115,335
1012,190,117,335
1007,190,119,335
1002,190,121,335
997,190,123,335
992,190,125,335
987,190,127,335
979,194,134,328
977,193,133,329
975,192,132,330
973,191,131,331
971,190,130,332
969,189,129,333
967,188,128,334
965,187,127,335
963,186,126,336
961,185,125,337
959,184,124,338
957,183,123,339
955,182,122,340
953,181,121,341
951,180,120,342
954,185,125,340
947,185,127,340
940,185,129,340
933,185,131,340
926,185,133,340
919,185,135,340
912,185,137,340
905,185,139,340
898,185,141,340
891,185,143,340
884,185,145,340
877,185,147,340
870,185,149,340
863,185,151,340
856,185,153,340
853,183,158,337
846,183,158,337
839,183,158,337
832,183,158,337
825,183,158,337
818,183,158,337
811,183,158,337
804,183,158,337
797,183,158,337
790,183,158,337
783,183,158,337
776,183,158,337
769,183,158,337
762,183,158,337
755,183,158,337
755,177,159,334
752,176,155,334
749,175,151,334
746,174,147,334
743,173,143,334
740,172,139,334
737,171,135,334
734,170,131,334
731,169,127,334
728,168,123,334
725,167,119,334
722,166,115,334
719,165,111,334
716,164,107,334
713,163,103,334
715,167,93,340
707,167,98,339
699,167,103,338
691,167,108,337
683,167,113,336
675,167,118,335
667,167,123,334
659,167,128,333
651,167,133,332
643,167,138,331
635,167,143,330
627,167,148,329
619,167,153,328
611,167,158,327
603,167,163,326
595,165,161,331
590,164,159,331
585,163,157,331
580,162,155,331
575,161,153,331
570,160,151,331
565,159,149,331
560,158,147,331
555,157,145,331
550,156,143,331
545,155,141,331
540,154,139,331
535,153,137,331
530,152,135,331
525,151,133,331
524,156,134,337
523,156,131,337
522,156,128,337
521,156,125,337
520,156,122,337
519,156,119,337
518,156,116,337
517,156,113,337
516,156,110,337
515,156,107,337
514,156,104,337
513,156,101,337
512,156,98,337
511,156,95,337
510,156,92,337
512,152,87,334
511,152,89,334
510,152,91,334
509,152,93,334
508,152,95,334
507,152,97,334
506,152,99,334
505,152,101,334
504,152,103,334
503,152,105,334
502,152,107,334
501,152,109,334
500,152,111,334
499,152,113,334
498,152,115,334
499,150,115,332
502,151,121,328
505,152,127,324
508,153,133,320
511,154,139,316
514,155,145,312
517,156,151,308
520,157,157,304
523,158,163,300
526,159,169,296
529,160,175,292
532,161,181,288
535,162,187,284
538,163,193,280
541,164,199,276
539,165,211,276
543,166,214,274
547,167,217,272
551,168,220,270
555,169,223,268
559,170,226,266
563,171,229,264
567,172,232,262
571,173,235,260
575,174,238,258
579,175,241,256
583,176,244,254
587,177,247,252
591,178,250,250
595,179,253,248
598,179,260,244
599,177,252,246
600,175,244,248
601,173,236,250
602,171,228,252
603,169,220,254
604,167,212,256
605,165,204,258
606,163,196,260
607,161,188,262
608,159,180,264
609,157,172,266
610,155,164,268
611,153,156,270
612,151,148,272
620,150,139,273
611,150,141,273
602,150,143,273
593,150,145,273
584,150,147,273
575,150,149,273
566,150,151,273
557,150,153,273
548,150,155,273
539,150,157,273
530,150,159,273
521,150,161,273
512,150,163,273
503,150,165,273
494,150,167,273
490,145,172,278
480,145,172,278
470,145,172,278
460,145,172,278
450,145,172,278
440,145,172,278
430,145,172,278
420,145,172,278
410,145,172,278
400,145,172,278
390,145,172,278
380,145,172,278
370,145,172,278
360,145,172,278
350,145,172,278
336,141,170,284
325,143,167,283
314,145,164,282
303,147,161,281
292,149,158,280
281,151,155,279
270,153,152,278
259,155,149,277
248,157,146,276
237,159,143,275
226,161,140,274
215,163,137,273
204,165,134,272
193,167,131,271
182,169,128,270
168,176,122,272
158,178,122,273
148,180,122,274
138,182,122,275
128,184,122,276
118,186,122,277
108,188,122,278
98,190,122,279
88,192,122,280
78,194,122,281
68,196,122,282
58,198,122,283
48,200,122,284
38,202,122,285
28,204,122,286
25,210,116,288
