1319,539,67,203
1318,539,68,203
1317,539,69,203
1316,539,70,203
1315,539,71,203
1314,539,72,203
1313,539,73,203
1312,539,74,203
1311,539,75,203
1310,539,76,203
1309,539,77,203
1308,539,78,203
1307,539,79,203
1306,539,80,203
1305,539,81,203
1309,542,82,207
1307,542,81,208
1305,542,80,209
1303,542,79,210
1301,542,78,211
1299,542,77,212
1297,542,76,213
1295,542,75,214
1293,542,74,215
1291,542,73,216
1289,542,72,217
1287,542,71,218
1285,542,70,219
1283,542,69,220
1281,542,68,221
1281,540,69,216
1279,540,70,216
1277,540,71,216
1275,540,72,216
1273,540,73,216
1271,540,74,216
1269,540,75,216
1267,540,76,216
1265,540,77,216
1263,540,78,216
1261,540,79,216
1259,540,80,216
1257,540,81,216
1255,540,82,216
1253,540,83,216
1250,539,83,214
1250,539,81,214
1250,539,79,214
1250,539,77,214
1250,539,75,214
1250,539,73,214
1250,539,71,214
1250,539,69,214
1250,539,67,214
1250,539,65,214
1250,539,63,214
1250,539,61,214
1250,539,59,214
1250,539,57,214
1250,539,55,214
1250,537,53,212
1250,537,54,212
1250,537,55,212
1250,537,56,212
1250,537,57,212
1250,537,58,212
1250,537,59,212
1250,537,60,212
1250,537,61,212
1250,537,62,212
1250,537,63,212
1250,537,64,212
1250,537,65,212
1250,537,66,212
1250,537,67,212
1249,540,66,211
1249,541,67,211
1249,542,68,211
1249,543,69,211
1249,544,70,211
1249,545,71,211
1249,546,72,211
1249,547,73,211
1249,548,74,211
1249,549,75,211
1249,550,76,211
1249,551,77,211
1249,552,78,211
1249,553,79,211
1249,554,80,211
1245,549,85,205
1244,549,85,205
1243,549,85,205
1242,549,85,205
1241,549,85,205
1240,549,85,205
1239,549,85,205
1238,549,85,205
1237,549,85,205
1236,549,85,205
1235,549,85,205
1234,549,85,205
1233,549,85,205
1232,549,85,205
1231,549,85,205
1230,554,85,207
1229,553,83,208
1228,552,81,209
1227,551,79,210
1226,550,77,211
1225,549,75,212
1224,548,73,213
1223,547,71,214
1222,546,69,215
1221,545,67,216
1220,544,65,217
1219,543,63,218
1218,542,61,219
1217,541,59,220
1216,540,57,221
1216,546,58,219
1213,546,60,219
1210,546,62,219
1207,546,64,219
1204,546,66,219
1201,546,68,219
1198,546,70,219
1195,546,72,219
1192,546,74,219
1189,546,76,219
1186,546,78,219
1183,546,80,219
1180,546,82,219
1177,546,84,219
1174,546,86,219
1175,552,83,221
1171,552,84,221
1167,552,85,221
1163,552,86,221
1159,552,87,221
1155,552,88,221
1151,552,89,221
1147,552,90,221
1143,552,91,221
1139,552,92,221
1135,552,93,221
1131,552,94,221
1127,552,95,221
1123,552,96,221
1119,552,97,221
1112,547,104,228
1111,547,102,228
1110,547,100,228
1109,547,98,228
1108,547,96,228
1107,547,94,228
1106,547,92,228
1105,547,90,228
1104,547,88,228
1103,547,86,228
1102,547,84,228
1101,547,82,228
1100,547,80,228
1099,547,78,228
1098,547,76,228
1099,542,71,231
1096,543,72,231
1093,544,73,231
1090,545,74,231
1087,546,75,231
1084,547,76,231
1081,548,77,231
1078,549,78,231
1075,550,79,231
1072,551,80,231
1069,552,81,231
1066,553,82,231
1063,554,83,231
1060,555,84,231
1057,556,85,231
1056,551,86,229
1054,551,85,229
1052,551,84,229
1050,551,83,229
1048,551,82,229
1046,551,81,229
1044,551,80,229
1042,551,79,229
1040,551,78,229
1038,551,77,229
1036,551,76,229
1034,551,75,229
1032,551,74,229
1030,551,73,229
1028,551,72,229
1024,551,69,232
1021,551,72,232
1018,551,75,232
1015,551,78,232
1012,551,81,232
1009,551,84,232
1006,551,87,232
1003,551,90,232
1000,551,93,232
997,551,96,232
994,551,99,232
991,551,102,232
988,551,105,232
985,551,108,232
982,551,111,232
981,552,107,237
979,552,105,237
977,552,103,237
975,552,101,237
973,552,99,237
971,552,97,237
969,552,95,237
967,552,93,237
965,552,91,237
963,552,89,237
961,552,87,237
959,552,85,237
957,552,83,237
955,552,81,237
953,552,79,237
945,554,81,235
942,554,81,235
939,554,81,235
936,554,81,235
933,554,81,235
930,554,81,235
927,554,81,235
924,554,81,235
921,554,81,235
918,554,81,235
915,554,81,235
912,554,81,235
909,554,81,235
906,554,81,235
903,554,81,235
897,549,75,236
891,549,79,236
885,549,83,236
879,549,87,236
873,549,91,236
867,549,95,236
861,549,99,236
855,549,103,236
849,549,107,236
843,549,111,236
837,549,115,236
831,549,119,236
825,549,123,236
819,549,127,236
813,549,131,236
814,554,135,231
810,554,132,231
806,554,129,231
802,554,126,231
798,554,123,231
794,554,120,231
790,554,117,231
786,554,114,231
782,554,111,231
778,554,108,231
774,554,105,231
770,554,102,231
766,554,99,231
762,554,96,231
758,554,93,231
761,549,88,236
758,549,88,236
755,549,88,236
752,549,88,236
749,549,88,236
746,549,88,236
743,549,88,236
740,549,88,236
737,549,88,236
734,549,88,236
731,549,88,236
728,549,88,236
725,549,88,236
722,549,88,236
719,549,88,236
718,547,85,238
714,547,86,238
710,547,87,238
706,547,88,238
702,547,89,238
698,547,90,238
694,547,91,238
690,547,92,238
686,547,93,238
682,547,94,238
678,547,95,238
674,547,96,238
670,547,97,238
666,547,98,238
662,547,99,238
662,546,107,236
661,545,104,236
660,544,101,236
659,543,98,236
658,542,95,236
657,541,92,236
656,540,89,236
655,539,86,236
654,538,83,236
653,537,80,236
652,536,77,236
651,535,74,236
650,534,71,236
649,533,68,236
648,532,65,236
646,537,68,243
647,537,70,241
648,537,72,239
649,537,74,237
650,537,76,235
651,537,78,233
652,537,80,231
653,537,82,229
654,537,84,227
655,537,86,225
656,537,88,223
657,537,90,221
658,537,92,219
659,537,94,217
660,537,96,215
658,539,95,220
659,541,101,217
660,543,107,214
661,545,113,211
662,547,119,208
663,549,125,205
664,551,131,202
665,553,137,199
666,555,143,196
667,557,149,193
668,559,155,190
669,561,161,187
670,563,167,184
671,565,173,181
672,567,179,178
675,564,184,177
680,563,178,178
685,562,172,179
690,561,166,180
695,560,160,181
700,559,154,182
705,558,148,183
710,557,142,184
715,556,136,185
720,555,130,186
725,554,124,187
730,553,118,188
735,552,112,189
740,551,106,190
745,550,100,191
750,542,94,188
744,542,97,188
738,542,100,188
732,542,103,188
726,542,106,188
720,542,109,188
714,542,112,188
708,542,115,188
702,542,118,188
696,542,121,188
690,542,124,188
684,542,127,188
678,542,130,188
672,542,133,188
666,542,136,188
667,542,134,187
659,542,133,188
651,542,132,189
643,542,131,190
635,542,130,191
627,542,129,192
619,542,128,193
611,542,127,194
603,542,126,195
595,542,125,196
587,542,124,197
579,542,123,198
571,542,122,199
563,542,121,200
555,542,120,201
554,537,116,202
546,537,115,203
538,537,114,204
530,537,113,205
522,537,112,206
514,537,111,207
506,537,110,208
498,537,109,209
490,537,108,210
482,537,107,211
474,537,106,212
466,537,105,213
458,537,104,214
450,537,103,215
442,537,102,216
438,539,100,212
