1563,432,56,211
1562,433,58,211
1561,434,60,211
1560,435,62,211
1559,436,64,211
1558,437,66,211
1557,438,68,211
1556,439,70,211
1555,440,72,211
1554,441,74,211
1553,442,76,211
1552,443,78,211
1551,444,80,211
1550,445,82,211
1549,446,84,211
1545,440,92,209
1545,440,91,209
1545,440,90,209
1545,440,89,209
1545,440,88,209
1545,440,87,209
1545,440,86,209
1545,440,85,209
1545,440,84,209
1545,440,83,209
1545,440,82,209
1545,440,81,209
1545,440,80,209
1545,440,79,209
1545,440,78,209
1545,445,74,213
1543,445,75,214
1541,445,76,215
1539,445,77,216
1537,445,78,217
1535,445,79,218
1533,445,80,219
1531,445,81,220
1529,445,82,221
1527,445,83,222
1525,445,84,223
1523,445,85,224
1521,445,86,225
1519,445,87,226
1517,445,88,227
1514,440,84,221
1511,440,84,221
1508,440,84,221
1505,440,84,221
1502,440,84,221
1499,440,84,221
1496,440,84,221
1493,440,84,221
1490,440,84,221
1487,440,84,221
1484,440,84,221
1481,440,84,221
1478,440,84,221
1475,440,84,221
1472,440,84,221
1473,445,82,226
1468,445,83,226
1463,445,84,226
1458,445,85,226
1453,445,86,226
1448,445,87,226
1443,445,88,226
1438,445,89,226
1433,445,90,226
1428,445,91,226
1423,445,92,226
1418,445,93,226
1413,445,94,226
1408,445,95,226
1403,445,96,226
1405,443,99,226
1404,443,97,226
1403,443,95,226
1402,443,93,226
1401,443,91,226
1400,443,89,226
1399,443,87,226
1398,443,85,226
1397,443,83,226
1396,443,81,226
1395,443,79,226
1394,443,77,226
1393,443,75,226
1392,443,73,226
1391,443,71,226
1389,438,67,233
1385,439,69,233
1381,440,71,233
1377,441,73,233
1373,442,75,233
1369,443,77,233
1365,444,79,233
1361,445,81,233
1357,446,83,233
1353,447,85,233
1349,448,87,233
1345,449,89,233
1341,450,91,233
1337,451,93,233
1333,452,95,233
1334,446,90,228
1330,446,91,228
1326,446,92,228
1322,446,93,228
1318,446,94,228
1314,446,95,228
1310,446,96,228
1306,446,97,228
1302,446,98,228
1298,446,99,228
1294,446,100,228
1290,446,101,228
1286,446,102,228
1282,446,103,228
1278,446,104,228
1272,443,106,234
1271,443,103,235
1270,443,100,236
1269,443,97,237
1268,443,94,238
1267,443,91,239
1266,443,88,240
1265,443,85,241
1264,443,82,242
1263,443,79,243
1262,443,76,244
1261,443,73,245
1260,443,70,246
1259,443,67,247
1258,443,64,248
1253,443,67,242
1250,443,68,242
1247,443,69,242
1244,443,70,242
1241,443,71,242
1238,443,72,242
1235,443,73,242
1232,443,74,242
1229,443,75,242
1226,443,76,242
1223,443,77,242
1220,443,78,242
1217,443,79,242
1214,443,80,242
1211,443,81,242
1207,448,75,241
1203,448,77,241
1199,448,79,241
1195,448,81,241
1191,448,83,241
1187,448,85,241
1183,448,87,241
1179,448,89,241
1175,448,91,241
1171,448,93,241
1167,448,95,241
1163,448,97,241
1159,448,99,241
1155,448,101,241
1151,448,103,241
1150,451,99,248
1148,451,98,248
1146,451,97,248
1144,451,96,248
1142,451,95,248
1140,451,94,248
1138,451,93,248
1136,451,92,248
1134,451,91,248
1132,451,90,248
1130,451,89,248
1128,451,88,248
1126,451,87,248
1124,451,86,248
1122,451,85,248
1115,448,79,246
1113,448,79,246
1111,448,79,246
1109,448,79,246
1107,448,79,246
1105,448,79,246
1103,448,79,246
1101,448,79,246
1099,448,79,246
1097,448,79,246
1095,448,79,246
1093,448,79,246
1091,448,79,246
1089,448,79,246
1087,448,79,246
1088,449,81,242
1083,449,83,242
1078,449,85,242
1073,449,87,242
1068,449,89,242
1063,449,91,242
1058,449,93,242
1053,449,95,242
1048,449,97,242
1043,449,99,242
1038,449,101,242
1033,449,103,242
1028,449,105,242
1023,449,107,242
1018,449,109,242
1019,449,107,248
1016,449,106,249
1013,449,105,250
1010,449,104,251
1007,449,103,252
1004,449,102,253
1001,449,101,254
998,449,100,255
995,449,99,256
992,449,98,257
989,449,97,258
986,449,96,259
983,449,95,260
980,449,94,261
977,449,93,262
969,445,92,258
966,445,90,257
963,445,88,256
960,445,86,255
957,445,84,254
954,445,82,253
951,445,80,252
948,445,78,251
945,445,76,250
942,445,74,249
939,445,72,248
936,445,70,247
933,445,68,246
930,445,66,245
927,445,64,244
918,451,68,249
915,450,70,249
912,449,72,249
909,448,74,249
906,447,76,249
903,446,78,249
900,445,80,249
897,444,82,249
894,443,84,249
891,442,86,249
888,441,88,249
885,440,90,249
882,439,92,249
879,438,94,249
876,437,96,249
870,443,91,251
865,443,92,251
860,443,93,251
855,443,94,251
850,443,95,251
845,443,96,251
840,443,97,251
835,443,98,251
830,443,99,251
825,443,100,251
820,443,101,251
815,443,102,251
810,443,103,251
805,443,104,251
800,443,105,251
801,445,111,248
802,445,114,247
803,445,117,246
804,445,120,245
805,445,123,244
806,445,126,243
807,445,129,242
808,445,132,241
809,445,135,240
810,445,138,239
811,445,141,238
812,445,144,237
813,445,147,236
814,445,150,235
815,445,153,234
811,445,150,229
817,446,150,227
823,447,150,225
829,448,150,223
835,449,150,221
841,450,150,219
847,451,150,217
853,452,150,215
859,453,150,213
865,454,150,211
871,455,150,209
877,456,150,207
883,457,150,205
889,458,150,203
895,459,150,201
895,457,150,206
889,458,150,205
883,459,150,204
877,460,150,203
871,461,150,202
865,462,150,201
859,463,150,200
853,464,150,199
847,465,150,198
841,466,150,197
835,467,150,196
829,468,150,195
823,469,150,194
817,470,150,193
811,471,150,192
801,465,150,198
792,465,147,201
783,465,144,204
774,465,141,207
765,465,138,210
756,465,135,213
747,465,132,216
738,465,129,219
729,465,126,222
720,465,123,225
711,465,120,228
702,465,117,231
693,465,114,234
684,465,111,237
675,465,108,240
670,467,111,246
659,470,110,247
648,473,109,248
637,476,108,249
626,479,107,250
615,482,106,251
604,485,105,252
593,488,104,253
582,491,103,254
571,494,102,255
560,497,101,256
549,500,100,257
538,503,99,258
527,506,98,259
516,509,97,260
508,517,92,263
