1485,452,59,201
1484,452,60,201
1483,452,61,201
1482,452,62,201
1481,452,63,201
1480,452,64,201
1479,452,65,201
1478,452,66,201
1477,452,67,201
1476,452,68,201
1475,452,69,201
1474,452,70,201
1473,452,71,201
1472,452,72,201
1471,452,73,201
1475,457,77,199
1474,457,77,199
1473,457,77,199
1472,457,77,199
1471,457,77,199
1470,457,77,199
1469,457,77,199
1468,457,77,199
1467,457,77,199
1466,457,77,199
1465,457,77,199
1464,457,77,199
1463,457,77,199
1462,457,77,199
1461,457,77,199
1465,460,84,198
1463,460,84,198
1461,460,84,198
1459,460,84,198
1457,460,84,198
1455,460,84,198
1453,460,84,198
1451,460,84,198
1449,460,84,198
1447,460,84,198
1445,460,84,198
1443,460,84,198
1441,460,84,198
1439,460,84,198
1437,460,84,198
1437,462,88,202
1436,462,88,203
1435,462,88,204
1434,462,88,205
1433,462,88,206
1432,462,88,207
1431,462,88,208
1430,462,88,209
1429,462,88,210
1428,462,88,211
1427,462,88,212
1426,462,88,213
1425,462,88,214
1424,462,88,215
1423,462,88,216
1417,455,86,216
1415,455,85,216
1413,455,84,216
1411,455,83,216
1409,455,82,216
1407,455,81,216
1405,455,80,216
1403,455,79,216
1401,455,78,216
1399,455,77,216
1397,455,76,216
1395,455,75,216
1393,455,74,216
1391,455,73,216
1389,455,72,216
1392,455,68,216
1388,455,70,216
1384,455,72,216
1380,455,74,216
1376,455,76,216
1372,455,78,216
1368,455,80,216
1364,455,82,216
1360,455,84,216
1356,455,86,216
1352,455,88,216
1348,455,90,216
1344,455,92,216
1340,455,94,216
1336,455,96,216
1327,451,96,221
1326,451,94,220
1325,451,92,219
1324,451,90,218
1323,451,88,217
1322,451,86,216
1321,451,84,215
1320,451,82,214
1319,451,80,213
1318,451,78,212
1317,451,76,211
1316,451,74,210
1315,451,72,209
1314,451,70,208
1313,451,68,207
1305,447,72,213
1303,447,73,213
1301,447,74,213
1299,447,75,213
1297,447,76,213
1295,447,77,213
1293,447,78,213
1291,447,79,213
1289,447,80,213
1287,447,81,213
1285,447,82,213
1283,447,83,213
1281,447,84,213
1279,447,85,213
1277,447,86,213
1273,446,80,217
1269,446,82,217
1265,446,84,217
1261,446,86,217
1257,446,88,217
1253,446,90,217
1249,446,92,217
1245,446,94,217
1241,446,96,217
1237,446,98,217
1233,446,100,217
1229,446,102,217
1225,446,104,217
1221,446,106,217
1217,446,108,217
1212,446,109,223
1211,446,108,223
1210,446,107,223
1209,446,106,223
1208,446,105,223
1207,446,104,223
1206,446,103,223
1205,446,102,223
1204,446,101,223
1203,446,100,223
1202,446,99,223
1201,446,98,223
1200,446,97,223
1199,446,96,223
1198,446,95,223
1203,441,93,226
1200,441,93,226
1197,441,93,226
1194,441,93,226
1191,441,93,226
1188,441,93,226
1185,441,93,226
1182,441,93,226
1179,441,93,226
1176,441,93,226
1173,441,93,226
1170,441,93,226
1167,441,93,226
1164,441,93,226
1161,441,93,226
1157,446,91,221
1154,446,91,221
1151,446,91,221
1148,446,91,221
1145,446,91,221
1142,446,91,221
1139,446,91,221
1136,446,91,221
1133,446,91,221
1130,446,91,221
1127,446,91,221
1124,446,91,221
1121,446,91,221
1118,446,91,221
1115,446,91,221
1115,443,94,228
1114,443,94,229
1113,443,94,230
1112,443,94,231
1111,443,94,232
1110,443,94,233
1109,443,94,234
1108,443,94,235
1107,443,94,236
1106,443,94,237
1105,443,94,238
1104,443,94,239
1103,443,94,240
1102,443,94,241
1101,443,94,242
1093,438,92,237
1091,438,91,237
1089,438,90,237
1087,438,89,237
1085,438,88,237
1083,438,87,237
1081,438,86,237
1079,438,85,237
1077,438,84,237
1075,438,83,237
1073,438,82,237
1071,438,81,237
1069,438,80,237
1067,438,79,237
1065,438,78,237
1067,438,78,239
1065,438,79,239
1063,438,80,239
1061,438,81,239
1059,438,82,239
1057,438,83,239
1055,438,84,239
1053,438,85,239
1051,438,86,239
1049,438,87,239
1047,438,88,239
1045,438,89,239
1043,438,90,239
1041,438,91,239
1039,438,92,239
1042,436,86,241
1038,436,87,241
1034,436,88,241
1030,436,89,241
1026,436,90,241
1022,436,91,241
1018,436,92,241
1014,436,93,241
1010,436,94,241
1006,436,95,241
1002,436,96,241
998,436,97,241
994,436,98,241
990,436,99,241
986,436,100,241
979,435,108,237
978,434,106,238
977,433,104,239
976,432,102,240
975,431,100,241
974,430,98,242
973,429,96,243
972,428,94,244
971,427,92,245
970,426,90,246
969,425,88,247
968,424,86,248
967,423,84,249
966,422,82,250
965,421,80,251
959,427,77,252
955,427,79,251
951,427,81,250
947,427,83,249
943,427,85,248
939,427,87,247
935,427,89,246
931,427,91,245
927,427,93,244
923,427,95,243
919,427,97,242
915,427,99,241
911,427,101,240
907,427,103,239
903,427,105,238
901,427,108,242
897,427,108,242
893,427,108,242
889,427,108,242
885,427,108,242
881,427,108,242
877,427,108,242
873,427,108,242
869,427,108,242
865,427,108,242
861,427,108,242
857,427,108,242
853,427,108,242
849,427,108,242
845,427,108,242
838,427,103,242
837,426,101,242
836,425,99,242
835,424,97,242
834,423,95,242
833,422,93,242
832,421,91,242
831,420,89,242
830,419,87,242
829,418,85,242
828,417,83,242
827,416,81,242
826,415,79,242
825,414,77,242
824,413,75,242
826,414,66,246
822,414,68,245
818,414,70,244
814,414,72,243
810,414,74,242
806,414,76,241
802,414,78,240
798,414,80,239
794,414,82,238
790,414,84,237
786,414,86,236
782,414,88,235
778,414,90,234
774,414,92,233
770,414,94,232
767,414,101,238
767,414,105,237
767,414,109,236
767,414,113,235
767,414,117,234
767,414,121,233
767,414,125,232
767,414,129,231
767,414,133,230
767,414,137,229
767,414,141,228
767,414,145,227
767,414,149,226
767,414,153,225
767,414,157,224
767,416,154,223
773,417,154,221
779,418,154,219
785,419,154,217
791,420,154,215
797,421,154,213
803,422,154,211
809,423,154,209
815,424,154,207
821,425,154,205
827,426,154,203
833,427,154,201
839,428,154,199
845,429,154,197
851,430,154,195
855,438,156,193
853,437,152,194
851,436,148,195
849,435,144,196
847,434,140,197
845,433,136,198
843,432,132,199
841,431,128,200
839,430,124,201
837,429,120,202
835,428,116,203
833,427,112,204
831,426,108,205
829,425,104,206
827,424,100,207
830,425,91,204
822,425,92,204
814,425,93,204
806,425,94,204
798,425,95,204
790,425,96,204
782,425,97,204
774,425,98,204
766,425,99,204
758,425,100,204
750,425,101,204
742,425,102,204
734,425,103,204
726,425,104,204
718,425,105,204
704,430,103,210
695,430,103,214
686,430,103,218
677,430,103,222
668,430,103,226
659,430,103,230
650,430,103,234
641,430,103,238
632,430,103,242
623,430,103,246
614,430,103,250
605,430,103,254
596,430,103,258
587,430,103,262
578,430,103,266
570,436,108,266
