1333,422,61,235
1332,423,63,234
1331,424,65,233
1330,425,67,232
1329,426,69,231
1328,427,71,230
1327,428,73,229
1326,429,75,228
1325,430,77,227
1324,431,79,226
1323,432,81,225
1322,433,83,224
1321,434,85,223
1320,435,87,222
1319,436,89,221
1314,430,87,227
1314,430,88,228
1314,430,89,229
1314,430,90,230
1314,430,91,231
1314,430,92,232
1314,430,93,233
1314,430,94,234
1314,430,95,235
1314,430,96,236
1314,430,97,237
1314,430,98,238
1314,430,99,239
1314,430,100,240
1314,430,101,241
1310,433,95,239
1308,433,96,238
1306,433,97,237
1304,433,98,236
1302,433,99,235
1300,433,100,234
1298,433,101,233
1296,433,102,232
1294,433,103,231
1292,433,104,230
1290,433,105,229
1288,433,106,228
1286,433,107,227
1284,433,108,226
1282,433,109,225
1274,440,107,230
1273,439,106,231
1272,438,105,232
1271,437,104,233
1270,436,103,234
1269,435,102,235
1268,434,101,236
1267,433,100,237
1266,432,99,238
1265,431,98,239
1264,430,97,240
1263,429,96,241
1262,428,95,242
1261,427,94,243
1260,426,93,244
1266,431,95,245
1263,431,95,245
1260,431,95,245
1257,431,95,245
1254,431,95,245
1251,431,95,245
1248,431,95,245
1245,431,95,245
1242,431,95,245
1239,431,95,245
1236,431,95,245
1233,431,95,245
1230,431,95,245
1227,431,95,245
1224,431,95,245
1224,434,98,238
1223,434,96,239
1222,434,94,240
1221,434,92,241
1220,434,90,242
1219,434,88,243
1218,434,86,244
1217,434,84,245
1216,434,82,246
1215,434,80,247
1214,434,78,248
1213,434,76,249
1212,434,74,250
1211,434,72,251
1210,434,70,252
1205,431,65,248
1200,431,69,248
1195,431,73,248
1190,431,77,248
1185,431,81,248
1180,431,85,248
1175,431,89,248
1170,431,93,248
1165,431,97,248
1160,431,101,248
1155,431,105,248
1150,431,109,248
1145,431,113,248
1140,431,117,248
1135,431,121,248
1129,431,120,250
1128,431,118,250
1127,431,116,250
1126,431,114,250
1125,431,112,250
1124,431,110,250
1123,431,108,250
1122,431,106,250
1121,431,104,250
1120,431,102,250
1119,431,100,250
1118,431,98,250
1117,431,96,250
1116,431,94,250
1115,431,92,250
1111,425,84,252
1108,425,85,252
1105,425,86,252
1102,425,87,252
1099,425,88,252
1096,425,89,252
1093,425,90,252
1090,425,91,252
1087,425,92,252
1084,425,93,252
1081,425,94,252
1078,425,95,252
1075,425,96,252
1072,425,97,252
1069,425,98,252
1071,431,105,249
1068,431,105,249
1065,431,105,249
1062,431,105,249
1059,431,105,249
1056,431,105,249
1053,431,105,249
1050,431,105,249
1047,431,105,249
1044,431,105,249
1041,431,105,249
1038,431,105,249
1035,431,105,249
1032,431,105,249
1029,431,105,249
1023,425,99,255
1021,425,100,255
1019,425,101,255
1017,425,102,255
1015,425,103,255
1013,425,104,255
1011,425,105,255
1009,425,106,255
1007,425,107,255
1005,425,108,255
1003,425,109,255
1001,425,110,255
999,425,111,255
997,425,112,255
995,425,113,255
988,427,114,252
986,427,112,253
984,427,110,254
982,427,108,255
980,427,106,256
978,427,104,257
976,427,102,258
974,427,100,259
972,427,98,260
970,427,96,261
968,427,94,262
966,427,92,263
964,427,90,264
962,427,88,265
960,427,86,266
960,423,85,265
958,423,86,265
956,423,87,265
954,423,88,265
952,423,89,265
950,423,90,265
948,423,91,265
946,423,92,265
944,423,93,265
942,423,94,265
940,423,95,265
938,423,96,265
936,423,97,265
934,423,98,265
932,423,99,265
923,426,101,266
919,426,102,266
915,426,103,266
911,426,104,266
907,426,105,266
903,426,106,266
899,426,107,266
895,426,108,266
891,426,109,266
887,426,110,266
883,426,111,266
879,426,112,266
875,426,113,266
871,426,114,266
867,426,115,266
856,430,112,262
855,430,112,262
854,430,112,262
853,430,112,262
852,430,112,262
851,430,112,262
850,430,112,262
849,430,112,262
848,430,112,262
847,430,112,262
846,430,112,262
845,430,112,262
844,430,112,262
843,430,112,262
842,430,112,262
848,426,113,269
846,426,111,270
844,426,109,271
842,426,107,272
840,426,105,273
838,426,103,274
836,426,101,275
834,426,99,276
832,426,97,277
830,426,95,278
828,426,93,279
826,426,91,280
824,426,89,281
822,426,87,282
820,426,85,283
818,425,83,277
816,425,84,277
814,425,85,277
812,425,86,277
810,425,87,277
808,425,88,277
806,425,89,277
804,425,90,277
802,425,91,277
800,425,92,277
798,425,93,277
796,425,94,277
794,425,95,277
792,425,96,277
790,425,97,277
790,423,97,275
785,423,99,275
780,423,101,275
775,423,103,275
770,423,105,275
765,423,107,275
760,423,109,275
755,423,111,275
750,423,113,275
745,423,115,275
740,423,117,275
735,423,119,275
730,423,121,275
725,423,123,275
720,423,125,275
716,427,120,275
715,426,119,275
714,425,118,275
713,424,117,275
712,423,116,275
711,422,115,275
710,421,114,275
709,420,113,275
708,419,112,275
707,418,111,275
706,417,110,275
705,416,109,275
704,415,108,275
703,414,107,275
702,413,106,275
708,419,112,280
703,419,113,280
698,419,114,280
693,419,115,280
688,419,116,280
683,419,117,280
678,419,118,280
673,419,119,280
668,419,120,280
663,419,121,280
658,419,122,280
653,419,123,280
648,419,124,280
643,419,125,280
638,419,126,280
629,422,126,275
628,422,124,275
627,422,122,275
626,422,120,275
625,422,118,275
624,422,116,275
623,422,114,275
622,422,112,275
621,422,110,275
620,422,108,275
619,422,106,275
618,422,104,275
617,422,102,275
616,422,100,275
615,422,98,275
610,420,95,275
605,420,97,275
600,420,99,275
595,420,101,275
590,420,103,275
585,420,105,275
580,420,107,275
575,420,109,275
570,420,111,275
565,420,113,275
560,420,115,275
555,420,117,275
550,420,119,275
545,420,121,275
540,420,123,275
542,418,131,277
541,418,127,277
540,418,123,277
539,418,119,277
538,418,115,277
537,418,111,277
536,418,107,277
535,418,103,277
534,418,99,277
533,418,95,277
532,418,91,277
531,418,87,277
530,418,83,277
529,418,79,277
528,418,75,277
524,411,76,276
520,411,78,275
516,411,80,274
512,411,82,273
508,411,84,272
504,411,86,271
500,411,88,270
496,411,90,269
492,411,92,268
488,411,94,267
484,411,96,266
480,411,98,265
476,411,100,264
472,411,102,263
468,411,104,262
468,409,107,263
469,409,110,262
470,409,113,261
471,409,116,260
472,409,119,259
473,409,122,258
474,409,125,257
475,409,128,256
476,409,131,255
477,409,134,254
478,409,137,253
479,409,140,252
480,409,143,251
481,409,146,250
482,409,149,249
487,414,159,252
492,416,160,249
497,418,161,246
502,420,162,243
507,422,163,240
512,424,164,237
517,426,165,234
522,428,166,231
527,430,167,228
532,432,168,225
537,434,169,222
542,436,170,219
547,438,171,216
552,440,172,213
557,442,173,210
562,437,175,213
563,436,171,214
564,435,167,215
565,434,163,216
566,433,159,217
567,432,155,218
568,431,151,219
569,430,147,220
570,429,143,221
571,428,139,222
572,427,135,223
573,426,131,224
574,425,127,225
575,424,123,226
576,423,119,227
574,423,115,228
566,423,116,228
558,423,117,228
550,423,118,228
542,423,119,228
534,423,120,228
526,423,121,228
518,423,122,228
510,423,123,228
502,423,124,228
494,423,125,228
486,423,126,228
478,423,127,228
470,423,128,228
462,423,129,228
449,430,134,225
441,430,134,228
433,430,134,231
425,430,134,234
417,430,134,237
409,430,134,240
401,430,134,243
393,430,134,246
385,430,134,249
377,430,134,252
369,430,134,255
361,430,134,258
353,430,134,261
345,430,134,264
337,430,134,267
331,433,129,265
322,436,128,268
313,439,127,271
304,442,126,274
295,445,125,277
286,448,124,280
277,451,123,283
268,454,122,286
259,457,121,289
250,460,120,292
241,463,119,295
232,466,118,298
223,469,117,301
214,472,116,304
205,475,115,307
189,471,114,308
