1671,592,90,284
1671,592,91,284
1671,592,92,284
1671,592,93,284
1671,592,94,284
1671,592,95,284
1671,592,96,284
1671,592,97,284
1671,592,98,284
1671,592,99,284
1671,592,100,284
1671,592,101,284
1671,592,102,284
1671,592,103,284
1671,592,104,284
1666,589,98,287
1666,590,97,286
1666,591,96,285
1666,592,95,284
1666,593,94,283
1666,594,93,282
1666,595,92,281
1666,596,91,280
1666,597,90,279
1666,598,89,278
1666,599,88,277
1666,600,87,276
1666,601,86,275
1666,602,85,274
1666,603,84,273
1666,598,88,277
1665,598,91,278
1664,598,94,279
1663,598,97,280
1662,598,100,281
1661,598,103,282
1660,598,106,283
1659,598,109,284
1658,598,112,285
1657,598,115,286
1656,598,118,287
1655,598,121,288
1654,598,124,289
1653,598,127,290
1652,598,130,291
1652,602,126,290
1651,603,126,290
1650,604,126,290
1649,605,126,290
1648,606,126,290
1647,607,126,290
1646,608,126,290
1645,609,126,290
1644,610,126,290
1643,611,126,290
1642,612,126,290
1641,613,126,290
1640,614,126,290
1639,615,126,290
1638,616,126,290
1640,610,121,283
1637,610,121,283
1634,610,121,283
1631,610,121,283
1628,610,121,283
1625,610,121,283
1622,610,121,283
1619,610,121,283
1616,610,121,283
1613,610,121,283
1610,610,121,283
1607,610,121,283
1604,610,121,283
1601,610,121,283
1598,610,121,283
1598,607,126,288
1597,606,125,289
1596,605,124,290
1595,604,123,291
1594,603,122,292
1593,602,121,293
1592,601,120,294
1591,600,119,295
1590,599,118,296
1589,598,117,297
1588,597,116,298
1587,596,115,299
1586,595,114,300
1585,594,113,301
1584,593,112,302
1579,595,114,306
1576,595,114,306
1573,595,114,306
1570,595,114,306
1567,595,114,306
1564,595,114,306
1561,595,114,306
1558,595,114,306
1555,595,114,306
1552,595,114,306
1549,595,114,306
1546,595,114,306
1543,595,114,306
1540,595,114,306
1537,595,114,306
1529,598,110,301
1523,598,112,301
1517,598,114,301
1511,598,116,301
1505,598,118,301
1499,598,120,301
1493,598,122,301
1487,598,124,301
1481,598,126,301
1475,598,128,301
1469,598,130,301
1463,598,132,301
1457,598,134,301
1451,598,136,301
1445,598,138,301
1443,598,147,298
1443,597,144,299
1443,596,141,300
1443,595,138,301
1443,594,135,302
1443,593,132,303
1443,592,129,304
1443,591,126,305
1443,590,123,306
1443,589,120,307
1443,588,117,308
1443,587,114,309
1443,586,111,310
1443,585,108,311
1443,584,105,312
1436,582,107,311
1432,582,108,311
1428,582,109,311
1424,582,110,311
1420,582,111,311
1416,582,112,311
1412,582,113,311
1408,582,114,311
1404,582,115,311
1400,582,116,311
1396,582,117,311
1392,582,118,311
1388,582,119,311
1384,582,120,311
1380,582,121,311
1369,585,128,305
1368,585,126,306
1367,585,124,307
1366,585,122,308
1365,585,120,309
1364,585,118,310
1363,585,116,311
1362,585,114,312
1361,585,112,313
1360,585,110,314
1359,585,108,315
1358,585,106,316
1357,585,104,317
1356,585,102,318
1355,585,100,319
1357,579,94,316
1351,579,97,316
1345,579,100,316
1339,579,103,316
1333,579,106,316
1327,579,109,316
1321,579,112,316
1315,579,115,316
1309,579,118,316
1303,579,121,316
1297,579,124,316
1291,579,127,316
1285,579,130,316
1279,579,133,316
1273,579,136,316
1271,579,140,311
1270,579,138,312
1269,579,136,313
1268,579,134,314
1267,579,132,315
1266,579,130,316
1265,579,128,317
1264,579,126,318
1263,579,124,319
1262,579,122,320
1261,579,120,321
1260,579,118,322
1259,579,116,323
1258,579,114,324
1257,579,112,325
1259,573,109,320
1254,573,111,320
1249,573,113,320
1244,573,115,320
1239,573,117,320
1234,573,119,320
1229,573,121,320
1224,573,123,320
1219,573,125,320
1214,573,127,320
1209,573,129,320
1204,573,131,320
1199,573,133,320
1194,573,135,320
1189,573,137,320
1188,578,138,318
1186,578,137,318
1184,578,136,318
1182,578,135,318
1180,578,134,318
1178,578,133,318
1176,578,132,318
1174,578,131,318
1172,578,130,318
1170,578,129,318
1168,578,128,318
1166,578,127,318
1164,578,126,318
1162,578,125,318
1160,578,124,318
1157,573,117,325
1153,573,118,326
1149,573,119,327
1145,573,120,328
1141,573,121,329
1137,573,122,330
1133,573,123,331
1129,573,124,332
1125,573,125,333
1121,573,126,334
1117,573,127,335
1113,573,128,336
1109,573,129,337
1105,573,130,338
1101,573,131,339
1103,567,135,335
1103,567,132,336
1103,567,129,337
1103,567,126,338
1103,567,123,339
1103,567,120,340
1103,567,117,341
1103,567,114,342
1103,567,111,343
1103,567,108,344
1103,567,105,345
1103,567,102,346
1103,567,99,347
1103,567,96,348
1103,567,93,349
1101,564,88,343
1096,564,91,342
1091,564,94,341
1086,564,97,340
1081,564,100,339
1076,564,103,338
1071,564,106,337
1066,564,109,336
1061,564,112,335
1056,564,115,334
1051,564,118,333
1046,564,121,332
1041,564,124,331
1036,564,127,330
1031,564,130,329
1028,566,135,333
1025,566,134,333
1022,566,133,333
1019,566,132,333
1016,566,131,333
1013,566,130,333
1010,566,129,333
1007,566,128,333
1004,566,127,333
1001,566,126,333
998,566,125,333
995,566,124,333
992,566,123,333
989,566,122,333
986,566,121,333
986,563,114,338
982,563,117,338
978,563,120,338
974,563,123,338
970,563,126,338
966,563,129,338
962,563,132,338
958,563,135,338
954,563,138,338
950,563,141,338
946,563,144,338
942,563,147,338
938,563,150,338
934,563,153,338
930,563,156,338
920,557,160,342
918,556,156,343
916,555,152,344
914,554,148,345
912,553,144,346
910,552,140,347
908,551,136,348
906,550,132,349
904,549,128,350
902,548,124,351
900,547,120,352
898,546,116,353
896,545,112,354
894,544,108,355
892,543,104,356
887,545,107,350
883,545,110,350
879,545,113,350
875,545,116,350
871,545,119,350
867,545,122,350
863,545,125,350
859,545,128,350
855,545,131,350
851,545,134,350
847,545,137,350
843,545,140,350
839,545,143,350
835,545,146,350
831,545,149,350
825,543,147,343
820,543,147,343
815,543,147,343
810,543,147,343
805,543,147,343
800,543,147,343
795,543,147,343
790,543,147,343
785,543,147,343
780,543,147,343
775,543,147,343
770,543,147,343
765,543,147,343
760,543,147,343
755,543,147,343
743,539,144,348
742,538,142,348
741,537,140,348
740,536,138,348
739,535,136,348
738,534,134,348
737,533,132,348
736,532,130,348
735,531,128,348
734,530,126,348
733,529,124,348
732,528,122,348
731,527,120,348
730,526,118,348
729,525,116,348
729,525,112,348
723,525,114,348
717,525,116,348
711,525,118,348
705,525,120,348
699,525,122,348
693,525,124,348
687,525,126,348
681,525,128,348
675,525,130,348
669,525,132,348
663,525,134,348
657,525,136,348
651,525,138,348
645,525,140,348
641,518,141,346
641,518,142,344
641,518,143,342
641,518,144,340
641,518,145,338
641,518,146,336
641,518,147,334
641,518,148,332
641,518,149,330
641,518,150,328
641,518,151,326
641,518,152,324
641,518,153,322
641,518,154,320
641,518,155,318
641,519,157,318
642,521,163,315
643,523,169,312
644,525,175,309
645,527,181,306
646,529,187,303
647,531,193,300
648,533,199,297
649,535,205,294
650,537,211,291
651,539,217,288
652,541,223,285
653,543,229,282
654,545,235,279
655,547,241,276
662,551,252,279
669,551,250,279
676,551,248,279
683,551,246,279
690,551,244,279
697,551,242,279
704,551,240,279
711,551,238,279
718,551,236,279
725,551,234,279
732,551,232,279
739,551,230,279
746,551,228,279
753,551,226,279
760,551,224,279
769,552,218,278
762,552,216,278
755,552,214,278
748,552,212,278
741,552,210,278
734,552,208,278
727,552,206,278
720,552,204,278
713,552,202,278
706,552,200,278
699,552,198,278
692,552,196,278
685,552,194,278
678,552,192,278
671,552,190,278
667,548,183,271
658,548,179,272
649,548,175,273
640,548,171,274
631,548,167,275
622,548,163,276
613,548,159,277
604,548,155,278
595,548,151,279
586,548,147,280
577,548,143,281
568,548,139,282
559,548,135,283
550,548,131,284
541,548,127,285
536,552,125,290
