1514,440,64,220
1513,440,63,220
1512,440,62,220
1511,440,61,220
1510,440,60,220
1509,440,59,220
1508,440,58,220
1507,440,57,220
1506,440,56,220
1505,440,55,220
1504,440,54,220
1503,440,53,220
1502,440,52,220
1501,440,51,220
1500,440,50,220
1503,443,53,219
1500,443,55,219
1497,443,57,219
1494,443,59,219
1491,443,61,219
1488,443,63,219
1485,443,65,219
1482,443,67,219
1479,443,69,219
1476,443,71,219
1473,443,73,219
1470,443,75,219
1467,443,77,219
1464,443,79,219
1461,443,81,219
1457,442,78,226
1455,443,79,226
1453,444,80,226
1451,445,81,226
1449,446,82,226
1447,447,83,226
1445,448,84,226
1443,449,85,226
1441,450,86,226
1439,451,87,226
1437,452,88,226
1435,453,89,226
1433,454,90,226
1431,455,91,226
1429,456,92,226
1424,451,87,231
1421,452,87,230
1418,453,87,229
1415,454,87,228
1412,455,87,227
1409,456,87,226
1406,457,87,225
1403,458,87,224
1400,459,87,223
1397,460,87,222
1394,461,87,221
1391,462,87,220
1388,463,87,219
1385,464,87,218
1382,465,87,217
1372,462,92,219
1370,461,91,220
1368,460,90,221
1366,459,89,222
1364,458,88,223
1362,457,87,224
1360,456,86,225
1358,455,85,226
1356,454,84,227
1354,453,83,228
1352,452,82,229
1350,451,81,230
1348,450,80,231
1346,449,79,232
1344,448,78,233
1337,453,77,232
1334,453,76,233
1331,453,75,234
1328,453,74,235
1325,453,73,236
1322,453,72,237
1319,453,71,238
1316,453,70,239
1313,453,69,240
1310,453,68,241
1307,453,67,242
1304,453,66,243
1301,453,65,244
1298,453,64,245
1295,453,63,246
1289,453,68,243
1285,453,70,243
1281,453,72,243
1277,453,74,243
1273,453,76,243
1269,453,78,243
1265,453,80,243
1261,453,82,243
1257,453,84,243
1253,453,86,243
1249,453,88,243
1245,453,90,243
1241,453,92,243
1237,453,94,243
1233,453,96,243
1227,453,95,243
1223,453,95,243
1219,453,95,243
1215,453,95,243
1211,453,95,243
1207,453,95,243
1203,453,95,243
1199,453,95,243
1195,453,95,243
1191,453,95,243
1187,453,95,243
1183,453,95,243
1179,453,95,243
1175,453,95,243
1171,453,95,243
1168,458,91,246
1164,458,92,247
1160,458,93,248
1156,458,94,249
1152,458,95,250
1148,458,96,251
1144,458,97,252
1140,458,98,253
1136,458,99,254
1132,458,100,255
1128,458,101,256
1124,458,102,257
1120,458,103,258
1116,458,104,259
1112,458,105,260
1101,456,108,255
1099,455,105,255
1097,454,102,255
1095,453,99,255
1093,452,96,255
1091,451,93,255
1089,450,90,255
1087,449,87,255
1085,448,84,255
1083,447,81,255
1081,446,78,255
1079,445,75,255
1077,444,72,255
1075,443,69,255
1073,442,66,255
1068,448,66,260
1064,449,67,259
1060,450,68,258
1056,451,69,257
1052,452,70,256
1048,453,71,255
1044,454,72,254
1040,455,73,253
1036,456,74,252
1032,457,75,251
1028,458,76,250
1024,459,77,249
1020,460,78,248
1016,461,79,247
1012,462,80,246
1004,458,87,250
999,458,88,251
994,458,89,252
989,458,90,253
984,458,91,254
979,458,92,255
974,458,93,256
969,458,94,257
964,458,95,258
959,458,96,259
954,458,97,260
949,458,98,261
944,458,99,262
939,458,100,263
934,458,101,264
928,453,95,258
922,453,96,257
916,453,97,256
910,453,98,255
904,453,99,254
898,453,100,253
892,453,101,252
886,453,102,251
880,453,103,250
874,453,104,249
868,453,105,248
862,453,106,247
856,453,107,246
850,453,108,245
844,453,109,244
843,458,116,246
837,458,117,246
831,458,118,246
825,458,119,246
819,458,120,246
813,458,121,246
807,458,122,246
801,458,123,246
795,458,124,246
789,458,125,246
783,458,126,246
777,458,127,246
771,458,128,246
765,458,129,246
759,458,130,246
753,456,134,252
751,455,131,252
749,454,128,252
747,453,125,252
745,452,122,252
743,451,119,252
741,450,116,252
739,449,113,252
737,448,110,252
735,447,107,252
733,446,104,252
731,445,101,252
729,444,98,252
727,443,95,252
725,442,92,252
718,448,86,250
713,448,87,249
708,448,88,248
703,448,89,247
698,448,90,246
693,448,91,245
688,448,92,244
683,448,93,243
678,448,94,242
673,448,95,241
668,448,96,240
663,448,97,239
658,448,98,238
653,448,99,237
648,448,100,236
641,443,97,239
640,442,96,239
639,441,95,239
638,440,94,239
637,439,93,239
636,438,92,239
635,437,91,239
634,436,90,239
633,435,89,239
632,434,88,239
631,433,87,239
630,432,86,239
629,431,85,239
628,430,84,239
627,429,83,239
633,435,75,246
631,435,77,246
629,435,79,246
627,435,81,246
625,435,83,246
623,435,85,246
621,435,87,246
619,435,89,246
617,435,91,246
615,435,93,246
613,435,95,246
611,435,97,246
609,435,99,246
607,435,101,246
605,435,103,246
602,432,104,241
605,432,104,241
608,432,104,241
611,432,104,241
614,432,104,241
617,432,104,241
620,432,104,241
623,432,104,241
626,432,104,241
629,432,104,241
632,432,104,241
635,432,104,241
638,432,104,241
641,432,104,241
644,432,104,241
644,426,101,234
653,427,104,232
662,428,107,230
671,429,110,228
680,430,113,226
689,431,116,224
698,432,119,222
707,433,122,220
716,434,125,218
725,435,128,216
734,436,131,214
743,437,134,212
752,438,137,210
761,439,140,208
770,440,143,206
783,448,142,207
789,448,141,207
795,448,140,207
801,448,139,207
807,448,138,207
813,448,137,207
819,448,136,207
825,448,135,207
831,448,134,207
837,448,133,207
843,448,132,207
849,448,131,207
855,448,130,207
861,448,129,207
867,448,128,207
867,455,123,200
858,456,125,200
849,457,127,200
840,458,129,200
831,459,131,200
822,460,133,200
813,461,135,200
804,462,137,200
795,463,139,200
786,464,141,200
777,465,143,200
768,466,145,200
759,467,147,200
750,468,149,200
741,469,151,200
735,464,146,199
724,465,143,201
713,466,140,203
702,467,137,205
691,468,134,207
680,469,131,209
669,470,128,211
658,471,125,213
647,472,122,215
636,473,119,217
625,474,116,219
614,475,113,221
603,476,110,223
592,477,107,225
581,478,104,227
576,472,99,234
