1280,430,65,238
1279,430,65,238
1278,430,65,238
1277,430,65,238
1276,430,65,238
1275,430,65,238
1274,430,65,238
1273,430,65,238
1272,430,65,238
1271,430,65,238
1270,430,65,238
1269,430,65,238
1268,430,65,238
1267,430,65,238
1266,430,65,238
1269,433,62,245
1267,433,63,245
1265,433,64,245
1263,433,65,245
1261,433,66,245
1259,433,67,245
1257,433,68,245
1255,433,69,245
1253,433,70,245
1251,433,71,245
1249,433,72,245
1247,433,73,245
1245,433,74,245
1243,433,75,245
1241,433,76,245
1232,434,81,241
1229,434,83,241
1226,434,85,241
1223,434,87,241
1220,434,89,241
1217,434,91,241
1214,434,93,241
1211,434,95,241
1208,434,97,241
1205,434,99,241
1202,434,101,241
1199,434,103,241
1196,434,105,241
1193,434,107,241
1190,434,109,241
1194,433,104,245
1193,433,103,246
1192,433,102,247
1191,433,101,248
1190,433,100,249
1189,433,99,250
1188,433,98,251
1187,433,97,252
1186,433,96,253
1185,433,95,254
1184,433,94,255
1183,433,93,256
1182,433,92,257
1181,433,91,258
1180,433,90,259
1173,438,95,254
1172,438,94,254
1171,438,93,254
1170,438,92,254
1169,438,91,254
1168,438,90,254
1167,438,89,254
1166,438,88,254
1165,438,87,254
1164,438,86,254
1163,438,85,254
1162,438,84,254
1161,438,83,254
1160,438,82,254
1159,438,81,254
1157,442,85,252
1154,442,86,252
1151,442,87,252
1148,442,88,252
1145,442,89,252
1142,442,90,252
1139,442,91,252
1136,442,92,252
1133,442,93,252
1130,442,94,252
1127,442,95,252
1124,442,96,252
1121,442,97,252
1118,442,98,252
1115,442,99,252
1110,448,102,246
1107,447,101,247
1104,446,100,248
1101,445,99,249
1098,444,98,250
1095,443,97,251
1092,442,96,252
1089,441,95,253
1086,440,94,254
1083,439,93,255
1080,438,92,256
1077,437,91,257
1074,436,90,258
1071,435,89,259
1068,434,88,260
1065,438,80,262
1062,438,82,262
1059,438,84,262
1056,438,86,262
1053,438,88,262
1050,438,90,262
1047,438,92,262
1044,438,94,262
1041,438,96,262
1038,438,98,262
1035,438,100,262
1032,438,102,262
1029,438,104,262
1026,438,106,262
1023,438,108,262
1016,435,113,265
1012,435,113,265
1008,435,113,265
1004,435,113,265
1000,435,113,265
996,435,113,265
992,435,113,265
988,435,113,265
984,435,113,265
980,435,113,265
976,435,113,265
972,435,113,265
968,435,113,265
964,435,113,265
960,435,113,265
950,435,109,267
949,435,108,268
948,435,107,269
947,435,106,270
946,435,105,271
945,435,104,272
944,435,103,273
943,435,102,274
942,435,101,275
941,435,100,276
940,435,99,277
939,435,98,278
938,435,97,279
937,435,96,280
936,435,95,281
931,431,95,275
927,431,96,275
923,431,97,275
919,431,98,275
915,431,99,275
911,431,100,275
907,431,101,275
903,431,102,275
899,431,103,275
895,431,104,275
891,431,105,275
887,431,106,275
883,431,107,275
879,431,108,275
875,431,109,275
875,438,106,273
872,438,105,273
869,438,104,273
866,438,103,273
863,438,102,273
860,438,101,273
857,438,100,273
854,438,99,273
851,438,98,273
848,438,97,273
845,438,96,273
842,438,95,273
839,438,94,273
836,438,93,273
833,438,92,273
831,435,90,277
828,435,92,277
825,435,94,277
822,435,96,277
819,435,98,277
816,435,100,277
813,435,102,277
810,435,104,277
807,435,106,277
804,435,108,277
801,435,110,277
798,435,112,277
795,435,114,277
792,435,116,277
789,435,118,277
788,431,126,283
782,431,126,283
776,431,126,283
770,431,126,283
764,431,126,283
758,431,126,283
752,431,126,283
746,431,126,283
740,431,126,283
734,431,126,283
728,431,126,283
722,431,126,283
716,431,126,283
710,431,126,283
704,431,126,283
702,428,133,284
701,428,131,284
700,428,129,284
699,428,127,284
698,428,125,284
697,428,123,284
696,428,121,284
695,428,119,284
694,428,117,284
693,428,115,284
692,428,113,284
691,428,111,284
690,428,109,284
689,428,107,284
688,428,105,284
688,428,99,282
682,428,102,282
676,428,105,282
670,428,108,282
664,428,111,282
658,428,114,282
652,428,117,282
646,428,120,282
640,428,123,282
634,428,126,282
628,428,129,282
622,428,132,282
616,428,135,282
610,428,138,282
604,428,141,282
604,426,138,284
600,426,137,284
596,426,136,284
592,426,135,284
588,426,134,284
584,426,133,284
580,426,132,284
576,426,131,284
572,426,130,284
568,426,129,284
564,426,128,284
560,426,127,284
556,426,126,284
552,426,125,284
548,426,124,284
537,423,120,279
535,423,118,279
533,423,116,279
531,423,114,279
529,423,112,279
527,423,110,279
525,423,108,279
523,423,106,279
521,423,104,279
519,423,102,279
517,423,100,279
515,423,98,279
513,423,96,279
511,423,94,279
509,423,92,279
514,420,88,283
508,420,91,283
502,420,94,283
496,420,97,283
490,420,100,283
484,420,103,283
478,420,106,283
472,420,109,283
466,420,112,283
460,420,115,283
454,420,118,283
448,420,121,283
442,420,124,283
436,420,127,283
430,420,130,283
427,423,134,282
425,422,131,282
423,421,128,282
421,420,125,282
419,419,122,282
417,418,119,282
415,417,116,282
413,416,113,282
411,415,110,282
409,414,107,282
407,413,104,282
405,412,101,282
403,411,98,282
401,410,95,282
399,409,92,282
392,408,91,285
389,408,92,284
386,408,93,283
383,408,94,282
380,408,95,281
377,408,96,280
374,408,97,279
371,408,98,278
368,408,99,277
365,408,100,276
362,408,101,275
359,408,102,274
356,408,103,273
353,408,104,272
350,408,105,271
349,408,109,269
346,408,109,269
343,408,109,269
340,408,109,269
337,408,109,269
334,408,109,269
331,408,109,269
328,408,109,269
325,408,109,269
322,408,109,269
319,408,109,269
316,408,109,269
313,408,109,269
310,408,109,269
307,408,109,269
300,405,113,273
300,405,111,272
300,405,109,271
300,405,107,270
300,405,105,269
300,405,103,268
300,405,101,267
300,405,99,266
300,405,97,265
300,405,95,264
300,405,93,263
300,405,91,262
300,405,89,261
300,405,87,260
300,405,85,259
298,398,78,263
296,398,80,263
294,398,82,263
292,398,84,263
290,398,86,263
288,398,88,263
286,398,90,263
284,398,92,263
282,398,94,263
280,398,96,263
278,398,98,263
276,398,100,263
274,398,102,263
272,398,104,263
270,398,106,263
273,391,101,265
275,391,102,264
277,391,103,263
279,391,104,262
281,391,105,261
283,391,106,260
285,391,107,259
287,391,108,258
289,391,109,257
291,391,110,256
293,391,111,255
295,391,112,254
297,391,113,253
299,391,114,252
301,391,115,251
297,389,121,257
302,390,120,256
307,391,119,255
312,392,118,254
317,393,117,253
322,394,116,252
327,395,115,251
332,396,114,250
337,397,113,249
342,398,112,248
347,399,111,247
352,400,110,246
357,401,109,245
362,402,108,244
367,403,107,243
377,397,112,245
383,399,116,243
389,401,120,241
395,403,124,239
401,405,128,237
407,407,132,235
413,409,136,233
419,411,140,231
425,413,144,229
431,415,148,227
437,417,152,225
443,419,156,223
449,421,160,221
455,423,164,219
461,425,168,217
464,430,170,208
470,430,169,209
476,430,168,210
482,430,167,211
488,430,166,212
494,430,165,213
500,430,164,214
506,430,163,215
512,430,162,216
518,430,161,217
524,430,160,218
530,430,159,219
536,430,158,220
542,430,157,221
548,430,156,222
552,426,158,216
547,426,158,217
542,426,158,218
537,426,158,219
532,426,158,220
527,426,158,221
522,426,158,222
517,426,158,223
512,426,158,224
507,426,158,225
502,426,158,226
497,426,158,227
492,426,158,228
487,426,158,229
482,426,158,230
479,433,162,224
470,433,159,226
461,433,156,228
452,433,153,230
443,433,150,232
434,433,147,234
425,433,144,236
416,433,141,238
407,433,138,240
398,433,135,242
389,433,132,244
380,433,129,246
371,433,126,248
362,433,123,250
353,433,120,252
346,434,110,248
