1619,597,90,283
1618,597,90,284
1617,597,90,285
1616,597,90,286
1615,597,90,287
1614,597,90,288
1613,597,90,289
1612,597,90,290
1611,597,90,291
1610,597,90,292
1609,597,90,293
1608,597,90,294
1607,597,90,295
1606,597,90,296
1605,597,90,297
1599,598,91,292
1598,598,91,292
1597,598,91,292
1596,598,91,292
1595,598,91,292
1594,598,91,292
1593,598,91,292
1592,598,91,292
1591,598,91,292
1590,598,91,292
1589,598,91,292
1588,598,91,292
1587,598,91,292
1586,598,91,292
1585,598,91,292
1586,602,88,293
1581,602,90,293
1576,602,92,293
1571,602,94,293
1566,602,96,293
1561,602,98,293
1556,602,100,293
1551,602,102,293
1546,602,104,293
1541,602,106,293
1536,602,108,293
1531,602,110,293
1526,602,112,293
1521,602,114,293
1516,602,116,293
1507,598,117,300
1506,598,117,300
1505,598,117,300
1504,598,117,300
1503,598,117,300
1502,598,117,300
1501,598,117,300
1500,598,117,300
1499,598,117,300
1498,598,117,300
1497,598,117,300
1496,598,117,300
1495,598,117,300
1494,598,117,300
1493,598,117,300
1486,605,123,305
1484,605,123,305
1482,605,123,305
1480,605,123,305
1478,605,123,305
1476,605,123,305
1474,605,123,305
1472,605,123,305
1470,605,123,305
1468,605,123,305
1466,605,123,305
1464,605,123,305
1462,605,123,305
1460,605,123,305
1458,605,123,305
1457,607,121,304
1452,607,122,304
1447,607,123,304
1442,607,124,304
1437,607,125,304
1432,607,126,304
1427,607,127,304
1422,607,128,304
1417,607,129,304
1412,607,130,304
1407,607,131,304
1402,607,132,304
1397,607,133,304
1392,607,134,304
1387,607,135,304
1383,605,141,306
1380,604,140,307
1377,603,139,308
1374,602,138,309
1371,601,137,310
1368,600,136,311
1365,599,135,312
1362,598,134,313
1359,597,133,314
1356,596,132,315
1353,595,131,316
1350,594,130,317
1347,593,129,318
1344,592,128,319
1341,591,127,320
1339,593,126,320
1336,593,126,320
1333,593,126,320
1330,593,126,320
1327,593,126,320
1324,593,126,320
1321,593,126,320
1318,593,126,320
1315,593,126,320
1312,593,126,320
1309,593,126,320
1306,593,126,320
1303,593,126,320
1300,593,126,320
1297,593,126,320
1300,588,129,325
1293,588,131,325
1286,588,133,325
1279,588,135,325
1272,588,137,325
1265,588,139,325
1258,588,141,325
1251,588,143,325
1244,588,145,325
1237,588,147,325
1230,588,149,325
1223,588,151,325
1216,588,153,325
1209,588,155,325
1202,588,157,325
1201,583,158,332
1200,583,154,332
1199,583,150,332
1198,583,146,332
1197,583,142,332
1196,583,138,332
1195,583,134,332
1194,583,130,332
1193,583,126,332
1192,583,122,332
1191,583,118,332
1190,583,114,332
1189,583,110,332
1188,583,106,332
1187,583,102,332
1192,580,95,331
1188,580,97,331
1184,580,99,331
1180,580,101,331
1176,580,103,331
1172,580,105,331
1168,580,107,331
1164,580,109,331
1160,580,111,331
1156,580,113,331
1152,580,115,331
1148,580,117,331
1144,580,119,331
1140,580,121,331
1136,580,123,331
1129,582,126,333
1123,582,128,334
1117,582,130,335
1111,582,132,336
1105,582,134,337
1099,582,136,338
1093,582,138,339
1087,582,140,340
1081,582,142,341
1075,582,144,342
1069,582,146,343
1063,582,148,344
1057,582,150,345
1051,582,152,346
1045,582,154,347
1033,578,149,343
1031,577,145,343
1029,576,141,343
1027,575,137,343
1025,574,133,343
1023,573,129,343
1021,572,125,343
1019,571,121,343
1017,570,117,343
1015,569,113,343
1013,568,109,343
1011,567,105,343
1009,566,101,343
1007,565,97,343
1005,564,93,343
1007,562,90,344
1000,562,94,344
993,562,98,344
986,562,102,344
979,562,106,344
972,562,110,344
965,562,114,344
958,562,118,344
951,562,122,344
944,562,126,344
937,562,130,344
930,562,134,344
923,562,138,344
916,562,142,344
909,562,146,344
906,560,147,350
898,559,149,350
890,558,151,350
882,557,153,350
874,556,155,350
866,555,157,350
858,554,159,350
850,553,161,350
842,552,163,350
834,551,165,350
826,550,167,350
818,549,169,350
810,548,171,350
802,547,173,350
794,546,175,350
788,548,173,355
782,547,172,355
776,546,171,355
770,545,170,355
764,544,169,355
758,543,168,355
752,542,167,355
746,541,166,355
740,540,165,355
734,539,164,355
728,538,163,355
722,537,162,355
716,536,161,355
710,535,160,355
704,534,159,355
703,540,151,348
702,540,148,348
701,540,145,348
700,540,142,348
699,540,139,348
698,540,136,348
697,540,133,348
696,540,130,348
695,540,127,348
694,540,124,348
693,540,121,348
692,540,118,348
691,540,115,348
690,540,112,348
689,540,109,348
685,533,102,353
678,533,106,353
671,533,110,353
664,533,114,353
657,533,118,353
650,533,122,353
643,533,126,353
636,533,130,353
629,533,134,353
622,533,138,353
615,533,142,353
608,533,146,353
601,533,150,353
594,533,154,353
587,533,158,353
582,527,161,358
576,526,160,357
570,525,159,356
564,524,158,355
558,523,157,354
552,522,156,353
546,521,155,352
540,520,154,351
534,519,153,350
528,518,152,349
522,517,151,348
516,516,150,347
510,515,149,346
504,514,148,345
498,513,147,344
493,518,152,343
490,517,150,343
487,516,148,343
484,515,146,343
481,514,144,343
478,513,142,343
475,512,140,343
472,511,138,343
469,510,136,343
466,509,134,343
463,508,132,343
460,507,130,343
457,506,128,343
454,505,126,343
451,504,124,343
451,505,115,340
449,504,114,340
447,503,113,340
445,502,112,340
443,501,111,340
441,500,110,340
439,499,109,340
437,498,108,340
435,497,107,340
433,496,106,340
431,495,105,340
429,494,104,340
427,493,103,340
425,492,102,340
423,491,101,340
414,492,104,333
412,492,105,333
410,492,106,333
408,492,107,333
406,492,108,333
404,492,109,333
402,492,110,333
400,492,111,333
398,492,112,333
396,492,113,333
394,492,114,333
392,492,115,333
390,492,116,333
388,492,117,333
386,492,118,333
381,485,124,338
382,484,125,337
383,483,126,336
384,482,127,335
385,481,128,334
386,480,129,333
387,479,130,332
388,478,131,331
389,477,132,330
390,476,133,329
391,475,134,328
392,474,135,327
393,473,136,326
394,472,137,325
395,471,138,324
399,475,140,321
406,476,140,320
413,477,140,319
420,478,140,318
427,479,140,317
434,480,140,316
441,481,140,315
448,482,140,314
455,483,140,313
462,484,140,312
469,485,140,311
476,486,140,310
483,487,140,309
490,488,140,308
497,489,140,307
499,490,141,303
507,494,148,300
515,498,155,297
523,502,162,294
531,506,169,291
539,510,176,288
547,514,183,285
555,518,190,282
563,522,197,279
571,526,204,276
579,530,211,273
587,534,218,270
595,538,225,267
603,542,232,264
611,546,239,261
613,550,241,263
621,550,238,264
629,550,235,265
637,550,232,266
645,550,229,267
653,550,226,268
661,550,223,269
669,550,220,270
677,550,217,271
685,550,214,272
693,550,211,273
701,550,208,274
709,550,205,275
717,550,202,276
725,550,199,277
737,545,192,275
729,545,192,275
721,545,192,275
713,545,192,275
705,545,192,275
697,545,192,275
689,545,192,275
681,545,192,275
673,545,192,275
665,545,192,275
657,545,192,275
649,545,192,275
641,545,192,275
633,545,192,275
625,545,192,275
619,545,190,275
609,544,186,277
599,543,182,279
589,542,178,281
579,541,174,283
569,540,170,285
559,539,166,287
549,538,162,289
539,537,158,291
529,536,154,293
519,535,150,295
509,534,146,297
499,533,142,299
489,532,138,301
479,531,134,303
473,537,130,311
