1436,458,61,206
1435,458,61,206
1434,458,61,206
1433,458,61,206
1432,458,61,206
1431,458,61,206
1430,458,61,206
1429,458,61,206
1428,458,61,206
1427,458,61,206
1426,458,61,206
1425,458,61,206
1424,458,61,206
1423,458,61,206
1422,458,61,206
1427,457,59,211
1424,457,61,211
1421,457,63,211
1418,457,65,211
1415,457,67,211
1412,457,69,211
1409,457,71,211
1406,457,73,211
1403,457,75,211
1400,457,77,211
1397,457,79,211
1394,457,81,211
1391,457,83,211
1388,457,85,211
1385,457,87,211
1375,458,87,211
1374,458,87,211
1373,458,87,211
1372,458,87,211
1371,458,87,211
1370,458,87,211
1369,458,87,211
1368,458,87,211
1367,458,87,211
1366,458,87,211
1365,458,87,211
1364,458,87,211
1363,458,87,211
1362,458,87,211
1361,458,87,211
1363,462,81,217
1361,462,81,217
1359,462,81,217
1357,462,81,217
1355,462,81,217
1353,462,81,217
1351,462,81,217
1349,462,81,217
1347,462,81,217
1345,462,81,217
1343,462,81,217
1341,462,81,217
1339,462,81,217
1337,462,81,217
1335,462,81,217
1335,463,85,217
1332,463,86,217
1329,463,87,217
1326,463,88,217
1323,463,89,217
1320,463,90,217
1317,463,91,217
1314,463,92,217
1311,463,93,217
1308,463,94,217
1305,463,95,217
1302,463,96,217
1299,463,97,217
1296,463,98,217
1293,463,99,217
1293,462,96,215
1290,462,96,215
1287,462,96,215
1284,462,96,215
1281,462,96,215
1278,462,96,215
1275,462,96,215
1272,462,96,215
1269,462,96,215
1266,462,96,215
1263,462,96,215
1260,462,96,215
1257,462,96,215
1254,462,96,215
1251,462,96,215
1241,457,100,221
1240,457,97,222
1239,457,94,223
1238,457,91,224
1237,457,88,225
1236,457,85,226
1235,457,82,227
1234,457,79,228
1233,457,76,229
1232,457,73,230
1231,457,70,231
1230,457,67,232
1229,457,64,233
1228,457,61,234
1227,457,58,235
1229,454,62,230
1224,454,65,231
1219,454,68,232
1214,454,71,233
1209,454,74,234
1204,454,77,235
1199,454,80,236
1194,454,83,237
1189,454,86,238
1184,454,89,239
1179,454,92,240
1174,454,95,241
1169,454,98,242
1164,454,101,243
1159,454,104,244
1159,447,108,239
1156,447,107,239
1153,447,106,239
1150,447,105,239
1147,447,104,239
1144,447,103,239
1141,447,102,239
1138,447,101,239
1135,447,100,239
1132,447,99,239
1129,447,98,239
1126,447,97,239
1123,447,96,239
1120,447,95,239
1117,447,94,239
1114,449,90,239
1112,449,89,239
1110,449,88,239
1108,449,87,239
1106,449,86,239
1104,449,85,239
1102,449,84,239
1100,449,83,239
1098,449,82,239
1096,449,81,239
1094,449,80,239
1092,449,79,239
1090,449,78,239
1088,449,77,239
1086,449,76,239
1088,446,74,245
1085,446,76,245
1082,446,78,245
1079,446,80,245
1076,446,82,245
1073,446,84,245
1070,446,86,245
1067,446,88,245
1064,446,90,245
1061,446,92,245
1058,446,94,245
1055,446,96,245
1052,446,98,245
1049,446,100,245
1046,446,102,245
1037,442,108,245
1033,442,108,245
1029,442,108,245
1025,442,108,245
1021,442,108,245
1017,442,108,245
1013,442,108,245
1009,442,108,245
1005,442,108,245
1001,442,108,245
997,442,108,245
993,442,108,245
989,442,108,245
985,442,108,245
981,442,108,245
977,439,102,249
974,439,100,249
971,439,98,249
968,439,96,249
965,439,94,249
962,439,92,249
959,439,90,249
956,439,88,249
953,439,86,249
950,439,84,249
947,439,82,249
944,439,80,249
941,439,78,249
938,439,76,249
935,439,74,249
938,435,67,244
934,434,67,245
930,433,67,246
926,432,67,247
922,431,67,248
918,430,67,249
914,429,67,250
910,428,67,251
906,427,67,252
902,426,67,253
898,425,67,254
894,424,67,255
890,423,67,256
886,422,67,257
882,421,67,258
877,425,74,252
872,425,77,252
867,425,80,252
862,425,83,252
857,425,86,252
852,425,89,252
847,425,92,252
842,425,95,252
837,425,98,252
832,425,101,252
827,425,104,252
822,425,107,252
817,425,110,252
812,425,113,252
807,425,116,252
806,426,113,247
801,426,113,247
796,426,113,247
791,426,113,247
786,426,113,247
781,426,113,247
776,426,113,247
771,426,113,247
766,426,113,247
761,426,113,247
756,426,113,247
751,426,113,247
746,426,113,247
741,426,113,247
736,426,113,247
736,423,110,248
734,422,107,248
732,421,104,248
730,420,101,248
728,419,98,248
726,418,95,248
724,417,92,248
722,416,89,248
720,415,86,248
718,414,83,248
716,413,80,248
714,412,77,248
712,411,74,248
710,410,71,248
708,409,68,248
701,412,72,249
698,412,73,248
695,412,74,247
692,412,75,246
689,412,76,245
686,412,77,244
683,412,78,243
680,412,79,242
677,412,80,241
674,412,81,240
671,412,82,239
668,412,83,238
665,412,84,237
662,412,85,236
659,412,86,235
656,407,89,240
653,407,88,240
650,407,87,240
647,407,86,240
644,407,85,240
641,407,84,240
638,407,83,240
635,407,82,240
632,407,81,240
629,407,80,240
626,407,79,240
623,407,78,240
620,407,77,240
617,407,76,240
614,407,75,240
614,400,79,245
612,400,79,244
610,400,79,243
608,400,79,242
606,400,79,241
604,400,79,240
602,400,79,239
600,400,79,238
598,400,79,237
596,400,79,236
594,400,79,235
592,400,79,234
590,400,79,233
588,400,79,232
586,400,79,231
586,397,83,237
586,396,83,236
586,395,83,235
586,394,83,234
586,393,83,233
586,392,83,232
586,391,83,231
586,390,83,230
586,389,83,229
586,388,83,228
586,387,83,227
586,386,83,226
586,385,83,225
586,384,83,224
586,383,83,223
584,389,87,229
588,389,87,229
592,389,87,229
596,389,87,229
600,389,87,229
604,389,87,229
608,389,87,229
612,389,87,229
616,389,87,229
620,389,87,229
624,389,87,229
628,389,87,229
632,389,87,229
636,389,87,229
640,389,87,229
643,391,84,227
649,393,87,225
655,395,90,223
661,397,93,221
667,399,96,219
673,401,99,217
679,403,102,215
685,405,105,213
691,407,108,211
697,409,111,209
703,411,114,207
709,413,117,205
715,415,120,203
721,417,123,201
727,419,126,199
740,417,131,198
746,418,132,197
752,419,133,196
758,420,134,195
764,421,135,194
770,422,136,193
776,423,137,192
782,424,138,191
788,425,139,190
794,426,140,189
800,427,141,188
806,428,142,187
812,429,143,186
818,430,144,185
824,431,145,184
828,434,140,189
824,434,140,190
820,434,140,191
816,434,140,192
812,434,140,193
808,434,140,194
804,434,140,195
800,434,140,196
796,434,140,197
792,434,140,198
788,434,140,199
784,434,140,200
780,434,140,201
776,434,140,202
772,434,140,203
764,434,137,197
755,433,135,199
746,432,133,201
737,431,131,203
728,430,129,205
719,429,127,207
710,428,125,209
701,427,123,211
692,426,121,213
683,425,119,215
674,424,117,217
665,423,115,219
656,422,113,221
647,421,111,223
638,420,109,225
626,424,112,228
