1486,588,93,302
1486,588,93,302
1486,588,93,302
1486,588,93,302
1486,588,93,302
1486,588,93,302
1486,588,93,302
1486,588,93,302
1486,588,93,302
1486,588,93,302
1486,588,93,302
1486,588,93,302
1486,588,93,302
1486,588,93,302
1486,588,93,302
1489,593,87,295
1489,593,87,295
1489,593,87,295
1489,593,87,295
1489,593,87,295
1489,593,87,295
1489,593,87,295
1489,593,87,295
1489,593,87,295
1489,593,87,295
1489,593,87,295
1489,593,87,295
1489,593,87,295
1489,593,87,295
1489,593,87,295
1492,588,80,300
1491,588,82,300
1490,588,84,300
1489,588,86,300
1488,588,88,300
1487,588,90,300
1486,588,92,300
1485,588,94,300
1484,588,96,300
1483,588,98,300
1482,588,100,300
1481,588,102,300
1480,588,104,300
1479,588,106,300
1478,588,108,300
1482,587,112,305
1483,587,110,305
1484,587,108,305
1485,587,106,305
1486,587,104,305
1487,587,102,305
1488,587,100,305
1489,587,98,305
1490,587,96,305
1491,587,94,305
1492,587,92,305
1493,587,90,305
1494,587,88,305
1495,587,86,305
1496,587,84,305
1491,585,85,303
1490,585,86,303
1489,585,87,303
1488,585,88,303
1487,585,89,303
1486,585,90,303
1485,585,91,303
1484,585,92,303
1483,585,93,303
1482,585,94,303
1481,585,95,303
1480,585,96,303
1479,585,97,303
1478,585,98,303
1477,585,99,303
1479,585,102,303
1480,585,101,303
1481,585,100,303
1482,585,99,303
1483,585,98,303
1484,585,97,303
1485,585,96,303
1486,585,95,303
1487,585,94,303
1488,585,93,303
1489,585,92,303
1490,585,91,303
1491,585,90,303
1492,585,89,303
1493,585,88,303
1491,587,83,308
1491,587,83,308
1491,587,83,308
1491,587,83,308
1491,587,83,308
1491,587,83,308
1491,587,83,308
1491,587,83,308
1491,587,83,308
1491,587,83,308
1491,587,83,308
1491,587,83,308
1491,587,83,308
1491,587,83,308
1491,587,83,308
1487,584,89,303
1487,584,90,303
1487,584,91,303
1487,584,92,303
1487,584,93,303
1487,584,94,303
1487,584,95,303
1487,584,96,303
1487,584,97,303
1487,584,98,303
1487,584,99,303
1487,584,100,303
1487,584,101,303
1487,584,102,303
1487,584,103,303
1482,591,97,297
1481,591,98,297
1480,591,99,297
1479,591,100,297
1478,591,101,297
1477,591,102,297
1476,591,103,297
1475,591,104,297
1474,591,105,297
1473,591,106,297
1472,591,107,297
1471,591,108,297
1470,591,109,297
1469,591,110,297
1468,591,111,297
1461,595,115,295
1460,595,115,295
1459,595,115,295
1458,595,115,295
1457,595,115,295
1456,595,115,295
1455,595,115,295
1454,595,115,295
1453,595,115,295
1452,595,115,295
1451,595,115,295
1450,595,115,295
1449,595,115,295
1448,595,115,295
1447,595,115,295
1440,598,118,298
1440,597,117,299
1440,596,116,300
1440,595,115,301
1440,594,114,302
1440,593,113,303
1440,592,112,304
1440,591,111,305
1440,590,110,306
1440,589,109,307
1440,588,108,308
1440,587,107,309
1440,586,106,310
1440,585,105,311
1440,584,104,312
1436,587,99,317
1434,587,100,316
1432,587,101,315
1430,587,102,314
1428,587,103,313
1426,587,104,312
1424,587,105,311
1422,587,106,310
1420,587,107,309
1418,587,108,308
1416,587,109,307
1414,587,110,306
1412,587,111,305
1410,587,112,304
1408,587,113,303
1400,593,111,308
1396,593,113,308
1392,593,115,308
1388,593,117,308
1384,593,119,308
1380,593,121,308
1376,593,123,308
1372,593,125,308
1368,593,127,308
1364,593,129,308
1360,593,131,308
1356,593,133,308
1352,593,135,308
1348,593,137,308
1344,593,139,308
1336,595,139,306
1334,594,139,307
1332,593,139,308
1330,592,139,309
1328,591,139,310
1326,590,139,311
1324,589,139,312
1322,588,139,313
1320,587,139,314
1318,586,139,315
1316,585,139,316
1314,584,139,317
1312,583,139,318
1310,582,139,319
1308,581,139,320
1301,587,138,320
1297,587,138,320
1293,587,138,320
1289,587,138,320
1285,587,138,320
1281,587,138,320
1277,587,138,320
1273,587,138,320
1269,587,138,320
1265,587,138,320
1261,587,138,320
1257,587,138,320
1253,587,138,320
1249,587,138,320
1245,587,138,320
1243,582,140,325
1240,582,138,325
1237,582,136,325
1234,582,134,325
1231,582,132,325
1228,582,130,325
1225,582,128,325
1222,582,126,325
1219,582,124,325
1216,582,122,325
1213,582,120,325
1210,582,118,325
1207,582,116,325
1204,582,114,325
1201,582,112,325
1200,584,115,319
1192,584,118,319
1184,584,121,319
1176,584,124,319
1168,584,127,319
1160,584,130,319
1152,584,133,319
1144,584,136,319
1136,584,139,319
1128,584,142,319
1120,584,145,319
1112,584,148,319
1104,584,151,319
1096,584,154,319
1088,584,157,319
1085,580,167,323
1083,579,162,323
1081,578,157,323
1079,577,152,323
1077,576,147,323
1075,575,142,323
1073,574,137,323
1071,573,132,323
1069,572,127,323
1067,571,122,323
1065,570,117,323
1063,569,112,323
1061,568,107,323
1059,567,102,323
1057,566,97,323
1060,566,90,330
1053,565,90,331
1046,564,90,332
1039,563,90,333
1032,562,90,334
1025,561,90,335
1018,560,90,336
1011,559,90,337
1004,558,90,338
997,557,90,339
990,556,90,340
983,555,90,341
976,554,90,342
969,553,90,343
962,552,90,344
961,550,84,338
954,549,86,339
947,548,88,340
940,547,90,341
933,546,92,342
926,545,94,343
919,544,96,344
912,543,98,345
905,542,100,346
898,541,102,347
891,540,104,348
884,539,106,349
877,538,108,350
870,537,110,351
863,536,112,352
851,536,111,351
841,536,114,350
831,536,117,349
821,536,120,348
811,536,123,347
801,536,126,346
791,536,129,345
781,536,132,344
771,536,135,343
761,536,138,342
751,536,141,341
741,536,144,340
731,536,147,339
721,536,150,338
711,536,153,337
707,536,159,341
702,535,157,341
697,534,155,341
692,533,153,341
687,532,151,341
682,531,149,341
677,530,147,341
672,529,145,341
667,528,143,341
662,527,141,341
657,526,139,341
652,525,137,341
647,524,135,341
642,523,133,341
637,522,131,341
633,520,136,345
628,519,135,345
623,518,134,345
618,517,133,345
613,516,132,345
608,515,131,345
603,514,130,345
598,513,129,345
593,512,128,345
588,511,127,345
583,510,126,345
578,509,125,345
573,508,124,345
568,507,123,345
563,506,122,345
565,508,128,341
561,507,129,341
557,506,130,341
553,505,131,341
549,504,132,341
545,503,133,341
541,502,134,341
537,501,135,341
533,500,136,341
529,499,137,341
525,498,138,341
521,497,139,341
517,496,140,341
513,495,141,341
509,494,142,341
498,496,143,345
499,496,142,344
500,496,141,343
501,496,140,342
502,496,139,341
503,496,138,340
504,496,137,339
505,496,136,338
506,496,135,337
507,496,134,336
508,496,133,335
509,496,132,334
510,496,131,333
511,496,130,332
512,496,129,331
516,498,134,326
520,501,143,322
524,504,152,318
528,507,161,314
532,510,170,310
536,513,179,306
540,516,188,302
544,519,197,298
548,522,206,294
552,525,215,290
556,528,224,286
560,531,233,282
564,534,242,278
568,537,251,274
572,540,260,270
572,541,265,268
582,541,260,268
592,541,255,268
602,541,250,268
612,541,245,268
622,541,240,268
632,541,235,268
642,541,230,268
652,541,225,268
662,541,220,268
672,541,215,268
682,541,210,268
692,541,205,268
702,541,200,268
712,541,195,268
729,544,184,264
729,546,180,264
729,548,176,264
729,550,172,264
729,552,168,264
729,554,164,264
729,556,160,264
729,558,156,264
729,560,152,264
729,562,148,264
729,564,144,264
729,566,140,264
729,568,136,264
729,570,132,264
729,572,128,264
729,569,128,266
