1438,441,53,213
1438,441,54,213
1438,441,55,213
1438,441,56,213
1438,441,57,213
1438,441,58,213
1438,441,59,213
1438,441,60,213
1438,441,61,213
1438,441,62,213
1438,441,63,213
1438,441,64,213
1438,441,65,213
1438,441,66,213
1438,441,67,213
1433,442,68,213
1433,442,67,213
1433,442,66,213
1433,442,65,213
1433,442,64,213
1433,442,63,213
1433,442,62,213
1433,442,61,213
1433,442,60,213
1433,442,59,213
1433,442,58,213
1433,442,57,213
1433,442,56,213
1433,442,55,213
1433,442,54,213
1430,437,60,220
1430,437,61,220
1430,437,62,220
1430,437,63,220
1430,437,64,220
1430,437,65,220
1430,437,66,220
1430,437,67,220
1430,437,68,220
1430,437,69,220
1430,437,70,220
1430,437,71,220
1430,437,72,220
1430,437,73,220
1430,437,74,220
1426,435,69,217
1426,435,68,217
1426,435,67,217
1426,435,66,217
1426,435,65,217
1426,435,64,217
1426,435,63,217
1426,435,62,217
1426,435,61,217
1426,435,60,217
1426,435,59,217
1426,435,58,217
1426,435,57,217
1426,435,56,217
1426,435,55,217
1432,435,59,222
1432,435,59,222
1432,435,59,222
1432,435,59,222
1432,435,59,222
1432,435,59,222
1432,435,59,222
1432,435,59,222
1432,435,59,222
1432,435,59,222
1432,435,59,222
1432,435,59,222
1432,435,59,222
1432,435,59,222
1432,435,59,222
1432,437,56,217
1431,437,57,217
1430,437,58,217
1429,437,59,217
1428,437,60,217
1427,437,61,217
1426,437,62,217
1425,437,63,217
1424,437,64,217
1423,437,65,217
1422,437,66,217
1421,437,67,217
1420,437,68,217
1419,437,69,217
1418,437,70,217
1421,444,72,216
1420,444,73,217
1419,444,74,218
1418,444,75,219
1417,444,76,220
1416,444,77,221
1415,444,78,222
1414,444,79,223
1413,444,80,224
1412,444,81,225
1411,444,82,226
1410,444,83,227
1409,444,84,228
1408,444,85,229
1407,444,86,230
1406,442,80,225
1405,442,79,225
1404,442,78,225
1403,442,77,225
1402,442,76,225
1401,442,75,225
1400,442,74,225
1399,442,73,225
1398,442,72,225
1397,442,71,225
1396,442,70,225
1395,442,69,225
1394,442,68,225
1393,442,67,225
1392,442,66,225
1384,445,65,225
1382,446,65,225
1380,447,65,225
1378,448,65,225
1376,449,65,225
1374,450,65,225
1372,451,65,225
1370,452,65,225
1368,453,65,225
1366,454,65,225
1364,455,65,225
1362,456,65,225
1360,457,65,225
1358,458,65,225
1356,459,65,225
1354,453,60,223
1351,453,62,224
1348,453,64,225
1345,453,66,226
1342,453,68,227
1339,453,70,228
1336,453,72,229
1333,453,74,230
1330,453,76,231
1327,453,78,232
1324,453,80,233
1321,453,82,234
1318,453,84,235
1315,453,86,236
1312,453,88,237
1304,448,93,235
1299,448,94,235
1294,448,95,235
1289,448,96,235
1284,448,97,235
1279,448,98,235
1274,448,99,235
1269,448,100,235
1264,448,101,235
1259,448,102,235
1254,448,103,235
1249,448,104,235
1244,448,105,235
1239,448,106,235
1234,448,107,235
1233,453,105,237
1229,453,104,237
1225,453,103,237
1221,453,102,237
1217,453,101,237
1213,453,100,237
1209,453,99,237
1205,453,98,237
1201,453,97,237
1197,453,96,237
1193,453,95,237
1189,453,94,237
1185,453,93,237
1181,453,92,237
1177,453,91,237
1174,456,92,232
1170,455,90,233
1166,454,88,234
1162,453,86,235
1158,452,84,236
1154,451,82,237
1150,450,80,238
1146,449,78,239
1142,448,76,240
1138,447,74,241
1134,446,72,242
1130,445,70,243
1126,444,68,244
1122,443,66,245
1118,442,64,246
1117,444,63,245
1111,444,64,245
1105,444,65,245
1099,444,66,245
1093,444,67,245
1087,444,68,245
1081,444,69,245
1075,444,70,245
1069,444,71,245
1063,444,72,245
1057,444,73,245
1051,444,74,245
1045,444,75,245
1039,444,76,245
1033,444,77,245
1034,442,74,247
1028,442,75,247
1022,442,76,247
1016,442,77,247
1010,442,78,247
1004,442,79,247
998,442,80,247
992,442,81,247
986,442,82,247
980,442,83,247
974,442,84,247
968,442,85,247
962,442,86,247
956,442,87,247
950,442,88,247
944,447,96,252
937,446,96,252
930,445,96,252
923,444,96,252
916,443,96,252
909,442,96,252
902,441,96,252
895,440,96,252
888,439,96,252
881,438,96,252
874,437,96,252
867,436,96,252
860,435,96,252
853,434,96,252
846,433,96,252
846,438,95,258
841,438,96,257
836,438,97,256
831,438,98,255
826,438,99,254
821,438,100,253
816,438,101,252
811,438,102,251
806,438,103,250
801,438,104,249
796,438,105,248
791,438,106,247
786,438,107,246
781,438,108,245
776,438,109,244
772,437,117,245
767,438,118,245
762,439,119,245
757,440,120,245
752,441,121,245
747,442,122,245
742,443,123,245
737,444,124,245
732,445,125,245
727,446,126,245
722,447,127,245
717,448,128,245
712,449,129,245
707,450,130,245
702,451,131,245
698,447,129,238
700,446,126,238
702,445,123,238
704,444,120,238
706,443,117,238
708,442,114,238
710,441,111,238
712,440,108,238
714,439,105,238
716,438,102,238
718,437,99,238
720,436,96,238
722,435,93,238
724,434,90,238
726,433,87,238
723,429,84,240
727,433,90,235
731,437,96,230
735,441,102,225
739,445,108,220
743,449,114,215
747,453,120,210
751,457,126,205
755,461,132,200
759,465,138,195
763,469,144,190
767,473,150,185
771,477,156,180
775,481,162,175
779,485,168,170
790,482,180,172
796,482,174,172
802,482,168,172
808,482,162,172
814,482,156,172
820,482,150,172
826,482,144,172
832,482,138,172
838,482,132,172
844,482,126,172
850,482,120,172
856,482,114,172
862,482,108,172
868,482,102,172
874,482,96,172
876,478,85,174
871,480,86,176
866,482,87,178
861,484,88,180
856,486,89,182
851,488,90,184
846,490,91,186
841,492,92,188
836,494,93,190
831,496,94,192
826,498,95,194
821,500,96,196
816,502,97,198
811,504,98,200
806,506,99,202
807,507,106,211
795,507,108,219
783,507,110,227
771,507,112,235
759,507,114,243
747,507,116,251
735,507,118,259
723,507,120,267
711,507,122,275
699,507,124,283
687,507,126,291
675,507,128,299
663,507,130,307
651,507,132,315
639,507,134,323
629,505,139,336
