1359,452,71,210
1358,452,71,210
1357,452,71,210
1356,452,71,210
1355,452,71,210
1354,452,71,210
1353,452,71,210
1352,452,71,210
1351,452,71,210
1350,452,71,210
1349,452,71,210
1348,452,71,210
1347,452,71,210
1346,452,71,210
1345,452,71,210
1349,452,78,210
1350,452,77,210
1351,452,76,210
1352,452,75,210
1353,452,74,210
1354,452,73,210
1355,452,72,210
1356,452,71,210
1357,452,70,210
1358,452,69,210
1359,452,68,210
1360,452,67,210
1361,452,66,210
1362,452,65,210
1363,452,64,210
1359,450,58,215
1358,450,59,215
1357,450,60,215
1356,450,61,215
1355,450,62,215
1354,450,63,215
1353,450,64,215
1352,450,65,215
1351,450,66,215
1350,450,67,215
1349,450,68,215
1348,450,69,215
1347,450,70,215
1346,450,71,215
1345,450,72,215
1349,452,74,212
1349,452,73,212
1349,452,72,212
1349,452,71,212
1349,452,70,212
1349,452,69,212
1349,452,68,212
1349,452,67,212
1349,452,66,212
1349,452,65,212
1349,452,64,212
1349,452,63,212
1349,452,62,212
1349,452,61,212
1349,452,60,212
1356,450,61,215
1356,450,62,215
1356,450,63,215
1356,450,64,215
1356,450,65,215
1356,450,66,215
1356,450,67,215
1356,450,68,215
1356,450,69,215
1356,450,70,215
1356,450,71,215
1356,450,72,215
1356,450,73,215
1356,450,74,215
1356,450,75,215
1349,449,71,213
1350,449,70,213
1351,449,69,213
1352,449,68,213
1353,449,67,213
1354,449,66,213
1355,449,65,213
1356,449,64,213
1357,449,63,213
1358,449,62,213
1359,449,61,213
1360,449,60,213
1361,449,59,213
1362,449,58,213
1363,449,57,213
1359,452,59,212
1358,453,61,211
1357,454,63,210
1356,455,65,209
1355,456,67,208
1354,457,69,207
1353,458,71,206
1352,459,73,205
1351,460,75,204
1350,461,77,203
1349,462,79,202
1348,463,81,201
1347,464,83,200
1346,465,85,199
1345,466,87,198
1337,461,87,203
1336,461,87,203
1335,461,87,203
1334,461,87,203
1333,461,87,203
1332,461,87,203
1331,461,87,203
1330,461,87,203
1329,461,87,203
1328,461,87,203
1327,461,87,203
1326,461,87,203
1325,461,87,203
1324,461,87,203
1323,461,87,203
1328,459,84,208
1328,458,82,209
1328,457,80,210
1328,456,78,211
1328,455,76,212
1328,454,74,213
1328,453,72,214
1328,452,70,215
1328,451,68,216
1328,450,66,217
1328,449,64,218
1328,448,62,219
1328,447,60,220
1328,446,58,221
1328,445,56,222
1328,450,61,223
1326,450,62,223
1324,450,63,223
1322,450,64,223
1320,450,65,223
1318,450,66,223
1316,450,67,223
1314,450,68,223
1312,450,69,223
1310,450,70,223
1308,450,71,223
1306,450,72,223
1304,450,73,223
1302,450,74,223
1300,450,75,223
1297,452,77,224
1293,452,79,224
1289,452,81,224
1285,452,83,224
1281,452,85,224
1277,452,87,224
1273,452,89,224
1269,452,91,224
1265,452,93,224
1261,452,95,224
1257,452,97,224
1253,452,99,224
1249,452,101,224
1245,452,103,224
1241,452,105,224
1238,453,106,223
1237,453,105,223
1236,453,104,223
1235,453,103,223
1234,453,102,223
1233,453,101,223
1232,453,100,223
1231,453,99,223
1230,453,98,223
1229,453,97,223
1228,453,96,223
1227,453,95,223
1226,453,94,223
1225,453,93,223
1224,453,92,223
1230,447,85,227
1225,447,87,227
1220,447,89,227
1215,447,91,227
1210,447,93,227
1205,447,95,227
1200,447,97,227
1195,447,99,227
1190,447,101,227
1185,447,103,227
1180,447,105,227
1175,447,107,227
1170,447,109,227
1165,447,111,227
1160,447,113,227
1162,446,109,231
1158,446,108,231
1154,446,107,231
1150,446,106,231
1146,446,105,231
1142,446,104,231
1138,446,103,231
1134,446,102,231
1130,446,101,231
1126,446,100,231
1122,446,99,231
1118,446,98,231
1114,446,97,231
1110,446,96,231
1106,446,95,231
1106,449,97,224
1104,448,95,225
1102,447,93,226
1100,446,91,227
1098,445,89,228
1096,444,87,229
1094,443,85,230
1092,442,83,231
1090,441,81,232
1088,440,79,233
1086,439,77,234
1084,438,75,235
1082,437,73,236
1080,436,71,237
1078,435,69,238
1080,440,74,236
1075,440,76,236
1070,440,78,236
1065,440,80,236
1060,440,82,236
1055,440,84,236
1050,440,86,236
1045,440,88,236
1040,440,90,236
1035,440,92,236
1030,440,94,236
1025,440,96,236
1020,440,98,236
1015,440,100,236
1010,440,102,236
1000,437,99,230
994,437,101,231
988,437,103,232
982,437,105,233
976,437,107,234
970,437,109,235
964,437,111,236
958,437,113,237
952,437,115,238
946,437,117,239
940,437,119,240
934,437,121,241
928,437,123,242
922,437,125,243
916,437,127,244
913,432,126,239
908,431,124,240
903,430,122,241
898,429,120,242
893,428,118,243
888,427,116,244
883,426,114,245
878,425,112,246
873,424,110,247
868,423,108,248
863,422,106,249
858,421,104,250
853,420,102,251
848,419,100,252
843,418,98,253
843,420,103,248
839,420,101,248
835,420,99,248
831,420,97,248
827,420,95,248
823,420,93,248
819,420,91,248
815,420,89,248
811,420,87,248
807,420,85,248
803,420,83,248
799,420,81,248
795,420,79,248
791,420,77,248
787,420,75,248
790,414,80,247
786,414,81,247
782,414,82,247
778,414,83,247
774,414,84,247
770,414,85,247
766,414,86,247
762,414,87,247
758,414,88,247
754,414,89,247
750,414,90,247
746,414,91,247
742,414,92,247
738,414,93,247
734,414,94,247
737,408,92,250
733,408,93,250
729,408,94,250
725,408,95,250
721,408,96,250
717,408,97,250
713,408,98,250
709,408,99,250
705,408,100,250
701,408,101,250
697,408,102,250
693,408,103,250
689,408,104,250
685,408,105,250
681,408,106,250
672,405,110,245
672,405,109,245
672,405,108,245
672,405,107,245
672,405,106,245
672,405,105,245
672,405,104,245
672,405,103,245
672,405,102,245
672,405,101,245
672,405,100,245
672,405,99,245
672,405,98,245
672,405,97,245
672,405,96,245
678,399,89,240
681,401,96,237
684,403,103,234
687,405,110,231
690,407,117,228
693,409,124,225
696,411,131,222
699,413,138,219
702,415,145,216
705,417,152,213
708,419,159,210
711,421,166,207
714,423,173,204
717,425,180,201
720,427,187,198
719,433,188,191
726,433,183,191
733,433,178,191
740,433,173,191
747,433,168,191
754,433,163,191
761,433,158,191
768,433,153,191
775,433,148,191
782,433,143,191
789,433,138,191
796,433,133,191
803,433,128,191
810,433,123,191
817,433,118,191
827,433,116,188
826,434,115,189
825,435,114,190
824,436,113,191
823,437,112,192
822,438,111,193
821,439,110,194
820,440,109,195
819,441,108,196
818,442,107,197
817,443,106,198
816,444,105,199
815,445,104,200
814,446,103,201
813,447,102,202
818,449,96,206
813,450,97,211
808,451,98,216
803,452,99,221
798,453,100,226
793,454,101,231
788,455,102,236
783,456,103,241
778,457,104,246
773,458,105,251
768,459,106,256
763,460,107,261
758,461,108,266
753,462,109,271
748,463,110,276
749,464,111,285
