1423,421,56,223
1420,421,59,224
1417,421,62,225
1414,421,65,226
1411,421,68,227
1408,421,71,228
1405,421,74,229
1402,421,77,230
1399,421,80,231
1396,421,83,232
1393,421,86,233
1390,421,89,234
1387,421,92,235
1384,421,95,236
1381,421,98,237
1372,414,95,235
1372,414,93,234
1372,414,91,233
1372,414,89,232
1372,414,87,231
1372,414,85,230
1372,414,83,229
1372,414,81,228
1372,414,79,227
1372,414,77,226
1372,414,75,225
1372,414,73,224
1372,414,71,223
1372,414,69,222
1372,414,67,221
1379,417,62,227
1375,417,64,227
1371,417,66,227
1367,417,68,227
1363,417,70,227
1359,417,72,227
1355,417,74,227
1351,417,76,227
1347,417,78,227
1343,417,80,227
1339,417,82,227
1335,417,84,227
1331,417,86,227
1327,417,88,227
1323,417,90,227
1324,421,90,220
1322,421,89,220
1320,421,88,220
1318,421,87,220
1316,421,86,220
1314,421,85,220
1312,421,84,220
1310,421,83,220
1308,421,82,220
1306,421,81,220
1304,421,80,220
1302,421,79,220
1300,421,78,220
1298,421,77,220
1296,421,76,220
1299,417,68,227
1298,417,68,227
1297,417,68,227
1296,417,68,227
1295,417,68,227
1294,417,68,227
1293,417,68,227
1292,417,68,227
1291,417,68,227
1290,417,68,227
1289,417,68,227
1288,417,68,227
1287,417,68,227
1286,417,68,227
1285,417,68,227
1288,424,62,223
1285,424,63,223
1282,424,64,223
1279,424,65,223
1276,424,66,223
1273,424,67,223
1270,424,68,223
1267,424,69,223
1264,424,70,223
1261,424,71,223
1258,424,72,223
1255,424,73,223
1252,424,74,223
1249,424,75,223
1246,424,76,223
1250,426,83,229
1247,426,84,230
1244,426,85,231
1241,426,86,232
1238,426,87,233
1235,426,88,234
1232,426,89,235
1229,426,90,236
1226,426,91,237
1223,426,92,238
1220,426,93,239
1217,426,94,240
1214,426,95,241
1211,426,96,242
1208,426,97,243
1206,426,97,246
1205,426,96,246
1204,426,95,246
1203,426,94,246
1202,426,93,246
1201,426,92,246
1200,426,91,246
1199,426,90,246
1198,426,89,246
1197,426,88,246
1196,426,87,246
1195,426,86,246
1194,426,85,246
1193,426,84,246
1192,426,83,246
1196,427,83,240
1194,427,84,240
1192,427,85,240
1190,427,86,240
1188,427,87,240
1186,427,88,240
1184,427,89,240
1182,427,90,240
1180,427,91,240
1178,427,92,240
1176,427,93,240
1174,427,94,240
1172,427,95,240
1170,427,96,240
1168,427,97,240
1171,431,92,242
1168,431,92,242
1165,431,92,242
1162,431,92,242
1159,431,92,242
1156,431,92,242
1153,431,92,242
1150,431,92,242
1147,431,92,242
1144,431,92,242
1141,431,92,242
1138,431,92,242
1135,431,92,242
1132,431,92,242
1129,431,92,242
1121,431,93,249
1118,431,93,249
1115,431,93,249
1112,431,93,249
1109,431,93,249
1106,431,93,249
1103,431,93,249
1100,431,93,249
1097,431,93,249
1094,431,93,249
1091,431,93,249
1088,431,93,249
1085,431,93,249
1082,431,93,249
1079,431,93,249
1079,432,86,253
1077,431,86,253
1075,430,86,253
1073,429,86,253
1071,428,86,253
1069,427,86,253
1067,426,86,253
1065,425,86,253
1063,424,86,253
1061,423,86,253
1059,422,86,253
1057,421,86,253
1055,420,86,253
1053,419,86,253
1051,418,86,253
1052,424,81,251
1050,424,81,250
1048,424,81,249
1046,424,81,248
1044,424,81,247
1042,424,81,246
1040,424,81,245
1038,424,81,244
1036,424,81,243
1034,424,81,242
1032,424,81,241
1030,424,81,240
1028,424,81,239
1026,424,81,238
1024,424,81,237
1015,429,86,240
1011,429,87,240
1007,429,88,240
1003,429,89,240
999,429,90,240
995,429,91,240
991,429,92,240
987,429,93,240
983,429,94,240
979,429,95,240
975,429,96,240
971,429,97,240
967,429,98,240
963,429,99,240
959,429,100,240
948,429,101,241
946,429,99,241
944,429,97,241
942,429,95,241
940,429,93,241
938,429,91,241
936,429,89,241
934,429,87,241
932,429,85,241
930,429,83,241
928,429,81,241
926,429,79,241
924,429,77,241
922,429,75,241
920,429,73,241
916,422,78,238
914,422,79,238
912,422,80,238
910,422,81,238
908,422,82,238
906,422,83,238
904,422,84,238
902,422,85,238
900,422,86,238
898,422,87,238
896,422,88,238
894,422,89,238
892,422,90,238
890,422,91,238
888,422,92,238
879,417,90,245
874,418,92,245
869,419,94,245
864,420,96,245
859,421,98,245
854,422,100,245
849,423,102,245
844,424,104,245
839,425,106,245
834,426,108,245
829,427,110,245
824,428,112,245
819,429,114,245
814,430,116,245
809,431,118,245
808,429,116,244
808,430,114,243
808,431,112,242
808,432,110,241
808,433,108,240
808,434,106,239
808,435,104,238
808,436,102,237
808,437,100,236
808,438,98,235
808,439,96,234
808,440,94,233
808,441,92,232
808,442,90,231
808,443,88,230
815,437,90,222
815,437,92,222
815,437,94,222
815,437,96,222
815,437,98,222
815,437,100,222
815,437,102,222
815,437,104,222
815,437,106,222
815,437,108,222
815,437,110,222
815,437,112,222
815,437,114,222
815,437,116,222
815,437,118,222
819,432,115,218
814,431,116,219
809,430,117,220
804,429,118,221
799,428,119,222
794,427,120,223
789,426,121,224
784,425,122,225
779,424,123,226
774,423,124,227
769,422,125,228
764,421,126,229
759,420,127,230
754,419,128,231
749,418,129,232
738,411,125,235
728,411,125,232
718,411,125,229
708,411,125,226
698,411,125,223
688,411,125,220
678,411,125,217
668,411,125,214
658,411,125,211
648,411,125,208
638,411,125,205
628,411,125,202
618,411,125,199
608,411,125,196
598,411,125,193
585,414,122,197
575,416,119,199
565,418,116,201
555,420,113,203
545,422,110,205
535,424,107,207
525,426,104,209
515,428,101,211
505,430,98,213
495,432,95,215
485,434,92,217
475,436,89,219
465,438,86,221
455,440,83,223
445,442,80,225
433,444,71,225
425,444,72,228
417,444,73,231
409,444,74,234
401,444,75,237
393,444,76,240
385,444,77,243
377,444,78,246
369,444,79,249
361,444,80,252
353,444,81,255
345,444,82,258
337,444,83,261
329,444,84,264
321,444,85,267
315,437,88,274
