1335,426,74,210
1335,426,73,210
1335,426,72,210
1335,426,71,210
1335,426,70,210
1335,426,69,210
1335,426,68,210
1335,426,67,210
1335,426,66,210
1335,426,65,210
1335,426,64,210
1335,426,63,210
1335,426,62,210
1335,426,61,210
1335,426,60,210
1332,423,57,215
1330,423,59,215
1328,423,61,215
1326,423,63,215
1324,423,65,215
1322,423,67,215
1320,423,69,215
1318,423,71,215
1316,423,73,215
1314,423,75,215
1312,423,77,215
1310,423,79,215
1308,423,81,215
1306,423,83,215
1304,423,85,215
1297,417,82,210
1297,417,81,210
1297,417,80,210
1297,417,79,210
1297,417,78,210
1297,417,77,210
1297,417,76,210
1297,417,75,210
1297,417,74,210
1297,417,73,210
1297,417,72,210
1297,417,71,210
1297,417,70,210
1297,417,69,210
1297,417,68,210
1302,423,63,205
1298,423,65,205
1294,423,67,205
1290,423,69,205
1286,423,71,205
1282,423,73,205
1278,423,75,205
1274,423,77,205
1270,423,79,205
1266,423,81,205
1262,423,83,205
1258,423,85,205
1254,423,87,205
1250,423,89,205
1246,423,91,205
1242,423,96,206
1242,422,95,206
1242,421,94,206
1242,420,93,206
1242,419,92,206
1242,418,91,206
1242,417,90,206
1242,416,89,206
1242,415,88,206
1242,414,87,206
1242,413,86,206
1242,412,85,206
1242,411,84,206
1242,410,83,206
1242,409,82,206
1239,415,74,212
1238,415,74,212
1237,415,74,212
1236,415,74,212
1235,415,74,212
1234,415,74,212
1233,415,74,212
1232,415,74,212
1231,415,74,212
1230,415,74,212
1229,415,74,212
1228,415,74,212
1227,415,74,212
1226,415,74,212
1225,415,74,212
1221,414,68,215
1221,414,67,215
1221,414,66,215
1221,414,65,215
1221,414,64,215
1221,414,63,215
1221,414,62,215
1221,414,61,215
1221,414,60,215
1221,414,59,215
1221,414,58,215
1221,414,57,215
1221,414,56,215
1221,414,55,215
1221,414,54,215
1217,416,60,221
1214,417,62,220
1211,418,64,219
1208,419,66,218
1205,420,68,217
1202,421,70,216
1199,422,72,215
1196,423,74,214
1193,424,76,213
1190,425,78,212
1187,426,80,211
1184,427,82,210
1181,428,84,209
1178,429,86,208
1175,430,88,207
1173,428,93,212
1173,428,92,213
1173,428,91,214
1173,428,90,215
1173,428,89,216
1173,428,88,217
1173,428,87,218
1173,428,86,219
1173,428,85,220
1173,428,84,221
1173,428,83,222
1173,428,82,223
1173,428,81,224
1173,428,80,225
1173,428,79,226
1169,421,78,222
1167,421,79,223
1165,421,80,224
1163,421,81,225
1161,421,82,226
1159,421,83,227
1157,421,84,228
1155,421,85,229
1153,421,86,230
1151,421,87,231
1149,421,88,232
1147,421,89,233
1145,421,90,234
1143,421,91,235
1141,421,92,236
1140,426,92,233
1139,426,91,233
1138,426,90,233
1137,426,89,233
1136,426,88,233
1135,426,87,233
1134,426,86,233
1133,426,85,233
1132,426,84,233
1131,426,83,233
1130,426,82,233
1129,426,81,233
1128,426,80,233
1127,426,79,233
1126,426,78,233
1124,430,84,230
1123,430,84,230
1122,430,84,230
1121,430,84,230
1120,430,84,230
1119,430,84,230
1118,430,84,230
1117,430,84,230
1116,430,84,230
1115,430,84,230
1114,430,84,230
1113,430,84,230
1112,430,84,230
1111,430,84,230
1110,430,84,230
1110,424,91,233
1107,424,91,233
1104,424,91,233
1101,424,91,233
1098,424,91,233
1095,424,91,233
1092,424,91,233
1089,424,91,233
1086,424,91,233
1083,424,91,233
1080,424,91,233
1077,424,91,233
1074,424,91,233
1071,424,91,233
1068,424,91,233
1065,430,88,238
1065,430,87,238
1065,430,86,238
1065,430,85,238
1065,430,84,238
1065,430,83,238
1065,430,82,238
1065,430,81,238
1065,430,80,238
1065,430,79,238
1065,430,78,238
1065,430,77,238
1065,430,76,238
1065,430,75,238
1065,430,74,238
1058,430,70,238
1055,430,72,238
1052,430,74,238
1049,430,76,238
1046,430,78,238
1043,430,80,238
1040,430,82,238
1037,430,84,238
1034,430,86,238
1031,430,88,238
1028,430,90,238
1025,430,92,238
1022,430,94,238
1019,430,96,238
1016,430,98,238
1009,431,95,237
1008,430,94,237
1007,429,93,237
1006,428,92,237
1005,427,91,237
1004,426,90,237
1003,425,89,237
1002,424,88,237
1001,423,87,237
1000,422,86,237
999,421,85,237
998,420,84,237
997,419,83,237
996,418,82,237
995,417,81,237
999,423,76,243
997,423,76,243
995,423,76,243
993,423,76,243
991,423,76,243
989,423,76,243
987,423,76,243
985,423,76,243
983,423,76,243
981,423,76,243
979,423,76,243
977,423,76,243
975,423,76,243
973,423,76,243
971,423,76,243
973,421,81,236
970,421,80,236
967,421,79,236
964,421,78,236
961,421,77,236
958,421,76,236
955,421,75,236
952,421,74,236
949,421,73,236
946,421,72,236
943,421,71,236
940,421,70,236
937,421,69,236
934,421,68,236
931,421,67,236
935,426,68,231
932,426,70,231
929,426,72,231
926,426,74,231
923,426,76,231
920,426,78,231
917,426,80,231
914,426,82,231
911,426,84,231
908,426,86,231
905,426,88,231
902,426,90,231
899,426,92,231
896,426,94,231
893,426,96,231
893,428,99,231
891,428,97,232
889,428,95,233
887,428,93,234
885,428,91,235
883,428,89,236
881,428,87,237
879,428,85,238
877,428,83,239
875,428,81,240
873,428,79,241
871,428,77,242
869,428,75,243
867,428,73,244
865,428,71,245
869,421,66,240
867,421,68,239
865,421,70,238
863,421,72,237
861,421,74,236
859,421,76,235
857,421,78,234
855,421,80,233
853,421,82,232
851,421,84,231
849,421,86,230
847,421,88,229
845,421,90,228
843,421,92,227
841,421,94,226
835,421,90,231
831,421,91,231
827,421,92,231
823,421,93,231
819,421,94,231
815,421,95,231
811,421,96,231
807,421,97,231
803,421,98,231
799,421,99,231
795,421,100,231
791,421,101,231
787,421,102,231
783,421,103,231
779,421,104,231
769,425,102,225
769,424,101,226
769,423,100,227
769,422,99,228
769,421,98,229
769,420,97,230
769,419,96,231
769,418,95,232
769,417,94,233
769,416,93,234
769,415,92,235
769,414,91,236
769,413,90,237
769,412,89,238
769,411,88,239
762,417,86,235
763,418,88,234
764,419,90,233
765,420,92,232
766,421,94,231
767,422,96,230
768,423,98,229
769,424,100,228
770,425,102,227
771,426,104,226
772,427,106,225
773,428,108,224
774,429,110,223
775,430,112,222
776,431,114,221
772,435,113,216
772,435,113,216
772,435,113,216
772,435,113,216
772,435,113,216
772,435,113,216
772,435,113,216
772,435,113,216
772,435,113,216
772,435,113,216
772,435,113,216
772,435,113,216
772,435,113,216
772,435,113,216
772,435,113,216
772,430,111,211
768,429,112,211
764,428,113,211
760,427,114,211
756,426,115,211
752,425,116,211
748,424,117,211
744,423,118,211
740,422,119,211
736,421,120,211
732,420,121,211
728,419,122,211
724,418,123,211
720,417,124,211
716,416,125,211
708,412,121,217
702,413,120,216
696,414,119,215
690,415,118,214
684,416,117,213
678,417,116,212
672,418,115,211
666,419,114,210
660,420,113,209
654,421,112,208
648,422,111,207
642,423,110,206
636,424,109,205
630,425,108,204
624,426,107,203
618,426,110,203
610,426,108,203
602,426,106,203
594,426,104,203
586,426,102,203
578,426,100,203
570,426,98,203
562,426,96,203
554,426,94,203
546,426,92,203
538,426,90,203
530,426,88,203
522,426,86,203
514,426,84,203
506,426,82,203
499,429,82,208
489,429,84,210
479,429,86,212
469,429,88,214
459,429,90,216
449,429,92,218
439,429,94,220
429,429,96,222
419,429,98,224
409,429,100,226
399,429,102,228
389,429,104,230
379,429,106,232
369,429,108,234
359,429,110,236
356,428,106,238
351,429,105,240
346,430,104,242
341,431,103,244
336,432,102,246
331,433,101,248
326,434,100,250
321,435,99,252
316,436,98,254
311,437,97,256
306,438,96,258
301,439,95,260
296,440,94,262
291,441,93,264
286,442,92,266
283,449,92,263
