1042,433,63,213
1041,434,64,213
1040,435,65,213
1039,436,66,213
1038,437,67,213
1037,438,68,213
1036,439,69,213
1035,440,70,213
1034,441,71,213
1033,442,72,213
1032,443,73,213
1031,444,74,213
1030,445,75,213
1029,446,76,213
1028,447,77,213
1022,445,81,209
1022,444,81,210
1022,443,81,211
1022,442,81,212
1022,441,81,213
1022,440,81,214
1022,439,81,215
1022,438,81,216
1022,437,81,217
1022,436,81,218
1022,435,81,219
1022,434,81,220
1022,433,81,221
1022,432,81,222
1022,431,81,223
1027,432,76,222
1026,431,76,223
1025,430,76,224
1024,429,76,225
1023,428,76,226
1022,427,76,227
1021,426,76,228
1020,425,76,229
1019,424,76,230
1018,423,76,231
1017,422,76,232
1016,421,76,233
1015,420,76,234
1014,419,76,235
1013,418,76,236
1018,418,70,239
1018,418,70,239
1018,418,70,239
1018,418,70,239
1018,418,70,239
1018,418,70,239
1018,418,70,239
1018,418,70,239
1018,418,70,239
1018,418,70,239
1018,418,70,239
1018,418,70,239
1018,418,70,239
1018,418,70,239
1018,418,70,239
1012,424,69,235
1011,424,69,236
1010,424,69,237
1009,424,69,238
1008,424,69,239
1007,424,69,240
1006,424,69,241
1005,424,69,242
1004,424,69,243
1003,424,69,244
1002,424,69,245
1001,424,69,246
1000,424,69,247
999,424,69,248
998,424,69,249
1003,423,74,249
1001,423,75,249
999,423,76,249
997,423,77,249
995,423,78,249
993,423,79,249
991,423,80,249
989,423,81,249
987,423,82,249
985,423,83,249
983,423,84,249
981,423,85,249
979,423,86,249
977,423,87,249
975,423,88,249
979,421,92,242
979,421,91,242
979,421,90,242
979,421,89,242
979,421,88,242
979,421,87,242
979,421,86,242
979,421,85,242
979,421,84,242
979,421,83,242
979,421,82,242
979,421,81,242
979,421,80,242
979,421,79,242
979,421,78,242
976,426,81,242
975,426,80,241
974,426,79,240
973,426,78,239
972,426,77,238
971,426,76,237
970,426,75,236
969,426,74,235
968,426,73,234
967,426,72,233
966,426,71,232
965,426,70,231
964,426,69,230
963,426,68,229
962,426,67,228
955,433,63,230
953,433,65,230
951,433,67,230
949,433,69,230
947,433,71,230
945,433,73,230
943,433,75,230
941,433,77,230
939,433,79,230
937,433,81,230
935,433,83,230
933,433,85,230
931,433,87,230
929,433,89,230
927,433,91,230
919,433,92,233
918,433,92,233
917,433,92,233
916,433,92,233
915,433,92,233
914,433,92,233
913,433,92,233
912,433,92,233
911,433,92,233
910,433,92,233
909,433,92,233
908,433,92,233
907,433,92,233
906,433,92,233
905,433,92,233
899,429,91,234
897,428,90,234
895,427,89,234
893,426,88,234
891,425,87,234
889,424,86,234
887,423,85,234
885,422,84,234
883,421,83,234
881,420,82,234
879,419,81,234
877,418,80,234
875,417,79,234
873,416,78,234
871,415,77,234
872,419,76,237
871,418,76,239
870,417,76,241
869,416,76,243
868,415,76,245
867,414,76,247
866,413,76,249
865,412,76,251
864,411,76,253
863,410,76,255
862,409,76,257
861,408,76,259
860,407,76,261
859,406,76,263
858,405,76,265
853,407,79,261
850,407,80,260
847,407,81,259
844,407,82,258
841,407,83,257
838,407,84,256
835,407,85,255
832,407,86,254
829,407,87,253
826,407,88,252
823,407,89,251
820,407,90,250
817,407,91,249
814,407,92,248
811,407,93,247
808,407,94,243
808,407,93,243
808,407,92,243
808,407,91,243
808,407,90,243
808,407,89,243
808,407,88,243
808,407,87,243
808,407,86,243
808,407,85,243
808,407,84,243
808,407,83,243
808,407,82,243
808,407,81,243
808,407,80,243
802,410,86,238
799,410,86,238
796,410,86,238
793,410,86,238
790,410,86,238
787,410,86,238
784,410,86,238
781,410,86,238
778,410,86,238
775,410,86,238
772,410,86,238
769,410,86,238
766,410,86,238
763,410,86,238
760,410,86,238
762,406,80,239
762,406,80,238
762,406,80,237
762,406,80,236
762,406,80,235
762,406,80,234
762,406,80,233
762,406,80,232
762,406,80,231
762,406,80,230
762,406,80,229
762,406,80,228
762,406,80,227
762,406,80,226
762,406,80,225
756,413,76,229
754,413,76,228
752,413,76,227
750,413,76,226
748,413,76,225
746,413,76,224
744,413,76,223
742,413,76,222
740,413,76,221
738,413,76,220
736,413,76,219
734,413,76,218
732,413,76,217
730,413,76,216
728,413,76,215
721,412,73,221
719,412,74,221
717,412,75,221
715,412,76,221
713,412,77,221
711,412,78,221
709,412,79,221
707,412,80,221
705,412,81,221
703,412,82,221
701,412,83,221
699,412,84,221
697,412,85,221
695,412,86,221
693,412,87,221
694,413,92,220
692,413,91,220
690,413,90,220
688,413,89,220
686,413,88,220
684,413,87,220
682,413,86,220
680,413,85,220
678,413,84,220
676,413,83,220
674,413,82,220
672,413,81,220
670,413,80,220
668,413,79,220
666,413,78,220
667,413,72,223
666,412,73,223
665,411,74,223
664,410,75,223
663,409,76,223
662,408,77,223
661,407,78,223
660,406,79,223
659,405,80,223
658,404,81,223
657,403,82,223
656,402,83,223
655,401,84,223
654,400,85,223
653,399,86,223
650,403,91,230
649,403,90,230
648,403,89,230
647,403,88,230
646,403,87,230
645,403,86,230
644,403,85,230
643,403,84,230
642,403,83,230
641,403,82,230
640,403,81,230
639,403,80,230
638,403,79,230
637,403,78,230
636,403,77,230
629,406,71,237
627,406,72,236
625,406,73,235
623,406,74,234
621,406,75,233
619,406,76,232
617,406,77,231
615,406,78,230
613,406,79,229
611,406,80,228
609,406,81,227
607,406,82,226
605,406,83,225
603,406,84,224
601,406,85,223
604,404,79,223
601,404,80,223
598,404,81,223
595,404,82,223
592,404,83,223
589,404,84,223
586,404,85,223
583,404,86,223
580,404,87,223
577,404,88,223
574,404,89,223
571,404,90,223
568,404,91,223
565,404,92,223
562,404,93,223
566,397,93,222
566,398,95,223
566,399,97,224
566,400,99,225
566,401,101,226
566,402,103,227
566,403,105,228
566,404,107,229
566,405,109,230
566,406,111,231
566,407,113,232
566,408,115,233
566,409,117,234
566,410,119,235
566,411,121,236
573,416,119,240
577,418,121,240
581,420,123,240
585,422,125,240
589,424,127,240
593,426,129,240
597,428,131,240
601,430,133,240
605,432,135,240
609,434,137,240
613,436,139,240
617,438,141,240
621,440,143,240
625,442,145,240
629,444,147,240
626,452,148,236
632,455,149,234
638,458,150,232
644,461,151,230
650,464,152,228
656,467,153,226
662,470,154,224
668,473,155,222
674,476,156,220
680,479,157,218
686,482,158,216
692,485,159,214
698,488,160,212
704,491,161,210
710,494,162,208
718,496,158,205
714,496,156,205
710,496,154,205
706,496,152,205
702,496,150,205
698,496,148,205
694,496,146,205
690,496,144,205
686,496,142,205
682,496,140,205
678,496,138,205
674,496,136,205
670,496,134,205
666,496,132,205
662,496,130,205
660,499,122,204
650,500,125,210
640,501,128,216
630,502,131,222
620,503,134,228
610,504,137,234
600,505,140,240
590,506,143,246
580,507,146,252
570,508,149,258
560,509,152,264
550,510,155,270
540,511,158,276
530,512,161,282
520,513,164,288
513,508,162,291
503,509,160,291
493,510,158,291
483,511,156,291
473,512,154,291
463,513,152,291
453,514,150,291
443,515,148,291
433,516,146,291
423,517,144,291
413,518,142,291
403,519,140,291
393,520,138,291
383,521,136,291
373,522,134,291
368,529,134,298
353,530,139,297
338,531,144,296
323,532,149,295
308,533,154,294
293,534,159,293
278,535,164,292
263,536,169,291
248,537,174,290
233,538,179,289
218,539,184,288
203,540,189,287
188,541,194,286
173,542,199,285
158,543,204,284
146,539,209,289
