1309,442,62,199
1309,442,62,199
1309,442,62,199
1309,442,62,199
1309,442,62,199
1309,442,62,199
1309,442,62,199
1309,442,62,199
1309,442,62,199
1309,442,62,199
1309,442,62,199
1309,442,62,199
1309,442,62,199
1309,442,62,199
1309,442,62,199
1309,443,65,194
1309,443,65,194
1309,443,65,194
1309,443,65,194
1309,443,65,194
1309,443,65,194
1309,443,65,194
1309,443,65,194
1309,443,65,194
1309,443,65,194
1309,443,65,194
1309,443,65,194
1309,443,65,194
1309,443,65,194
1309,443,65,194
1309,444,58,201
1308,444,58,201
1307,444,58,201
1306,444,58,201
1305,444,58,201
1304,444,58,201
1303,444,58,201
1302,444,58,201
1301,444,58,201
1300,444,58,201
1299,444,58,201
1298,444,58,201
1297,444,58,201
1296,444,58,201
1295,444,58,201
1294,447,54,196
1294,447,54,196
1294,447,54,196
1294,447,54,196
1294,447,54,196
1294,447,54,196
1294,447,54,196
1294,447,54,196
1294,447,54,196
1294,447,54,196
1294,447,54,196
1294,447,54,196
1294,447,54,196
1294,447,54,196
1294,447,54,196
1291,448,52,202
1290,448,53,202
1289,448,54,202
1288,448,55,202
1287,448,56,202
1286,448,57,202
1285,448,58,202
1284,448,59,202
1283,448,60,202
1282,448,61,202
1281,448,62,202
1280,448,63,202
1279,448,64,202
1278,448,65,202
1277,448,66,202
1269,452,68,203
1268,451,68,204
1267,450,68,205
1266,449,68,206
1265,448,68,207
1264,447,68,208
1263,446,68,209
1262,445,68,210
1261,444,68,211
1260,443,68,212
1259,442,68,213
1258,441,68,214
1257,440,68,215
1256,439,68,216
1255,438,68,217
1253,443,73,214
1250,443,73,214
1247,443,73,214
1244,443,73,214
1241,443,73,214
1238,443,73,214
1235,443,73,214
1232,443,73,214
1229,443,73,214
1226,443,73,214
1223,443,73,214
1220,443,73,214
1217,443,73,214
1214,443,73,214
1211,443,73,214
1213,447,76,209
1212,447,76,208
1211,447,76,207
1210,447,76,206
1209,447,76,205
1208,447,76,204
1207,447,76,203
1206,447,76,202
1205,447,76,201
1204,447,76,200
1203,447,76,199
1202,447,76,198
1201,447,76,197
1200,447,76,196
1199,447,76,195
1201,453,74,193
1198,453,74,193
1195,453,74,193
1192,453,74,193
1189,453,74,193
1186,453,74,193
1183,453,74,193
1180,453,74,193
1177,453,74,193
1174,453,74,193
1171,453,74,193
1168,453,74,193
1165,453,74,193
1162,453,74,193
1159,453,74,193
1162,448,68,199
1159,447,68,200
1156,446,68,201
1153,445,68,202
1150,444,68,203
1147,443,68,204
1144,442,68,205
1141,441,68,206
1138,440,68,207
1135,439,68,208
1132,438,68,209
1129,437,68,210
1126,436,68,211
1123,435,68,212
1120,434,68,213
1116,430,72,216
1115,431,72,215
1114,432,72,214
1113,433,72,213
1112,434,72,212
1111,435,72,211
1110,436,72,210
1109,437,72,209
1108,438,72,208
1107,439,72,207
1106,440,72,206
1105,441,72,205
1104,442,72,204
1103,443,72,203
1102,444,72,202
1100,444,76,198
1097,444,76,198
1094,444,76,198
1091,444,76,198
1088,444,76,198
1085,444,76,198
1082,444,76,198
1079,444,76,198
1076,444,76,198
1073,444,76,198
1070,444,76,198
1067,444,76,198
1064,444,76,198
1061,444,76,198
1058,444,76,198
1051,438,76,200
1050,438,75,199
1049,438,74,198
1048,438,73,197
1047,438,72,196
1046,438,71,195
1045,438,70,194
1044,438,69,193
1043,438,68,192
1042,438,67,191
1041,438,66,190
1040,438,65,189
1039,438,64,188
1038,438,63,187
1037,438,62,186
1036,440,54,191
1034,440,56,191
1032,440,58,191
1030,440,60,191
1028,440,62,191
1026,440,64,191
1024,440,66,191
1022,440,68,191
1020,440,70,191
1018,440,72,191
1016,440,74,191
1014,440,76,191
1012,440,78,191
1010,440,80,191
1008,440,82,191
999,437,80,185
997,437,80,186
995,437,80,187
993,437,80,188
991,437,80,189
989,437,80,190
987,437,80,191
985,437,80,192
983,437,80,193
981,437,80,194
979,437,80,195
977,437,80,196
975,437,80,197
973,437,80,198
971,437,80,199
964,438,77,195
963,438,76,195
962,438,75,195
961,438,74,195
960,438,73,195
959,438,72,195
958,438,71,195
957,438,70,195
956,438,69,195
955,438,68,195
954,438,67,195
953,438,66,195
952,438,65,195
951,438,64,195
950,438,63,195
948,437,59,192
946,437,60,191
944,437,61,190
942,437,62,189
940,437,63,188
938,437,64,187
936,437,65,186
934,437,66,185
932,437,67,184
930,437,68,183
928,437,69,182
926,437,70,181
924,437,71,180
922,437,72,179
920,437,73,178
913,437,72,183
911,437,73,184
909,437,74,185
907,437,75,186
905,437,76,187
903,437,77,188
901,437,78,189
899,437,79,190
897,437,80,191
895,437,81,192
893,437,82,193
891,437,83,194
889,437,84,195
887,437,85,196
885,437,86,197
880,444,94,204
884,445,94,206
888,446,94,208
892,447,94,210
896,448,94,212
900,449,94,214
904,450,94,216
908,451,94,218
912,452,94,220
916,453,94,222
920,454,94,224
924,455,94,226
928,456,94,228
932,457,94,230
936,458,94,232
939,463,99,230
945,466,103,227
951,469,107,224
957,472,111,221
963,475,115,218
969,478,119,215
975,481,123,212
981,484,127,209
987,487,131,206
993,490,135,203
999,493,139,200
1005,496,143,197
1011,499,147,194
1017,502,151,191
1023,505,155,188
1026,509,157,178
1021,510,156,179
1016,511,155,180
1011,512,154,181
1006,513,153,182
1001,514,152,183
996,515,151,184
991,516,150,185
986,517,149,186
981,518,148,187
976,519,147,188
971,520,146,189
966,521,145,190
961,522,144,191
956,523,143,192
950,531,135,198
936,531,137,203
922,531,139,208
908,531,141,213
894,531,143,218
880,531,145,223
866,531,147,228
852,531,149,233
838,531,151,238
824,531,153,243
810,531,155,248
796,531,157,253
782,531,159,258
768,531,161,263
754,531,163,268
744,529,163,279
731,531,163,279
718,533,163,279
705,535,163,279
692,537,163,279
679,539,163,279
666,541,163,279
653,543,163,279
640,545,163,279
627,547,163,279
614,549,163,279
601,551,163,279
588,553,163,279
575,555,163,279
562,557,163,279
544,554,169,280
