1235,447,57,186
1235,447,57,186
1235,447,57,186
1235,447,57,186
1235,447,57,186
1235,447,57,186
1235,447,57,186
1235,447,57,186
1235,447,57,186
1235,447,57,186
1235,447,57,186
1235,447,57,186
1235,447,57,186
1235,447,57,186
1235,447,57,186
1232,448,64,185
1231,448,64,185
1230,448,64,185
1229,448,64,185
1228,448,64,185
1227,448,64,185
1226,448,64,185
1225,448,64,185
1224,448,64,185
1223,448,64,185
1222,448,64,185
1221,448,64,185
1220,448,64,185
1219,448,64,185
1218,448,64,185
1224,447,65,189
1224,447,65,189
1224,447,65,189
1224,447,65,189
1224,447,65,189
1224,447,65,189
1224,447,65,189
1224,447,65,189
1224,447,65,189
1224,447,65,189
1224,447,65,189
1224,447,65,189
1224,447,65,189
1224,447,65,189
1224,447,65,189
1218,448,62,186
1218,448,62,186
1218,448,62,186
1218,448,62,186
1218,448,62,186
1218,448,62,186
1218,448,62,186
1218,448,62,186
1218,448,62,186
1218,448,62,186
1218,448,62,186
1218,448,62,186
1218,448,62,186
1218,448,62,186
1218,448,62,186
1213,448,57,190
1213,448,57,190
1213,448,57,190
1213,448,57,190
1213,448,57,190
1213,448,57,190
1213,448,57,190
1213,448,57,190
1213,448,57,190
1213,448,57,190
1213,448,57,190
1213,448,57,190
1213,448,57,190
1213,448,57,190
1213,448,57,190
1215,448,53,197
1213,448,55,196
1211,448,57,195
1209,448,59,194
1207,448,61,193
1205,448,63,192
1203,448,65,191
1201,448,67,190
1199,448,69,189
1197,448,71,188
1195,448,73,187
1193,448,75,186
1191,448,77,185
1189,448,79,184
1187,448,81,183
1187,454,81,188
1186,454,81,188
1185,454,81,188
1184,454,81,188
1183,454,81,188
1182,454,81,188
1181,454,81,188
1180,454,81,188
1179,454,81,188
1178,454,81,188
1177,454,81,188
1176,454,81,188
1175,454,81,188
1174,454,81,188
1173,454,81,188
1179,448,77,195
1179,448,75,195
1179,448,73,195
1179,448,71,195
1179,448,69,195
1179,448,67,195
1179,448,65,195
1179,448,63,195
1179,448,61,195
1179,448,59,195
1179,448,57,195
1179,448,55,195
1179,448,53,195
1179,448,51,195
1179,448,49,195
1176,449,52,192
1172,449,55,192
1168,449,58,192
1164,449,61,192
1160,449,64,192
1156,449,67,192
1152,449,70,192
1148,449,73,192
1144,449,76,192
1140,449,79,192
1136,449,82,192
1132,449,85,192
1128,449,88,192
1124,449,91,192
1120,449,94,192
1121,448,93,192
1121,448,92,192
1121,448,91,192
1121,448,90,192
1121,448,89,192
1121,448,88,192
1121,448,87,192
1121,448,86,192
1121,448,85,192
1121,448,84,192
1121,448,83,192
1121,448,82,192
1121,448,81,192
1121,448,80,192
1121,448,79,192
1123,448,74,189
1122,448,73,189
1121,448,72,189
1120,448,71,189
1119,448,70,189
1118,448,69,189
1117,448,68,189
1116,448,67,189
1115,448,66,189
1114,448,65,189
1113,448,64,189
1112,448,63,189
1111,448,62,189
1110,448,61,189
1109,448,60,189
1107,444,63,184
1106,443,63,185
1105,442,63,186
1104,441,63,187
1103,440,63,188
1102,439,63,189
1101,438,63,190
1100,437,63,191
1099,436,63,192
1098,435,63,193
1097,434,63,194
1096,433,63,195
1095,432,63,196
1094,431,63,197
1093,430,63,198
1088,434,65,199
1084,434,67,199
1080,434,69,199
1076,434,71,199
1072,434,73,199
1068,434,75,199
1064,434,77,199
1060,434,79,199
1056,434,81,199
1052,434,83,199
1048,434,85,199
1044,434,87,199
1040,434,89,199
1036,434,91,199
1032,434,93,199
1026,431,98,197
1027,431,96,197
1028,431,94,197
1029,431,92,197
1030,431,90,197
1031,431,88,197
1032,431,86,197
1033,431,84,197
1034,431,82,197
1035,431,80,197
1036,431,78,197
1037,431,76,197
1038,431,74,197
1039,431,72,197
1040,431,70,197
1035,431,73,193
1033,431,72,193
1031,431,71,193
1029,431,70,193
1027,431,69,193
1025,431,68,193
1023,431,67,193
1021,431,66,193
1019,431,65,193
1017,431,64,193
1015,431,63,193
1013,431,62,193
1011,431,61,193
1009,431,60,193
1007,431,59,193
1011,428,64,194
1010,428,64,193
1009,428,64,192
1008,428,64,191
1007,428,64,190
1006,428,64,189
1005,428,64,188
1004,428,64,187
1003,428,64,186
1002,428,64,185
1001,428,64,184
1000,428,64,183
999,428,64,182
998,428,64,181
997,428,64,180
995,426,62,184
992,426,63,184
989,426,64,184
986,426,65,184
983,426,66,184
980,426,67,184
977,426,68,184
974,426,69,184
971,426,70,184
968,426,71,184
965,426,72,184
962,426,73,184
959,426,74,184
956,426,75,184
953,426,76,184
957,425,70,183
957,425,70,183
957,425,70,183
957,425,70,183
957,425,70,183
957,425,70,183
957,425,70,183
957,425,70,183
957,425,70,183
957,425,70,183
957,425,70,183
957,425,70,183
957,425,70,183
957,425,70,183
957,425,70,183
956,423,66,177
953,423,66,177
950,423,66,177
947,423,66,177
944,423,66,177
941,423,66,177
938,423,66,177
935,423,66,177
932,423,66,177
929,423,66,177
926,423,66,177
923,423,66,177
920,423,66,177
917,423,66,177
914,423,66,177
911,424,73,177
911,424,72,178
911,424,71,179
911,424,70,180
911,424,69,181
911,424,68,182
911,424,67,183
911,424,66,184
911,424,65,185
911,424,64,186
911,424,63,187
911,424,62,188
911,424,61,189
911,424,60,190
911,424,59,191
914,417,61,185
913,417,61,185
912,417,61,185
911,417,61,185
910,417,61,185
909,417,61,185
908,417,61,185
907,417,61,185
906,417,61,185
905,417,61,185
904,417,61,185
903,417,61,185
902,417,61,185
901,417,61,185
900,417,61,185
893,414,58,188
892,414,58,188
891,414,58,188
890,414,58,188
889,414,58,188
888,414,58,188
887,414,58,188
886,414,58,188
885,414,58,188
884,414,58,188
883,414,58,188
882,414,58,188
881,414,58,188
880,414,58,188
879,414,58,188
872,415,56,187
870,415,58,188
868,415,60,189
866,415,62,190
864,415,64,191
862,415,66,192
860,415,68,193
858,415,70,194
856,415,72,195
854,415,74,196
852,415,76,197
850,415,78,198
848,415,80,199
846,415,82,200
844,415,84,201
842,420,79,195
843,421,80,195
844,422,81,195
845,423,82,195
846,424,83,195
847,425,84,195
848,426,85,195
849,427,86,195
850,428,87,195
851,429,88,195
852,430,89,195
853,431,90,195
854,432,91,195
855,433,92,195
856,434,93,195
854,437,97,194
859,439,100,193
864,441,103,192
869,443,106,191
874,445,109,190
879,447,112,189
884,449,115,188
889,451,118,187
894,453,121,186
899,455,124,185
904,457,127,184
909,459,130,183
914,461,133,182
919,463,136,181
924,465,139,180
932,466,137,182
935,468,136,181
938,470,135,180
941,472,134,179
944,474,133,178
947,476,132,177
950,478,131,176
953,480,130,175
956,482,129,174
959,484,128,173
962,486,127,172
965,488,126,171
968,490,125,170
971,492,124,169
974,494,123,168
980,498,124,168
976,498,123,169
972,498,122,170
968,498,121,171
964,498,120,172
960,498,119,173
956,498,118,174
952,498,117,175
948,498,116,176
944,498,115,177
940,498,114,178
936,498,113,179
932,498,112,180
928,498,111,181
924,498,110,182
927,501,110,178
919,501,111,182
911,501,112,186
903,501,113,190
895,501,114,194
887,501,115,198
879,501,116,202
871,501,117,206
863,501,118,210
855,501,119,214
847,501,120,218
839,501,121,222
831,501,122,226
823,501,123,230
815,501,124,234
809,506,121,238
801,507,119,239
793,508,117,240
785,509,115,241
777,510,113,242
769,511,111,243
761,512,109,244
753,513,107,245
745,514,105,246
737,515,103,247
729,516,101,248
721,517,99,249
713,518,97,250
705,519,95,251
697,520,93,252
688,516,92,253
678,515,98,256
668,514,104,259
658,513,110,262
648,512,116,265
638,511,122,268
628,510,128,271
618,509,134,274
608,508,140,277
598,507,146,280
588,506,152,283
578,505,158,286
568,504,164,289
558,503,170,292
548,502,176,295
531,498,176,291
