1334,131,97,262
1332,131,99,263
1330,131,101,264
1328,131,103,265
1326,131,105,266
1324,131,107,267
1322,131,109,268
1320,131,111,269
1318,131,113,270
1316,131,115,271
1314,131,117,272
1312,131,119,273
1310,131,121,274
1308,131,123,275
1306,131,125,276
1309,126,123,270
1309,126,122,270
1309,126,121,270
1309,126,120,270
1309,126,119,270
1309,126,118,270
1309,126,117,270
1309,126,116,270
1309,126,115,270
1309,126,114,270
1309,126,113,270
1309,126,112,270
1309,126,111,270
1309,126,110,270
1309,126,109,270
1314,122,103,274
1314,122,102,274
1314,122,101,274
1314,122,100,274
1314,122,99,274
1314,122,98,274
1314,122,97,274
1314,122,96,274
1314,122,95,274
1314,122,94,274
1314,122,93,274
1314,122,92,274
1314,122,91,274
1314,122,90,274
1314,122,89,274
1316,125,85,277
1316,125,85,278
1316,125,85,279
1316,125,85,280
1316,125,85,281
1316,125,85,282
1316,125,85,283
1316,125,85,284
1316,125,85,285
1316,125,85,286
1316,125,85,287
1316,125,85,288
1316,125,85,289
1316,125,85,290
1316,125,85,291
1311,126,88,285
1311,126,88,285
1311,126,88,285
1311,126,88,285
1311,126,88,285
1311,126,88,285
1311,126,88,285
1311,126,88,285
1311,126,88,285
1311,126,88,285
1311,126,88,285
1311,126,88,285
1311,126,88,285
1311,126,88,285
1311,126,88,285
1308,129,86,283
1305,128,89,284
1302,127,92,285
1299,126,95,286
1296,125,98,287
1293,124,101,288
1290,123,104,289
1287,122,107,290
1284,121,110,291
1281,120,113,292
1278,119,116,293
1275,118,119,294
1272,117,122,295
1269,116,125,296
1266,115,128,297
1260,121,126,294
1259,121,125,294
1258,121,124,294
1257,121,123,294
1256,121,122,294
1255,121,121,294
1254,121,120,294
1253,121,119,294
1252,121,118,294
1251,121,117,294
1250,121,116,294
1249,121,115,294
1248,121,114,294
1247,121,113,294
1246,121,112,294
1251,121,105,288
1250,121,104,288
1249,121,103,288
1248,121,102,288
1247,121,101,288
1246,121,100,288
1245,121,99,288
1244,121,98,288
1243,121,97,288
1242,121,96,288
1241,121,95,288
1240,121,94,288
1239,121,93,288
1238,121,92,288
1237,121,91,288
1237,115,85,294
1233,115,87,293
1229,115,89,292
1225,115,91,291
1221,115,93,290
1217,115,95,289
1213,115,97,288
1209,115,99,287
1205,115,101,286
1201,115,103,285
1197,115,105,284
1193,115,107,283
1189,115,109,282
1185,115,111,281
1181,115,113,280
1177,118,120,282
1177,118,120,282
1177,118,120,282
1177,118,120,282
1177,118,120,282
1177,118,120,282
1177,118,120,282
1177,118,120,282
1177,118,120,282
1177,118,120,282
1177,118,120,282
1177,118,120,282
1177,118,120,282
1177,118,120,282
1177,118,120,282
1171,112,119,284
1168,112,118,284
1165,112,117,284
1162,112,116,284
1159,112,115,284
1156,112,114,284
1153,112,113,284
1150,112,112,284
1147,112,111,284
1144,112,110,284
1141,112,109,284
1138,112,108,284
1135,112,107,284
1132,112,106,284
1129,112,105,284
1129,109,100,284
1128,108,100,285
1127,107,100,286
1126,106,100,287
1125,105,100,288
1124,104,100,289
1123,103,100,290
1122,102,100,291
1121,101,100,292
1120,100,100,293
1119,99,100,294
1118,98,100,295
1117,97,100,296
1116,96,100,297
1115,95,100,298
1113,93,100,299
1108,93,103,298
1103,93,106,297
1098,93,109,296
1093,93,112,295
1088,93,115,294
1083,93,118,293
1078,93,121,292
1073,93,124,291
1068,93,127,290
1063,93,130,289
1058,93,133,288
1053,93,136,287
1048,93,139,286
1043,93,142,285
1035,89,138,291
1035,89,137,290
1035,89,136,289
1035,89,135,288
1035,89,134,287
1035,89,133,286
1035,89,132,285
1035,89,131,284
1035,89,130,283
1035,89,129,282
1035,89,128,281
1035,89,127,280
1035,89,126,279
1035,89,125,278
1035,89,124,277
1035,91,122,279
1033,91,120,279
1031,91,118,279
1029,91,116,279
1027,91,114,279
1025,91,112,279
1023,91,110,279
1021,91,108,279
1019,91,106,279
1017,91,104,279
1015,91,102,279
1013,91,100,279
1011,91,98,279
1009,91,96,279
1007,91,94,279
999,89,97,272
998,88,97,273
997,87,97,274
996,86,97,275
995,85,97,276
994,84,97,277
993,83,97,278
992,82,97,279
991,81,97,280
990,80,97,281
989,79,97,282
988,78,97,283
987,77,97,284
986,76,97,285
985,75,97,286
981,71,95,287
977,71,97,286
973,71,99,285
969,71,101,284
965,71,103,283
961,71,105,282
957,71,107,281
953,71,109,280
949,71,111,279
945,71,113,278
941,71,115,277
937,71,117,276
933,71,119,275
929,71,121,274
925,71,123,273
920,70,121,273
920,70,120,273
920,70,119,273
920,70,118,273
920,70,117,273
920,70,116,273
920,70,115,273
920,70,114,273
920,70,113,273
920,70,112,273
920,70,111,273
920,70,110,273
920,70,109,273
920,70,108,273
920,70,107,273
915,67,105,274
911,67,105,274
907,67,105,274
903,67,105,274
899,67,105,274
895,67,105,274
891,67,105,274
887,67,105,274
883,67,105,274
879,67,105,274
875,67,105,274
871,67,105,274
867,67,105,274
863,67,105,274
859,67,105,274
862,67,110,272
862,67,109,272
862,67,108,272
862,67,107,272
862,67,106,272
862,67,105,272
862,67,104,272
862,67,103,272
862,67,102,272
862,67,101,272
862,67,100,272
862,67,99,272
862,67,98,272
862,67,97,272
862,67,96,272
867,64,90,277
864,64,91,277
861,64,92,277
858,64,93,277
855,64,94,277
852,64,95,277
849,64,96,277
846,64,97,277
843,64,98,277
840,64,99,277
837,64,100,277
834,64,101,277
831,64,102,277
828,64,103,277
825,64,104,277
826,62,102,280
824,62,102,280
822,62,102,280
820,62,102,280
818,62,102,280
816,62,102,280
814,62,102,280
812,62,102,280
810,62,102,280
808,62,102,280
806,62,102,280
804,62,102,280
802,62,102,280
800,62,102,280
798,62,102,280
795,62,96,283
793,62,97,282
791,62,98,281
789,62,99,280
787,62,100,279
785,62,101,278
783,62,102,277
781,62,103,276
779,62,104,275
777,62,105,274
775,62,106,273
773,62,107,272
771,62,108,271
769,62,109,270
767,62,110,269
758,68,113,275
759,69,114,275
760,70,115,275
761,71,116,275
762,72,117,275
763,73,118,275
764,74,119,275
765,75,120,275
766,76,121,275
767,77,122,275
768,78,123,275
769,79,124,275
770,80,125,275
771,81,126,275
772,82,127,275
768,87,131,274
774,90,135,273
780,93,139,272
786,96,143,271
792,99,147,270
798,102,151,269
804,105,155,268
810,108,159,267
816,111,163,266
822,114,167,265
828,117,171,264
834,120,175,263
840,123,179,262
846,126,183,261
852,129,187,260
865,126,194,263
871,130,195,261
877,134,196,259
883,138,197,257
889,142,198,255
895,146,199,253
901,150,200,251
907,154,201,249
913,158,202,247
919,162,203,245
925,166,204,243
931,170,205,241
937,174,206,239
943,178,207,237
949,182,208,235
953,183,205,238
949,184,201,240
945,185,197,242
941,186,193,244
937,187,189,246
933,188,185,248
929,189,181,250
925,190,177,252
921,191,173,254
917,192,169,256
913,193,165,258
909,194,161,260
905,195,157,262
901,196,153,264
897,197,149,266
889,197,152,265
877,197,154,266
865,197,156,267
853,197,158,268
841,197,160,269
829,197,162,270
817,197,164,271
805,197,166,272
793,197,168,273
781,197,170,274
769,197,172,275
757,197,174,276
745,197,176,277
733,197,178,278
721,197,180,279
714,194,182,274
701,196,179,281
688,198,176,288
675,200,173,295
662,202,170,302
649,204,167,309
636,206,164,316
623,208,161,323
610,210,158,330
597,212,155,337
584,214,152,344
571,216,149,351
558,218,146,358
545,220,143,365
532,222,140,372
521,224,141,384
504,224,150,386
487,224,159,388
470,224,168,390
453,224,177,392
436,224,186,394
419,224,195,396
402,224,204,398
385,224,213,400
368,224,222,402
351,224,231,404
334,224,240,406
317,224,249,408
300,224,258,410
283,224,267,412
272,223,279,414
