0,125,14,201
0,124,14,202
0,123,14,203
0,122,14,204
0,121,14,205
0,120,14,206
0,119,14,207
0,118,14,208
0,117,14,209
0,116,14,210
0,115,14,211
0,114,14,212
0,113,14,213
0,112,14,214
0,111,14,215
0,115,16,211
0,111,20,215
0,107,24,219
0,103,28,223
0,99,32,227
0,95,36,231
0,91,40,235
0,87,44,239
0,83,48,243
0,79,52,247
0,75,56,251
0,71,60,255
0,67,64,259
0,63,68,263
0,59,72,267
0,50,78,276
0,50,78,276
0,50,78,276
0,50,78,276
0,50,78,276
0,50,78,276
0,50,78,276
0,50,78,276
0,50,78,276
0,50,78,276
0,50,78,276
0,50,78,276
0,50,78,276
0,50,78,276
0,50,78,276
0,47,75,278
2,47,76,278
4,47,77,278
6,47,78,278
8,47,79,278
10,47,80,278
12,47,81,278
14,47,82,278
16,47,83,278
18,47,84,278
20,47,85,278
22,47,86,278
24,47,87,278
26,47,88,278
28,47,89,278
31,42,94,282
32,42,94,282
33,42,94,282
34,42,94,282
35,42,94,282
36,42,94,282
37,42,94,282
38,42,94,282
39,42,94,282
40,42,94,282
41,42,94,282
42,42,94,282
43,42,94,282
44,42,94,282
45,42,94,282
47,35,88,275
50,34,89,275
53,33,90,275
56,32,91,275
59,31,92,275
62,30,93,275
65,29,94,275
68,28,95,275
71,27,96,275
74,26,97,275
77,25,98,275
80,24,99,275
83,23,100,275
86,22,101,275
89,21,102,275
86,27,110,275
88,27,108,275
90,27,106,275
92,27,104,275
94,27,102,275
96,27,100,275
98,27,98,275
100,27,96,275
102,27,94,275
104,27,92,275
106,27,90,275
108,27,88,275
110,27,86,275
112,27,84,275
114,27,82,275
113,30,84,272
115,30,86,272
117,30,88,272
119,30,90,272
121,30,92,272
123,30,94,272
125,30,96,272
127,30,98,272
129,30,100,272
131,30,102,272
133,30,104,272
135,30,106,272
137,30,108,272
139,30,110,272
141,30,112,272
147,32,111,272
148,32,110,272
149,32,109,272
150,32,108,272
151,32,107,272
152,32,106,272
153,32,105,272
154,32,104,272
155,32,103,272
156,32,102,272
157,32,101,272
158,32,100,272
159,32,99,272
160,32,98,272
161,32,97,272
161,29,100,273
163,29,99,273
165,29,98,273
167,29,97,273
169,29,96,273
171,29,95,273
173,29,94,273
175,29,93,273
177,29,92,273
179,29,91,273
181,29,90,273
183,29,89,273
185,29,88,273
187,29,87,273
189,29,86,273
195,32,91,270
197,33,90,270
199,34,89,270
201,35,88,270
203,36,87,270
205,37,86,270
207,38,85,270
209,39,84,270
211,40,83,270
213,41,82,270
215,42,81,270
217,43,80,270
219,44,79,270
221,45,78,270
223,46,77,270
218,40,80,269
219,40,82,269
220,40,84,269
221,40,86,269
222,40,88,269
223,40,90,269
224,40,92,269
225,40,94,269
226,40,96,269
227,40,98,269
228,40,100,269
229,40,102,269
230,40,104,269
231,40,106,269
232,40,108,269
234,42,103,262
236,41,103,263
238,40,103,264
240,39,103,265
242,38,103,266
244,37,103,267
246,36,103,268
248,35,103,269
250,34,103,270
252,33,103,271
254,32,103,272
256,31,103,273
258,30,103,274
260,29,103,275
262,28,103,276
257,34,102,276
259,33,100,277
261,32,98,278
263,31,96,279
265,30,94,280
267,29,92,281
269,28,90,282
271,27,88,283
273,26,86,284
275,25,84,285
277,24,82,286
279,23,80,287
281,22,78,288
283,21,76,289
285,20,74,290
294,24,79,286
295,24,81,286
296,24,83,286
297,24,85,286
298,24,87,286
299,24,89,286
300,24,91,286
301,24,93,286
302,24,95,286
303,24,97,286
304,24,99,286
305,24,101,286
306,24,103,286
307,24,105,286
308,24,107,286
308,29,102,281
309,29,101,281
310,29,100,281
311,29,99,281
312,29,98,281
313,29,97,281
314,29,96,281
315,29,95,281
316,29,94,281
317,29,93,281
318,29,92,281
319,29,91,281
320,29,90,281
321,29,89,281
322,29,88,281
324,32,90,277
326,32,91,277
328,32,92,277
330,32,93,277
332,32,94,277
334,32,95,277
336,32,96,277
338,32,97,277
340,32,98,277
342,32,99,277
344,32,100,277
346,32,101,277
348,32,102,277
350,32,103,277
352,32,104,277
352,30,109,279
353,30,109,279
354,30,109,279
355,30,109,279
356,30,109,279
357,30,109,279
358,30,109,279
359,30,109,279
360,30,109,279
361,30,109,279
362,30,109,279
363,30,109,279
364,30,109,279
365,30,109,279
366,30,109,279
361,26,102,284
364,26,101,284
367,26,100,284
370,26,99,284
373,26,98,284
376,26,97,284
379,26,96,284
382,26,95,284
385,26,94,284
388,26,93,284
391,26,92,284
394,26,91,284
397,26,90,284
400,26,89,284
403,26,88,284
407,30,83,277
408,30,83,277
409,30,83,277
410,30,83,277
411,30,83,277
412,30,83,277
413,30,83,277
414,30,83,277
415,30,83,277
416,30,83,277
417,30,83,277
418,30,83,277
419,30,83,277
420,30,83,277
421,30,83,277
425,30,84,282
425,31,86,282
425,32,88,282
425,33,90,282
425,34,92,282
425,35,94,282
425,36,96,282
425,37,98,282
425,38,100,282
425,39,102,282
425,40,104,282
425,41,106,282
425,42,108,282
425,43,110,282
425,44,112,282
423,42,111,277
423,43,112,278
423,44,113,279
423,45,114,280
423,46,115,281
423,47,116,282
423,48,117,283
423,49,118,284
423,50,119,285
423,51,120,286
423,52,121,287
423,53,122,288
423,54,123,289
423,55,124,290
423,56,125,291
425,57,130,289
425,57,129,289
425,57,128,289
425,57,127,289
425,57,126,289
425,57,125,289
425,57,124,289
425,57,123,289
425,57,122,289
425,57,121,289
425,57,120,289
425,57,119,289
425,57,118,289
425,57,117,289
425,57,116,289
425,58,114,285
416,59,120,286
407,60,126,287
398,61,132,288
389,62,138,289
380,63,144,290
371,64,150,291
362,65,156,292
353,66,162,293
344,67,168,294
335,68,174,295
326,69,180,296
317,70,186,297
308,71,192,298
299,72,198,299
294,73,199,303
285,75,202,302
276,77,205,301
267,79,208,300
258,81,211,299
249,83,214,298
240,85,217,297
231,87,220,296
222,89,223,295
213,91,226,294
204,93,229,293
195,95,232,292
186,97,235,291
177,99,238,290
168,101,241,289
159,106,247,288
159,109,239,287
159,112,231,286
159,115,223,285
159,118,215,284
159,121,207,283
159,124,199,282
159,127,191,281
159,130,183,280
159,133,175,279
159,136,167,278
159,139,159,277
159,142,151,276
159,145,143,275
159,148,135,274
157,151,125,279
153,154,129,282
149,157,133,285
145,160,137,288
141,163,141,291
137,166,145,294
133,169,149,297
129,172,153,300
125,175,157,303
121,178,161,306
117,181,165,309
113,184,169,312
109,187,173,315
105,190,177,318
101,193,181,321
92,197,189,322
91,200,187,329
90,203,185,336
89,206,183,343
88,209,181,350
87,212,179,357
86,215,177,364
85,218,175,371
84,221,173,378
83,224,171,385
82,227,169,392
81,230,167,399
80,233,165,406
79,236,163,413
78,239,161,420
72,241,163,425
69,240,164,426
66,239,165,427
63,238,166,428
60,237,167,429
57,236,168,430
54,235,169,431
51,234,170,432
48,233,171,433
45,232,172,434
42,231,173,435
39,230,174,436
36,229,175,437
33,228,176,438
30,227,177,439
28,230,185,433
26,236,185,443
24,242,185,453
22,248,185,463
20,254,185,473
18,260,185,483
16,266,185,493
14,272,185,503
12,278,185,513
10,284,185,523
8,290,185,533
6,296,185,543
4,302,185,553
2,308,185,563
0,314,185,573
0,323,179,579
