0,419,21,166
0,419,21,167
0,419,21,168
0,419,21,169
0,419,21,170
0,419,21,171
0,419,21,172
0,419,21,173
0,419,21,174
0,419,21,175
0,419,21,176
0,419,21,177
0,419,21,178
0,419,21,179
0,419,21,180
0,416,25,178
0,414,24,180
0,412,23,182
0,410,22,184
0,408,21,186
0,406,20,188
0,404,19,190
0,402,18,192
0,400,17,194
0,398,16,196
0,396,15,198
0,394,14,200
0,392,13,202
0,390,12,204
0,388,11,206
0,391,17,211
0,390,19,213
0,389,21,215
0,388,23,217
0,387,25,219
0,386,27,221
0,385,29,223
0,384,31,225
0,383,33,227
0,382,35,229
0,381,37,231
0,380,39,233
0,379,41,235
0,378,43,237
0,377,45,239
0,372,43,241
0,372,45,241
0,372,47,241
0,372,49,241
0,372,51,241
0,372,53,241
0,372,55,241
0,372,57,241
0,372,59,241
0,372,61,241
0,372,63,241
0,372,65,241
0,372,67,241
0,372,69,241
0,372,71,241
0,369,75,241
2,369,76,242
4,369,77,243
6,369,78,244
8,369,79,245
10,369,80,246
12,369,81,247
14,369,82,248
16,369,83,249
18,369,84,250
20,369,85,251
22,369,86,252
24,369,87,253
26,369,88,254
28,369,89,255
26,365,92,257
27,364,92,258
28,363,92,259
29,362,92,260
30,361,92,261
31,360,92,262
32,359,92,263
33,358,92,264
34,357,92,265
35,356,92,266
36,355,92,267
37,354,92,268
38,353,92,269
39,352,92,270
40,351,92,271
37,355,86,270
38,355,86,268
39,355,86,266
40,355,86,264
41,355,86,262
42,355,86,260
43,355,86,258
44,355,86,256
45,355,86,254
46,355,86,252
47,355,86,250
48,355,86,248
49,355,86,246
50,355,86,244
51,355,86,242
54,360,88,242
57,361,87,241
60,362,86,240
63,363,85,239
66,364,84,238
69,365,83,237
72,366,82,236
75,367,81,235
78,368,80,234
81,369,79,233
84,370,78,232
87,371,77,231
90,372,76,230
93,373,75,229
96,374,74,228
94,369,72,221
94,368,73,222
94,367,74,223
94,366,75,224
94,365,76,225
94,364,77,226
94,363,78,227
94,362,79,228
94,361,80,229
94,360,81,230
94,359,82,231
94,358,83,232
94,357,84,233
94,356,85,234
94,355,86,235
100,357,92,234
102,357,92,234
104,357,92,234
106,357,92,234
108,357,92,234
110,357,92,234
112,357,92,234
114,357,92,234
116,357,92,234
118,357,92,234
120,357,92,234
122,357,92,234
124,357,92,234
126,357,92,234
128,357,92,234
124,358,91,229
125,359,91,228
126,360,91,227
127,361,91,226
128,362,91,225
129,363,91,224
130,364,91,223
131,365,91,222
132,366,91,221
133,367,91,220
134,368,91,219
135,369,91,218
136,370,91,217
137,371,91,216
138,372,91,215
137,372,85,221
138,372,85,220
139,372,85,219
140,372,85,218
141,372,85,217
142,372,85,216
143,372,85,215
144,372,85,214
145,372,85,213
146,372,85,212
147,372,85,211
148,372,85,210
149,372,85,209
150,372,85,208
151,372,85,207
147,377,86,205
148,377,87,206
149,377,88,207
150,377,89,208
151,377,90,209
152,377,91,210
153,377,92,211
154,377,93,212
155,377,94,213
156,377,95,214
157,377,96,215
158,377,97,216
159,377,98,217
160,377,99,218
161,377,100,219
162,374,107,219
164,374,106,219
166,374,105,219
168,374,104,219
170,374,103,219
172,374,102,219
174,374,101,219
176,374,100,219
178,374,99,219
180,374,98,219
182,374,97,219
184,374,96,219
186,374,95,219
188,374,94,219
190,374,93,219
191,369,96,224
192,369,95,225
193,369,94,226
194,369,93,227
195,369,92,228
196,369,91,229
197,369,90,230
198,369,89,231
199,369,88,232
200,369,87,233
201,369,86,234
202,369,85,235
203,369,84,236
204,369,83,237
205,369,82,238
210,368,87,233
211,368,87,233
212,368,87,233
213,368,87,233
214,368,87,233
215,368,87,233
216,368,87,233
217,368,87,233
218,368,87,233
219,368,87,233
220,368,87,233
221,368,87,233
222,368,87,233
223,368,87,233
224,368,87,233
221,369,87,229
223,369,86,228
225,369,85,227
227,369,84,226
229,369,83,225
231,369,82,224
233,369,81,223
235,369,80,222
237,369,79,221
239,369,78,220
241,369,77,219
243,369,76,218
245,369,75,217
247,369,74,216
249,369,73,215
247,374,79,214
248,375,79,213
249,376,79,212
250,377,79,211
251,378,79,210
252,379,79,209
253,380,79,208
254,381,79,207
255,382,79,206
256,383,79,205
257,384,79,204
258,385,79,203
259,386,79,202
260,387,79,201
261,388,79,200
262,382,85,199
263,381,85,200
264,380,85,201
265,379,85,202
266,378,85,203
267,377,85,204
268,376,85,205
269,375,85,206
270,374,85,207
271,373,85,208
272,372,85,209
273,371,85,210
274,370,85,211
275,369,85,212
276,368,85,213
281,368,90,220
282,370,90,219
283,372,90,218
284,374,90,217
285,376,90,216
286,378,90,215
287,380,90,214
288,382,90,213
289,384,90,212
290,386,90,211
291,388,90,210
292,390,90,209
293,392,90,208
294,394,90,207
295,396,90,206
297,402,85,199
298,401,86,200
299,400,87,201
300,399,88,202
301,398,89,203
302,397,90,204
303,396,91,205
304,395,92,206
305,394,93,207
306,393,94,208
307,392,95,209
308,391,96,210
309,390,97,211
310,389,98,212
311,388,99,213
312,380,93,210
313,381,92,211
314,382,91,212
315,383,90,213
316,384,89,214
317,385,88,215
318,386,87,216
319,387,86,217
320,388,85,218
321,389,84,219
322,390,83,220
323,391,82,221
324,392,81,222
325,393,80,223
326,394,79,224
325,388,85,222
325,389,85,221
325,390,85,220
325,391,85,219
325,392,85,218
325,393,85,217
325,394,85,216
325,395,85,215
325,396,85,214
325,397,85,213
325,398,85,212
325,399,85,211
325,400,85,210
325,401,85,209
325,402,85,208
331,396,79,214
328,397,81,214
325,398,83,214
322,399,85,214
319,400,87,214
316,401,89,214
313,402,91,214
310,403,93,214
307,404,95,214
304,405,97,214
301,406,99,214
298,407,101,214
295,408,103,214
292,409,105,214
289,410,107,214
284,416,102,209
276,417,105,212
268,418,108,215
260,419,111,218
252,420,114,221
244,421,117,224
236,422,120,227
228,423,123,230
220,424,126,233
212,425,129,236
204,426,132,239
196,427,135,242
188,428,138,245
180,429,141,248
172,430,144,251
158,425,153,247
153,427,153,245
148,429,153,243
143,431,153,241
138,433,153,239
133,435,153,237
128,437,153,235
123,439,153,233
118,441,153,231
113,443,153,229
108,445,153,227
103,447,153,225
98,449,153,223
93,451,153,221
88,453,153,219
83,460,147,224
82,460,145,229
81,460,143,234
80,460,141,239
79,460,139,244
78,460,137,249
77,460,135,254
76,460,133,259
75,460,131,264
74,460,129,269
73,460,127,274
72,460,125,279
71,460,123,284
70,460,121,289
69,460,119,294
65,459,114,301
64,464,113,301
63,469,112,301
62,474,111,301
61,479,110,301
60,484,109,301
59,489,108,301
58,494,107,301
57,499,106,301
56,504,105,301
55,509,104,301
54,514,103,301
53,519,102,301
52,524,101,301
51,529,100,301
52,538,99,299
49,538,101,299
46,538,103,299
43,538,105,299
40,538,107,299
37,538,109,299
34,538,111,299
31,538,113,299
28,538,115,299
25,538,117,299
22,538,119,299
19,538,121,299
16,538,123,299
13,538,125,299
10,538,127,299
0,538,125,305
0,539,123,310
0,540,121,315
0,541,119,320
0,542,117,325
0,543,115,330
0,544,113,335
0,545,111,340
0,546,109,345
0,547,107,350
0,548,105,355
0,549,103,360
0,550,101,365
0,551,99,370
0,552,97,375
0,546,101,381
