265,391,72,192
266,390,71,193
267,389,70,194
268,388,69,195
269,387,68,196
270,386,67,197
271,385,66,198
272,384,65,199
273,383,64,200
274,382,63,201
275,381,62,202
276,380,61,203
277,379,60,204
278,378,59,205
279,377,58,206
279,382,64,206
281,382,65,206
283,382,66,206
285,382,67,206
287,382,68,206
289,382,69,206
291,382,70,206
293,382,71,206
295,382,72,206
297,382,73,206
299,382,74,206
301,382,75,206
303,382,76,206
305,382,77,206
307,382,78,206
304,377,74,205
305,377,73,205
306,377,72,205
307,377,71,205
308,377,70,205
309,377,69,205
310,377,68,205
311,377,67,205
312,377,66,205
313,377,65,205
314,377,64,205
315,377,63,205
316,377,62,205
317,377,61,205
318,377,60,205
325,379,61,200
326,379,61,200
327,379,61,200
328,379,61,200
329,379,61,200
330,379,61,200
331,379,61,200
332,379,61,200
333,379,61,200
334,379,61,200
335,379,61,200
336,379,61,200
337,379,61,200
338,379,61,200
339,379,61,200
347,382,66,201
348,381,66,201
349,380,66,201
350,379,66,201
351,378,66,201
352,377,66,201
353,376,66,201
354,375,66,201
355,374,66,201
356,373,66,201
357,372,66,201
358,371,66,201
359,370,66,201
360,369,66,201
361,368,66,201
364,370,60,204
366,369,61,204
368,368,62,204
370,367,63,204
372,366,64,204
374,365,65,204
376,364,66,204
378,363,67,204
380,362,68,204
382,361,69,204
384,360,70,204
386,359,71,204
388,358,72,204
390,357,73,204
392,356,74,204
387,362,75,211
388,363,74,209
389,364,73,207
390,365,72,205
391,366,71,203
392,367,70,201
393,368,69,199
394,369,68,197
395,370,67,195
396,371,66,193
397,372,65,191
398,373,64,189
399,374,63,187
400,375,62,185
401,376,61,183
408,378,62,185
409,378,63,186
410,378,64,187
411,378,65,188
412,378,66,189
413,378,67,190
414,378,68,191
415,378,69,192
416,378,70,193
417,378,71,194
418,378,72,195
419,378,73,196
420,378,74,197
421,378,75,198
422,378,76,199
426,379,78,197
427,378,77,197
428,377,76,197
429,376,75,197
430,375,74,197
431,374,73,197
432,373,72,197
433,372,71,197
434,371,70,197
435,370,69,197
436,369,68,197
437,368,67,197
438,367,66,197
439,366,65,197
440,365,64,197
444,370,67,204
445,370,67,204
446,370,67,204
447,370,67,204
448,370,67,204
449,370,67,204
450,370,67,204
451,370,67,204
452,370,67,204
453,370,67,204
454,370,67,204
455,370,67,204
456,370,67,204
457,370,67,204
458,370,67,204
464,370,62,198
465,370,62,198
466,370,62,198
467,370,62,198
468,370,62,198
469,370,62,198
470,370,62,198
471,370,62,198
472,370,62,198
473,370,62,198
474,370,62,198
475,370,62,198
476,370,62,198
477,370,62,198
478,370,62,198
474,373,62,201
475,373,63,201
476,373,64,201
477,373,65,201
478,373,66,201
479,373,67,201
480,373,68,201
481,373,69,201
482,373,70,201
483,373,71,201
484,373,72,201
485,373,73,201
486,373,74,201
487,373,75,201
488,373,76,201
489,377,71,200
490,376,71,201
491,375,71,202
492,374,71,203
493,373,71,204
494,372,71,205
495,371,71,206
496,370,71,207
497,369,71,208
498,368,71,209
499,367,71,210
500,366,71,211
501,365,71,212
502,364,71,213
503,363,71,214
507,366,69,217
508,366,69,216
509,366,69,215
510,366,69,214
511,366,69,213
512,366,69,212
513,366,69,211
514,366,69,210
515,366,69,209
516,366,69,208
517,366,69,207
518,366,69,206
519,366,69,205
520,366,69,204
521,366,69,203
527,373,64,206
528,373,64,207
529,373,64,208
530,373,64,209
531,373,64,210
532,373,64,211
533,373,64,212
534,373,64,213
535,373,64,214
536,373,64,215
537,373,64,216
538,373,64,217
539,373,64,218
540,373,64,219
541,373,64,220
544,374,61,214
545,375,61,213
546,376,61,212
547,377,61,211
548,378,61,210
549,379,61,209
550,380,61,208
551,381,61,207
552,382,61,206
553,383,61,205
554,384,61,204
555,385,61,203
556,386,61,202
557,387,61,201
558,388,61,200
558,382,60,206
559,382,62,206
560,382,64,206
561,382,66,206
562,382,68,206
563,382,70,206
564,382,72,206
565,382,74,206
566,382,76,206
567,382,78,206
568,382,80,206
569,382,82,206
570,382,84,206
571,382,86,206
572,382,88,206
568,385,86,206
569,385,85,206
570,385,84,206
571,385,83,206
572,385,82,206
573,385,81,206
574,385,80,206
575,385,79,206
576,385,78,206
577,385,77,206
578,385,76,206
579,385,75,206
580,385,74,206
581,385,73,206
582,385,72,206
587,380,68,205
588,380,68,204
589,380,68,203
590,380,68,202
591,380,68,201
592,380,68,200
593,380,68,199
594,380,68,198
595,380,68,197
596,380,68,196
597,380,68,195
598,380,68,194
599,380,68,193
600,380,68,192
601,380,68,191
608,385,74,193
608,385,74,194
608,385,74,195
608,385,74,196
608,385,74,197
608,385,74,198
608,385,74,199
608,385,74,200
608,385,74,201
608,385,74,202
608,385,74,203
608,385,74,204
608,385,74,205
608,385,74,206
608,385,74,207
615,379,71,212
616,380,71,211
617,381,71,210
618,382,71,209
619,383,71,208
620,384,71,207
621,385,71,206
622,386,71,205
623,387,71,204
624,388,71,203
625,389,71,202
626,390,71,201
627,391,71,200
628,392,71,199
629,393,71,198
624,389,72,202
624,389,73,202
624,389,74,202
624,389,75,202
624,389,76,202
624,389,77,202
624,389,78,202
624,389,79,202
624,389,80,202
624,389,81,202
624,389,82,202
624,389,83,202
624,389,84,202
624,389,85,202
624,389,86,202
629,394,87,205
629,394,86,206
629,394,85,207
629,394,84,208
629,394,83,209
629,394,82,210
629,394,81,211
629,394,80,212
629,394,79,213
629,394,78,214
629,394,77,215
629,394,76,216
629,394,75,217
629,394,74,218
629,394,73,219
626,394,79,216
619,396,83,215
612,398,87,214
605,400,91,213
598,402,95,212
591,404,99,211
584,406,103,210
577,408,107,209
570,410,111,208
563,412,115,207
556,414,119,206
549,416,123,205
542,418,127,204
535,420,131,203
528,422,135,202
527,421,144,197
522,422,144,197
517,423,144,197
512,424,144,197
507,425,144,197
502,426,144,197
497,427,144,197
492,428,144,197
487,429,144,197
482,430,144,197
477,431,144,197
472,432,144,197
467,433,144,197
462,434,144,197
457,435,144,197
448,440,151,194
448,441,147,195
448,442,143,196
448,443,139,197
448,444,135,198
448,445,131,199
448,446,127,200
448,447,123,201
448,448,119,202
448,449,115,203
448,450,111,204
448,451,107,205
448,452,103,206
448,453,99,207
448,454,95,208
444,458,88,205
442,460,91,209
440,462,94,213
438,464,97,217
436,466,100,221
434,468,103,225
432,470,106,229
430,472,109,233
428,474,112,237
426,476,115,241
424,478,118,245
422,480,121,249
420,482,124,253
418,484,127,257
416,486,130,261
409,492,127,259
408,493,128,261
407,494,129,263
406,495,130,265
405,496,131,267
404,497,132,269
403,498,133,271
402,499,134,273
401,500,135,275
400,501,136,277
399,502,137,279
398,503,138,281
397,504,139,283
396,505,140,285
395,506,141,287
399,509,143,284
397,507,143,289
395,505,143,294
393,503,143,299
391,501,143,304
389,499,143,309
387,497,143,314
385,495,143,319
383,493,143,324
381,491,143,329
379,489,143,334
377,487,143,339
375,485,143,344
373,483,143,349
371,481,143,354
366,475,141,365
359,476,146,372
352,477,151,379
345,478,156,386
338,479,161,393
331,480,166,400
324,481,171,407
317,482,176,414
310,483,181,421
303,484,186,428
296,485,191,435
289,486,196,442
282,487,201,449
275,488,206,456
268,489,211,463
256,487,222,469
