1383,429,79,231
1379,429,80,231
1375,429,81,231
1371,429,82,231
1367,429,83,231
1363,429,84,231
1359,429,85,231
1355,429,86,231
1351,429,87,231
1347,429,88,231
1343,429,89,231
1339,429,90,231
1335,429,91,231
1331,429,92,231
1327,429,93,231
1325,429,96,236
1324,429,95,236
1323,429,94,236
1322,429,93,236
1321,429,92,236
1320,429,91,236
1319,429,90,236
1318,429,89,236
1317,429,88,236
1316,429,87,236
1315,429,86,236
1314,429,85,236
1313,429,84,236
1312,429,83,236
1311,429,82,236
1310,431,88,236
1307,432,88,236
1304,433,88,236
1301,434,88,236
1298,435,88,236
1295,436,88,236
1292,437,88,236
1289,438,88,236
1286,439,88,236
1283,440,88,236
1280,441,88,236
1277,442,88,236
1274,443,88,236
1271,444,88,236
1268,445,88,236
1269,441,88,243
1264,441,89,243
1259,441,90,243
1254,441,91,243
1249,441,92,243
1244,441,93,243
1239,441,94,243
1234,441,95,243
1229,441,96,243
1224,441,97,243
1219,441,98,243
1214,441,99,243
1209,441,100,243
1204,441,101,243
1199,441,102,243
1201,440,110,247
1199,439,107,248
1197,438,104,249
1195,437,101,250
1193,436,98,251
1191,435,95,252
1189,434,92,253
1187,433,89,254
1185,432,86,255
1183,431,83,256
1181,430,80,257
1179,429,77,258
1177,428,74,259
1175,427,71,260
1173,426,68,261
1176,429,69,256
1172,429,73,256
1168,429,77,256
1164,429,81,256
1160,429,85,256
1156,429,89,256
1152,429,93,256
1148,429,97,256
1144,429,101,256
1140,429,105,256
1136,429,109,256
1132,429,113,256
1128,429,117,256
1124,429,121,256
1120,429,125,256
1120,431,133,257
1124,431,131,257
1128,431,129,257
1132,431,127,257
1136,431,125,257
1140,431,123,257
1144,431,121,257
1148,431,119,257
1152,431,117,257
1156,431,115,257
1160,431,113,257
1164,431,111,257
1168,431,109,257
1172,431,107,257
1176,431,105,257
1173,431,101,257
1173,431,100,257
1173,431,99,257
1173,431,98,257
1173,431,97,257
1173,431,96,257
1173,431,95,257
1173,431,94,257
1173,431,93,257
1173,431,92,257
1173,431,91,257
1173,431,90,257
1173,431,89,257
1173,431,88,257
1173,431,87,257
1167,429,83,255
1167,429,86,255
1167,429,89,255
1167,429,92,255
1167,429,95,255
1167,429,98,255
1167,429,101,255
1167,429,104,255
1167,429,107,255
1167,429,110,255
1167,429,113,255
1167,429,116,255
1167,429,119,255
1167,429,122,255
1167,429,125,255
1164,429,123,252
1164,429,120,251
1164,429,117,250
1164,429,114,249
1164,429,111,248
1164,429,108,247
1164,429,105,246
1164,429,102,245
1164,429,99,244
1164,429,96,243
1164,429,93,242
1164,429,90,241
1164,429,87,240
1164,429,84,239
1164,429,81,238
1166,429,75,243
1165,429,74,243
1164,429,73,243
1163,429,72,243
1162,429,71,243
1161,429,70,243
1160,429,69,243
1159,429,68,243
1158,429,67,243
1157,429,66,243
1156,429,65,243
1155,429,64,243
1154,429,63,243
1153,429,62,243
1152,429,61,243
1152,422,61,250
1148,423,64,249
1144,424,67,248
1140,425,70,247
1136,426,73,246
1132,427,76,245
1128,428,79,244
1124,429,82,243
1120,430,85,242
1116,431,88,241
1112,432,91,240
1108,433,94,239
1104,434,97,238
1100,435,100,237
1096,436,103,236
1094,431,110,242
1091,431,110,242
1088,431,110,242
1085,431,110,242
1082,431,110,242
1079,431,110,242
1076,431,110,242
1073,431,110,242
1070,431,110,242
1067,431,110,242
1064,431,110,242
1061,431,110,242
1058,431,110,242
1055,431,110,242
1052,431,110,242
1047,438,111,240
1043,437,110,241
1039,436,109,242
1035,435,108,243
1031,434,107,244
1027,433,106,245
1023,432,105,246
1019,431,104,247
1015,430,103,248
1011,429,102,249
1007,428,101,250
1003,427,100,251
999,426,99,252
995,425,98,253
991,424,97,254
984,426,94,261
978,426,94,261
972,426,94,261
966,426,94,261
960,426,94,261
954,426,94,261
948,426,94,261
942,426,94,261
936,426,94,261
930,426,94,261
924,426,94,261
918,426,94,261
912,426,94,261
906,426,94,261
900,426,94,261
891,426,91,262
887,426,89,262
883,426,87,262
879,426,85,262
875,426,83,262
871,426,81,262
867,426,79,262
863,426,77,262
859,426,75,262
855,426,73,262
851,426,71,262
847,426,69,262
843,426,67,262
839,426,65,262
835,426,63,262
838,419,67,257
833,419,70,255
828,419,73,253
823,419,76,251
818,419,79,249
813,419,82,247
808,419,85,245
803,419,88,243
798,419,91,241
793,419,94,239
788,419,97,237
783,419,100,235
778,419,103,233
773,419,106,231
768,419,109,229
760,416,106,234
762,416,105,233
764,416,104,232
766,416,103,231
768,416,102,230
770,416,101,229
772,416,100,228
774,416,99,227
776,416,98,226
778,416,97,225
780,416,96,224
782,416,95,223
784,416,94,222
786,416,93,221
788,416,92,220
794,413,91,220
797,415,98,218
800,417,105,216
803,419,112,214
806,421,119,212
809,423,126,210
812,425,133,208
815,427,140,206
818,429,147,204
821,431,154,202
824,433,161,200
827,435,168,198
830,437,175,196
833,439,182,194
836,441,189,192
845,437,193,192
845,436,190,193
845,435,187,194
845,434,184,195
845,433,181,196
845,432,178,197
845,431,175,198
845,430,172,199
845,429,169,200
845,428,166,201
845,427,163,202
845,426,160,203
845,425,157,204
845,424,154,205
845,423,151,206
840,419,142,211
833,419,140,211
826,419,138,211
819,419,136,211
812,419,134,211
805,419,132,211
798,419,130,211
791,419,128,211
784,419,126,211
777,419,124,211
770,419,122,211
763,419,120,211
756,419,118,211
749,419,116,211
742,419,114,211
729,423,119,212
719,423,118,214
709,423,117,216
699,423,116,218
689,423,115,220
679,423,114,222
669,423,113,224
659,423,112,226
649,423,111,228
639,423,110,230
629,423,109,232
619,423,108,234
609,423,107,236
599,423,106,238
589,423,105,240
580,426,103,236
572,429,101,236
564,432,99,236
556,435,97,236
548,438,95,236
540,441,93,236
532,444,91,236
524,447,89,236
516,450,87,236
508,453,85,236
500,456,83,236
492,459,81,236
484,462,79,236
476,465,77,236
468,468,75,236
453,472,70,237
