1157,369,100,260
1154,369,99,260
1151,369,98,260
1148,369,97,260
1145,369,96,260
1142,369,95,260
1139,369,94,260
1136,369,93,260
1133,369,92,260
1130,369,91,260
1127,369,90,260
1124,369,89,260
1121,369,88,260
1118,369,87,260
1115,369,86,260
1116,373,89,258
1114,373,90,258
1112,373,91,258
1110,373,92,258
1108,373,93,258
1106,373,94,258
1104,373,95,258
1102,373,96,258
1100,373,97,258
1098,373,98,258
1096,373,99,258
1094,373,100,258
1092,373,101,258
1090,373,102,258
1088,373,103,258
1092,373,102,265
1089,373,102,266
1086,373,102,267
1083,373,102,268
1080,373,102,269
1077,373,102,270
1074,373,102,271
1071,373,102,272
1068,373,102,273
1065,373,102,274
1062,373,102,275
1059,373,102,276
1056,373,102,277
1053,373,102,278
1050,373,102,279
1043,370,101,275
1042,371,101,275
1041,372,101,275
1040,373,101,275
1039,374,101,275
1038,375,101,275
1037,376,101,275
1036,377,101,275
1035,378,101,275
1034,379,101,275
1033,380,101,275
1032,381,101,275
1031,382,101,275
1030,383,101,275
1029,384,101,275
1021,378,103,274
1016,378,104,274
1011,378,105,274
1006,378,106,274
1001,378,107,274
996,378,108,274
991,378,109,274
986,378,110,274
981,378,111,274
976,378,112,274
971,378,113,274
966,378,114,274
961,378,115,274
956,378,116,274
951,378,117,274
953,380,122,275
953,380,120,275
953,380,118,275
953,380,116,275
953,380,114,275
953,380,112,275
953,380,110,275
953,380,108,275
953,380,106,275
953,380,104,275
953,380,102,275
953,380,100,275
953,380,98,275
953,380,96,275
953,380,94,275
946,378,95,276
944,378,94,276
942,378,93,276
940,378,92,276
938,378,91,276
936,378,90,276
934,378,89,276
932,378,88,276
930,378,87,276
928,378,86,276
926,378,85,276
924,378,84,276
922,378,83,276
920,378,82,276
918,378,81,276
914,371,84,281
912,371,87,281
910,371,90,281
908,371,93,281
906,371,96,281
904,371,99,281
902,371,102,281
900,371,105,281
898,371,108,281
896,371,111,281
894,371,114,281
892,371,117,281
890,371,120,281
888,371,123,281
886,371,126,281
879,370,126,285
882,370,125,285
885,370,124,285
888,370,123,285
891,370,122,285
894,370,121,285
897,370,120,285
900,370,119,285
903,370,118,285
906,370,117,285
909,370,116,285
912,370,115,285
915,370,114,285
918,370,113,285
921,370,112,285
921,371,110,285
921,371,109,285
921,371,108,285
921,371,107,285
921,371,106,285
921,371,105,285
921,371,104,285
921,371,103,285
921,371,102,285
921,371,101,285
921,371,100,285
921,371,99,285
921,371,98,285
921,371,97,285
921,371,96,285
917,371,90,284
916,371,94,284
915,371,98,284
914,371,102,284
913,371,106,284
912,371,110,284
911,371,114,284
910,371,118,284
909,371,122,284
908,371,126,284
907,371,130,284
906,371,134,284
905,371,138,284
904,371,142,284
903,371,146,284
896,371,151,284
897,371,147,284
898,371,143,284
899,371,139,284
900,371,135,284
901,371,131,284
902,371,127,284
903,371,123,284
904,371,119,284
905,371,115,284
906,371,111,284
907,371,107,284
908,371,103,284
909,371,99,284
910,371,95,284
918,375,95,277
917,375,95,277
916,375,95,277
915,375,95,277
914,375,95,277
913,375,95,277
912,375,95,277
911,375,95,277
910,375,95,277
909,375,95,277
908,375,95,277
907,375,95,277
906,375,95,277
905,375,95,277
904,375,95,277
903,374,89,273
903,373,88,273
903,372,87,273
903,371,86,273
903,370,85,273
903,369,84,273
903,368,83,273
903,367,82,273
903,366,81,273
903,365,80,273
903,364,79,273
903,363,78,273
903,362,77,273
903,361,76,273
903,360,75,273
900,366,71,274
897,366,73,274
894,366,75,274
891,366,77,274
888,366,79,274
885,366,81,274
882,366,83,274
879,366,85,274
876,366,87,274
873,366,89,274
870,366,91,274
867,366,93,274
864,366,95,274
861,366,97,274
858,366,99,274
855,371,106,269
853,371,106,269
851,371,106,269
849,371,106,269
847,371,106,269
845,371,106,269
843,371,106,269
841,371,106,269
839,371,106,269
837,371,106,269
835,371,106,269
833,371,106,269
831,371,106,269
829,371,106,269
827,371,106,269
831,378,112,264
827,378,114,264
823,378,116,264
819,378,118,264
815,378,120,264
811,378,122,264
807,378,124,264
803,378,126,264
799,378,128,264
795,378,130,264
791,378,132,264
787,378,134,264
783,378,136,264
779,378,138,264
775,378,140,264
771,380,136,267
769,380,133,267
767,380,130,267
765,380,127,267
763,380,124,267
761,380,121,267
759,380,118,267
757,380,115,267
755,380,112,267
753,380,109,267
751,380,106,267
749,380,103,267
747,380,100,267
745,380,97,267
743,380,94,267
734,374,87,274
729,374,90,274
724,374,93,274
719,374,96,274
714,374,99,274
709,374,102,274
704,374,105,274
699,374,108,274
694,374,111,274
689,374,114,274
684,374,117,274
679,374,120,274
674,374,123,274
669,374,126,274
664,374,129,274
661,373,129,278
654,373,131,278
647,373,133,278
640,373,135,278
633,373,137,278
626,373,139,278
619,373,141,278
612,373,143,278
605,373,145,278
598,373,147,278
591,373,149,278
584,373,151,278
577,373,153,278
570,373,155,278
563,373,157,278
562,375,152,280
560,374,147,280
558,373,142,280
556,372,137,280
554,371,132,280
552,370,127,280
550,369,122,280
548,368,117,280
546,367,112,280
544,366,107,280
542,365,102,280
540,364,97,280
538,363,92,280
536,362,87,280
534,361,82,280
539,361,83,281
535,361,85,279
531,361,87,277
527,361,89,275
523,361,91,273
519,361,93,271
515,361,95,269
511,361,97,267
507,361,99,265
503,361,101,263
499,361,103,261
495,361,105,259
491,361,107,257
487,361,109,255
483,361,111,253
481,360,110,257
482,359,109,257
483,358,108,257
484,357,107,257
485,356,106,257
486,355,105,257
487,354,104,257
488,353,103,257
489,352,102,257
490,351,101,257
491,350,100,257
492,349,99,257
493,348,98,257
494,347,97,257
495,346,96,257
497,351,88,262
501,352,92,259
505,353,96,256
509,354,100,253
513,355,104,250
517,356,108,247
521,357,112,244
525,358,116,241
529,359,120,238
533,360,124,235
537,361,128,232
541,362,132,229
545,363,136,226
549,364,140,223
553,365,144,220
562,371,147,214
563,371,152,214
564,371,157,214
565,371,162,214
566,371,167,214
567,371,172,214
568,371,177,214
569,371,182,214
570,371,187,214
571,371,192,214
572,371,197,214
573,371,202,214
574,371,207,214
575,371,212,214
576,371,217,214
575,377,221,214
574,376,217,215
573,375,213,216
572,374,209,217
571,373,205,218
570,372,201,219
569,371,197,220
568,370,193,221
567,369,189,222
566,368,185,223
565,367,181,224
564,366,177,225
563,365,173,226
562,364,169,227
561,363,165,228
559,360,162,231
553,361,161,230
547,362,160,229
541,363,159,228
535,364,158,227
529,365,157,226
523,366,156,225
517,367,155,224
511,368,154,223
505,369,153,222
499,370,152,221
493,371,151,220
487,372,150,219
481,373,149,218
475,374,148,217
469,368,150,220
461,369,146,220
453,370,142,220
445,371,138,220
437,372,134,220
429,373,130,220
421,374,126,220
413,375,122,220
405,376,118,220
397,377,114,220
389,378,110,220
381,379,106,220
373,380,102,220
365,381,98,220
357,382,94,220
347,380,90,224
337,381,92,226
327,382,94,228
317,383,96,230
307,384,98,232
297,385,100,234
287,386,102,236
277,387,104,238
267,388,106,240
257,389,108,242
247,390,110,244
237,391,112,246
227,392,114,248
217,393,116,250
207,394,118,252
197,391,119,259
190,393,119,263
183,395,119,267
176,397,119,271
169,399,119,275
162,401,119,279
155,403,119,283
148,405,119,287
141,407,119,291
134,409,119,295
127,411,119,299
120,413,119,303
113,415,119,307
106,417,119,311
99,419,119,315
99,419,117,314
