1350,426,53,215
1347,426,55,215
1344,426,57,215
1341,426,59,215
1338,426,61,215
1335,426,63,215
1332,426,65,215
1329,426,67,215
1326,426,69,215
1323,426,71,215
1320,426,73,215
1317,426,75,215
1314,426,77,215
1311,426,79,215
1308,426,81,215
1308,430,81,215
1307,430,80,215
1306,430,79,215
1305,430,78,215
1304,430,77,215
1303,430,76,215
1302,430,75,215
1301,430,74,215
1300,430,73,215
1299,430,72,215
1298,430,71,215
1297,430,70,215
1296,430,69,215
1295,430,68,215
1294,430,67,215
1286,429,68,218
1284,429,69,219
1282,429,70,220
1280,429,71,221
1278,429,72,222
1276,429,73,223
1274,429,74,224
1272,429,75,225
1270,429,76,226
1268,429,77,227
1266,429,78,228
1264,429,79,229
1262,429,80,230
1260,429,81,231
1258,429,82,232
1252,430,84,226
1250,430,83,226
1248,430,82,226
1246,430,81,226
1244,430,80,226
1242,430,79,226
1240,430,78,226
1238,430,77,226
1236,430,76,226
1234,430,75,226
1232,430,74,226
1230,430,73,226
1228,430,72,226
1226,430,71,226
1224,430,70,226
1224,431,75,230
1222,431,75,230
1220,431,75,230
1218,431,75,230
1216,431,75,230
1214,431,75,230
1212,431,75,230
1210,431,75,230
1208,431,75,230
1206,431,75,230
1204,431,75,230
1202,431,75,230
1200,431,75,230
1198,431,75,230
1196,431,75,230
1200,433,78,237
1196,433,79,237
1192,433,80,237
1188,433,81,237
1184,433,82,237
1180,433,83,237
1176,433,84,237
1172,433,85,237
1168,433,86,237
1164,433,87,237
1160,433,88,237
1156,433,89,237
1152,433,90,237
1148,433,91,237
1144,433,92,237
1138,431,99,237
1138,431,96,237
1138,431,93,237
1138,431,90,237
1138,431,87,237
1138,431,84,237
1138,431,81,237
1138,431,78,237
1138,431,75,237
1138,431,72,237
1138,431,69,237
1138,431,66,237
1138,431,63,237
1138,431,60,237
1138,431,57,237
1137,430,57,239
1135,430,58,239
1133,430,59,239
1131,430,60,239
1129,430,61,239
1127,430,62,239
1125,430,63,239
1123,430,64,239
1121,430,65,239
1119,430,66,239
1117,430,67,239
1115,430,68,239
1113,430,69,239
1111,430,70,239
1109,430,71,239
1102,429,75,237
1102,429,76,237
1102,429,77,237
1102,429,78,237
1102,429,79,237
1102,429,80,237
1102,429,81,237
1102,429,82,237
1102,429,83,237
1102,429,84,237
1102,429,85,237
1102,429,86,237
1102,429,87,237
1102,429,88,237
1102,429,89,237
1095,426,92,244
1096,426,93,244
1097,426,94,244
1098,426,95,244
1099,426,96,244
1100,426,97,244
1101,426,98,244
1102,426,99,244
1103,426,100,244
1104,426,101,244
1105,426,102,244
1106,426,103,244
1107,426,104,244
1108,426,105,244
1109,426,106,244
1107,430,107,243
1107,430,105,243
1107,430,103,243
1107,430,101,243
1107,430,99,243
1107,430,97,243
1107,430,95,243
1107,430,93,243
1107,430,91,243
1107,430,89,243
1107,430,87,243
1107,430,85,243
1107,430,83,243
1107,430,81,243
1107,430,79,243
1110,430,77,239
1110,430,79,239
1110,430,81,239
1110,430,83,239
1110,430,85,239
1110,430,87,239
1110,430,89,239
1110,430,91,239
1110,430,93,239
1110,430,95,239
1110,430,97,239
1110,430,99,239
1110,430,101,239
1110,430,103,239
1110,430,105,239
1110,430,111,240
1110,430,108,239
1110,430,105,238
1110,430,102,237
1110,430,99,236
1110,430,96,235
1110,430,93,234
1110,430,90,233
1110,430,87,232
1110,430,84,231
1110,430,81,230
1110,430,78,229
1110,430,75,228
1110,430,72,227
1110,430,69,226
1113,433,71,232
1112,432,71,232
1111,431,71,232
1110,430,71,232
1109,429,71,232
1108,428,71,232
1107,427,71,232
1106,426,71,232
1105,425,71,232
1104,424,71,232
1103,423,71,232
1102,422,71,232
1101,421,71,232
1100,420,71,232
1099,419,71,232
1098,424,64,237
1095,424,66,236
1092,424,68,235
1089,424,70,234
1086,424,72,233
1083,424,74,232
1080,424,76,231
1077,424,78,230
1074,424,80,229
1071,424,82,228
1068,424,84,227
1065,424,86,226
1062,424,88,225
1059,424,90,224
1056,424,92,223
1057,429,87,226
1056,429,88,226
1055,429,89,226
1054,429,90,226
1053,429,91,226
1052,429,92,226
1051,429,93,226
1050,429,94,226
1049,429,95,226
1048,429,96,226
1047,429,97,226
1046,429,98,226
1045,429,99,226
1044,429,100,226
1043,429,101,226
1040,430,101,230
1037,430,101,230
1034,430,101,230
1031,430,101,230
1028,430,101,230
1025,430,101,230
1022,430,101,230
1019,430,101,230
1016,430,101,230
1013,430,101,230
1010,430,101,230
1007,430,101,230
1004,430,101,230
1001,430,101,230
998,430,101,230
991,435,106,226
989,435,103,227
987,435,100,228
985,435,97,229
983,435,94,230
981,435,91,231
979,435,88,232
977,435,85,233
975,435,82,234
973,435,79,235
971,435,76,236
969,435,73,237
967,435,70,238
965,435,67,239
963,435,64,240
966,428,61,238
961,428,64,238
956,428,67,238
951,428,70,238
946,428,73,238
941,428,76,238
936,428,79,238
931,428,82,238
926,428,85,238
921,428,88,238
916,428,91,238
911,428,94,238
906,428,97,238
901,428,100,238
896,428,103,238
889,428,106,240
883,428,107,240
877,428,108,240
871,428,109,240
865,428,110,240
859,428,111,240
853,428,112,240
847,428,113,240
841,428,114,240
835,428,115,240
829,428,116,240
823,428,117,240
817,428,118,240
811,428,119,240
805,428,120,240
803,428,123,240
801,428,120,240
799,428,117,240
797,428,114,240
795,428,111,240
793,428,108,240
791,428,105,240
789,428,102,240
787,428,99,240
785,428,96,240
783,428,93,240
781,428,90,240
779,428,87,240
777,428,84,240
775,428,81,240
767,421,85,235
764,421,86,234
761,421,87,233
758,421,88,232
755,421,89,231
752,421,90,230
749,421,91,229
746,421,92,228
743,421,93,227
740,421,94,226
737,421,95,225
734,421,96,224
731,421,97,223
728,421,98,222
725,421,99,221
720,417,97,223
721,417,96,222
722,417,95,221
723,417,94,220
724,417,93,219
725,417,92,218
726,417,91,217
727,417,90,216
728,417,89,215
729,417,88,214
730,417,87,213
731,417,86,212
732,417,85,211
733,417,84,210
734,417,83,209
740,415,88,208
743,416,93,206
746,417,98,204
749,418,103,202
752,419,108,200
755,420,113,198
758,421,118,196
761,422,123,194
764,423,128,192
767,424,133,190
770,425,138,188
773,426,143,186
776,427,148,184
779,428,153,182
782,429,158,180
783,433,159,185
785,432,158,186
787,431,157,187
789,430,156,188
791,429,155,189
793,428,154,190
795,427,153,191
797,426,152,192
799,425,151,193
801,424,150,194
803,423,149,195
805,422,148,196
807,421,147,197
809,420,146,198
811,419,145,199
819,419,148,199
814,419,145,199
809,419,142,199
804,419,139,199
799,419,136,199
794,419,133,199
789,419,130,199
784,419,127,199
779,419,124,199
774,419,121,199
769,419,118,199
764,419,115,199
759,419,112,199
754,419,109,199
749,419,106,199
748,416,107,193
740,416,108,194
732,416,109,195
724,416,110,196
716,416,111,197
708,416,112,198
700,416,113,199
692,416,114,200
684,416,115,201
676,416,116,202
668,416,117,203
660,416,118,204
652,416,119,205
644,416,120,206
636,416,121,207
632,412,124,215
626,413,122,216
620,414,120,217
614,415,118,218
608,416,116,219
602,417,114,220
596,418,112,221
590,419,110,222
584,420,108,223
578,421,106,224
572,422,104,225
566,423,102,226
560,424,100,227
554,425,98,228
548,426,96,229
545,428,98,226
