1538,432,49,193
1536,432,50,193
1534,432,51,193
1532,432,52,193
1530,432,53,193
1528,432,54,193
1526,432,55,193
1524,432,56,193
1522,432,57,193
1520,432,58,193
1518,432,59,193
1516,432,60,193
1514,432,61,193
1512,432,62,193
1510,432,63,193
1508,439,69,195
1506,439,70,195
1504,439,71,195
1502,439,72,195
1500,439,73,195
1498,439,74,195
1496,439,75,195
1494,439,76,195
1492,439,77,195
1490,439,78,195
1488,439,79,195
1486,439,80,195
1484,439,81,195
1482,439,82,195
1480,439,83,195
1476,442,78,192
1475,442,78,192
1474,442,78,192
1473,442,78,192
1472,442,78,192
1471,442,78,192
1470,442,78,192
1469,442,78,192
1468,442,78,192
1467,442,78,192
1466,442,78,192
1465,442,78,192
1464,442,78,192
1463,442,78,192
1462,442,78,192
1461,443,75,191
1459,443,75,192
1457,443,75,193
1455,443,75,194
1453,443,75,195
1451,443,75,196
1449,443,75,197
1447,443,75,198
1445,443,75,199
1443,443,75,200
1441,443,75,201
1439,443,75,202
1437,443,75,203
1435,443,75,204
1433,443,75,205
1431,445,81,206
1429,445,81,206
1427,445,81,206
1425,445,81,206
1423,445,81,206
1421,445,81,206
1419,445,81,206
1417,445,81,206
1415,445,81,206
1413,445,81,206
1411,445,81,206
1409,445,81,206
1407,445,81,206
1405,445,81,206
1403,445,81,206
1395,439,86,211
1393,439,86,211
1391,439,86,211
1389,439,86,211
1387,439,86,211
1385,439,86,211
1383,439,86,211
1381,439,86,211
1379,439,86,211
1377,439,86,211
1375,439,86,211
1373,439,86,211
1371,439,86,211
1369,439,86,211
1367,439,86,211
1365,432,89,212
1363,432,89,213
1361,432,89,214
1359,432,89,215
1357,432,89,216
1355,432,89,217
1353,432,89,218
1351,432,89,219
1349,432,89,220
1347,432,89,221
1345,432,89,222
1343,432,89,223
1341,432,89,224
1339,432,89,225
1337,432,89,226
1330,432,87,224
1327,432,86,224
1324,432,85,224
1321,432,84,224
1318,432,83,224
1315,432,82,224
1312,432,81,224
1309,432,80,224
1306,432,79,224
1303,432,78,224
1300,432,77,224
1297,432,76,224
1294,432,75,224
1291,432,74,224
1288,432,73,224
1290,429,79,224
1289,429,79,224
1288,429,79,224
1287,429,79,224
1286,429,79,224
1285,429,79,224
1284,429,79,224
1283,429,79,224
1282,429,79,224
1281,429,79,224
1280,429,79,224
1279,429,79,224
1278,429,79,224
1277,429,79,224
1276,429,79,224
1278,425,84,231
1276,425,84,231
1274,425,84,231
1272,425,84,231
1270,425,84,231
1268,425,84,231
1266,425,84,231
1264,425,84,231
1262,425,84,231
1260,425,84,231
1258,425,84,231
1256,425,84,231
1254,425,84,231
1252,425,84,231
1250,425,84,231
1245,429,79,225
1245,429,78,225
1245,429,77,225
1245,429,76,225
1245,429,75,225
1245,429,74,225
1245,429,73,225
1245,429,72,225
1245,429,71,225
1245,429,70,225
1245,429,69,225
1245,429,68,225
1245,429,67,225
1245,429,66,225
1245,429,65,225
1245,429,64,229
1243,429,66,229
1241,429,68,229
1239,429,70,229
1237,429,72,229
1235,429,74,229
1233,429,76,229
1231,429,78,229
1229,429,80,229
1227,429,82,229
1225,429,84,229
1223,429,86,229
1221,429,88,229
1219,429,90,229
1217,429,92,229
1210,429,92,227
1210,429,92,227
1210,429,92,227
1210,429,92,227
1210,429,92,227
1210,429,92,227
1210,429,92,227
1210,429,92,227
1210,429,92,227
1210,429,92,227
1210,429,92,227
1210,429,92,227
1210,429,92,227
1210,429,92,227
1210,429,92,227
1203,425,96,229
1203,425,95,229
1203,425,94,229
1203,425,93,229
1203,425,92,229
1203,425,91,229
1203,425,90,229
1203,425,89,229
1203,425,88,229
1203,425,87,229
1203,425,86,229
1203,425,85,229
1203,425,84,229
1203,425,83,229
1203,425,82,229
1206,425,83,229
1206,425,83,229
1206,425,83,229
1206,425,83,229
1206,425,83,229
1206,425,83,229
1206,425,83,229
1206,425,83,229
1206,425,83,229
1206,425,83,229
1206,425,83,229
1206,425,83,229
1206,425,83,229
1206,425,83,229
1206,425,83,229
1206,425,88,228
1206,425,88,228
1206,425,88,228
1206,425,88,228
1206,425,88,228
1206,425,88,228
1206,425,88,228
1206,425,88,228
1206,425,88,228
1206,425,88,228
1206,425,88,228
1206,425,88,228
1206,425,88,228
1206,425,88,228
1206,425,88,228
1206,421,83,233
1206,421,83,233
1206,421,83,233
1206,421,83,233
1206,421,83,233
1206,421,83,233
1206,421,83,233
1206,421,83,233
1206,421,83,233
1206,421,83,233
1206,421,83,233
1206,421,83,233
1206,421,83,233
1206,421,83,233
1206,421,83,233
1205,421,84,230
1204,421,84,230
1203,421,84,230
1202,421,84,230
1201,421,84,230
1200,421,84,230
1199,421,84,230
1198,421,84,230
1197,421,84,230
1196,421,84,230
1195,421,84,230
1194,421,84,230
1193,421,84,230
1192,421,84,230
1191,421,84,230
1196,425,88,231
1195,426,87,231
1194,427,86,231
1193,428,85,231
1192,429,84,231
1191,430,83,231
1190,431,82,231
1189,432,81,231
1188,433,80,231
1187,434,79,231
1186,435,78,231
1185,436,77,231
1184,437,76,231
1183,438,75,231
1182,439,74,231
1188,434,74,225
1184,434,76,225
1180,434,78,225
1176,434,80,225
1172,434,82,225
1168,434,84,225
1164,434,86,225
1160,434,88,225
1156,434,90,225
1152,434,92,225
1148,434,94,225
1144,434,96,225
1140,434,98,225
1136,434,100,225
1132,434,102,225
1135,432,102,226
1132,432,101,226
1129,432,100,226
1126,432,99,226
1123,432,98,226
1120,432,97,226
1117,432,96,226
1114,432,95,226
1111,432,94,226
1108,432,93,226
1105,432,92,226
1102,432,91,226
1099,432,90,226
1096,432,89,226
1093,432,88,226
1085,426,87,230
1082,426,88,230
1079,426,89,230
1076,426,90,230
1073,426,91,230
1070,426,92,230
1067,426,93,230
1064,426,94,230
1061,426,95,230
1058,426,96,230
1055,426,97,230
1052,426,98,230
1049,426,99,230
1046,426,100,230
1043,426,101,230
1040,428,99,231
1036,428,99,231
1032,428,99,231
1028,428,99,231
1024,428,99,231
1020,428,99,231
1016,428,99,231
1012,428,99,231
1008,428,99,231
1004,428,99,231
1000,428,99,231
996,428,99,231
992,428,99,231
988,428,99,231
984,428,99,231
983,421,101,237
980,422,100,237
977,423,99,237
974,424,98,237
971,425,97,237
968,426,96,237
965,427,95,237
962,428,94,237
959,429,93,237
956,430,92,237
953,431,91,237
950,432,90,237
947,433,89,237
944,434,88,237
941,435,87,237
936,431,88,231
935,431,87,229
934,431,86,227
933,431,85,225
932,431,84,223
931,431,83,221
930,431,82,219
929,431,81,217
928,431,80,215
927,431,79,213
926,431,78,211
925,431,77,209
924,431,76,207
923,431,75,205
922,431,74,203
926,429,73,207
919,430,77,206
912,431,81,205
905,432,85,204
898,433,89,203
891,434,93,202
884,435,97,201
877,436,101,200
870,437,105,199
863,438,109,198
856,439,113,197
849,440,117,196
842,441,121,195
835,442,125,194
828,443,129,193
818,439,136,197
810,438,135,198
802,437,134,199
794,436,133,200
786,435,132,201
778,434,131,202
770,433,130,203
762,432,129,204
754,431,128,205
746,430,127,206
738,429,126,207
730,428,125,208
722,427,124,209
714,426,123,210
706,425,122,211
703,418,128,213
693,417,127,213
683,416,126,213
673,415,125,213
663,414,124,213
653,413,123,213
643,412,122,213
633,411,121,213
623,410,120,213
613,409,119,213
603,408,118,213
593,407,117,213
583,406,116,213
573,405,115,213
563,404,114,213
553,407,118,216
