1774,163,95,287
1772,164,96,286
1770,165,97,285
1768,166,98,284
1766,167,99,283
1764,168,100,282
1762,169,101,281
1760,170,102,280
1758,171,103,279
1756,172,104,278
1754,173,105,277
1752,174,106,276
1750,175,107,275
1748,176,108,274
1746,177,109,273
1743,173,104,277
1738,173,107,277
1733,173,110,277
1728,173,113,277
1723,173,116,277
1718,173,119,277
1713,173,122,277
1708,173,125,277
1703,173,128,277
1698,173,131,277
1693,173,134,277
1688,173,137,277
1683,173,140,277
1678,173,143,277
1673,173,146,277
1667,176,153,277
1666,175,150,277
1665,174,147,277
1664,173,144,277
1663,172,141,277
1662,171,138,277
1661,170,135,277
1660,169,132,277
1659,168,129,277
1658,167,126,277
1657,166,123,277
1656,165,120,277
1655,164,117,277
1654,163,114,277
1653,162,111,277
1658,163,113,284
1656,163,113,285
1654,163,113,286
1652,163,113,287
1650,163,113,288
1648,163,113,289
1646,163,113,290
1644,163,113,291
1642,163,113,292
1640,163,113,293
1638,163,113,294
1636,163,113,295
1634,163,113,296
1632,163,113,297
1630,163,113,298
1627,160,117,297
1621,159,120,298
1615,158,123,299
1609,157,126,300
1603,156,129,301
1597,155,132,302
1591,154,135,303
1585,153,138,304
1579,152,141,305
1573,151,144,306
1567,150,147,307
1561,149,150,308
1555,148,153,309
1549,147,156,310
1543,146,159,311
1537,152,158,305
1536,151,155,305
1535,150,152,305
1534,149,149,305
1533,148,146,305
1532,147,143,305
1531,146,140,305
1530,145,137,305
1529,144,134,305
1528,143,131,305
1527,142,128,305
1526,141,125,305
1525,140,122,305
1524,139,119,305
1523,138,116,305
1517,133,115,312
1514,132,114,312
1511,131,113,312
1508,130,112,312
1505,129,111,312
1502,128,110,312
1499,127,109,312
1496,126,108,312
1493,125,107,312
1490,124,106,312
1487,123,105,312
1484,122,104,312
1481,121,103,312
1478,120,102,312
1475,119,101,312
1466,121,97,319
1461,120,99,320
1456,119,101,321
1451,118,103,322
1446,117,105,323
1441,116,107,324
1436,115,109,325
1431,114,111,326
1426,113,113,327
1421,112,115,328
1416,111,117,329
1411,110,119,330
1406,109,121,331
1401,108,123,332
1396,107,125,333
1396,108,124,336
1393,108,124,335
1390,108,124,334
1387,108,124,333
1384,108,124,332
1381,108,124,331
1378,108,124,330
1375,108,124,329
1372,108,124,328
1369,108,124,327
1366,108,124,326
1363,108,124,325
1360,108,124,324
1357,108,124,323
1354,108,124,322
1352,102,128,327
1351,102,127,328
1350,102,126,329
1349,102,125,330
1348,102,124,331
1347,102,123,332
1346,102,122,333
1345,102,121,334
1344,102,120,335
1343,102,119,336
1342,102,118,337
1341,102,117,338
1340,102,116,339
1339,102,115,340
1338,102,114,341
1338,99,113,336
1335,99,115,336
1332,99,117,336
1329,99,119,336
1326,99,121,336
1323,99,123,336
1320,99,125,336
1317,99,127,336
1314,99,129,336
1311,99,131,336
1308,99,133,336
1305,99,135,336
1302,99,137,336
1299,99,139,336
1296,99,141,336
1300,99,142,330
1300,99,142,330
1300,99,142,330
1300,99,142,330
1300,99,142,330
1300,99,142,330
1300,99,142,330
1300,99,142,330
1300,99,142,330
1300,99,142,330
1300,99,142,330
1300,99,142,330
1300,99,142,330
1300,99,142,330
1300,99,142,330
1296,92,137,332
1296,92,136,332
1296,92,135,332
1296,92,134,332
1296,92,133,332
1296,92,132,332
1296,92,131,332
1296,92,130,332
1296,92,129,332
1296,92,128,332
1296,92,127,332
1296,92,126,332
1296,92,125,332
1296,92,124,332
1296,92,123,332
1294,90,128,336
1294,90,128,336
1294,90,128,336
1294,90,128,336
1294,90,128,336
1294,90,128,336
1294,90,128,336
1294,90,128,336
1294,90,128,336
1294,90,128,336
1294,90,128,336
1294,90,128,336
1294,90,128,336
1294,90,128,336
1294,90,128,336
1287,94,131,329
1287,94,131,329
1287,94,131,329
1287,94,131,329
1287,94,131,329
1287,94,131,329
1287,94,131,329
1287,94,131,329
1287,94,131,329
1287,94,131,329
1287,94,131,329
1287,94,131,329
1287,94,131,329
1287,94,131,329
1287,94,131,329
1289,90,131,331
1288,90,133,331
1287,90,135,331
1286,90,137,331
1285,90,139,331
1284,90,141,331
1283,90,143,331
1282,90,145,331
1281,90,147,331
1280,90,149,331
1279,90,151,331
1278,90,153,331
1277,90,155,331
1276,90,157,331
1275,90,159,331
1276,92,164,329
1276,92,160,329
1276,92,156,329
1276,92,152,329
1276,92,148,329
1276,92,144,329
1276,92,140,329
1276,92,136,329
1276,92,132,329
1276,92,128,329
1276,92,124,329
1276,92,120,329
1276,92,116,329
1276,92,112,329
1276,92,108,329
1278,90,106,331
1273,90,108,331
1268,90,110,331
1263,90,112,331
1258,90,114,331
1253,90,116,331
1248,90,118,331
1243,90,120,331
1238,90,122,331
1233,90,124,331
1228,90,126,331
1223,90,128,331
1218,90,130,331
1213,90,132,331
1208,90,134,331
1198,89,135,335
1195,88,132,335
1192,87,129,335
1189,86,126,335
1186,85,123,335
1183,84,120,335
1180,83,117,335
1177,82,114,335
1174,81,111,335
1171,80,108,335
1168,79,105,335
1165,78,102,335
1162,77,99,335
1159,76,96,335
1156,75,93,335
1160,71,90,339
1153,71,93,338
1146,71,96,337
1139,71,99,336
1132,71,102,335
1125,71,105,334
1118,71,108,333
1111,71,111,332
1104,71,114,331
1097,71,117,330
1090,71,120,329
1083,71,123,328
1076,71,126,327
1069,71,129,326
1062,71,132,325
1052,66,133,331
1047,66,133,331
1042,66,133,331
1037,66,133,331
1032,66,133,331
1027,66,133,331
1022,66,133,331
1017,66,133,331
1012,66,133,331
1007,66,133,331
1002,66,133,331
997,66,133,331
992,66,133,331
987,66,133,331
982,66,133,331
976,61,138,334
971,61,138,334
966,61,138,334
961,61,138,334
956,61,138,334
951,61,138,334
946,61,138,334
941,61,138,334
936,61,138,334
931,61,138,334
926,61,138,334
921,61,138,334
916,61,138,334
911,61,138,334
906,61,138,334
907,68,137,332
907,68,135,331
907,68,133,330
907,68,131,329
907,68,129,328
907,68,127,327
907,68,125,326
907,68,123,325
907,68,121,324
907,68,119,323
907,68,117,322
907,68,115,321
907,68,113,320
907,68,111,319
907,68,109,318
907,61,102,323
900,61,106,321
893,61,110,319
886,61,114,317
879,61,118,315
872,61,122,313
865,61,126,311
858,61,130,309
851,61,134,307
844,61,138,305
837,61,142,303
830,61,146,301
823,61,150,299
816,61,154,297
809,61,158,295
809,55,164,294
798,54,163,294
787,53,162,294
776,52,161,294
765,51,160,294
754,50,159,294
743,49,158,294
732,48,157,294
721,47,156,294
710,46,155,294
699,45,154,294
688,44,153,294
677,43,152,294
666,42,151,294
655,41,150,294
639,42,153,293
625,41,153,294
611,40,153,295
597,39,153,296
583,38,153,297
569,37,153,298
555,36,153,299
541,35,153,300
527,34,153,301
513,33,153,302
499,32,153,303
485,31,153,304
471,30,153,305
457,29,153,306
443,28,153,307
426,21,153,302
412,20,154,302
398,19,155,302
384,18,156,302
370,17,157,302
356,16,158,302
342,15,159,302
328,14,160,302
314,13,161,302
300,12,162,302
286,11,163,302
272,10,164,302
258,9,165,302
244,8,166,302
230,7,167,302
219,8,170,298
