1620,435,63,208
1618,435,63,208
1616,435,63,208
1614,435,63,208
1612,435,63,208
1610,435,63,208
1608,435,63,208
1606,435,63,208
1604,435,63,208
1602,435,63,208
1600,435,63,208
1598,435,63,208
1596,435,63,208
1594,435,63,208
1592,435,63,208
1588,441,70,204
1586,441,71,204
1584,441,72,204
1582,441,73,204
1580,441,74,204
1578,441,75,204
1576,441,76,204
1574,441,77,204
1572,441,78,204
1570,441,79,204
1568,441,80,204
1566,441,81,204
1564,441,82,204
1562,441,83,204
1560,441,84,204
1552,445,80,200
1550,445,80,201
1548,445,80,202
1546,445,80,203
1544,445,80,204
1542,445,80,205
1540,445,80,206
1538,445,80,207
1536,445,80,208
1534,445,80,209
1532,445,80,210
1530,445,80,211
1528,445,80,212
1526,445,80,213
1524,445,80,214
1518,441,80,222
1514,440,81,223
1510,439,82,224
1506,438,83,225
1502,437,84,226
1498,436,85,227
1494,435,86,228
1490,434,87,229
1486,433,88,230
1482,432,89,231
1478,431,90,232
1474,430,91,233
1470,429,92,234
1466,428,93,235
1462,427,94,236
1459,433,99,232
1456,433,99,232
1453,433,99,232
1450,433,99,232
1447,433,99,232
1444,433,99,232
1441,433,99,232
1438,433,99,232
1435,433,99,232
1432,433,99,232
1429,433,99,232
1426,433,99,232
1423,433,99,232
1420,433,99,232
1417,433,99,232
1418,428,99,235
1416,428,97,235
1414,428,95,235
1412,428,93,235
1410,428,91,235
1408,428,89,235
1406,428,87,235
1404,428,85,235
1402,428,83,235
1400,428,81,235
1398,428,79,235
1396,428,77,235
1394,428,75,235
1392,428,73,235
1390,428,71,235
1384,428,69,237
1382,427,70,237
1380,426,71,237
1378,425,72,237
1376,424,73,237
1374,423,74,237
1372,422,75,237
1370,421,76,237
1368,420,77,237
1366,419,78,237
1364,418,79,237
1362,417,80,237
1360,416,81,237
1358,415,82,237
1356,414,83,237
1352,420,80,243
1350,421,80,243
1348,422,80,243
1346,423,80,243
1344,424,80,243
1342,425,80,243
1340,426,80,243
1338,427,80,243
1336,428,80,243
1334,429,80,243
1332,430,80,243
1330,431,80,243
1328,432,80,243
1326,433,80,243
1324,434,80,243
1322,428,76,242
1318,428,79,242
1314,428,82,242
1310,428,85,242
1306,428,88,242
1302,428,91,242
1298,428,94,242
1294,428,97,242
1290,428,100,242
1286,428,103,242
1282,428,106,242
1278,428,109,242
1274,428,112,242
1270,428,115,242
1266,428,118,242
1263,431,114,237
1264,431,114,237
1265,431,114,237
1266,431,114,237
1267,431,114,237
1268,431,114,237
1269,431,114,237
1270,431,114,237
1271,431,114,237
1272,431,114,237
1273,431,114,237
1274,431,114,237
1275,431,114,237
1276,431,114,237
1277,431,114,237
1274,425,109,241
1274,425,108,241
1274,425,107,241
1274,425,106,241
1274,425,105,241
1274,425,104,241
1274,425,103,241
1274,425,102,241
1274,425,101,241
1274,425,100,241
1274,425,99,241
1274,425,98,241
1274,425,97,241
1274,425,96,241
1274,425,95,241
1278,428,88,237
1278,428,88,237
1278,428,88,237
1278,428,88,237
1278,428,88,237
1278,428,88,237
1278,428,88,237
1278,428,88,237
1278,428,88,237
1278,428,88,237
1278,428,88,237
1278,428,88,237
1278,428,88,237
1278,428,88,237
1278,428,88,237
1274,428,90,238
1274,428,90,238
1274,428,90,238
1274,428,90,238
1274,428,90,238
1274,428,90,238
1274,428,90,238
1274,428,90,238
1274,428,90,238
1274,428,90,238
1274,428,90,238
1274,428,90,238
1274,428,90,238
1274,428,90,238
1274,428,90,238
1274,428,90,240
1274,428,91,240
1274,428,92,240
1274,428,93,240
1274,428,94,240
1274,428,95,240
1274,428,96,240
1274,428,97,240
1274,428,98,240
1274,428,99,240
1274,428,100,240
1274,428,101,240
1274,428,102,240
1274,428,103,240
1274,428,104,240
1267,426,107,245
1266,426,105,245
1265,426,103,245
1264,426,101,245
1263,426,99,245
1262,426,97,245
1261,426,95,245
1260,426,93,245
1259,426,91,245
1258,426,89,245
1257,426,87,245
1256,426,85,245
1255,426,83,245
1254,426,81,245
1253,426,79,245
1259,428,73,247
1255,428,75,246
1251,428,77,245
1247,428,79,244
1243,428,81,243
1239,428,83,242
1235,428,85,241
1231,428,87,240
1227,428,89,239
1223,428,91,238
1219,428,93,237
1215,428,95,236
1211,428,97,235
1207,428,99,234
1203,428,101,233
1195,433,105,237
1189,433,106,237
1183,433,107,237
1177,433,108,237
1171,433,109,237
1165,433,110,237
1159,433,111,237
1153,433,112,237
1147,433,113,237
1141,433,114,237
1135,433,115,237
1129,433,116,237
1123,433,117,237
1117,433,118,237
1111,433,119,237
1112,428,122,242
1108,428,120,242
1104,428,118,242
1100,428,116,242
1096,428,114,242
1092,428,112,242
1088,428,110,242
1084,428,108,242
1080,428,106,242
1076,428,104,242
1072,428,102,242
1068,428,100,242
1064,428,98,242
1060,428,96,242
1056,428,94,242
1056,426,87,244
1053,427,87,244
1050,428,87,244
1047,429,87,244
1044,430,87,244
1041,431,87,244
1038,432,87,244
1035,433,87,244
1032,434,87,244
1029,435,87,244
1026,436,87,244
1023,437,87,244
1020,438,87,244
1017,439,87,244
1014,440,87,244
1007,435,80,245
1005,435,81,243
1003,435,82,241
1001,435,83,239
999,435,84,237
997,435,85,235
995,435,86,233
993,435,87,231
991,435,88,229
989,435,89,227
987,435,90,225
985,435,91,223
983,435,92,221
981,435,93,219
979,435,94,217
973,430,95,222
964,430,99,222
955,430,103,222
946,430,107,222
937,430,111,222
928,430,115,222
919,430,119,222
910,430,123,222
901,430,127,222
892,430,131,222
883,430,135,222
874,430,139,222
865,430,143,222
856,430,147,222
847,430,151,222
831,425,152,215
820,425,150,214
809,425,148,213
798,425,146,212
787,425,144,211
776,425,142,210
765,425,140,209
754,425,138,208
743,425,136,207
732,425,134,206
721,425,132,205
710,425,130,204
699,425,128,203
688,425,126,202
677,425,124,201
673,421,129,206
661,419,128,207
649,417,127,208
637,415,126,209
625,413,125,210
613,411,124,211
601,409,123,212
589,407,122,213
577,405,121,214
565,403,120,215
553,401,119,216
541,399,118,217
529,397,117,218
517,395,116,219
505,393,115,220
499,397,114,227
