1313,441,77,130
1312,440,77,130
1311,439,77,130
1310,438,77,130
1309,437,77,130
1308,436,77,130
1307,435,77,130
1306,434,77,130
1305,433,77,130
1304,432,77,130
1303,431,77,130
1302,430,77,130
1301,429,77,130
1300,428,77,130
1299,427,77,130
1305,425,83,136
1304,425,82,136
1303,425,81,136
1302,425,80,136
1301,425,79,136
1300,425,78,136
1299,425,77,136
1298,425,76,136
1297,425,75,136
1296,425,74,136
1295,425,73,136
1294,425,72,136
1293,425,71,136
1292,425,70,136
1291,425,69,136
1291,422,75,141
1290,421,75,142
1289,420,75,143
1288,419,75,144
1287,418,75,145
1286,417,75,146
1285,416,75,147
1284,415,75,148
1283,414,75,149
1282,413,75,150
1281,412,75,151
1280,411,75,152
1279,410,75,153
1278,409,75,154
1277,408,75,155
1281,412,81,156
1280,412,81,156
1279,412,81,156
1278,412,81,156
1277,412,81,156
1276,412,81,156
1275,412,81,156
1274,412,81,156
1273,412,81,156
1272,412,81,156
1271,412,81,156
1270,412,81,156
1269,412,81,156
1268,412,81,156
1267,412,81,156
1265,416,85,151
1264,416,86,152
1263,416,87,153
1262,416,88,154
1261,416,89,155
1260,416,90,156
1259,416,91,157
1258,416,92,158
1257,416,93,159
1256,416,94,160
1255,416,95,161
1254,416,96,162
1253,416,97,163
1252,416,98,164
1251,416,99,165
1253,411,93,170
1253,411,93,170
1253,411,93,170
1253,411,93,170
1253,411,93,170
1253,411,93,170
1253,411,93,170
1253,411,93,170
1253,411,93,170
1253,411,93,170
1253,411,93,170
1253,411,93,170
1253,411,93,170
1253,411,93,170
1253,411,93,170
1257,408,91,173
1256,409,91,171
1255,410,91,169
1254,411,91,167
1253,412,91,165
1252,413,91,163
1251,414,91,161
1250,415,91,159
1249,416,91,157
1248,417,91,155
1247,418,91,153
1246,419,91,151
1245,420,91,149
1244,421,91,147
1243,422,91,145
1237,422,97,145
1236,422,97,148
1235,422,97,151
1234,422,97,154
1233,422,97,157
1232,422,97,160
1231,422,97,163
1230,422,97,166
1229,422,97,169
1228,422,97,172
1227,422,97,175
1226,422,97,178
1225,422,97,181
1224,422,97,184
1223,422,97,187
1229,415,99,186
1229,414,100,187
1229,413,101,188
1229,412,102,189
1229,411,103,190
1229,410,104,191
1229,409,105,192
1229,408,106,193
1229,407,107,194
1229,406,108,195
1229,405,109,196
1229,404,110,197
1229,403,111,198
1229,402,112,199
1229,401,113,200
1225,393,107,203
1224,394,107,202
1223,395,107,201
1222,396,107,200
1221,397,107,199
1220,398,107,198
1219,399,107,197
1218,400,107,196
1217,401,107,195
1216,402,107,194
1215,403,107,193
1214,404,107,192
1213,405,107,191
1212,406,107,190
1211,407,107,189
1211,412,101,182
1209,413,100,181
1207,414,99,180
1205,415,98,179
1203,416,97,178
1201,417,96,177
1199,418,95,176
1197,419,94,175
1195,420,93,174
1193,421,92,173
1191,422,91,172
1189,423,90,171
1187,424,89,170
1185,425,88,169
1183,426,87,168
1183,422,89,174
1181,420,90,176
1179,418,91,178
1177,416,92,180
1175,414,93,182
1173,412,94,184
1171,410,95,186
1169,408,96,188
1167,406,97,190
1165,404,98,192
1163,402,99,194
1161,400,100,196
1159,398,101,198
1157,396,102,200
1155,394,103,202
1159,398,107,198
1159,399,107,197
1159,400,107,196
1159,401,107,195
1159,402,107,194
1159,403,107,193
1159,404,107,192
1159,405,107,191
1159,406,107,190
1159,407,107,189
1159,408,107,188
1159,409,107,187
1159,410,107,186
1159,411,107,185
1159,412,107,184
1155,411,103,186
1155,411,102,187
1155,411,101,188
1155,411,100,189
1155,411,99,190
1155,411,98,191
1155,411,97,192
1155,411,96,193
1155,411,95,194
1155,411,94,195
1155,411,93,196
1155,411,92,197
1155,411,91,198
1155,411,90,199
1155,411,89,200
1151,405,93,199
1150,405,93,199
1149,405,93,199
1148,405,93,199
1147,405,93,199
1146,405,93,199
1145,405,93,199
1144,405,93,199
1143,405,93,199
1142,405,93,199
1141,405,93,199
1140,405,93,199
1139,405,93,199
1138,405,93,199
1137,405,93,199
1143,409,95,195
1141,408,96,197
1139,407,97,199
1137,406,98,201
1135,405,99,203
1133,404,100,205
1131,403,101,207
1129,402,102,209
1127,401,103,211
1125,400,104,213
1123,399,105,215
1121,398,106,217
1119,397,107,219
1117,396,108,221
1115,395,109,223
1111,389,115,218
1110,389,114,217
1109,389,113,216
1108,389,112,215
1107,389,111,214
1106,389,110,213
1105,389,109,212
1104,389,108,211
1103,389,107,210
1102,389,106,209
1101,389,105,208
1100,389,104,207
1099,389,103,206
1098,389,102,205
1097,389,101,204
1093,389,107,207
1089,390,107,207
1085,391,107,207
1081,392,107,207
1077,393,107,207
1073,394,107,207
1069,395,107,207
1065,396,107,207
1061,397,107,207
1057,398,107,207
1053,399,107,207
1049,400,107,207
1045,401,107,207
1041,402,107,207
1037,403,107,207
1031,403,111,211
1029,404,110,210
1027,405,109,209
1025,406,108,208
1023,407,107,207
1021,408,106,206
1019,409,105,205
1017,410,104,204
1015,411,103,203
1013,412,102,202
1011,413,101,201
1009,414,100,200
1007,415,99,199
1005,416,98,198
1003,417,97,197
1001,414,95,197
999,414,94,196
997,414,93,195
995,414,92,194
993,414,91,193
991,414,90,192
989,414,89,191
987,414,88,190
985,414,87,189
983,414,86,188
981,414,85,187
979,414,84,186
977,414,83,185
975,414,82,184
973,414,81,183
977,418,79,182
974,418,79,181
971,418,79,180
968,418,79,179
965,418,79,178
962,418,79,177
959,418,79,176
956,418,79,175
953,418,79,174
950,418,79,173
947,418,79,172
944,418,79,171
941,418,79,170
938,418,79,169
935,418,79,168
936,419,78,174
935,419,79,175
934,419,80,176
933,419,81,177
932,419,82,178
931,419,83,179
930,419,84,180
929,419,85,181
928,419,86,182
927,419,87,183
926,419,88,184
925,419,89,185
924,419,90,186
923,419,91,187
922,419,92,188
920,419,90,191
920,420,89,190
920,421,88,189
920,422,87,188
920,423,86,187
920,424,85,186
920,425,84,185
920,426,83,184
920,427,82,183
920,428,81,182
920,429,80,181
920,430,79,180
920,431,78,179
920,432,77,178
920,433,76,177
920,432,78,171
921,433,78,170
922,434,78,169
923,435,78,168
924,436,78,167
925,437,78,166
926,438,78,165
927,439,78,164
928,440,78,163
929,441,78,162
930,442,78,161
931,443,78,160
932,444,78,159
933,445,78,158
934,446,78,157
940,451,82,155
948,450,83,157
956,449,84,159
964,448,85,161
972,447,86,163
980,446,87,165
988,445,88,167
996,444,89,169
1004,443,90,171
1012,442,91,173
1020,441,92,175
1028,440,93,177
1036,439,94,179
1044,438,95,181
1052,437,96,183
1065,435,95,181
1066,435,96,180
1067,435,97,179
1068,435,98,178
1069,435,99,177
1070,435,100,176
1071,435,101,175
1072,435,102,174
1073,435,103,173
1074,435,104,172
1075,435,105,171
1076,435,106,170
1077,435,107,169
1078,435,108,168
1079,435,109,167
1083,437,111,162
1082,438,111,163
1081,439,111,164
1080,440,111,165
1079,441,111,166
1078,442,111,167
1077,443,111,168
1076,444,111,169
1075,445,111,170
1074,446,111,171
1073,447,111,172
1072,448,111,173
1071,449,111,174
1070,450,111,175
1069,451,111,176
1067,455,113,181
1055,454,114,182
1043,453,115,183
1031,452,116,184
1019,451,117,185
1007,450,118,186
995,449,119,187
983,448,120,188
971,447,121,189
959,446,122,190
947,445,123,191
935,444,124,192
923,443,125,193
911,442,126,194
899,441,127,195
880,447,132,189
868,449,131,189
856,451,130,189
844,453,129,189
832,455,128,189
820,457,127,189
808,459,126,189
796,461,125,189
784,463,124,189
772,465,123,189
760,467,122,189
748,469,121,189
736,471,120,189
724,473,119,189
712,475,118,189
704,481,111,195
689,483,117,197
674,485,123,199
659,487,129,201
644,489,135,203
629,491,141,205
614,493,147,207
599,495,153,209
584,497,159,211
569,499,165,213
554,501,171,215
539,503,177,217
524,505,183,219
509,507,189,221
494,509,195,223
478,506,203,218
