1591,435,107,188
1590,436,106,187
1589,437,105,186
1588,438,104,185
1587,439,103,184
1586,440,102,183
1585,441,101,182
1584,442,100,181
1583,443,99,180
1582,444,98,179
1581,445,97,178
1580,446,96,177
1579,447,95,176
1578,448,94,175
1577,449,93,174
1570,445,89,180
1569,444,89,179
1568,443,89,178
1567,442,89,177
1566,441,89,176
1565,440,89,175
1564,439,89,174
1563,438,89,173
1562,437,89,172
1561,436,89,171
1560,435,89,170
1559,434,89,169
1558,433,89,168
1557,432,89,167
1556,431,89,166
1556,437,89,171
1556,437,90,172
1556,437,91,173
1556,437,92,174
1556,437,93,175
1556,437,94,176
1556,437,95,177
1556,437,96,178
1556,437,97,179
1556,437,98,180
1556,437,99,181
1556,437,100,182
1556,437,101,183
1556,437,102,184
1556,437,103,185
1558,435,99,181
1556,435,99,181
1554,435,99,181
1552,435,99,181
1550,435,99,181
1548,435,99,181
1546,435,99,181
1544,435,99,181
1542,435,99,181
1540,435,99,181
1538,435,99,181
1536,435,99,181
1534,435,99,181
1532,435,99,181
1530,435,99,181
1527,435,104,178
1528,436,104,178
1529,437,104,178
1530,438,104,178
1531,439,104,178
1532,440,104,178
1533,441,104,178
1534,442,104,178
1535,443,104,178
1536,444,104,178
1537,445,104,178
1538,446,104,178
1539,447,104,178
1540,448,104,178
1541,449,104,178
1535,444,100,181
1533,444,100,181
1531,444,100,181
1529,444,100,181
1527,444,100,181
1525,444,100,181
1523,444,100,181
1521,444,100,181
1519,444,100,181
1517,444,100,181
1515,444,100,181
1513,444,100,181
1511,444,100,181
1509,444,100,181
1507,444,100,181
1507,440,105,183
1507,440,105,184
1507,440,105,185
1507,440,105,186
1507,440,105,187
1507,440,105,188
1507,440,105,189
1507,440,105,190
1507,440,105,191
1507,440,105,192
1507,440,105,193
1507,440,105,194
1507,440,105,195
1507,440,105,196
1507,440,105,197
1509,442,109,193
1506,441,110,194
1503,440,111,195
1500,439,112,196
1497,438,113,197
1494,437,114,198
1491,436,115,199
1488,435,116,200
1485,434,117,201
1482,433,118,202
1479,432,119,203
1476,431,120,204
1473,430,121,205
1470,429,122,206
1467,428,123,207
1466,422,126,214
1464,422,126,214
1462,422,126,214
1460,422,126,214
1458,422,126,214
1456,422,126,214
1454,422,126,214
1452,422,126,214
1450,422,126,214
1448,422,126,214
1446,422,126,214
1444,422,126,214
1442,422,126,214
1440,422,126,214
1438,422,126,214
1441,425,122,210
1437,426,121,209
1433,427,120,208
1429,428,119,207
1425,429,118,206
1421,430,117,205
1417,431,116,204
1413,432,115,203
1409,433,114,202
1405,434,113,201
1401,435,112,200
1397,436,111,199
1393,437,110,198
1389,438,109,197
1385,439,108,196
1388,442,113,202
1386,442,111,200
1384,442,109,198
1382,442,107,196
1380,442,105,194
1378,442,103,192
1376,442,101,190
1374,442,99,188
1372,442,97,186
1370,442,95,184
1368,442,93,182
1366,442,91,180
1364,442,89,178
1362,442,87,176
1360,442,85,174
1365,435,87,171
1364,433,88,173
1363,431,89,175
1362,429,90,177
1361,427,91,179
1360,425,92,181
1359,423,93,183
1358,421,94,185
1357,419,95,187
1356,417,96,189
1355,415,97,191
1354,413,98,193
1353,411,99,195
1352,409,100,197
1351,407,101,199
1351,412,95,199
1349,413,94,198
1347,414,93,197
1345,415,92,196
1343,416,91,195
1341,417,90,194
1339,418,89,193
1337,419,88,192
1335,420,87,191
1333,421,86,190
1331,422,85,189
1329,423,84,188
1327,424,83,187
1325,425,82,186
1323,426,81,185
1322,434,85,179
1320,434,84,180
1318,434,83,181
1316,434,82,182
1314,434,81,183
1312,434,80,184
1310,434,79,185
1308,434,78,186
1306,434,77,187
1304,434,76,188
1302,434,75,189
1300,434,74,190
1298,434,73,191
1296,434,72,192
1294,434,71,193
1291,432,77,191
1287,431,78,193
1283,430,79,195
1279,429,80,197
1275,428,81,199
1271,427,82,201
1267,426,83,203
1263,425,84,205
1259,424,85,207
1255,423,86,209
1251,422,87,211
1247,421,88,213
1243,420,89,215
1239,419,90,217
1235,418,91,219
1236,416,99,214
1235,417,98,213
1234,418,97,212
1233,419,96,211
1232,420,95,210
1231,421,94,209
1230,422,93,208
1229,423,92,207
1228,424,91,206
1227,425,90,205
1226,426,89,204
1225,427,88,203
1224,428,87,202
1223,429,86,201
1222,430,85,200
1224,424,91,196
1222,424,91,196
1220,424,91,196
1218,424,91,196
1216,424,91,196
1214,424,91,196
1212,424,91,196
1210,424,91,196
1208,424,91,196
1206,424,91,196
1204,424,91,196
1202,424,91,196
1200,424,91,196
1198,424,91,196
1196,424,91,196
1199,421,93,190
1201,420,93,191
1203,419,93,192
1205,418,93,193
1207,417,93,194
1209,416,93,195
1211,415,93,196
1213,414,93,197
1215,413,93,198
1217,412,93,199
1219,411,93,200
1221,410,93,201
1223,409,93,202
1225,408,93,203
1227,407,93,204
1224,411,89,200
1232,411,90,201
1240,411,91,202
1248,411,92,203
1256,411,93,204
1264,411,94,205
1272,411,95,206
1280,411,96,207
1288,411,97,208
1296,411,98,209
1304,411,99,210
1312,411,100,211
1320,411,101,212
1328,411,102,213
1336,411,103,214
1351,417,110,213
1349,419,110,212
1347,421,110,211
1345,423,110,210
1343,425,110,209
1341,427,110,208
1339,429,110,207
1337,431,110,206
1335,433,110,205
1333,435,110,204
1331,437,110,203
1329,439,110,202
1327,441,110,201
1325,443,110,200
1323,445,110,199
1316,440,110,199
1303,444,111,200
1290,448,112,201
1277,452,113,202
1264,456,114,203
1251,460,115,204
1238,464,116,205
1225,468,117,206
1212,472,118,207
1199,476,119,208
1186,480,120,209
1173,484,121,210
1160,488,122,211
1147,492,123,212
1134,496,124,213
1115,498,132,214
1102,498,133,213
1089,498,134,212
1076,498,135,211
1063,498,136,210
1050,498,137,209
1037,498,138,208
1024,498,139,207
1011,498,140,206
998,498,141,205
985,498,142,204
972,498,143,203
959,498,144,202
946,498,145,201
933,498,146,200
925,500,142,204
914,502,145,206
903,504,148,208
892,506,151,210
881,508,154,212
870,510,157,214
859,512,160,216
848,514,163,218
837,516,166,220
826,518,169,222
815,520,172,224
804,522,175,226
793,524,178,228
782,526,181,230
771,528,184,232
765,523,193,229
