1479,469,80,145
1479,470,80,144
1479,471,80,143
1479,472,80,142
1479,473,80,141
1479,474,80,140
1479,475,80,139
1479,476,80,138
1479,477,80,137
1479,478,80,136
1479,479,80,135
1479,480,80,134
1479,481,80,133
1479,482,80,132
1479,483,80,131
1477,480,80,130
1476,479,81,131
1475,478,82,132
1474,477,83,133
1473,476,84,134
1472,475,85,135
1471,474,86,136
1470,473,87,137
1469,472,88,138
1468,471,89,139
1467,470,90,140
1466,469,91,141
1465,468,92,142
1464,467,93,143
1463,466,94,144
1465,472,91,144
1462,472,91,145
1459,472,91,146
1456,472,91,147
1453,472,91,148
1450,472,91,149
1447,472,91,150
1444,472,91,151
1441,472,91,152
1438,472,91,153
1435,472,91,154
1432,472,91,155
1429,472,91,156
1426,472,91,157
1423,472,91,158
1426,472,95,152
1424,472,95,151
1422,472,95,150
1420,472,95,149
1418,472,95,148
1416,472,95,147
1414,472,95,146
1412,472,95,145
1410,472,95,144
1408,472,95,143
1406,472,95,142
1404,472,95,141
1402,472,95,140
1400,472,95,139
1398,472,95,138
1403,466,98,140
1403,465,98,141
1403,464,98,142
1403,463,98,143
1403,462,98,144
1403,461,98,145
1403,460,98,146
1403,459,98,147
1403,458,98,148
1403,457,98,149
1403,456,98,150
1403,455,98,151
1403,454,98,152
1403,453,98,153
1403,452,98,154
1405,458,94,153
1403,458,95,153
1401,458,96,153
1399,458,97,153
1397,458,98,153
1395,458,99,153
1393,458,100,153
1391,458,101,153
1389,458,102,153
1387,458,103,153
1385,458,104,153
1383,458,105,153
1381,458,106,153
1379,458,107,153
1377,458,108,153
1376,459,102,152
1379,459,102,152
1382,459,102,152
1385,459,102,152
1388,459,102,152
1391,459,102,152
1394,459,102,152
1397,459,102,152
1400,459,102,152
1403,459,102,152
1406,459,102,152
1409,459,102,152
1412,459,102,152
1415,459,102,152
1418,459,102,152
1417,459,98,158
1415,459,98,158
1413,459,98,158
1411,459,98,158
1409,459,98,158
1407,459,98,158
1405,459,98,158
1403,459,98,158
1401,459,98,158
1399,459,98,158
1397,459,98,158
1395,459,98,158
1393,459,98,158
1391,459,98,158
1389,459,98,158
1380,453,100,164
1379,452,101,165
1378,451,102,166
1377,450,103,167
1376,449,104,168
1375,448,105,169
1374,447,106,170
1373,446,107,171
1372,445,108,172
1371,444,109,173
1370,443,110,174
1369,442,111,175
1368,441,112,176
1367,440,113,177
1366,439,114,178
1360,445,116,185
1359,444,115,185
1358,443,114,185
1357,442,113,185
1356,441,112,185
1355,440,111,185
1354,439,110,185
1353,438,109,185
1352,437,108,185
1351,436,107,185
1350,435,106,185
1349,434,105,185
1348,433,104,185
1347,432,103,185
1346,431,102,185
1343,436,98,186
1341,435,99,186
1339,434,100,186
1337,433,101,186
1335,432,102,186
1333,431,103,186
1331,430,104,186
1329,429,105,186
1327,428,106,186
1325,427,107,186
1323,426,108,186
1321,425,109,186
1319,424,110,186
1317,423,111,186
1315,422,112,186
1320,428,109,193
1320,428,107,192
1320,428,105,191
1320,428,103,190
1320,428,101,189
1320,428,99,188
1320,428,97,187
1320,428,95,186
1320,428,93,185
1320,428,91,184
1320,428,89,183
1320,428,87,182
1320,428,85,181
1320,428,83,180
1320,428,81,179
1320,431,84,171
1317,430,85,172
1314,429,86,173
1311,428,87,174
1308,427,88,175
1305,426,89,176
1302,425,90,177
1299,424,91,178
1296,423,92,179
1293,422,93,180
1290,421,94,181
1287,420,95,182
1284,419,96,183
1281,418,97,184
1278,417,98,185
1269,420,102,182
1268,420,101,182
1267,420,100,182
1266,420,99,182
1265,420,98,182
1264,420,97,182
1263,420,96,182
1262,420,95,182
1261,420,94,182
1260,420,93,182
1259,420,92,182
1258,420,91,182
1257,420,90,182
1256,420,89,182
1255,420,88,182
1254,423,84,177
1252,424,84,177
1250,425,84,177
1248,426,84,177
1246,427,84,177
1244,428,84,177
1242,429,84,177
1240,430,84,177
1238,431,84,177
1236,432,84,177
1234,433,84,177
1232,434,84,177
1230,435,84,177
1228,436,84,177
1226,437,84,177
1224,433,85,173
1223,433,85,173
1222,433,85,173
1221,433,85,173
1220,433,85,173
1219,433,85,173
1218,433,85,173
1217,433,85,173
1216,433,85,173
1215,433,85,173
1214,433,85,173
1213,433,85,173
1212,433,85,173
1211,433,85,173
1210,433,85,173
1205,431,92,171
1204,431,91,171
1203,431,90,171
1202,431,89,171
1201,431,88,171
1200,431,87,171
1199,431,86,171
1198,431,85,171
1197,431,84,171
1196,431,83,171
1195,431,82,171
1194,431,81,171
1193,431,80,171
1192,431,79,171
1191,431,78,171
1188,430,72,169
1187,431,72,168
1186,432,72,167
1185,433,72,166
1184,434,72,165
1183,435,72,164
1182,436,72,163
1181,437,72,162
1180,438,72,161
1179,439,72,160
1178,440,72,159
1177,441,72,158
1176,442,72,157
1175,443,72,156
1174,444,72,155
1168,452,71,153
1166,451,72,153
1164,450,73,153
1162,449,74,153
1160,448,75,153
1158,447,76,153
1156,446,77,153
1154,445,78,153
1152,444,79,153
1150,443,80,153
1148,442,81,153
1146,441,82,153
1144,440,83,153
1142,439,84,153
1140,438,85,153
1141,441,84,153
1141,441,83,153
1141,441,82,153
1141,441,81,153
1141,441,80,153
1141,441,79,153
1141,441,78,153
1141,441,77,153
1141,441,76,153
1141,441,75,153
1141,441,74,153
1141,441,73,153
1141,441,72,153
1141,441,71,153
1141,441,70,153
1135,444,67,150
1135,444,67,150
1135,444,67,150
1135,444,67,150
1135,444,67,150
1135,444,67,150
1135,444,67,150
1135,444,67,150
1135,444,67,150
1135,444,67,150
1135,444,67,150
1135,444,67,150
1135,444,67,150
1135,444,67,150
1135,444,67,150
1137,445,73,144
1141,445,73,145
1145,445,73,146
1149,445,73,147
1153,445,73,148
1157,445,73,149
1161,445,73,150
1165,445,73,151
1169,445,73,152
1173,445,73,153
1177,445,73,154
1181,445,73,155
1185,445,73,156
1189,445,73,157
1193,445,73,158
1201,441,69,158
1206,441,69,158
1211,441,69,158
1216,441,69,158
1221,441,69,158
1226,441,69,158
1231,441,69,158
1236,441,69,158
1241,441,69,158
1246,441,69,158
1251,441,69,158
1256,441,69,158
1261,441,69,158
1266,441,69,158
1271,441,69,158
1273,447,71,153
1277,448,72,153
1281,449,73,153
1285,450,74,153
1289,451,75,153
1293,452,76,153
1297,453,77,153
1301,454,78,153
1305,455,79,153
1309,456,80,153
1313,457,81,153
1317,458,82,153
1321,459,83,153
1325,460,84,153
1329,461,85,153
1329,466,89,151
1319,466,90,152
1309,466,91,153
1299,466,92,154
1289,466,93,155
1279,466,94,156
1269,466,95,157
1259,466,96,158
1249,466,97,159
1239,466,98,160
1229,466,99,161
1219,466,100,162
1209,466,101,163
1199,466,102,164
1189,466,103,165
1176,459,100,163
1165,459,100,164
1154,459,100,165
1143,459,100,166
1132,459,100,167
1121,459,100,168
1110,459,100,169
1099,459,100,170
1088,459,100,171
1077,459,100,172
1066,459,100,173
1055,459,100,174
1044,459,100,175
1033,459,100,176
1022,459,100,177
1013,456,98,174
1004,457,98,175
995,458,98,176
986,459,98,177
977,460,98,178
968,461,98,179
959,462,98,180
950,463,98,181
941,464,98,182
932,465,98,183
923,466,98,184
914,467,98,185
905,468,98,186
896,469,98,187
887,470,98,188
879,472,100,183
867,476,105,184
855,480,110,185
843,484,115,186
831,488,120,187
819,492,125,188
807,496,130,189
795,500,135,190
783,504,140,191
771,508,145,192
759,512,150,193
747,516,155,194
735,520,160,195
723,524,165,196
711,528,170,197
706,529,174,205
699,527,175,209
692,525,176,213
685,523,177,217
678,521,178,221
671,519,179,225
664,517,180,229
657,515,181,233
650,513,182,237
643,511,183,241
636,509,184,245
629,507,185,249
622,505,186,253
615,503,187,257
608,501,188,261
597,492,188,259
588,489,188,267
579,486,188,275
570,483,188,283
561,480,188,291
552,477,188,299
543,474,188,307
534,471,188,315
525,468,188,323
516,465,188,331
507,462,188,339
498,459,188,347
489,456,188,355
480,453,188,363
471,450,188,371
465,444,184,374
