1639,168,123,248
1641,167,120,248
1643,166,117,248
1645,165,114,248
1647,164,111,248
1649,163,108,248
1651,162,105,248
1653,161,102,248
1655,160,99,248
1657,159,96,248
1659,158,93,248
1661,157,90,248
1663,156,87,248
1665,155,84,248
1667,154,81,248
1662,160,77,248
1660,160,79,248
1658,160,81,248
1656,160,83,248
1654,160,85,248
1652,160,87,248
1650,160,89,248
1648,160,91,248
1646,160,93,248
1644,160,95,248
1642,160,97,248
1640,160,99,248
1638,160,101,248
1636,160,103,248
1634,160,105,248
1625,161,105,247
1624,161,105,246
1623,161,105,245
1622,161,105,244
1621,161,105,243
1620,161,105,242
1619,161,105,241
1618,161,105,240
1617,161,105,239
1616,161,105,238
1615,161,105,237
1614,161,105,236
1613,161,105,235
1612,161,105,234
1611,161,105,233
1606,160,108,238
1606,160,107,238
1606,160,106,238
1606,160,105,238
1606,160,104,238
1606,160,103,238
1606,160,102,238
1606,160,101,238
1606,160,100,238
1606,160,99,238
1606,160,98,238
1606,160,97,238
1606,160,96,238
1606,160,95,238
1606,160,94,238
1611,160,91,238
1609,160,92,238
1607,160,93,238
1605,160,94,238
1603,160,95,238
1601,160,96,238
1599,160,97,238
1597,160,98,238
1595,160,99,238
1593,160,100,238
1591,160,101,238
1589,160,102,238
1587,160,103,238
1585,160,104,238
1583,160,105,238
1577,156,107,244
1576,155,106,244
1575,154,105,244
1574,153,104,244
1573,152,103,244
1572,151,102,244
1571,150,101,244
1570,149,100,244
1569,148,99,244
1568,147,98,244
1567,146,97,244
1566,145,96,244
1565,144,95,244
1564,143,94,244
1563,142,93,244
1569,147,94,248
1567,147,96,248
1565,147,98,248
1563,147,100,248
1561,147,102,248
1559,147,104,248
1557,147,106,248
1555,147,108,248
1553,147,110,248
1551,147,112,248
1549,147,114,248
1547,147,116,248
1545,147,118,248
1543,147,120,248
1541,147,122,248
1542,144,118,243
1542,144,116,243
1542,144,114,243
1542,144,112,243
1542,144,110,243
1542,144,108,243
1542,144,106,243
1542,144,104,243
1542,144,102,243
1542,144,100,243
1542,144,98,243
1542,144,96,243
1542,144,94,243
1542,144,92,243
1542,144,90,243
1544,141,93,246
1542,141,94,246
1540,141,95,246
1538,141,96,246
1536,141,97,246
1534,141,98,246
1532,141,99,246
1530,141,100,246
1528,141,101,246
1526,141,102,246
1524,141,103,246
1522,141,104,246
1520,141,105,246
1518,141,106,246
1516,141,107,246
1516,142,108,247
1515,142,108,247
1514,142,108,247
1513,142,108,247
1512,142,108,247
1511,142,108,247
1510,142,108,247
1509,142,108,247
1508,142,108,247
1507,142,108,247
1506,142,108,247
1505,142,108,247
1504,142,108,247
1503,142,108,247
1502,142,108,247
1495,144,108,245
1495,142,107,246
1495,140,106,247
1495,138,105,248
1495,136,104,249
1495,134,103,250
1495,132,102,251
1495,130,101,252
1495,128,100,253
1495,126,99,254
1495,124,98,255
1495,122,97,256
1495,120,96,257
1495,118,95,258
1495,116,94,259
1489,120,95,266
1484,121,98,264
1479,122,101,262
1474,123,104,260
1469,124,107,258
1464,125,110,256
1459,126,113,254
1454,127,116,252
1449,128,119,250
1444,129,122,248
1439,130,125,246
1434,131,128,244
1429,132,131,242
1424,133,134,240
1419,134,137,238
1419,137,137,241
1417,136,138,242
1415,135,139,243
1413,134,140,244
1411,133,141,245
1409,132,142,246
1407,131,143,247
1405,130,144,248
1403,129,145,249
1401,128,146,250
1399,127,147,251
1397,126,148,252
1395,125,149,253
1393,124,150,254
1391,123,151,255
1396,123,147,255
1393,123,145,255
1390,123,143,255
1387,123,141,255
1384,123,139,255
1381,123,137,255
1378,123,135,255
1375,123,133,255
1372,123,131,255
1369,123,129,255
1366,123,127,255
1363,123,125,255
1360,123,123,255
1357,123,121,255
1354,123,119,255
1348,117,111,261
1347,116,109,261
1346,115,107,261
1345,114,105,261
1344,113,103,261
1343,112,101,261
1342,111,99,261
1341,110,97,261
1340,109,95,261
1339,108,93,261
1338,107,91,261
1337,106,89,261
1336,105,87,261
1335,104,85,261
1334,103,83,261
1332,107,88,263
1329,107,89,263
1326,107,90,263
1323,107,91,263
1320,107,92,263
1317,107,93,263
1314,107,94,263
1311,107,95,263
1308,107,96,263
1305,107,97,263
1302,107,98,263
1299,107,99,263
1296,107,100,263
1293,107,101,263
1290,107,102,263
1290,107,107,259
1286,107,108,259
1282,107,109,259
1278,107,110,259
1274,107,111,259
1270,107,112,259
1266,107,113,259
1262,107,114,259
1258,107,115,259
1254,107,116,259
1250,107,117,259
1246,107,118,259
1242,107,119,259
1238,107,120,259
1234,107,121,259
1227,110,120,266
1226,108,119,267
1225,106,118,268
1224,104,117,269
1223,102,116,270
1222,100,115,271
1221,98,114,272
1220,96,113,273
1219,94,112,274
1218,92,111,275
1217,90,110,276
1216,88,109,277
1215,86,108,278
1214,84,107,279
1213,82,106,280
1211,85,108,285
1211,85,107,285
1211,85,106,285
1211,85,105,285
1211,85,104,285
1211,85,103,285
1211,85,102,285
1211,85,101,285
1211,85,100,285
1211,85,99,285
1211,85,98,285
1211,85,97,285
1211,85,96,285
1211,85,95,285
1211,85,94,285
1211,85,89,285
1210,88,93,283
1209,91,97,281
1208,94,101,279
1207,97,105,277
1206,100,109,275
1205,103,113,273
1204,106,117,271
1203,109,121,269
1202,112,125,267
1201,115,129,265
1200,118,133,263
1199,121,137,261
1198,124,141,259
1197,127,145,257
1200,123,142,260
1207,125,146,260
1214,127,150,260
1221,129,154,260
1228,131,158,260
1235,133,162,260
1242,135,166,260
1249,137,170,260
1256,139,174,260
1263,141,178,260
1270,143,182,260
1277,145,186,260
1284,147,190,260
1291,149,194,260
1298,151,198,260
1301,160,195,261
1311,162,193,260
1321,164,191,259
1331,166,189,258
1341,168,187,257
1351,170,185,256
1361,172,183,255
1371,174,181,254
1381,176,179,253
1391,178,177,252
1401,180,175,251
1411,182,173,250
1421,184,171,249
1431,186,169,248
1441,188,167,247
1456,193,170,243
1451,195,170,241
1446,197,170,239
1441,199,170,237
1436,201,170,235
1431,203,170,233
1426,205,170,231
1421,207,170,229
1416,209,170,227
1411,211,170,225
1406,213,170,223
1401,215,170,221
1396,217,170,219
1391,219,170,217
1386,221,170,215
1387,221,169,219
1376,217,168,223
1365,213,167,227
1354,209,166,231
1343,205,165,235
1332,201,164,239
1321,197,163,243
1310,193,162,247
1299,189,161,251
1288,185,160,255
1277,181,159,259
1266,177,158,263
1255,173,157,267
1244,169,156,271
1233,165,155,275
1223,163,154,283
1206,162,155,285
1189,161,156,287
1172,160,157,289
1155,159,158,291
1138,158,159,293
1121,157,160,295
1104,156,161,297
1087,155,162,299
1070,154,163,301
1053,153,164,303
1036,152,165,305
1019,151,166,307
1002,150,167,309
985,149,168,311
974,155,173,312
954,158,177,310
934,161,181,308
914,164,185,306
894,167,189,304
874,170,193,302
854,173,197,300
834,176,201,298
814,179,205,296
794,182,209,294
774,185,213,292
754,188,217,290
734,191,221,288
714,194,225,286
694,197,229,284
668,196,230,286
655,197,228,293
642,198,226,300
629,199,224,307
616,200,222,314
603,201,220,321
590,202,218,328
577,203,216,335
564,204,214,342
551,205,212,349
538,206,210,356
525,207,208,363
512,208,206,370
499,209,204,377
486,210,202,384
476,218,196,394
