945,397,39,145
945,397,39,145
945,397,39,145
945,397,39,145
945,397,39,145
945,397,39,145
945,397,39,145
945,397,39,145
945,397,39,145
945,397,39,145
945,397,39,145
945,397,39,145
945,397,39,145
945,397,39,145
945,397,39,145
949,398,32,144
949,398,32,144
949,398,32,144
949,398,32,144
949,398,32,144
949,398,32,144
949,398,32,144
949,398,32,144
949,398,32,144
949,398,32,144
949,398,32,144
949,398,32,144
949,398,32,144
949,398,32,144
949,398,32,144
950,397,35,146
950,397,35,146
950,397,35,146
950,397,35,146
950,397,35,146
950,397,35,146
950,397,35,146
950,397,35,146
950,397,35,146
950,397,35,146
950,397,35,146
950,397,35,146
950,397,35,146
950,397,35,146
950,397,35,146
950,398,32,147
950,398,33,147
950,398,34,147
950,398,35,147
950,398,36,147
950,398,37,147
950,398,38,147
950,398,39,147
950,398,40,147
950,398,41,147
950,398,42,147
950,398,43,147
950,398,44,147
950,398,45,147
950,398,46,147
945,397,43,145
945,397,43,145
945,397,43,145
945,397,43,145
945,397,43,145
945,397,43,145
945,397,43,145
945,397,43,145
945,397,43,145
945,397,43,145
945,397,43,145
945,397,43,145
945,397,43,145
945,397,43,145
945,397,43,145
942,397,49,146
942,397,49,146
942,397,49,146
942,397,49,146
942,397,49,146
942,397,49,146
942,397,49,146
942,397,49,146
942,397,49,146
942,397,49,146
942,397,49,146
942,397,49,146
942,397,49,146
942,397,49,146
942,397,49,146
945,397,44,144
945,397,43,144
945,397,42,144
945,397,41,144
945,397,40,144
945,397,39,144
945,397,38,144
945,397,37,144
945,397,36,144
945,397,35,144
945,397,34,144
945,397,33,144
945,397,32,144
945,397,31,144
945,397,30,144
950,398,34,143
950,398,34,143
950,398,34,143
950,398,34,143
950,398,34,143
950,398,34,143
950,398,34,143
950,398,34,143
950,398,34,143
950,398,34,143
950,398,34,143
950,398,34,143
950,398,34,143
950,398,34,143
950,398,34,143
950,397,35,145
950,397,35,145
950,397,35,145
950,397,35,145
950,397,35,145
950,397,35,145
950,397,35,145
950,397,35,145
950,397,35,145
950,397,35,145
950,397,35,145
950,397,35,145
950,397,35,145
950,397,35,145
950,397,35,145
945,401,39,144
944,401,41,144
943,401,43,144
942,401,45,144
941,401,47,144
940,401,49,144
939,401,51,144
938,401,53,144
937,401,55,144
936,401,57,144
935,401,59,144
934,401,61,144
933,401,63,144
932,401,65,144
931,401,67,144
924,401,65,141
925,401,64,141
926,401,63,141
927,401,62,141
928,401,61,141
929,401,60,141
930,401,59,141
931,401,58,141
932,401,57,141
933,401,56,141
934,401,55,141
935,401,54,141
936,401,53,141
937,401,52,141
938,401,51,141
932,404,53,147
932,404,53,146
932,404,53,145
932,404,53,144
932,404,53,143
932,404,53,142
932,404,53,141
932,404,53,140
932,404,53,139
932,404,53,138
932,404,53,137
932,404,53,136
932,404,53,135
932,404,53,134
932,404,53,133
925,411,52,138
925,411,52,138
925,411,52,138
925,411,52,138
925,411,52,138
925,411,52,138
925,411,52,138
925,411,52,138
925,411,52,138
925,411,52,138
925,411,52,138
925,411,52,138
925,411,52,138
925,411,52,138
925,411,52,138
925,415,50,137
925,415,50,137
925,415,50,137
925,415,50,137
925,415,50,137
925,415,50,137
925,415,50,137
925,415,50,137
925,415,50,137
925,415,50,137
925,415,50,137
925,415,50,137
925,415,50,137
925,415,50,137
925,415,50,137
931,414,55,138
931,414,55,139
931,414,55,140
931,414,55,141
931,414,55,142
931,414,55,143
931,414,55,144
931,414,55,145
931,414,55,146
931,414,55,147
931,414,55,148
931,414,55,149
931,414,55,150
931,414,55,151
931,414,55,152
938,414,54,154
938,414,54,155
938,414,54,156
938,414,54,157
938,414,54,158
938,414,54,159
938,414,54,160
938,414,54,161
938,414,54,162
938,414,54,163
938,414,54,164
938,414,54,165
938,414,54,166
938,414,54,167
938,414,54,168
939,412,57,163
940,412,57,163
941,412,57,163
942,412,57,163
943,412,57,163
944,412,57,163
945,412,57,163
946,412,57,163
947,412,57,163
948,412,57,163
949,412,57,163
950,412,57,163
951,412,57,163
952,412,57,163
953,412,57,163
956,418,56,166
956,418,57,167
956,418,58,168
956,418,59,169
956,418,60,170
956,418,61,171
956,418,62,172
956,418,63,173
956,418,64,174
956,418,65,175
956,418,66,176
956,418,67,177
956,418,68,178
956,418,69,179
956,418,70,180
957,418,65,174
957,418,65,175
957,418,65,176
957,418,65,177
957,418,65,178
957,418,65,179
957,418,65,180
957,418,65,181
957,418,65,182
957,418,65,183
957,418,65,184
957,418,65,185
957,418,65,186
957,418,65,187
957,418,65,188
957,418,65,182
958,418,65,183
959,418,65,184
960,418,65,185
961,418,65,186
962,418,65,187
963,418,65,188
964,418,65,189
965,418,65,190
966,418,65,191
967,418,65,192
968,418,65,193
969,418,65,194
970,418,65,195
971,418,65,196
969,420,60,193
969,420,60,193
969,420,60,193
969,420,60,193
969,420,60,193
969,420,60,193
969,420,60,193
969,420,60,193
969,420,60,193
969,420,60,193
969,420,60,193
969,420,60,193
969,420,60,193
969,420,60,193
969,420,60,193
971,415,67,198
970,417,67,199
969,419,67,200
968,421,67,201
967,423,67,202
966,425,67,203
965,427,67,204
964,429,67,205
963,431,67,206
962,433,67,207
961,435,67,208
960,437,67,209
959,439,67,210
958,441,67,211
957,443,67,212
959,438,65,209
959,439,66,210
959,440,67,211
959,441,68,212
959,442,69,213
959,443,70,214
959,444,71,215
959,445,72,216
959,446,73,217
959,447,74,218
959,448,75,219
959,449,76,220
959,450,77,221
959,451,78,222
959,452,79,223
953,460,74,219
952,461,75,218
951,462,76,217
950,463,77,216
949,464,78,215
948,465,79,214
947,466,80,213
946,467,81,212
945,468,82,211
944,469,83,210
943,470,84,209
942,471,85,208
941,472,86,207
940,473,87,206
939,474,88,205
941,479,83,202
939,480,84,205
937,481,85,208
935,482,86,211
933,483,87,214
931,484,88,217
929,485,89,220
927,486,90,223
925,487,91,226
923,488,92,229
921,489,93,232
919,490,94,235
917,491,95,238
915,492,96,241
913,493,97,244
915,499,91,252
915,500,93,253
915,501,95,254
915,502,97,255
915,503,99,256
915,504,101,257
915,505,103,258
915,506,105,259
915,507,107,260
915,508,109,261
915,509,111,262
915,510,113,263
915,511,115,264
915,512,117,265
915,513,119,266
915,509,114,273
915,511,116,272
915,513,118,271
915,515,120,270
915,517,122,269
915,519,124,268
915,521,126,267
915,523,128,266
915,525,130,265
915,527,132,264
915,529,134,263
915,531,136,262
915,533,138,261
915,535,140,260
915,537,142,259
910,545,140,255
903,547,140,255
896,549,140,255
889,551,140,255
882,553,140,255
875,555,140,255
868,557,140,255
861,559,140,255
854,561,140,255
847,563,140,255
840,565,140,255
833,567,140,255
826,569,140,255
819,571,140,255
812,573,140,255
809,580,140,258
800,580,141,266
791,580,142,274
782,580,143,282
773,580,144,290
764,580,145,298
755,580,146,306
746,580,147,314
737,580,148,322
728,580,149,330
719,580,150,338
710,580,151,346
701,580,152,354
692,580,153,362
683,580,154,370
668,584,160,378
651,584,161,379
634,584,162,380
617,584,163,381
600,584,164,382
583,584,165,383
566,584,166,384
549,584,167,385
532,584,168,386
515,584,169,387
498,584,170,388
481,584,171,389
464,584,172,390
447,584,173,391
430,584,174,392
420,584,181,398
