1160,523,43,177
1160,523,43,177
1160,523,43,177
1160,523,43,177
1160,523,43,177
1160,523,43,177
1160,523,43,177
1160,523,43,177
1160,523,43,177
1160,523,43,177
1160,523,43,177
1160,523,43,177
1160,523,43,177
1160,523,43,177
1160,523,43,177
1158,521,45,184
1158,521,45,184
1158,521,45,184
1158,521,45,184
1158,521,45,184
1158,521,45,184
1158,521,45,184
1158,521,45,184
1158,521,45,184
1158,521,45,184
1158,521,45,184
1158,521,45,184
1158,521,45,184
1158,521,45,184
1158,521,45,184
1160,525,48,180
1160,525,48,180
1160,525,48,180
1160,525,48,180
1160,525,48,180
1160,525,48,180
1160,525,48,180
1160,525,48,180
1160,525,48,180
1160,525,48,180
1160,525,48,180
1160,525,48,180
1160,525,48,180
1160,525,48,180
1160,525,48,180
1161,523,42,182
1161,523,43,182
1161,523,44,182
1161,523,45,182
1161,523,46,182
1161,523,47,182
1161,523,48,182
1161,523,49,182
1161,523,50,182
1161,523,51,182
1161,523,52,182
1161,523,53,182
1161,523,54,182
1161,523,55,182
1161,523,56,182
1160,520,50,183
1160,520,50,183
1160,520,50,183
1160,520,50,183
1160,520,50,183
1160,520,50,183
1160,520,50,183
1160,520,50,183
1160,520,50,183
1160,520,50,183
1160,520,50,183
1160,520,50,183
1160,520,50,183
1160,520,50,183
1160,520,50,183
1154,523,56,178
1154,523,56,178
1154,523,56,178
1154,523,56,178
1154,523,56,178
1154,523,56,178
1154,523,56,178
1154,523,56,178
1154,523,56,178
1154,523,56,178
1154,523,56,178
1154,523,56,178
1154,523,56,178
1154,523,56,178
1154,523,56,178
1153,526,57,172
1153,526,56,172
1153,526,55,172
1153,526,54,172
1153,526,53,172
1153,526,52,172
1153,526,51,172
1153,526,50,172
1153,526,49,172
1153,526,48,172
1153,526,47,172
1153,526,46,172
1153,526,45,172
1153,526,44,172
1153,526,43,172
1160,525,43,178
1160,525,43,178
1160,525,43,178
1160,525,43,178
1160,525,43,178
1160,525,43,178
1160,525,43,178
1160,525,43,178
1160,525,43,178
1160,525,43,178
1160,525,43,178
1160,525,43,178
1160,525,43,178
1160,525,43,178
1160,525,43,178
1163,523,42,180
1163,523,42,180
1163,523,42,180
1163,523,42,180
1163,523,42,180
1163,523,42,180
1163,523,42,180
1163,523,42,180
1163,523,42,180
1163,523,42,180
1163,523,42,180
1163,523,42,180
1163,523,42,180
1163,523,42,180
1163,523,42,180
1158,526,49,177
1157,526,51,177
1156,526,53,177
1155,526,55,177
1154,526,57,177
1153,526,59,177
1152,526,61,177
1151,526,63,177
1150,526,65,177
1149,526,67,177
1148,526,69,177
1147,526,71,177
1146,526,73,177
1145,526,75,177
1144,526,77,177
1138,533,76,174
1138,533,76,175
1138,533,76,176
1138,533,76,177
1138,533,76,178
1138,533,76,179
1138,533,76,180
1138,533,76,181
1138,533,76,182
1138,533,76,183
1138,533,76,184
1138,533,76,185
1138,533,76,186
1138,533,76,187
1138,533,76,188
1131,532,81,182
1131,532,80,182
1131,532,79,182
1131,532,78,182
1131,532,77,182
1131,532,76,182
1131,532,75,182
1131,532,74,182
1131,532,73,182
1131,532,72,182
1131,532,71,182
1131,532,70,182
1131,532,69,182
1131,532,68,182
1131,532,67,182
1137,535,61,175
1137,535,62,175
1137,535,63,175
1137,535,64,175
1137,535,65,175
1137,535,66,175
1137,535,67,175
1137,535,68,175
1137,535,69,175
1137,535,70,175
1137,535,71,175
1137,535,72,175
1137,535,73,175
1137,535,74,175
1137,535,75,175
1130,542,70,172
1130,542,70,173
1130,542,70,174
1130,542,70,175
1130,542,70,176
1130,542,70,177
1130,542,70,178
1130,542,70,179
1130,542,70,180
1130,542,70,181
1130,542,70,182
1130,542,70,183
1130,542,70,184
1130,542,70,185
1130,542,70,186
1135,549,77,185
1136,549,77,185
1137,549,77,185
1138,549,77,185
1139,549,77,185
1140,549,77,185
1141,549,77,185
1142,549,77,185
1143,549,77,185
1144,549,77,185
1145,549,77,185
1146,549,77,185
1147,549,77,185
1148,549,77,185
1149,549,77,185
1151,547,70,187
1151,547,70,187
1151,547,70,187
1151,547,70,187
1151,547,70,187
1151,547,70,187
1151,547,70,187
1151,547,70,187
1151,547,70,187
1151,547,70,187
1151,547,70,187
1151,547,70,187
1151,547,70,187
1151,547,70,187
1151,547,70,187
1156,549,70,184
1157,549,70,185
1158,549,70,186
1159,549,70,187
1160,549,70,188
1161,549,70,189
1162,549,70,190
1163,549,70,191
1164,549,70,192
1165,549,70,193
1166,549,70,194
1167,549,70,195
1168,549,70,196
1169,549,70,197
1170,549,70,198
1172,556,75,203
1173,556,75,203
1174,556,75,203
1175,556,75,203
1176,556,75,203
1177,556,75,203
1178,556,75,203
1179,556,75,203
1180,556,75,203
1181,556,75,203
1182,556,75,203
1183,556,75,203
1184,556,75,203
1185,556,75,203
1186,556,75,203
1183,556,77,210
1183,556,77,211
1183,556,77,212
1183,556,77,213
1183,556,77,214
1183,556,77,215
1183,556,77,216
1183,556,77,217
1183,556,77,218
1183,556,77,219
1183,556,77,220
1183,556,77,221
1183,556,77,222
1183,556,77,223
1183,556,77,224
1186,560,76,220
1187,560,76,220
1188,560,76,220
1189,560,76,220
1190,560,76,220
1191,560,76,220
1192,560,76,220
1193,560,76,220
1194,560,76,220
1195,560,76,220
1196,560,76,220
1197,560,76,220
1198,560,76,220
1199,560,76,220
1200,560,76,220
1197,565,81,227
1197,564,81,228
1197,563,81,229
1197,562,81,230
1197,561,81,231
1197,560,81,232
1197,559,81,233
1197,558,81,234
1197,557,81,235
1197,556,81,236
1197,555,81,237
1197,554,81,238
1197,553,81,239
1197,552,81,240
1197,551,81,241
1204,556,84,248
1203,558,84,249
1202,560,84,250
1201,562,84,251
1200,564,84,252
1199,566,84,253
1198,568,84,254
1197,570,84,255
1196,572,84,256
1195,574,84,257
1194,576,84,258
1193,578,84,259
1192,580,84,260
1191,582,84,261
1190,584,84,262
1186,582,88,259
1186,584,88,260
1186,586,88,261
1186,588,88,262
1186,590,88,263
1186,592,88,264
1186,594,88,265
1186,596,88,266
1186,598,88,267
1186,600,88,268
1186,602,88,269
1186,604,88,270
1186,606,88,271
1186,608,88,272
1186,610,88,273
1184,608,92,273
1184,610,92,272
1184,612,92,271
1184,614,92,270
1184,616,92,269
1184,618,92,268
1184,620,92,267
1184,622,92,266
1184,624,92,265
1184,626,92,264
1184,628,92,263
1184,630,92,262
1184,632,92,261
1184,634,92,260
1184,636,92,259
1177,634,99,262
1174,636,102,265
1171,638,105,268
1168,640,108,271
1165,642,111,274
1162,644,114,277
1159,646,117,280
1156,648,120,283
1153,650,123,286
1150,652,126,289
1147,654,129,292
1144,656,132,295
1141,658,135,298
1138,660,138,301
1135,662,141,304
1135,659,137,307
1135,660,139,310
1135,661,141,313
1135,662,143,316
1135,663,145,319
1135,664,147,322
1135,665,149,325
1135,666,151,328
1135,667,153,331
1135,668,155,334
1135,669,157,337
1135,670,159,340
1135,671,161,343
1135,672,163,346
1135,673,165,349
1135,669,164,352
1136,672,165,350
1137,675,166,348
1138,678,167,346
1139,681,168,344
1140,684,169,342
1141,687,170,340
1142,690,171,338
1143,693,172,336
1144,696,173,334
1145,699,174,332
1146,702,175,330
1147,705,176,328
1148,708,177,326
1149,711,178,324
1144,716,178,316
1136,719,178,316
1128,722,178,316
1120,725,178,316
1112,728,178,316
1104,731,178,316
1096,734,178,316
1088,737,178,316
1080,740,178,316
1072,743,178,316
1064,746,178,316
1056,749,178,316
1048,752,178,316
1040,755,178,316
1032,758,178,316
1027,760,178,320
1016,759,179,321
1005,758,180,322
994,757,181,323
983,756,182,324
972,755,183,325
961,754,184,326
950,753,185,327
939,752,186,328
928,751,187,329
917,750,188,330
906,749,189,331
895,748,190,332
884,747,191,333
873,746,192,334
869,748,194,332
849,747,198,333
829,746,202,334
809,745,206,335
789,744,210,336
769,743,214,337
749,742,218,338
729,741,222,339
709,740,226,340
689,739,230,341
669,738,234,342
649,737,238,343
629,736,242,344
609,735,246,345
589,734,250,346
572,738,247,342
