1086,395,39,126
1086,395,39,126
1086,395,39,126
1086,395,39,126
1086,395,39,126
1086,395,39,126
1086,395,39,126
1086,395,39,126
1086,395,39,126
1086,395,39,126
1086,395,39,126
1086,395,39,126
1086,395,39,126
1086,395,39,126
1086,395,39,126
1090,396,36,125
1090,396,36,125
1090,396,36,125
1090,396,36,125
1090,396,36,125
1090,396,36,125
1090,396,36,125
1090,396,36,125
1090,396,36,125
1090,396,36,125
1090,396,36,125
1090,396,36,125
1090,396,36,125
1090,396,36,125
1090,396,36,125
1088,395,38,131
1088,395,38,131
1088,395,38,131
1088,395,38,131
1088,395,38,131
1088,395,38,131
1088,395,38,131
1088,395,38,131
1088,395,38,131
1088,395,38,131
1088,395,38,131
1088,395,38,131
1088,395,38,131
1088,395,38,131
1088,395,38,131
1090,395,35,127
1090,395,36,127
1090,395,37,127
1090,395,38,127
1090,395,39,127
1090,395,40,127
1090,395,41,127
1090,395,42,127
1090,395,43,127
1090,395,44,127
1090,395,45,127
1090,395,46,127
1090,395,47,127
1090,395,48,127
1090,395,49,127
1083,395,47,127
1083,395,47,127
1083,395,47,127
1083,395,47,127
1083,395,47,127
1083,395,47,127
1083,395,47,127
1083,395,47,127
1083,395,47,127
1083,395,47,127
1083,395,47,127
1083,395,47,127
1083,395,47,127
1083,395,47,127
1083,395,47,127
1083,395,47,127
1083,395,46,127
1083,395,45,127
1083,395,44,127
1083,395,43,127
1083,395,42,127
1083,395,41,127
1083,395,40,127
1083,395,39,127
1083,395,38,127
1083,395,37,127
1083,395,36,127
1083,395,35,127
1083,395,34,127
1083,395,33,127
1090,396,36,125
1090,396,36,125
1090,396,36,125
1090,396,36,125
1090,396,36,125
1090,396,36,125
1090,396,36,125
1090,396,36,125
1090,396,36,125
1090,396,36,125
1090,396,36,125
1090,396,36,125
1090,396,36,125
1090,396,36,125
1090,396,36,125
1092,396,34,128
1092,396,34,128
1092,396,34,128
1092,396,34,128
1092,396,34,128
1092,396,34,128
1092,396,34,128
1092,396,34,128
1092,396,34,128
1092,396,34,128
1092,396,34,128
1092,396,34,128
1092,396,34,128
1092,396,34,128
1092,396,34,128
1090,395,31,129
1089,395,33,129
1088,395,35,129
1087,395,37,129
1086,395,39,129
1085,395,41,129
1084,395,43,129
1083,395,45,129
1082,395,47,129
1081,395,49,129
1080,395,51,129
1079,395,53,129
1078,395,55,129
1077,395,57,129
1076,395,59,129
1072,401,60,123
1072,401,60,123
1072,401,60,123
1072,401,60,123
1072,401,60,123
1072,401,60,123
1072,401,60,123
1072,401,60,123
1072,401,60,123
1072,401,60,123
1072,401,60,123
1072,401,60,123
1072,401,60,123
1072,401,60,123
1072,401,60,123
1075,400,53,122
1075,400,52,122
1075,400,51,122
1075,400,50,122
1075,400,49,122
1075,400,48,122
1075,400,47,122
1075,400,46,122
1075,400,45,122
1075,400,44,122
1075,400,43,122
1075,400,42,122
1075,400,41,122
1075,400,40,122
1075,400,39,122
1072,406,44,123
1072,406,44,123
1072,406,44,123
1072,406,44,123
1072,406,44,123
1072,406,44,123
1072,406,44,123
1072,406,44,123
1072,406,44,123
1072,406,44,123
1072,406,44,123
1072,406,44,123
1072,406,44,123
1072,406,44,123
1072,406,44,123
1072,411,47,118
1073,411,47,119
1074,411,47,120
1075,411,47,121
1076,411,47,122
1077,411,47,123
1078,411,47,124
1079,411,47,125
1080,411,47,126
1081,411,47,127
1082,411,47,128
1083,411,47,129
1084,411,47,130
1085,411,47,131
1086,411,47,132
1084,410,48,127
1084,410,48,127
1084,410,48,127
1084,410,48,127
1084,410,48,127
1084,410,48,127
1084,410,48,127
1084,410,48,127
1084,410,48,127
1084,410,48,127
1084,410,48,127
1084,410,48,127
1084,410,48,127
1084,410,48,127
1084,410,48,127
1090,411,49,130
1091,411,49,131
1092,411,49,132
1093,411,49,133
1094,411,49,134
1095,411,49,135
1096,411,49,136
1097,411,49,137
1098,411,49,138
1099,411,49,139
1100,411,49,140
1101,411,49,141
1102,411,49,142
1103,411,49,143
1104,411,49,144
1099,413,49,141
1100,413,49,141
1101,413,49,141
1102,413,49,141
1103,413,49,141
1104,413,49,141
1105,413,49,141
1106,413,49,141
1107,413,49,141
1108,413,49,141
1109,413,49,141
1110,413,49,141
1111,413,49,141
1112,413,49,141
1113,413,49,141
1109,413,53,146
1109,413,53,147
1109,413,53,148
1109,413,53,149
1109,413,53,150
1109,413,53,151
1109,413,53,152
1109,413,53,153
1109,413,53,154
1109,413,53,155
1109,413,53,156
1109,413,53,157
1109,413,53,158
1109,413,53,159
1109,413,53,160
1115,416,52,156
1115,416,52,156
1115,416,52,156
1115,416,52,156
1115,416,52,156
1115,416,52,156
1115,416,52,156
1115,416,52,156
1115,416,52,156
1115,416,52,156
1115,416,52,156
1115,416,52,156
1115,416,52,156
1115,416,52,156
1115,416,52,156
1118,420,57,157
1119,419,57,158
1120,418,57,159
1121,417,57,160
1122,416,57,161
1123,415,57,162
1124,414,57,163
1125,413,57,164
1126,412,57,165
1127,411,57,166
1128,410,57,167
1129,409,57,168
1130,408,57,169
1131,407,57,170
1132,406,57,171
1129,410,60,172
1128,412,60,172
1127,414,60,172
1126,416,60,172
1125,418,60,172
1124,420,60,172
1123,422,60,172
1122,424,60,172
1121,426,60,172
1120,428,60,172
1119,430,60,172
1118,432,60,172
1117,434,60,172
1116,436,60,172
1115,438,60,172
1118,433,66,179
1118,434,66,180
1118,435,66,181
1118,436,66,182
1118,437,66,183
1118,438,66,184
1118,439,66,185
1118,440,66,186
1118,441,66,187
1118,442,66,188
1118,443,66,189
1118,444,66,190
1118,445,66,191
1118,446,66,192
1118,447,66,193
1120,446,71,193
1120,447,71,194
1120,448,71,195
1120,449,71,196
1120,450,71,197
1120,451,71,198
1120,452,71,199
1120,453,71,200
1120,454,71,201
1120,455,71,202
1120,456,71,203
1120,457,71,204
1120,458,71,205
1120,459,71,206
1120,460,71,207
1117,466,67,201
1115,467,69,202
1113,468,71,203
1111,469,73,204
1109,470,75,205
1107,471,77,206
1105,472,79,207
1103,473,81,208
1101,474,83,209
1099,475,85,210
1097,476,87,211
1095,477,89,212
1093,478,91,213
1091,479,93,214
1089,480,95,215
1086,485,101,214
1087,485,102,216
1088,485,103,218
1089,485,104,220
1090,485,105,222
1091,485,106,224
1092,485,107,226
1093,485,108,228
1094,485,109,230
1095,485,110,232
1096,485,111,234
1097,485,112,236
1098,485,113,238
1099,485,114,240
1100,485,115,242
1106,490,119,249
1104,493,118,247
1102,496,117,245
1100,499,116,243
1098,502,115,241
1096,505,114,239
1094,508,113,237
1092,511,112,235
1090,514,111,233
1088,517,110,231
1086,520,109,229
1084,523,108,227
1082,526,107,225
1080,529,106,223
1078,532,105,221
1083,541,106,215
1076,542,107,219
1069,543,108,223
1062,544,109,227
1055,545,110,231
1048,546,111,235
1041,547,112,239
1034,548,113,243
1027,549,114,247
1020,550,115,251
1013,551,116,255
1006,552,117,259
999,553,118,263
992,554,119,267
985,555,120,271
984,556,119,270
973,554,122,275
962,552,125,280
951,550,128,285
940,548,131,290
929,546,134,295
918,544,137,300
907,542,140,305
896,540,143,310
885,538,146,315
874,536,149,320
863,534,152,325
852,532,155,330
841,530,158,335
830,528,161,340
813,533,167,349
