1050,394,60,174
1050,394,60,174
1050,394,60,174
1050,394,60,174
1050,394,60,174
1050,394,60,174
1050,394,60,174
1050,394,60,174
1050,394,60,174
1050,394,60,174
1050,394,60,174
1050,394,60,174
1050,394,60,174
1050,394,60,174
1050,394,60,174
1050,393,58,175
1050,393,58,175
1050,393,58,175
1050,393,58,175
1050,393,58,175
1050,393,58,175
1050,393,58,175
1050,393,58,175
1050,393,58,175
1050,393,58,175
1050,393,58,175
1050,393,58,175
1050,393,58,175
1050,393,58,175
1050,393,58,175
1050,394,60,175
1050,394,60,175
1050,394,60,175
1050,394,60,175
1050,394,60,175
1050,394,60,175
1050,394,60,175
1050,394,60,175
1050,394,60,175
1050,394,60,175
1050,394,60,175
1050,394,60,175
1050,394,60,175
1050,394,60,175
1050,394,60,175
1053,388,60,181
1053,388,60,181
1053,388,60,181
1053,388,60,181
1053,388,60,181
1053,388,60,181
1053,388,60,181
1053,388,60,181
1053,388,60,181
1053,388,60,181
1053,388,60,181
1053,388,60,181
1053,388,60,181
1053,388,60,181
1053,388,60,181
1058,391,67,176
1059,391,67,176
1060,391,67,176
1061,391,67,176
1062,391,67,176
1063,391,67,176
1064,391,67,176
1065,391,67,176
1066,391,67,176
1067,391,67,176
1068,391,67,176
1069,391,67,176
1070,391,67,176
1071,391,67,176
1072,391,67,176
1067,396,62,173
1068,396,62,174
1069,396,62,175
1070,396,62,176
1071,396,62,177
1072,396,62,178
1073,396,62,179
1074,396,62,180
1075,396,62,181
1076,396,62,182
1077,396,62,183
1078,396,62,184
1079,396,62,185
1080,396,62,186
1081,396,62,187
1079,396,55,181
1080,396,54,181
1081,396,53,181
1082,396,52,181
1083,396,51,181
1084,396,50,181
1085,396,49,181
1086,396,48,181
1087,396,47,181
1088,396,46,181
1089,396,45,181
1090,396,44,181
1091,396,43,181
1092,396,42,181
1093,396,41,181
1095,398,46,181
1095,398,46,182
1095,398,46,183
1095,398,46,184
1095,398,46,185
1095,398,46,186
1095,398,46,187
1095,398,46,188
1095,398,46,189
1095,398,46,190
1095,398,46,191
1095,398,46,192
1095,398,46,193
1095,398,46,194
1095,398,46,195
1102,397,47,191
1102,398,49,191
1102,399,51,191
1102,400,53,191
1102,401,55,191
1102,402,57,191
1102,403,59,191
1102,404,61,191
1102,405,63,191
1102,406,65,191
1102,407,67,191
1102,408,69,191
1102,409,71,191
1102,410,73,191
1102,411,75,191
1095,405,74,186
1096,405,74,186
1097,405,74,186
1098,405,74,186
1099,405,74,186
1100,405,74,186
1101,405,74,186
1102,405,74,186
1103,405,74,186
1104,405,74,186
1105,405,74,186
1106,405,74,186
1107,405,74,186
1108,405,74,186
1109,405,74,186
1103,411,69,179
1103,411,69,179
1103,411,69,179
1103,411,69,179
1103,411,69,179
1103,411,69,179
1103,411,69,179
1103,411,69,179
1103,411,69,179
1103,411,69,179
1103,411,69,179
1103,411,69,179
1103,411,69,179
1103,411,69,179
1103,411,69,179
1102,415,68,172
1102,415,68,173
1102,415,68,174
1102,415,68,175
1102,415,68,176
1102,415,68,177
1102,415,68,178
1102,415,68,179
1102,415,68,180
1102,415,68,181
1102,415,68,182
1102,415,68,183
1102,415,68,184
1102,415,68,185
1102,415,68,186
1102,415,65,184
1102,415,65,184
1102,415,65,184
1102,415,65,184
1102,415,65,184
1102,415,65,184
1102,415,65,184
1102,415,65,184
1102,415,65,184
1102,415,65,184
1102,415,65,184
1102,415,65,184
1102,415,65,184
1102,415,65,184
1102,415,65,184
1106,408,70,189
1107,408,70,189
1108,408,70,189
1109,408,70,189
1110,408,70,189
1111,408,70,189
1112,408,70,189
1113,408,70,189
1114,408,70,189
1115,408,70,189
1116,408,70,189
1117,408,70,189
1118,408,70,189
1119,408,70,189
1120,408,70,189
1114,415,69,194
1114,415,69,196
1114,415,69,198
1114,415,69,200
1114,415,69,202
1114,415,69,204
1114,415,69,206
1114,415,69,208
1114,415,69,210
1114,415,69,212
1114,415,69,214
1114,415,69,216
1114,415,69,218
1114,415,69,220
1114,415,69,222
1119,414,74,229
1120,414,74,229
1121,414,74,229
1122,414,74,229
1123,414,74,229
1124,414,74,229
1125,414,74,229
1126,414,74,229
1127,414,74,229
1128,414,74,229
1129,414,74,229
1130,414,74,229
1131,414,74,229
1132,414,74,229
1133,414,74,229
1140,421,75,226
1140,421,75,226
1140,421,75,226
1140,421,75,226
1140,421,75,226
1140,421,75,226
1140,421,75,226
1140,421,75,226
1140,421,75,226
1140,421,75,226
1140,421,75,226
1140,421,75,226
1140,421,75,226
1140,421,75,226
1140,421,75,226
1147,428,78,233
1147,427,78,234
1147,426,78,235
1147,425,78,236
1147,424,78,237
1147,423,78,238
1147,422,78,239
1147,421,78,240
1147,420,78,241
1147,419,78,242
1147,418,78,243
1147,417,78,244
1147,416,78,245
1147,415,78,246
1147,414,78,247
1151,420,78,250
1152,422,78,251
1153,424,78,252
1154,426,78,253
1155,428,78,254
1156,430,78,255
1157,432,78,256
1158,434,78,257
1159,436,78,258
1160,438,78,259
1161,440,78,260
1162,442,78,261
1163,444,78,262
1164,446,78,263
1165,448,78,264
1164,453,83,258
1164,454,84,259
1164,455,85,260
1164,456,86,261
1164,457,87,262
1164,458,88,263
1164,459,89,264
1164,460,90,265
1164,461,91,266
1164,462,92,267
1164,463,93,268
1164,464,94,269
1164,465,95,270
1164,466,96,271
1164,467,97,272
1164,474,93,273
1165,475,94,274
1166,476,95,275
1167,477,96,276
1168,478,97,277
1169,479,98,278
1170,480,99,279
1171,481,100,280
1172,482,101,281
1173,483,102,282
1174,484,103,283
1175,485,104,284
1176,486,105,285
1177,487,106,286
1178,488,107,287
1175,494,114,289
1180,496,116,290
1185,498,118,291
1190,500,120,292
1195,502,122,293
1200,504,124,294
1205,506,126,295
1210,508,128,296
1215,510,130,297
1220,512,132,298
1225,514,134,299
1230,516,136,300
1235,518,138,301
1240,520,140,302
1245,522,142,303
1244,521,137,310
1250,523,141,310
1256,525,145,310
1262,527,149,310
1268,529,153,310
1274,531,157,310
1280,533,161,310
1286,535,165,310
1292,537,169,310
1298,539,173,310
1304,541,177,310
1310,543,181,310
1316,545,185,310
1322,547,189,310
1328,549,193,310
1338,556,202,317
1347,559,206,318
1356,562,210,319
1365,565,214,320
1374,568,218,321
1383,571,222,322
1392,574,226,323
1401,577,230,324
1410,580,234,325
1419,583,238,326
1428,586,242,327
1437,589,246,328
1446,592,250,329
1455,595,254,330
1464,598,258,331
1471,596,259,327
1478,595,255,328
1485,594,251,329
1492,593,247,330
1499,592,243,331
1506,591,239,332
1513,590,235,333
1520,589,231,334
1527,588,227,335
1534,587,223,336
1541,586,219,337
1548,585,215,338
1555,584,211,339
1562,583,207,340
1569,582,203,341
1574,588,201,340
1577,588,200,340
1580,588,199,340
1583,588,198,340
1586,588,197,340
1589,588,196,340
1592,588,195,340
1595,588,194,340
1598,588,193,340
1601,588,192,340
1604,588,191,340
1607,588,190,340
1610,588,189,340
1613,588,188,340
1616,588,187,340
1613,593,187,342
1614,595,187,341
1615,597,187,340
1616,599,187,339
1617,601,187,338
1618,603,187,337
1619,605,187,336
1620,607,187,335
1621,609,187,334
1622,611,187,333
1623,613,187,332
1624,615,187,331
1625,617,187,330
1626,619,187,329
1627,621,187,328
1630,617,183,332
1628,618,180,331
1626,619,177,330
1624,620,174,329
1622,621,171,328
1620,622,168,327
1618,623,165,326
1616,624,162,325
1614,625,159,324
1612,626,156,323
1610,627,153,322
1608,628,150,321
1606,629,147,320
1604,630,144,319
1602,631,141,318
1602,634,134,322
1596,636,134,320
1590,638,134,318
1584,640,134,316
1578,642,134,314
1572,644,134,312
1566,646,134,310
1560,648,134,308
1554,650,134,306
1548,652,134,304
1542,654,134,302
1536,656,134,300
1530,658,134,298
1524,660,134,296
1518,662,134,294
1508,658,129,298
1491,655,132,301
1474,652,135,304
1457,649,138,307
1440,646,141,310
1423,643,144,313
1406,640,147,316
1389,637,150,319
1372,634,153,322
1355,631,156,325
1338,628,159,328
1321,625,162,331
1304,622,165,334
1287,619,168,337
1270,616,171,340
1254,615,171,341
