1015,262,44,128
1015,262,44,128
1015,262,44,128
1015,262,44,128
1015,262,44,128
1015,262,44,128
1015,262,44,128
1015,262,44,128
1015,262,44,128
1015,262,44,128
1015,262,44,128
1015,262,44,128
1015,262,44,128
1015,262,44,128
1015,262,44,128
1019,268,45,121
1019,268,45,121
1019,268,45,121
1019,268,45,121
1019,268,45,121
1019,268,45,121
1019,268,45,121
1019,268,45,121
1019,268,45,121
1019,268,45,121
1019,268,45,121
1019,268,45,121
1019,268,45,121
1019,268,45,121
1019,268,45,121
1026,273,43,116
1026,273,43,116
1026,273,43,116
1026,273,43,116
1026,273,43,116
1026,273,43,116
1026,273,43,116
1026,273,43,116
1026,273,43,116
1026,273,43,116
1026,273,43,116
1026,273,43,116
1026,273,43,116
1026,273,43,116
1026,273,43,116
1032,272,43,121
1033,272,43,122
1034,272,43,123
1035,272,43,124
1036,272,43,125
1037,272,43,126
1038,272,43,127
1039,272,43,128
1040,272,43,129
1041,272,43,130
1042,272,43,131
1043,272,43,132
1044,272,43,133
1045,272,43,134
1046,272,43,135
1044,269,39,130
1044,269,39,130
1044,269,39,130
1044,269,39,130
1044,269,39,130
1044,269,39,130
1044,269,39,130
1044,269,39,130
1044,269,39,130
1044,269,39,130
1044,269,39,130
1044,269,39,130
1044,269,39,130
1044,269,39,130
1044,269,39,130
1049,273,41,128
1049,273,41,128
1049,273,41,128
1049,273,41,128
1049,273,41,128
1049,273,41,128
1049,273,41,128
1049,273,41,128
1049,273,41,128
1049,273,41,128
1049,273,41,128
1049,273,41,128
1049,273,41,128
1049,273,41,128
1049,273,41,128
1054,277,47,121
1054,278,47,121
1054,279,47,121
1054,280,47,121
1054,281,47,121
1054,282,47,121
1054,283,47,121
1054,284,47,121
1054,285,47,121
1054,286,47,121
1054,287,47,121
1054,288,47,121
1054,289,47,121
1054,290,47,121
1054,291,47,121
1053,285,44,123
1053,285,44,123
1053,285,44,123
1053,285,44,123
1053,285,44,123
1053,285,44,123
1053,285,44,123
1053,285,44,123
1053,285,44,123
1053,285,44,123
1053,285,44,123
1053,285,44,123
1053,285,44,123
1053,285,44,123
1053,285,44,123
1053,281,48,130
1053,281,48,129
1053,281,48,128
1053,281,48,127
1053,281,48,126
1053,281,48,125
1053,281,48,124
1053,281,48,123
1053,281,48,122
1053,281,48,121
1053,281,48,120
1053,281,48,119
1053,281,48,118
1053,281,48,117
1053,281,48,116
1053,277,53,108
1054,277,53,110
1055,277,53,112
1056,277,53,114
1057,277,53,116
1058,277,53,118
1059,277,53,120
1060,277,53,122
1061,277,53,124
1062,277,53,126
1063,277,53,128
1064,277,53,130
1065,277,53,132
1066,277,53,134
1067,277,53,136
1063,282,48,135
1063,282,48,137
1063,282,48,139
1063,282,48,141
1063,282,48,143
1063,282,48,145
1063,282,48,147
1063,282,48,149
1063,282,48,151
1063,282,48,153
1063,282,48,155
1063,282,48,157
1063,282,48,159
1063,282,48,161
1063,282,48,163
1068,281,53,160
1069,281,53,160
1070,281,53,160
1071,281,53,160
1072,281,53,160
1073,281,53,160
1074,281,53,160
1075,281,53,160
1076,281,53,160
1077,281,53,160
1078,281,53,160
1079,281,53,160
1080,281,53,160
1081,281,53,160
1082,281,53,160
1084,283,54,166
1085,283,54,166
1086,283,54,166
1087,283,54,166
1088,283,54,166
1089,283,54,166
1090,283,54,166
1091,283,54,166
1092,283,54,166
1093,283,54,166
1094,283,54,166
1095,283,54,166
1096,283,54,166
1097,283,54,166
1098,283,54,166
1092,287,56,166
1092,287,56,168
1092,287,56,170
1092,287,56,172
1092,287,56,174
1092,287,56,176
1092,287,56,178
1092,287,56,180
1092,287,56,182
1092,287,56,184
1092,287,56,186
1092,287,56,188
1092,287,56,190
1092,287,56,192
1092,287,56,194
1091,288,61,189
1092,289,61,189
1093,290,61,189
1094,291,61,189
1095,292,61,189
1096,293,61,189
1097,294,61,189
1098,295,61,189
1099,296,61,189
1100,297,61,189
1101,298,61,189
1102,299,61,189
1103,300,61,189
1104,301,61,189
1105,302,61,189
1105,310,61,186
1105,310,62,187
1105,310,63,188
1105,310,64,189
1105,310,65,190
1105,310,66,191
1105,310,67,192
1105,310,68,193
1105,310,69,194
1105,310,70,195
1105,310,71,196
1105,310,72,197
1105,310,73,198
1105,310,74,199
1105,310,75,200
1107,316,83,206
1110,317,83,207
1113,318,83,208
1116,319,83,209
1119,320,83,210
1122,321,83,211
1125,322,83,212
1128,323,83,213
1131,324,83,214
1134,325,83,215
1137,326,83,216
1140,327,83,217
1143,328,83,218
1146,329,83,219
1149,330,83,220
1157,332,80,214
1161,333,82,215
1165,334,84,216
1169,335,86,217
1173,336,88,218
1177,337,90,219
1181,338,92,220
1185,339,94,221
1189,340,96,222
1193,341,98,223
1197,342,100,224
1201,343,102,225
1205,344,104,226
1209,345,106,227
1213,346,108,228
1222,352,109,225
1228,354,114,226
1234,356,119,227
1240,358,124,228
1246,360,129,229
1252,362,134,230
1258,364,139,231
1264,366,144,232
1270,368,149,233
1276,370,154,234
1282,372,159,235
1288,374,164,236
1294,376,169,237
1300,378,174,238
1306,380,179,239
1316,384,189,238
1322,384,186,238
1328,384,183,238
1334,384,180,238
1340,384,177,238
1346,384,174,238
1352,384,171,238
1358,384,168,238
1364,384,165,238
1370,384,162,238
1376,384,159,238
1382,384,156,238
1388,384,153,238
1394,384,150,238
1400,384,147,238
1401,383,146,241
1403,383,145,241
1405,383,144,241
1407,383,143,241
1409,383,142,241
1411,383,141,241
1413,383,140,241
1415,383,139,241
1417,383,138,241
1419,383,137,241
1421,383,136,241
1423,383,135,241
1425,383,134,241
1427,383,133,241
1429,383,132,241
1432,387,127,242
1433,389,125,242
1434,391,123,242
1435,393,121,242
1436,395,119,242
1437,397,117,242
1438,399,115,242
1439,401,113,242
1440,403,111,242
1441,405,109,242
1442,407,107,242
1443,409,105,242
1444,411,103,242
1445,413,101,242
1446,415,99,242
1453,410,104,235
1450,411,104,235
1447,412,104,235
1444,413,104,235
1441,414,104,235
1438,415,104,235
1435,416,104,235
1432,417,104,235
1429,418,104,235
1426,419,104,235
1423,420,104,235
1420,421,104,235
1417,422,104,235
1414,423,104,235
1411,424,104,235
1406,429,111,232
1398,428,113,235
1390,427,115,238
1382,426,117,241
1374,425,119,244
1366,424,121,247
1358,423,123,250
1350,422,125,253
1342,421,127,256
1334,420,129,259
1326,419,131,262
1318,418,133,265
1310,417,135,268
1302,416,137,271
1294,415,139,274
1290,408,146,275
1275,410,143,274
1260,412,140,273
1245,414,137,272
1230,416,134,271
1215,418,131,270
1200,420,128,269
1185,422,125,268
1170,424,122,267
1155,426,119,266
1140,428,116,265
1125,430,113,264
1110,432,110,263
1095,434,107,262
1080,436,104,261
1070,433,103,264
1051,432,108,270
1032,431,113,276
1013,430,118,282
994,429,123,288
975,428,128,294
956,427,133,300
937,426,138,306
918,425,143,312
899,424,148,318
880,423,153,324
861,422,158,330
842,421,163,336
823,420,168,342
804,419,173,348
789,414,174,347
