856,270,53,152
856,270,53,152
856,270,53,152
856,270,53,152
856,270,53,152
856,270,53,152
856,270,53,152
856,270,53,152
856,270,53,152
856,270,53,152
856,270,53,152
856,270,53,152
856,270,53,152
856,270,53,152
856,270,53,152
863,270,53,148
863,270,53,148
863,270,53,148
863,270,53,148
863,270,53,148
863,270,53,148
863,270,53,148
863,270,53,148
863,270,53,148
863,270,53,148
863,270,53,148
863,270,53,148
863,270,53,148
863,270,53,148
863,270,53,148
869,268,49,149
869,268,49,149
869,268,49,149
869,268,49,149
869,268,49,149
869,268,49,149
869,268,49,149
869,268,49,149
869,268,49,149
869,268,49,149
869,268,49,149
869,268,49,149
869,268,49,149
869,268,49,149
869,268,49,149
873,274,50,146
874,274,50,146
875,274,50,146
876,274,50,146
877,274,50,146
878,274,50,146
879,274,50,146
880,274,50,146
881,274,50,146
882,274,50,146
883,274,50,146
884,274,50,146
885,274,50,146
886,274,50,146
887,274,50,146
882,276,48,146
883,276,48,146
884,276,48,146
885,276,48,146
886,276,48,146
887,276,48,146
888,276,48,146
889,276,48,146
890,276,48,146
891,276,48,146
892,276,48,146
893,276,48,146
894,276,48,146
895,276,48,146
896,276,48,146
891,274,41,150
891,274,41,150
891,274,41,150
891,274,41,150
891,274,41,150
891,274,41,150
891,274,41,150
891,274,41,150
891,274,41,150
891,274,41,150
891,274,41,150
891,274,41,150
891,274,41,150
891,274,41,150
891,274,41,150
898,278,44,148
898,278,45,149
898,278,46,150
898,278,47,151
898,278,48,152
898,278,49,153
898,278,50,154
898,278,51,155
898,278,52,156
898,278,53,157
898,278,54,158
898,278,55,159
898,278,56,160
898,278,57,161
898,278,58,162
900,277,53,158
900,278,53,157
900,279,53,156
900,280,53,155
900,281,53,154
900,282,53,153
900,283,53,152
900,284,53,151
900,285,53,150
900,286,53,149
900,287,53,148
900,288,53,147
900,289,53,146
900,290,53,145
900,291,53,144
900,290,56,142
900,290,56,143
900,290,56,144
900,290,56,145
900,290,56,146
900,290,56,147
900,290,56,148
900,290,56,149
900,290,56,150
900,290,56,151
900,290,56,152
900,290,56,153
900,290,56,154
900,290,56,155
900,290,56,156
897,286,57,157
897,286,57,157
897,286,57,157
897,286,57,157
897,286,57,157
897,286,57,157
897,286,57,157
897,286,57,157
897,286,57,157
897,286,57,157
897,286,57,157
897,286,57,157
897,286,57,157
897,286,57,157
897,286,57,157
897,290,56,160
897,289,56,161
897,288,56,162
897,287,56,163
897,286,56,164
897,285,56,165
897,284,56,166
897,283,56,167
897,282,56,168
897,281,56,169
897,280,56,170
897,279,56,171
897,278,56,172
897,277,56,173
897,276,56,174
896,282,61,172
896,282,61,170
896,282,61,168
896,282,61,166
896,282,61,164
896,282,61,162
896,282,61,160
896,282,61,158
896,282,61,156
896,282,61,154
896,282,61,152
896,282,61,150
896,282,61,148
896,282,61,146
896,282,61,144
903,286,62,136
903,286,62,139
903,286,62,142
903,286,62,145
903,286,62,148
903,286,62,151
903,286,62,154
903,286,62,157
903,286,62,160
903,286,62,163
903,286,62,166
903,286,62,169
903,286,62,172
903,286,62,175
903,286,62,178
907,291,64,184
908,291,64,184
909,291,64,184
910,291,64,184
911,291,64,184
912,291,64,184
913,291,64,184
914,291,64,184
915,291,64,184
916,291,64,184
917,291,64,184
918,291,64,184
919,291,64,184
920,291,64,184
921,291,64,184
921,291,64,186
921,291,64,186
921,291,64,186
921,291,64,186
921,291,64,186
921,291,64,186
921,291,64,186
921,291,64,186
921,291,64,186
921,291,64,186
921,291,64,186
921,291,64,186
921,291,64,186
921,291,64,186
921,291,64,186
925,291,64,190
925,291,64,192
925,291,64,194
925,291,64,196
925,291,64,198
925,291,64,200
925,291,64,202
925,291,64,204
925,291,64,206
925,291,64,208
925,291,64,210
925,291,64,212
925,291,64,214
925,291,64,216
925,291,64,218
928,287,64,215
929,289,64,215
930,291,64,215
931,293,64,215
932,295,64,215
933,297,64,215
934,299,64,215
935,301,64,215
936,303,64,215
937,305,64,215
938,307,64,215
939,309,64,215
940,311,64,215
941,313,64,215
942,315,64,215
938,310,69,213
938,311,70,214
938,312,71,215
938,313,72,216
938,314,73,217
938,315,74,218
938,316,75,219
938,317,76,220
938,318,77,221
938,319,78,222
938,320,79,223
938,321,80,224
938,322,81,225
938,323,82,226
938,324,83,227
935,325,78,225
936,326,79,226
937,327,80,227
938,328,81,228
939,329,82,229
940,330,83,230
941,331,84,231
942,332,85,232
943,333,86,233
944,334,87,234
945,335,88,235
946,336,89,236
947,337,90,237
948,338,91,238
949,339,92,239
955,342,89,239
958,343,89,240
961,344,89,241
964,345,89,242
967,346,89,243
970,347,89,244
973,348,89,245
976,349,89,246
979,350,89,247
982,351,89,248
985,352,89,249
988,353,89,250
991,354,89,251
994,355,89,252
997,356,89,253
1006,356,94,252
1010,357,98,252
1014,358,102,252
1018,359,106,252
1022,360,110,252
1026,361,114,252
1030,362,118,252
1034,363,122,252
1038,364,126,252
1042,365,130,252
1046,366,134,252
1050,367,138,252
1054,368,142,252
1058,369,146,252
1062,370,150,252
1072,374,157,258
1079,376,161,259
1086,378,165,260
1093,380,169,261
1100,382,173,262
1107,384,177,263
1114,386,181,264
1121,388,185,265
1128,390,189,266
1135,392,193,267
1142,394,197,268
1149,396,201,269
1156,398,205,270
1163,400,209,271
1170,402,213,272
1180,398,210,267
1186,397,206,268
1192,396,202,269
1198,395,198,270
1204,394,194,271
1210,393,190,272
1216,392,186,273
1222,391,182,274
1228,390,178,275
1234,389,174,276
1240,388,170,277
1246,387,166,278
1252,386,162,279
1258,385,158,280
1264,384,154,281
1274,389,157,280
1277,389,156,280
1280,389,155,280
1283,389,154,280
1286,389,153,280
1289,389,152,280
1292,389,151,280
1295,389,150,280
1298,389,149,280
1301,389,148,280
1304,389,147,280
1307,389,146,280
1310,389,145,280
1313,389,144,280
1316,389,143,280
1312,393,144,284
1313,394,144,284
1314,395,144,284
1315,396,144,284
1316,397,144,284
1317,398,144,284
1318,399,144,284
1319,400,144,284
1320,401,144,284
1321,402,144,284
1322,403,144,284
1323,404,144,284
1324,405,144,284
1325,406,144,284
1326,407,144,284
1325,407,138,277
1322,408,136,276
1319,409,134,275
1316,410,132,274
1313,411,130,273
1310,412,128,272
1307,413,126,271
1304,414,124,270
1301,415,122,269
1298,416,120,268
1295,417,118,267
1292,418,116,266
1289,419,114,265
1286,420,112,264
1283,421,110,263
1287,423,113,265
1282,425,113,266
1277,427,113,267
1272,429,113,268
1267,431,113,269
1262,433,113,270
1257,435,113,271
1252,437,113,272
1247,439,113,273
1242,441,113,274
1237,443,113,275
1232,445,113,276
1227,447,113,277
1222,449,113,278
1217,451,113,279
1208,457,114,282
1194,456,117,285
1180,455,120,288
1166,454,123,291
1152,453,126,294
1138,452,129,297
1124,451,132,300
1110,450,135,303
1096,449,138,306
1082,448,141,309
1068,447,144,312
1054,446,147,315
1040,445,150,318
1026,444,153,321
1012,443,156,324
998,437,155,323
979,439,159,323
960,441,163,323
941,443,167,323
922,445,171,323
903,447,175,323
884,449,179,323
865,451,183,323
846,453,187,323
827,455,191,323
808,457,195,323
789,459,199,323
770,461,203,323
751,463,207,323
732,465,211,323
718,462,212,321
701,463,211,325
684,464,210,329
667,465,209,333
650,466,208,337
633,467,207,341
616,468,206,345
599,469,205,349
582,470,204,353
565,471,203,357
548,472,202,361
531,473,201,365
514,474,200,369
497,475,199,373
480,476,198,377
457,470,193,386
