1097,378,49,112
1098,378,49,112
1099,378,49,112
1100,378,49,112
1101,378,49,112
1102,378,49,112
1103,378,49,112
1104,378,49,112
1105,378,49,112
1106,378,49,112
1107,378,49,112
1108,378,49,112
1109,378,49,112
1110,378,49,112
1111,378,49,112
1110,376,43,119
1110,376,43,119
1110,376,43,119
1110,376,43,119
1110,376,43,119
1110,376,43,119
1110,376,43,119
1110,376,43,119
1110,376,43,119
1110,376,43,119
1110,376,43,119
1110,376,43,119
1110,376,43,119
1110,376,43,119
1110,376,43,119
1116,378,45,121
1116,378,45,121
1116,378,45,121
1116,378,45,121
1116,378,45,121
1116,378,45,121
1116,378,45,121
1116,378,45,121
1116,378,45,121
1116,378,45,121
1116,378,45,121
1116,378,45,121
1116,378,45,121
1116,378,45,121
1116,378,45,121
1123,379,41,123
1124,379,41,123
1125,379,41,123
1126,379,41,123
1127,379,41,123
1128,379,41,123
1129,379,41,123
1130,379,41,123
1131,379,41,123
1132,379,41,123
1133,379,41,123
1134,379,41,123
1135,379,41,123
1136,379,41,123
1137,379,41,123
1134,376,38,116
1134,376,39,116
1134,376,40,116
1134,376,41,116
1134,376,42,116
1134,376,43,116
1134,376,44,116
1134,376,45,116
1134,376,46,116
1134,376,47,116
1134,376,48,116
1134,376,49,116
1134,376,50,116
1134,376,51,116
1134,376,52,116
1138,383,48,123
1138,383,48,123
1138,383,48,123
1138,383,48,123
1138,383,48,123
1138,383,48,123
1138,383,48,123
1138,383,48,123
1138,383,48,123
1138,383,48,123
1138,383,48,123
1138,383,48,123
1138,383,48,123
1138,383,48,123
1138,383,48,123
1139,389,51,123
1139,389,51,123
1139,389,51,123
1139,389,51,123
1139,389,51,123
1139,389,51,123
1139,389,51,123
1139,389,51,123
1139,389,51,123
1139,389,51,123
1139,389,51,123
1139,389,51,123
1139,389,51,123
1139,389,51,123
1139,389,51,123
1138,389,54,124
1138,388,54,124
1138,387,54,124
1138,386,54,124
1138,385,54,124
1138,384,54,124
1138,383,54,124
1138,382,54,124
1138,381,54,124
1138,380,54,124
1138,379,54,124
1138,378,54,124
1138,377,54,124
1138,376,54,124
1138,375,54,124
1141,379,53,131
1142,379,53,131
1143,379,53,131
1144,379,53,131
1145,379,53,131
1146,379,53,131
1147,379,53,131
1148,379,53,131
1149,379,53,131
1150,379,53,131
1151,379,53,131
1152,379,53,131
1153,379,53,131
1154,379,53,131
1155,379,53,131
1150,384,51,128
1151,385,51,130
1152,386,51,132
1153,387,51,134
1154,388,51,136
1155,389,51,138
1156,390,51,140
1157,391,51,142
1158,392,51,144
1159,393,51,146
1160,394,51,148
1161,395,51,150
1162,396,51,152
1163,397,51,154
1164,398,51,156
1158,392,52,161
1159,392,52,161
1160,392,52,161
1161,392,52,161
1162,392,52,161
1163,392,52,161
1164,392,52,161
1165,392,52,161
1166,392,52,161
1167,392,52,161
1168,392,52,161
1169,392,52,161
1170,392,52,161
1171,392,52,161
1172,392,52,161
1171,390,57,166
1171,390,57,167
1171,390,57,168
1171,390,57,169
1171,390,57,170
1171,390,57,171
1171,390,57,172
1171,390,57,173
1171,390,57,174
1171,390,57,175
1171,390,57,176
1171,390,57,177
1171,390,57,178
1171,390,57,179
1171,390,57,180
1172,389,56,174
1173,390,57,176
1174,391,58,178
1175,392,59,180
1176,393,60,182
1177,394,61,184
1178,395,62,186
1179,396,63,188
1180,397,64,190
1181,398,65,192
1182,399,66,194
1183,400,67,196
1184,401,68,198
1185,402,69,200
1186,403,70,202
1180,404,65,197
1180,405,66,198
1180,406,67,199
1180,407,68,200
1180,408,69,201
1180,409,70,202
1180,410,71,203
1180,411,72,204
1180,412,73,205
1180,413,74,206
1180,414,75,207
1180,415,76,208
1180,416,77,209
1180,417,78,210
1180,418,79,211
1182,426,85,211
1186,427,85,212
1190,428,85,213
1194,429,85,214
1198,430,85,215
1202,431,85,216
1206,432,85,217
1210,433,85,218
1214,434,85,219
1218,435,85,220
1222,436,85,221
1226,437,85,222
1230,438,85,223
1234,439,85,224
1238,440,85,225
1237,435,83,227
1242,437,86,227
1247,439,89,227
1252,441,92,227
1257,443,95,227
1262,445,98,227
1267,447,101,227
1272,449,104,227
1277,451,107,227
1282,453,110,227
1287,455,113,227
1292,457,116,227
1297,459,119,227
1302,461,122,227
1307,463,125,227
1316,464,125,231
1326,465,127,232
1336,466,129,233
1346,467,131,234
1356,468,133,235
1366,469,135,236
1376,470,137,237
1386,471,139,238
1396,472,141,239
1406,473,143,240
1416,474,145,241
1426,475,147,242
1436,476,149,243
1446,477,151,244
1456,478,153,245
1466,477,153,246
1470,476,151,247
1474,475,149,248
1478,474,147,249
1482,473,145,250
1486,472,143,251
1490,471,141,252
1494,470,139,253
1498,469,137,254
1502,468,135,255
1506,467,133,256
1510,466,131,257
1514,465,129,258
1518,464,127,259
1522,463,125,260
1519,466,117,260
1520,467,119,260
1521,468,121,260
1522,469,123,260
1523,470,125,260
1524,471,127,260
1525,472,129,260
1526,473,131,260
1527,474,133,260
1528,475,135,260
1529,476,137,260
1530,477,139,260
1531,478,141,260
1532,479,143,260
1533,480,145,260
1532,481,148,255
1529,483,146,255
1526,485,144,255
1523,487,142,255
1520,489,140,255
1517,491,138,255
1514,493,136,255
1511,495,134,255
1508,497,132,255
1505,499,130,255
1502,501,128,255
1499,503,126,255
1496,505,124,255
1493,507,122,255
1490,509,120,255
1484,509,121,262
1473,509,122,264
1462,509,123,266
1451,509,124,268
1440,509,125,270
1429,509,126,272
1418,509,127,274
1407,509,128,276
1396,509,129,278
1385,509,130,280
1374,509,131,282
1363,509,132,284
1352,509,133,286
1341,509,134,288
1330,509,135,290
1317,514,135,291
1295,515,137,290
1273,516,139,289
1251,517,141,288
1229,518,143,287
1207,519,145,286
1185,520,147,285
1163,521,149,284
1141,522,151,283
1119,523,153,282
1097,524,155,281
1075,525,157,280
1053,526,159,279
1031,527,161,278
1009,528,163,277
991,535,171,279
973,536,171,284
955,537,171,289
937,538,171,294
919,539,171,299
901,540,171,304
883,541,171,309
865,542,171,314
847,543,171,319
829,544,171,324
811,545,171,329
793,546,171,334
775,547,171,339
757,548,171,344
739,549,171,349
714,549,164,350
