1152,374,39,118
1152,374,39,118
1152,374,39,118
1152,374,39,118
1152,374,39,118
1152,374,39,118
1152,374,39,118
1152,374,39,118
1152,374,39,118
1152,374,39,118
1152,374,39,118
1152,374,39,118
1152,374,39,118
1152,374,39,118
1152,374,39,118
1154,369,42,125
1154,369,42,125
1154,369,42,125
1154,369,42,125
1154,369,42,125
1154,369,42,125
1154,369,42,125
1154,369,42,125
1154,369,42,125
1154,369,42,125
1154,369,42,125
1154,369,42,125
1154,369,42,125
1154,369,42,125
1154,369,42,125
1154,366,37,128
1154,367,37,127
1154,368,37,126
1154,369,37,125
1154,370,37,124
1154,371,37,123
1154,372,37,122
1154,373,37,121
1154,374,37,120
1154,375,37,119
1154,376,37,118
1154,377,37,117
1154,378,37,116
1154,379,37,115
1154,380,37,114
1159,374,31,115
1158,374,32,115
1157,374,33,115
1156,374,34,115
1155,374,35,115
1154,374,36,115
1153,374,37,115
1152,374,38,115
1151,374,39,115
1150,374,40,115
1149,374,41,115
1148,374,42,115
1147,374,43,115
1146,374,44,115
1145,374,45,115
1151,379,47,110
1151,379,47,111
1151,379,47,112
1151,379,47,113
1151,379,47,114
1151,379,47,115
1151,379,47,116
1151,379,47,117
1151,379,47,118
1151,379,47,119
1151,379,47,120
1151,379,47,121
1151,379,47,122
1151,379,47,123
1151,379,47,124
1152,379,46,119
1152,379,46,119
1152,379,46,119
1152,379,46,119
1152,379,46,119
1152,379,46,119
1152,379,46,119
1152,379,46,119
1152,379,46,119
1152,379,46,119
1152,379,46,119
1152,379,46,119
1152,379,46,119
1152,379,46,119
1152,379,46,119
1151,382,50,124
1152,382,50,125
1153,382,50,126
1154,382,50,127
1155,382,50,128
1156,382,50,129
1157,382,50,130
1158,382,50,131
1159,382,50,132
1160,382,50,133
1161,382,50,134
1162,382,50,135
1163,382,50,136
1164,382,50,137
1165,382,50,138
1159,380,45,134
1160,380,45,134
1161,380,45,134
1162,380,45,134
1163,380,45,134
1164,380,45,134
1165,380,45,134
1166,380,45,134
1167,380,45,134
1168,380,45,134
1169,380,45,134
1170,380,45,134
1171,380,45,134
1172,380,45,134
1173,380,45,134
1169,382,52,132
1170,382,52,132
1171,382,52,132
1172,382,52,132
1173,382,52,132
1174,382,52,132
1175,382,52,132
1176,382,52,132
1177,382,52,132
1178,382,52,132
1179,382,52,132
1180,382,52,132
1181,382,52,132
1182,382,52,132
1183,382,52,132
1189,385,53,135
1188,385,53,135
1187,385,53,135
1186,385,53,135
1185,385,53,135
1184,385,53,135
1183,385,53,135
1182,385,53,135
1181,385,53,135
1180,385,53,135
1179,385,53,135
1178,385,53,135
1177,385,53,135
1176,385,53,135
1175,385,53,135
1177,385,59,142
1177,385,59,143
1177,385,59,144
1177,385,59,145
1177,385,59,146
1177,385,59,147
1177,385,59,148
1177,385,59,149
1177,385,59,150
1177,385,59,151
1177,385,59,152
1177,385,59,153
1177,385,59,154
1177,385,59,155
1177,385,59,156
1179,387,53,159
1179,387,53,159
1179,387,53,159
1179,387,53,159
1179,387,53,159
1179,387,53,159
1179,387,53,159
1179,387,53,159
1179,387,53,159
1179,387,53,159
1179,387,53,159
1179,387,53,159
1179,387,53,159
1179,387,53,159
1179,387,53,159
1182,391,57,166
1183,391,57,167
1184,391,57,168
1185,391,57,169
1186,391,57,170
1187,391,57,171
1188,391,57,172
1189,391,57,173
1190,391,57,174
1191,391,57,175
1192,391,57,176
1193,391,57,177
1194,391,57,178
1195,391,57,179
1196,391,57,180
1190,395,55,174
1190,395,56,175
1190,395,57,176
1190,395,58,177
1190,395,59,178
1190,395,60,179
1190,395,61,180
1190,395,62,181
1190,395,63,182
1190,395,64,183
1190,395,65,184
1190,395,66,185
1190,395,67,186
1190,395,68,187
1190,395,69,188
1195,395,67,190
1194,398,67,190
1193,401,67,190
1192,404,67,190
1191,407,67,190
1190,410,67,190
1189,413,67,190
1188,416,67,190
1187,419,67,190
1186,422,67,190
1185,425,67,190
1184,428,67,190
1183,431,67,190
1182,434,67,190
1181,437,67,190
1187,439,65,184
1189,440,66,187
1191,441,67,190
1193,442,68,193
1195,443,69,196
1197,444,70,199
1199,445,71,202
1201,446,72,205
1203,447,73,208
1205,448,74,211
1207,449,75,214
1209,450,76,217
1211,451,77,220
1213,452,78,223
1215,453,79,226
1220,447,83,223
1228,450,84,224
1236,453,85,225
1244,456,86,226
1252,459,87,227
1260,462,88,228
1268,465,89,229
1276,468,90,230
1284,471,91,231
1292,474,92,232
1300,477,93,233
1308,480,94,234
1316,483,95,235
1324,486,96,236
1332,489,97,237
1343,489,103,242
1348,488,105,243
1353,487,107,244
1358,486,109,245
1363,485,111,246
1368,484,113,247
1373,483,115,248
1378,482,117,249
1383,481,119,250
1388,480,121,251
1393,479,123,252
1398,478,125,253
1403,477,127,254
1408,476,129,255
1413,475,131,256
1423,470,128,257
1422,471,129,256
1421,472,130,255
1420,473,131,254
1419,474,132,253
1418,475,133,252
1417,476,134,251
1416,477,135,250
1415,478,136,249
1414,479,137,248
1413,480,138,247
1412,481,139,246
1411,482,140,245
1410,483,141,244
1409,484,142,243
1415,485,136,247
1403,485,138,247
1391,485,140,247
1379,485,142,247
1367,485,144,247
1355,485,146,247
1343,485,148,247
1331,485,150,247
1319,485,152,247
1307,485,154,247
1295,485,156,247
1283,485,158,247
1271,485,160,247
1259,485,162,247
1247,485,164,247
1241,486,162,252
1225,486,158,252
1209,486,154,252
1193,486,150,252
1177,486,146,252
1161,486,142,252
1145,486,138,252
1129,486,134,252
1113,486,130,252
1097,486,126,252
1081,486,122,252
1065,486,118,252
1049,486,114,252
1033,486,110,252
1017,486,106,252
998,488,106,254
981,491,106,257
964,494,106,260
947,497,106,263
930,500,106,266
913,503,106,269
896,506,106,272
879,509,106,275
862,512,106,278
845,515,106,281
828,518,106,284
811,521,106,287
794,524,106,290
777,527,106,293
760,530,106,296
745,527,103,292
729,527,105,298
713,527,107,304
697,527,109,310
681,527,111,316
665,527,113,322
649,527,115,328
633,527,117,334
617,527,119,340
601,527,121,346
585,527,123,352
569,527,125,358
553,527,127,364
537,527,129,370
521,527,131,376
510,524,133,382
