1064,265,35,124
1064,265,35,124
1064,265,35,124
1064,265,35,124
1064,265,35,124
1064,265,35,124
1064,265,35,124
1064,265,35,124
1064,265,35,124
1064,265,35,124
1064,265,35,124
1064,265,35,124
1064,265,35,124
1064,265,35,124
1064,265,35,124
1063,265,34,121
1063,265,35,121
1063,265,36,121
1063,265,37,121
1063,265,38,121
1063,265,39,121
1063,265,40,121
1063,265,41,121
1063,265,42,121
1063,265,43,121
1063,265,44,121
1063,265,45,121
1063,265,46,121
1063,265,47,121
1063,265,48,121
1058,264,43,125
1058,264,43,125
1058,264,43,125
1058,264,43,125
1058,264,43,125
1058,264,43,125
1058,264,43,125
1058,264,43,125
1058,264,43,125
1058,264,43,125
1058,264,43,125
1058,264,43,125
1058,264,43,125
1058,264,43,125
1058,264,43,125
1060,265,41,123
1060,265,41,123
1060,265,41,123
1060,265,41,123
1060,265,41,123
1060,265,41,123
1060,265,41,123
1060,265,41,123
1060,265,41,123
1060,265,41,123
1060,265,41,123
1060,265,41,123
1060,265,41,123
1060,265,41,123
1060,265,41,123
1060,267,39,121
1060,267,39,121
1060,267,39,121
1060,267,39,121
1060,267,39,121
1060,267,39,121
1060,267,39,121
1060,267,39,121
1060,267,39,121
1060,267,39,121
1060,267,39,121
1060,267,39,121
1060,267,39,121
1060,267,39,121
1060,267,39,121
1063,270,34,114
1063,270,34,114
1063,270,34,114
1063,270,34,114
1063,270,34,114
1063,270,34,114
1063,270,34,114
1063,270,34,114
1063,270,34,114
1063,270,34,114
1063,270,34,114
1063,270,34,114
1063,270,34,114
1063,270,34,114
1063,270,34,114
1058,272,41,116
1058,272,41,116
1058,272,41,116
1058,272,41,116
1058,272,41,116
1058,272,41,116
1058,272,41,116
1058,272,41,116
1058,272,41,116
1058,272,41,116
1058,272,41,116
1058,272,41,116
1058,272,41,116
1058,272,41,116
1058,272,41,116
1060,276,44,112
1060,276,44,112
1060,276,44,112
1060,276,44,112
1060,276,44,112
1060,276,44,112
1060,276,44,112
1060,276,44,112
1060,276,44,112
1060,276,44,112
1060,276,44,112
1060,276,44,112
1060,276,44,112
1060,276,44,112
1060,276,44,112
1058,273,45,117
1058,273,45,117
1058,273,45,117
1058,273,45,117
1058,273,45,117
1058,273,45,117
1058,273,45,117
1058,273,45,117
1058,273,45,117
1058,273,45,117
1058,273,45,117
1058,273,45,117
1058,273,45,117
1058,273,45,117
1058,273,45,117
1063,276,45,121
1064,276,45,122
1065,276,45,123
1066,276,45,124
1067,276,45,125
1068,276,45,126
1069,276,45,127
1070,276,45,128
1071,276,45,129
1072,276,45,130
1073,276,45,131
1074,276,45,132
1075,276,45,133
1076,276,45,134
1077,276,45,135
1075,277,45,129
1076,277,45,129
1077,277,45,129
1078,277,45,129
1079,277,45,129
1080,277,45,129
1081,277,45,129
1082,277,45,129
1083,277,45,129
1084,277,45,129
1085,277,45,129
1086,277,45,129
1087,277,45,129
1088,277,45,129
1089,277,45,129
1084,277,48,135
1085,278,48,132
1086,279,48,129
1087,280,48,126
1088,281,48,123
1089,282,48,120
1090,283,48,117
1091,284,48,114
1092,285,48,111
1093,286,48,108
1094,287,48,105
1095,288,48,102
1096,289,48,99
1097,290,48,96
1098,291,48,93
1096,285,46,94
1096,285,46,97
1096,285,46,100
1096,285,46,103
1096,285,46,106
1096,285,46,109
1096,285,46,112
1096,285,46,115
1096,285,46,118
1096,285,46,121
1096,285,46,124
1096,285,46,127
1096,285,46,130
1096,285,46,133
1096,285,46,136
1102,287,47,133
1102,287,47,134
1102,287,47,135
1102,287,47,136
1102,287,47,137
1102,287,47,138
1102,287,47,139
1102,287,47,140
1102,287,47,141
1102,287,47,142
1102,287,47,143
1102,287,47,144
1102,287,47,145
1102,287,47,146
1102,287,47,147
1096,281,50,149
1096,281,50,149
1096,281,50,149
1096,281,50,149
1096,281,50,149
1096,281,50,149
1096,281,50,149
1096,281,50,149
1096,281,50,149
1096,281,50,149
1096,281,50,149
1096,281,50,149
1096,281,50,149
1096,281,50,149
1096,281,50,149
1098,283,51,156
1098,283,51,156
1098,283,51,156
1098,283,51,156
1098,283,51,156
1098,283,51,156
1098,283,51,156
1098,283,51,156
1098,283,51,156
1098,283,51,156
1098,283,51,156
1098,283,51,156
1098,283,51,156
1098,283,51,156
1098,283,51,156
1103,290,52,159
1103,290,52,159
1103,290,52,159
1103,290,52,159
1103,290,52,159
1103,290,52,159
1103,290,52,159
1103,290,52,159
1103,290,52,159
1103,290,52,159
1103,290,52,159
1103,290,52,159
1103,290,52,159
1103,290,52,159
1103,290,52,159
1110,290,53,163
1110,290,54,164
1110,290,55,165
1110,290,56,166
1110,290,57,167
1110,290,58,168
1110,290,59,169
1110,290,60,170
1110,290,61,171
1110,290,62,172
1110,290,63,173
1110,290,64,174
1110,290,65,175
1110,290,66,176
1110,290,67,177
1113,288,66,178
1113,290,66,178
1113,292,66,178
1113,294,66,178
1113,296,66,178
1113,298,66,178
1113,300,66,178
1113,302,66,178
1113,304,66,178
1113,306,66,178
1113,308,66,178
1113,310,66,178
1113,312,66,178
1113,314,66,178
1113,316,66,178
1112,318,60,175
1113,319,61,176
1114,320,62,177
1115,321,63,178
1116,322,64,179
1117,323,65,180
1118,324,66,181
1119,325,67,182
1120,326,68,183
1121,327,69,184
1122,328,70,185
1123,329,71,186
1124,330,72,187
1125,331,73,188
1126,332,74,189
1127,337,80,194
1132,338,81,196
1137,339,82,198
1142,340,83,200
1147,341,84,202
1152,342,85,204
1157,343,86,206
1162,344,87,208
1167,345,88,210
1172,346,89,212
1177,347,90,214
1182,348,91,216
1187,349,92,218
1192,350,93,220
1197,351,94,222
1199,356,97,231
1206,359,101,231
1213,362,105,231
1220,365,109,231
1227,368,113,231
1234,371,117,231
1241,374,121,231
1248,377,125,231
1255,380,129,231
1262,383,133,231
1269,386,137,231
1276,389,141,231
1283,392,145,231
1290,395,149,231
1297,398,153,231
1308,394,161,234
1310,393,158,235
1312,392,155,236
1314,391,152,237
1316,390,149,238
1318,389,146,239
1320,388,143,240
1322,387,140,241
1324,386,137,242
1326,385,134,243
1328,384,131,244
1330,383,128,245
1332,382,125,246
1334,381,122,247
1336,380,119,248
1339,385,109,242
1338,386,112,241
1337,387,115,240
1336,388,118,239
1335,389,121,238
1334,390,124,237
1333,391,127,236
1332,392,130,235
1331,393,133,234
1330,394,136,233
1329,395,139,232
1328,396,142,231
1327,397,145,230
1326,398,148,229
1325,399,151,228
1319,401,150,224
1311,400,150,224
1303,399,150,224
1295,398,150,224
1287,397,150,224
1279,396,150,224
1271,395,150,224
1263,394,150,224
1255,393,150,224
1247,392,150,224
1239,391,150,224
1231,390,150,224
1223,389,150,224
1215,388,150,224
1207,387,150,224
1192,392,145,228
1180,391,142,228
1168,390,139,228
1156,389,136,228
1144,388,133,228
1132,387,130,228
1120,386,127,228
1108,385,124,228
1096,384,121,228
1084,383,118,228
1072,382,115,228
1060,381,112,228
1048,380,109,228
1036,379,106,228
1024,378,103,228
1009,378,102,233
