918,265,42,142
918,265,42,142
918,265,42,142
918,265,42,142
918,265,42,142
918,265,42,142
918,265,42,142
918,265,42,142
918,265,42,142
918,265,42,142
918,265,42,142
918,265,42,142
918,265,42,142
918,265,42,142
918,265,42,142
917,267,44,139
917,267,44,139
917,267,44,139
917,267,44,139
917,267,44,139
917,267,44,139
917,267,44,139
917,267,44,139
917,267,44,139
917,267,44,139
917,267,44,139
917,267,44,139
917,267,44,139
917,267,44,139
917,267,44,139
918,268,45,135
918,268,45,135
918,268,45,135
918,268,45,135
918,268,45,135
918,268,45,135
918,268,45,135
918,268,45,135
918,268,45,135
918,268,45,135
918,268,45,135
918,268,45,135
918,268,45,135
918,268,45,135
918,268,45,135
922,265,41,134
922,265,41,134
922,265,41,134
922,265,41,134
922,265,41,134
922,265,41,134
922,265,41,134
922,265,41,134
922,265,41,134
922,265,41,134
922,265,41,134
922,265,41,134
922,265,41,134
922,265,41,134
922,265,41,134
924,269,34,139
924,269,34,139
924,269,34,139
924,269,34,139
924,269,34,139
924,269,34,139
924,269,34,139
924,269,34,139
924,269,34,139
924,269,34,139
924,269,34,139
924,269,34,139
924,269,34,139
924,269,34,139
924,269,34,139
925,274,36,135
925,274,37,135
925,274,38,135
925,274,39,135
925,274,40,135
925,274,41,135
925,274,42,135
925,274,43,135
925,274,44,135
925,274,45,135
925,274,46,135
925,274,47,135
925,274,48,135
925,274,49,135
925,274,50,135
918,274,47,133
918,274,47,133
918,274,47,133
918,274,47,133
918,274,47,133
918,274,47,133
918,274,47,133
918,274,47,133
918,274,47,133
918,274,47,133
918,274,47,133
918,274,47,133
918,274,47,133
918,274,47,133
918,274,47,133
915,278,46,128
915,278,46,128
915,278,46,128
915,278,46,128
915,278,46,128
915,278,46,128
915,278,46,128
915,278,46,128
915,278,46,128
915,278,46,128
915,278,46,128
915,278,46,128
915,278,46,128
915,278,46,128
915,278,46,128
911,278,50,133
912,278,50,133
913,278,50,133
914,278,50,133
915,278,50,133
916,278,50,133
917,278,50,133
918,278,50,133
919,278,50,133
920,278,50,133
921,278,50,133
922,278,50,133
923,278,50,133
924,278,50,133
925,278,50,133
921,277,51,134
922,277,51,134
923,277,51,134
924,277,51,134
925,277,51,134
926,277,51,134
927,277,51,134
928,277,51,134
929,277,51,134
930,277,51,134
931,277,51,134
932,277,51,134
933,277,51,134
934,277,51,134
935,277,51,134
929,283,50,139
929,283,50,140
929,283,50,141
929,283,50,142
929,283,50,143
929,283,50,144
929,283,50,145
929,283,50,146
929,283,50,147
929,283,50,148
929,283,50,149
929,283,50,150
929,283,50,151
929,283,50,152
929,283,50,153
936,282,50,153
937,283,50,153
938,284,50,153
939,285,50,153
940,286,50,153
941,287,50,153
942,288,50,153
943,289,50,153
944,290,50,153
945,291,50,153
946,292,50,153
947,293,50,153
948,294,50,153
949,295,50,153
950,296,50,153
950,290,52,149
950,290,52,150
950,290,52,151
950,290,52,152
950,290,52,153
950,290,52,154
950,290,52,155
950,290,52,156
950,290,52,157
950,290,52,158
950,290,52,159
950,290,52,160
950,290,52,161
950,290,52,162
950,290,52,163
955,290,57,158
954,290,57,157
953,290,57,156
952,290,57,155
951,290,57,154
950,290,57,153
949,290,57,152
948,290,57,151
947,290,57,150
946,290,57,149
945,290,57,148
944,290,57,147
943,290,57,146
942,290,57,145
941,290,57,144
945,283,57,147
945,283,57,149
945,283,57,151
945,283,57,153
945,283,57,155
945,283,57,157
945,283,57,159
945,283,57,161
945,283,57,163
945,283,57,165
945,283,57,167
945,283,57,169
945,283,57,171
945,283,57,173
945,283,57,175
943,288,56,176
943,288,56,176
943,288,56,176
943,288,56,176
943,288,56,176
943,288,56,176
943,288,56,176
943,288,56,176
943,288,56,176
943,288,56,176
943,288,56,176
943,288,56,176
943,288,56,176
943,288,56,176
943,288,56,176
945,288,58,180
945,288,58,180
945,288,58,180
945,288,58,180
945,288,58,180
945,288,58,180
945,288,58,180
945,288,58,180
945,288,58,180
945,288,58,180
945,288,58,180
945,288,58,180
945,288,58,180
945,288,58,180
945,288,58,180
943,293,63,187
944,293,63,187
945,293,63,187
946,293,63,187
947,293,63,187
948,293,63,187
949,293,63,187
950,293,63,187
951,293,63,187
952,293,63,187
953,293,63,187
954,293,63,187
955,293,63,187
956,293,63,187
957,293,63,187
952,295,64,190
952,295,64,191
952,295,64,192
952,295,64,193
952,295,64,194
952,295,64,195
952,295,64,196
952,295,64,197
952,295,64,198
952,295,64,199
952,295,64,200
952,295,64,201
952,295,64,202
952,295,64,203
952,295,64,204
956,296,70,209
955,298,70,208
954,300,70,207
953,302,70,206
952,304,70,205
951,306,70,204
950,308,70,203
949,310,70,202
948,312,70,201
947,314,70,200
946,316,70,199
945,318,70,198
944,320,70,197
943,322,70,196
942,324,70,195
943,328,71,198
943,330,72,199
943,332,73,200
943,334,74,201
943,336,75,202
943,338,76,203
943,340,77,204
943,342,78,205
943,344,79,206
943,346,80,207
943,348,81,208
943,350,82,209
943,352,83,210
943,354,84,211
943,356,85,212
945,354,89,208
947,354,91,212
949,354,93,216
951,354,95,220
953,354,97,224
955,354,99,228
957,354,101,232
959,354,103,236
961,354,105,240
963,354,107,244
965,354,109,248
967,354,111,252
969,354,113,256
971,354,115,260
973,354,117,264
978,354,119,269
986,358,124,269
994,362,129,269
1002,366,134,269
1010,370,139,269
1018,374,144,269
1026,378,149,269
1034,382,154,269
1042,386,159,269
1050,390,164,269
1058,394,169,269
1066,398,174,269
1074,402,179,269
1082,406,184,269
1090,410,189,269
1102,407,196,270
1107,406,193,271
1112,405,190,272
1117,404,187,273
1122,403,184,274
1127,402,181,275
1132,401,178,276
1137,400,175,277
1142,399,172,278
1147,398,169,279
1152,397,166,280
1157,396,163,281
1162,395,160,282
1167,394,157,283
1172,393,154,284
1180,396,144,278
1181,396,144,278
1182,396,144,278
1183,396,144,278
1184,396,144,278
1185,396,144,278
1186,396,144,278
1187,396,144,278
1188,396,144,278
1189,396,144,278
1190,396,144,278
1191,396,144,278
1192,396,144,278
1193,396,144,278
1194,396,144,278
1200,397,141,285
1196,398,144,283
1192,399,147,281
1188,400,150,279
1184,401,153,277
1180,402,156,275
1176,403,159,273
1172,404,162,271
1168,405,165,269
1164,406,168,267
1160,407,171,265
1156,408,174,263
1152,409,177,261
1148,410,180,259
1144,411,183,257
1138,419,184,250
1128,418,184,251
1118,417,184,252
1108,416,184,253
1098,415,184,254
1088,414,184,255
1078,413,184,256
1068,412,184,257
1058,411,184,258
1048,410,184,259
1038,409,184,260
1028,408,184,261
1018,407,184,262
1008,406,184,263
998,405,184,264
988,407,184,268
975,407,181,268
962,407,178,268
949,407,175,268
936,407,172,268
923,407,169,268
910,407,166,268
897,407,163,268
884,407,160,268
871,407,157,268
858,407,154,268
845,407,151,268
832,407,148,268
819,407,145,268
806,407,142,268
793,407,133,267
777,409,132,268
761,411,131,269
745,413,130,270
729,415,129,271
713,417,128,272
697,419,127,273
681,421,126,274
665,423,125,275
649,425,124,276
633,427,123,277
617,429,122,278
601,431,121,279
585,433,120,280
569,435,119,281
560,434,111,277
545,436,114,283
530,438,117,289
515,440,120,295
500,442,123,301
485,444,126,307
470,446,129,313
455,448,132,319
440,450,135,325
425,452,138,331
410,454,141,337
395,456,144,343
380,458,147,349
365,460,150,355
350,462,153,361
335,470,155,369
