1118,388,48,168
1118,388,48,168
1118,388,48,168
1118,388,48,168
1118,388,48,168
1118,388,48,168
1118,388,48,168
1118,388,48,168
1118,388,48,168
1118,388,48,168
1118,388,48,168
1118,388,48,168
1118,388,48,168
1118,388,48,168
1118,388,48,168
1120,387,46,172
1120,387,47,172
1120,387,48,172
1120,387,49,172
1120,387,50,172
1120,387,51,172
1120,387,52,172
1120,387,53,172
1120,387,54,172
1120,387,55,172
1120,387,56,172
1120,387,57,172
1120,387,58,172
1120,387,59,172
1120,387,60,172
1115,387,56,176
1115,387,56,176
1115,387,56,176
1115,387,56,176
1115,387,56,176
1115,387,56,176
1115,387,56,176
1115,387,56,176
1115,387,56,176
1115,387,56,176
1115,387,56,176
1115,387,56,176
1115,387,56,176
1115,387,56,176
1115,387,56,176
1113,387,58,172
1113,387,58,172
1113,387,58,172
1113,387,58,172
1113,387,58,172
1113,387,58,172
1113,387,58,172
1113,387,58,172
1113,387,58,172
1113,387,58,172
1113,387,58,172
1113,387,58,172
1113,387,58,172
1113,387,58,172
1113,387,58,172
1117,387,61,174
1117,387,60,173
1117,387,59,172
1117,387,58,171
1117,387,57,170
1117,387,56,169
1117,387,55,168
1117,387,54,167
1117,387,53,166
1117,387,52,165
1117,387,51,164
1117,387,50,163
1117,387,49,162
1117,387,48,161
1117,387,47,160
1124,393,44,161
1124,393,44,161
1124,393,44,161
1124,393,44,161
1124,393,44,161
1124,393,44,161
1124,393,44,161
1124,393,44,161
1124,393,44,161
1124,393,44,161
1124,393,44,161
1124,393,44,161
1124,393,44,161
1124,393,44,161
1124,393,44,161
1127,399,44,165
1126,399,46,165
1125,399,48,165
1124,399,50,165
1123,399,52,165
1122,399,54,165
1121,399,56,165
1120,399,58,165
1119,399,60,165
1118,399,62,165
1117,399,64,165
1116,399,66,165
1115,399,68,165
1114,399,70,165
1113,399,72,165
1111,399,67,162
1111,399,67,162
1111,399,67,162
1111,399,67,162
1111,399,67,162
1111,399,67,162
1111,399,67,162
1111,399,67,162
1111,399,67,162
1111,399,67,162
1111,399,67,162
1111,399,67,162
1111,399,67,162
1111,399,67,162
1111,399,67,162
1115,405,63,158
1115,405,63,159
1115,405,63,160
1115,405,63,161
1115,405,63,162
1115,405,63,163
1115,405,63,164
1115,405,63,165
1115,405,63,166
1115,405,63,167
1115,405,63,168
1115,405,63,169
1115,405,63,170
1115,405,63,171
1115,405,63,172
1111,399,64,169
1111,400,64,169
1111,401,64,169
1111,402,64,169
1111,403,64,169
1111,404,64,169
1111,405,64,169
1111,406,64,169
1111,407,64,169
1111,408,64,169
1111,409,64,169
1111,410,64,169
1111,411,64,169
1111,412,64,169
1111,413,64,169
1115,407,70,167
1116,407,70,168
1117,407,70,169
1118,407,70,170
1119,407,70,171
1120,407,70,172
1121,407,70,173
1122,407,70,174
1123,407,70,175
1124,407,70,176
1125,407,70,177
1126,407,70,178
1127,407,70,179
1128,407,70,180
1129,407,70,181
1137,409,64,181
1138,409,64,181
1139,409,64,181
1140,409,64,181
1141,409,64,181
1142,409,64,181
1143,409,64,181
1144,409,64,181
1145,409,64,181
1146,409,64,181
1147,409,64,181
1148,409,64,181
1149,409,64,181
1150,409,64,181
1151,409,64,181
1149,409,60,188
1150,410,60,189
1151,411,60,190
1152,412,60,191
1153,413,60,192
1154,414,60,193
1155,415,60,194
1156,416,60,195
1157,417,60,196
1158,418,60,197
1159,419,60,198
1160,420,60,199
1161,421,60,200
1162,422,60,201
1163,423,60,202
1163,421,63,196
1163,421,63,194
1163,421,63,192
1163,421,63,190
1163,421,63,188
1163,421,63,186
1163,421,63,184
1163,421,63,182
1163,421,63,180
1163,421,63,178
1163,421,63,176
1163,421,63,174
1163,421,63,172
1163,421,63,170
1163,421,63,168
1170,424,68,173
1170,423,68,175
1170,422,68,177
1170,421,68,179
1170,420,68,181
1170,419,68,183
1170,418,68,185
1170,417,68,187
1170,416,68,189
1170,415,68,191
1170,414,68,193
1170,413,68,195
1170,412,68,197
1170,411,68,199
1170,410,68,201
1167,416,65,206
1167,416,65,207
1167,416,65,208
1167,416,65,209
1167,416,65,210
1167,416,65,211
1167,416,65,212
1167,416,65,213
1167,416,65,214
1167,416,65,215
1167,416,65,216
1167,416,65,217
1167,416,65,218
1167,416,65,219
1167,416,65,220
1163,422,69,215
1163,422,69,215
1163,422,69,215
1163,422,69,215
1163,422,69,215
1163,422,69,215
1163,422,69,215
1163,422,69,215
1163,422,69,215
1163,422,69,215
1163,422,69,215
1163,422,69,215
1163,422,69,215
1163,422,69,215
1163,422,69,215
1163,427,74,222
1163,427,74,222
1163,427,74,222
1163,427,74,222
1163,427,74,222
1163,427,74,222
1163,427,74,222
1163,427,74,222
1163,427,74,222
1163,427,74,222
1163,427,74,222
1163,427,74,222
1163,427,74,222
1163,427,74,222
1163,427,74,222
1170,433,74,225
1171,433,75,226
1172,433,76,227
1173,433,77,228
1174,433,78,229
1175,433,79,230
1176,433,80,231
1177,433,81,232
1178,433,82,233
1179,433,83,234
1180,433,84,235
1181,433,85,236
1182,433,86,237
1183,433,87,238
1184,433,88,239
1181,431,82,237
1181,432,82,238
1181,433,82,239
1181,434,82,240
1181,435,82,241
1181,436,82,242
1181,437,82,243
1181,438,82,244
1181,439,82,245
1181,440,82,246
1181,441,82,247
1181,442,82,248
1181,443,82,249
1181,444,82,250
1181,445,82,251
1182,439,89,258
1181,442,89,257
1180,445,89,256
1179,448,89,255
1178,451,89,254
1177,454,89,253
1176,457,89,252
1175,460,89,251
1174,463,89,250
1173,466,89,249
1172,469,89,248
1171,472,89,247
1170,475,89,246
1169,478,89,245
1168,481,89,244
1174,485,85,244
1174,486,88,246
1174,487,91,248
1174,488,94,250
1174,489,97,252
1174,490,100,254
1174,491,103,256
1174,492,106,258
1174,493,109,260
1174,494,112,262
1174,495,115,264
1174,496,118,266
1174,497,121,268
1174,498,124,270
1174,499,127,272
1177,506,124,277
1181,508,126,281
1185,510,128,285
1189,512,130,289
1193,514,132,293
1197,516,134,297
1201,518,136,301
1205,520,138,305
1209,522,140,309
1213,524,142,313
1217,526,144,317
1221,528,146,321
1225,530,148,325
1229,532,150,329
1233,534,152,333
1232,531,152,332
1244,536,157,332
1256,541,162,332
1268,546,167,332
1280,551,172,332
1292,556,177,332
1304,561,182,332
1316,566,187,332
1328,571,192,332
1340,576,197,332
1352,581,202,332
1364,586,207,332
1376,591,212,332
1388,596,217,332
1400,601,222,332
1407,601,227,328
1411,600,223,329
1415,599,219,330
1419,598,215,331
1423,597,211,332
1427,596,207,333
1431,595,203,334
1435,594,199,335
1439,593,195,336
1443,592,191,337
1447,591,187,338
1451,590,183,339
1455,589,179,340
1459,588,175,341
1463,587,171,342
1474,584,167,339
1474,584,169,339
1474,584,171,339
1474,584,173,339
1474,584,175,339
1474,584,177,339
1474,584,179,339
1474,584,181,339
1474,584,183,339
1474,584,185,339
1474,584,187,339
1474,584,189,339
1474,584,191,339
1474,584,193,339
1474,584,195,339
1479,590,198,344
1474,591,198,341
1469,592,198,338
1464,593,198,335
1459,594,198,332
1454,595,198,329
1449,596,198,326
1444,597,198,323
1439,598,198,320
1434,599,198,317
1429,600,198,314
1424,601,198,311
1419,602,198,308
1414,603,198,305
1409,604,198,302
1410,612,201,300
1398,610,200,302
1386,608,199,304
1374,606,198,306
1362,604,197,308
1350,602,196,310
1338,600,195,312
1326,598,194,314
1314,596,193,316
1302,594,192,318
1290,592,191,320
1278,590,190,322
1266,588,189,324
1254,586,188,326
1242,584,187,328
1232,585,193,329
