903,269,53,139
903,269,53,139
903,269,53,139
903,269,53,139
903,269,53,139
903,269,53,139
903,269,53,139
903,269,53,139
903,269,53,139
903,269,53,139
903,269,53,139
903,269,53,139
903,269,53,139
903,269,53,139
903,269,53,139
896,269,55,146
896,269,55,146
896,269,55,146
896,269,55,146
896,269,55,146
896,269,55,146
896,269,55,146
896,269,55,146
896,269,55,146
896,269,55,146
896,269,55,146
896,269,55,146
896,269,55,146
896,269,55,146
896,269,55,146
894,268,49,143
894,268,49,143
894,268,49,143
894,268,49,143
894,268,49,143
894,268,49,143
894,268,49,143
894,268,49,143
894,268,49,143
894,268,49,143
894,268,49,143
894,268,49,143
894,268,49,143
894,268,49,143
894,268,49,143
897,269,49,140
897,269,49,140
897,269,49,140
897,269,49,140
897,269,49,140
897,269,49,140
897,269,49,140
897,269,49,140
897,269,49,140
897,269,49,140
897,269,49,140
897,269,49,140
897,269,49,140
897,269,49,140
897,269,49,140
896,268,48,143
896,268,48,143
896,268,48,143
896,268,48,143
896,268,48,143
896,268,48,143
896,268,48,143
896,268,48,143
896,268,48,143
896,268,48,143
896,268,48,143
896,268,48,143
896,268,48,143
896,268,48,143
896,268,48,143
900,265,49,146
900,265,49,146
900,265,49,146
900,265,49,146
900,265,49,146
900,265,49,146
900,265,49,146
900,265,49,146
900,265,49,146
900,265,49,146
900,265,49,146
900,265,49,146
900,265,49,146
900,265,49,146
900,265,49,146
903,268,46,145
903,268,46,145
903,268,46,145
903,268,46,145
903,268,46,145
903,268,46,145
903,268,46,145
903,268,46,145
903,268,46,145
903,268,46,145
903,268,46,145
903,268,46,145
903,268,46,145
903,268,46,145
903,268,46,145
903,270,50,142
902,270,50,142
901,270,50,142
900,270,50,142
899,270,50,142
898,270,50,142
897,270,50,142
896,270,50,142
895,270,50,142
894,270,50,142
893,270,50,142
892,270,50,142
891,270,50,142
890,270,50,142
889,270,50,142
894,269,56,147
894,269,56,147
894,269,56,147
894,269,56,147
894,269,56,147
894,269,56,147
894,269,56,147
894,269,56,147
894,269,56,147
894,269,56,147
894,269,56,147
894,269,56,147
894,269,56,147
894,269,56,147
894,269,56,147
894,268,56,150
895,268,55,150
896,268,54,150
897,268,53,150
898,268,52,150
899,268,51,150
900,268,50,150
901,268,49,150
902,268,48,150
903,268,47,150
904,268,46,150
905,268,45,150
906,268,44,150
907,268,43,150
908,268,42,150
904,268,46,147
904,268,46,147
904,268,46,147
904,268,46,147
904,268,46,147
904,268,46,147
904,268,46,147
904,268,46,147
904,268,46,147
904,268,46,147
904,268,46,147
904,268,46,147
904,268,46,147
904,268,46,147
904,268,46,147
901,270,49,147
901,270,49,147
901,270,49,147
901,270,49,147
901,270,49,147
901,270,49,147
901,270,49,147
901,270,49,147
901,270,49,147
901,270,49,147
901,270,49,147
901,270,49,147
901,270,49,147
901,270,49,147
901,270,49,147
894,267,53,148
894,267,52,146
894,267,51,144
894,267,50,142
894,267,49,140
894,267,48,138
894,267,47,136
894,267,46,134
894,267,45,132
894,267,44,130
894,267,43,128
894,267,42,126
894,267,41,124
894,267,40,122
894,267,39,120
898,274,45,118
899,274,45,120
900,274,45,122
901,274,45,124
902,274,45,126
903,274,45,128
904,274,45,130
905,274,45,132
906,274,45,134
907,274,45,136
908,274,45,138
909,274,45,140
910,274,45,142
911,274,45,144
912,274,45,146
906,277,48,144
907,277,49,144
908,277,50,144
909,277,51,144
910,277,52,144
911,277,53,144
912,277,54,144
913,277,55,144
914,277,56,144
915,277,57,144
916,277,58,144
917,277,59,144
918,277,60,144
919,277,61,144
920,277,62,144
914,281,64,141
916,281,63,141
918,281,62,141
920,281,61,141
922,281,60,141
924,281,59,141
926,281,58,141
928,281,57,141
930,281,56,141
932,281,55,141
934,281,54,141
936,281,53,141
938,281,52,141
940,281,51,141
942,281,50,141
938,279,51,146
938,280,51,146
938,281,51,146
938,282,51,146
938,283,51,146
938,284,51,146
938,285,51,146
938,286,51,146
938,287,51,146
938,288,51,146
938,289,51,146
938,290,51,146
938,291,51,146
938,292,51,146
938,293,51,146
945,287,54,147
945,288,54,148
945,289,54,149
945,290,54,150
945,291,54,151
945,292,54,152
945,293,54,153
945,294,54,154
945,295,54,155
945,296,54,156
945,297,54,157
945,298,54,158
945,299,54,159
945,300,54,160
945,301,54,161
941,295,58,155
941,297,58,154
941,299,58,153
941,301,58,152
941,303,58,151
941,305,58,150
941,307,58,149
941,309,58,148
941,311,58,147
941,313,58,146
941,315,58,145
941,317,58,144
941,319,58,143
941,321,58,142
941,323,58,141
943,320,56,138
943,320,58,139
943,320,60,140
943,320,62,141
943,320,64,142
943,320,66,143
943,320,68,144
943,320,70,145
943,320,72,146
943,320,74,147
943,320,76,148
943,320,78,149
943,320,80,150
943,320,82,151
943,320,84,152
936,320,81,160
937,321,83,162
938,322,85,164
939,323,87,166
940,324,89,168
941,325,91,170
942,326,93,172
943,327,95,174
944,328,97,176
945,329,99,178
946,330,101,180
947,331,103,182
948,332,105,184
949,333,107,186
950,334,109,188
952,336,106,194
956,339,108,198
960,342,110,202
964,345,112,206
968,348,114,210
972,351,116,214
976,354,118,218
980,357,120,222
984,360,122,226
988,363,124,230
992,366,126,234
996,369,128,238
1000,372,130,242
1004,375,132,246
1008,378,134,250
1016,378,142,247
1023,381,143,249
1030,384,144,251
1037,387,145,253
1044,390,146,255
1051,393,147,257
1058,396,148,259
1065,399,149,261
1072,402,150,263
1079,405,151,265
1086,408,152,267
1093,411,153,269
1100,414,154,271
1107,417,155,273
1114,420,156,275
1126,419,163,272
1135,419,161,273
1144,419,159,274
1153,419,157,275
1162,419,155,276
1171,419,153,277
1180,419,151,278
1189,419,149,279
1198,419,147,280
1207,419,145,281
1216,419,143,282
1225,419,141,283
1234,419,139,284
1243,419,137,285
1252,419,135,286
1265,421,130,282
1267,420,132,281
1269,419,134,280
1271,418,136,279
1273,417,138,278
1275,416,140,277
1277,415,142,276
1279,414,144,275
1281,413,146,274
1283,412,148,273
1285,411,150,272
1287,410,152,271
1289,409,154,270
1291,408,156,269
1293,407,158,268
1291,408,154,266
1296,409,152,266
1301,410,150,266
1306,411,148,266
1311,412,146,266
1316,413,144,266
1321,414,142,266
1326,415,140,266
1331,416,138,266
1336,417,136,266
1341,418,134,266
1346,419,132,266
1351,420,130,266
1356,421,128,266
1361,422,126,266
1363,421,130,261
1354,421,132,257
1345,421,134,253
1336,421,136,249
1327,421,138,245
1318,421,140,241
1309,421,142,237
1300,421,144,233
1291,421,146,229
1282,421,148,225
1273,421,150,221
1264,421,152,217
1255,421,154,213
1246,421,156,209
1237,421,158,205
1228,424,161,204
1213,424,161,203
1198,424,161,202
1183,424,161,201
1168,424,161,200
1153,424,161,199
1138,424,161,198
1123,424,161,197
1108,424,161,196
1093,424,161,195
1078,424,161,194
1063,424,161,193
1048,424,161,192
1033,424,161,191
1018,424,161,190
997,429,154,193
978,428,154,198
959,427,154,203
940,426,154,208
921,425,154,213
902,424,154,218
883,423,154,223
864,422,154,228
845,421,154,233
826,420,154,238
807,419,154,243
788,418,154,248
769,417,154,253
750,416,154,258
731,415,154,263
713,419,153,267
691,421,153,270
669,423,153,273
647,425,153,276
625,427,153,279
603,429,153,282
581,431,153,285
559,433,153,288
537,435,153,291
515,437,153,294
493,439,153,297
471,441,153,300
449,443,153,303
427,445,153,306
405,447,153,309
389,444,157,308
