1124,397,49,174
1122,397,50,174
1120,397,51,174
1118,397,52,174
1116,397,53,174
1114,397,54,174
1112,397,55,174
1110,397,56,174
1108,397,57,174
1106,397,58,174
1104,397,59,174
1102,397,60,174
1100,397,61,174
1098,397,62,174
1096,397,63,174
1092,394,70,170
1092,394,69,170
1092,394,68,170
1092,394,67,170
1092,394,66,170
1092,394,65,170
1092,394,64,170
1092,394,63,170
1092,394,62,170
1092,394,61,170
1092,394,60,170
1092,394,59,170
1092,394,58,170
1092,394,57,170
1092,394,56,170
1091,393,61,176
1091,393,61,176
1091,393,61,176
1091,393,61,176
1091,393,61,176
1091,393,61,176
1091,393,61,176
1091,393,61,176
1091,393,61,176
1091,393,61,176
1091,393,61,176
1091,393,61,176
1091,393,61,176
1091,393,61,176
1091,393,61,176
1086,394,62,173
1086,394,62,173
1086,394,62,173
1086,394,62,173
1086,394,62,173
1086,394,62,173
1086,394,62,173
1086,394,62,173
1086,394,62,173
1086,394,62,173
1086,394,62,173
1086,394,62,173
1086,394,62,173
1086,394,62,173
1086,394,62,173
1093,389,58,176
1093,389,58,176
1093,389,58,176
1093,389,58,176
1093,389,58,176
1093,389,58,176
1093,389,58,176
1093,389,58,176
1093,389,58,176
1093,389,58,176
1093,389,58,176
1093,389,58,176
1093,389,58,176
1093,389,58,176
1093,389,58,176
1093,389,59,179
1093,389,59,179
1093,389,59,179
1093,389,59,179
1093,389,59,179
1093,389,59,179
1093,389,59,179
1093,389,59,179
1093,389,59,179
1093,389,59,179
1093,389,59,179
1093,389,59,179
1093,389,59,179
1093,389,59,179
1093,389,59,179
1095,392,57,176
1095,392,57,176
1095,392,57,176
1095,392,57,176
1095,392,57,176
1095,392,57,176
1095,392,57,176
1095,392,57,176
1095,392,57,176
1095,392,57,176
1095,392,57,176
1095,392,57,176
1095,392,57,176
1095,392,57,176
1095,392,57,176
1093,391,59,177
1093,391,60,177
1093,391,61,177
1093,391,62,177
1093,391,63,177
1093,391,64,177
1093,391,65,177
1093,391,66,177
1093,391,67,177
1093,391,68,177
1093,391,69,177
1093,391,70,177
1093,391,71,177
1093,391,72,177
1093,391,73,177
1093,392,70,176
1093,392,70,176
1093,392,70,176
1093,392,70,176
1093,392,70,176
1093,392,70,176
1093,392,70,176
1093,392,70,176
1093,392,70,176
1093,392,70,176
1093,392,70,176
1093,392,70,176
1093,392,70,176
1093,392,70,176
1093,392,70,176
1086,397,65,174
1087,397,64,174
1088,397,63,174
1089,397,62,174
1090,397,61,174
1091,397,60,174
1092,397,59,174
1093,397,58,174
1094,397,57,174
1095,397,56,174
1096,397,55,174
1097,397,54,174
1098,397,53,174
1099,397,52,174
1100,397,51,174
1095,396,57,177
1095,396,57,177
1095,396,57,177
1095,396,57,177
1095,396,57,177
1095,396,57,177
1095,396,57,177
1095,396,57,177
1095,396,57,177
1095,396,57,177
1095,396,57,177
1095,396,57,177
1095,396,57,177
1095,396,57,177
1095,396,57,177
1102,392,56,177
1102,392,56,177
1102,392,56,177
1102,392,56,177
1102,392,56,177
1102,392,56,177
1102,392,56,177
1102,392,56,177
1102,392,56,177
1102,392,56,177
1102,392,56,177
1102,392,56,177
1102,392,56,177
1102,392,56,177
1102,392,56,177
1100,394,58,183
1099,394,58,182
1098,394,58,181
1097,394,58,180
1096,394,58,179
1095,394,58,178
1094,394,58,177
1093,394,58,176
1092,394,58,175
1091,394,58,174
1090,394,58,173
1089,394,58,172
1088,394,58,171
1087,394,58,170
1086,394,58,169
1089,391,60,165
1090,392,60,166
1091,393,60,167
1092,394,60,168
1093,395,60,169
1094,396,60,170
1095,397,60,171
1096,398,60,172
1097,399,60,173
1098,400,60,174
1099,401,60,175
1100,402,60,176
1101,403,60,177
1102,404,60,178
1103,405,60,179
1099,401,59,177
1100,401,59,176
1101,401,59,175
1102,401,59,174
1103,401,59,173
1104,401,59,172
1105,401,59,171
1106,401,59,170
1107,401,59,169
1108,401,59,168
1109,401,59,167
1110,401,59,166
1111,401,59,165
1112,401,59,164
1113,401,59,163
1107,406,60,166
1108,406,61,166
1109,406,62,166
1110,406,63,166
1111,406,64,166
1112,406,65,166
1113,406,66,166
1114,406,67,166
1115,406,68,166
1116,406,69,166
1117,406,70,166
1118,406,71,166
1119,406,72,166
1120,406,73,166
1121,406,74,166
1116,408,72,173
1118,408,72,174
1120,408,72,175
1122,408,72,176
1124,408,72,177
1126,408,72,178
1128,408,72,179
1130,408,72,180
1132,408,72,181
1134,408,72,182
1136,408,72,183
1138,408,72,184
1140,408,72,185
1142,408,72,186
1144,408,72,187
1150,415,65,185
1150,415,65,185
1150,415,65,185
1150,415,65,185
1150,415,65,185
1150,415,65,185
1150,415,65,185
1150,415,65,185
1150,415,65,185
1150,415,65,185
1150,415,65,185
1150,415,65,185
1150,415,65,185
1150,415,65,185
1150,415,65,185
1154,417,67,185
1154,418,67,185
1154,419,67,185
1154,420,67,185
1154,421,67,185
1154,422,67,185
1154,423,67,185
1154,424,67,185
1154,425,67,185
1154,426,67,185
1154,427,67,185
1154,428,67,185
1154,429,67,185
1154,430,67,185
1154,431,67,185
1155,433,68,181
1155,436,69,180
1155,439,70,179
1155,442,71,178
1155,445,72,177
1155,448,73,176
1155,451,74,175
1155,454,75,174
1155,457,76,173
1155,460,77,172
1155,463,78,171
1155,466,79,170
1155,469,80,169
1155,472,81,168
1155,475,82,167
1148,471,82,160
1148,471,85,162
1148,471,88,164
1148,471,91,166
1148,471,94,168
1148,471,97,170
1148,471,100,172
1148,471,103,174
1148,471,106,176
1148,471,109,178
1148,471,112,180
1148,471,115,182
1148,471,118,184
1148,471,121,186
1148,471,124,188
1150,474,123,186
1152,476,124,191
1154,478,125,196
1156,480,126,201
1158,482,127,206
1160,484,128,211
1162,486,129,216
1164,488,130,221
1166,490,131,226
1168,492,132,231
1170,494,133,236
1172,496,134,241
1174,498,135,246
1176,500,136,251
1178,502,137,256
1185,509,145,261
1195,514,150,263
1205,519,155,265
1215,524,160,267
1225,529,165,269
1235,534,170,271
1245,539,175,273
1255,544,180,275
1265,549,185,277
1275,554,190,279
1285,559,195,281
1295,564,200,283
1305,569,205,285
1315,574,210,287
1325,579,215,289
1335,590,213,293
1346,591,209,295
1357,592,205,297
1368,593,201,299
1379,594,197,301
1390,595,193,303
1401,596,189,305
1412,597,185,307
1423,598,181,309
1434,599,177,311
1445,600,173,313
1456,601,169,315
1467,602,165,317
1478,603,161,319
1489,604,157,321
1502,611,148,321
1508,611,147,321
1514,611,146,321
1520,611,145,321
1526,611,144,321
1532,611,143,321
1538,611,142,321
1544,611,141,321
1550,611,140,321
1556,611,139,321
1562,611,138,321
1568,611,137,321
1574,611,136,321
1580,611,135,321
1586,611,134,321
1588,618,136,326
1589,618,141,325
1590,618,146,324
1591,618,151,323
1592,618,156,322
1593,618,161,321
1594,618,166,320
1595,618,171,319
1596,618,176,318
1597,618,181,317
1598,618,186,316
1599,618,191,315
1600,618,196,314
1601,618,201,313
1602,618,206,312
1600,620,212,305
1597,620,211,304
1594,620,210,303
1591,620,209,302
1588,620,208,301
1585,620,207,300
1582,620,206,299
1579,620,205,298
1576,620,204,297
1573,620,203,296
1570,620,202,295
1567,620,201,294
1564,620,200,293
1561,620,199,292
1558,620,198,291
1550,615,201,286
1538,615,199,284
1526,615,197,282
1514,615,195,280
1502,615,193,278
1490,615,191,276
1478,615,189,274
1466,615,187,272
1454,615,185,270
1442,615,183,268
1430,615,181,266
1418,615,179,264
1406,615,177,262
1394,615,175,260
1382,615,173,258
1376,622,175,253
