1068,270,31,118
1067,270,32,118
1066,270,33,118
1065,270,34,118
1064,270,35,118
1063,270,36,118
1062,270,37,118
1061,270,38,118
1060,270,39,118
1059,270,40,118
1058,270,41,118
1057,270,42,118
1056,270,43,118
1055,270,44,118
1054,270,45,118
1058,267,39,121
1057,267,39,121
1056,267,39,121
1055,267,39,121
1054,267,39,121
1053,267,39,121
1052,267,39,121
1051,267,39,121
1050,267,39,121
1049,267,39,121
1048,267,39,121
1047,267,39,121
1046,267,39,121
1045,267,39,121
1044,267,39,121
1047,267,42,122
1047,267,42,122
1047,267,42,122
1047,267,42,122
1047,267,42,122
1047,267,42,122
1047,267,42,122
1047,267,42,122
1047,267,42,122
1047,267,42,122
1047,267,42,122
1047,267,42,122
1047,267,42,122
1047,267,42,122
1047,267,42,122
1042,268,40,121
1042,268,40,121
1042,268,40,121
1042,268,40,121
1042,268,40,121
1042,268,40,121
1042,268,40,121
1042,268,40,121
1042,268,40,121
1042,268,40,121
1042,268,40,121
1042,268,40,121
1042,268,40,121
1042,268,40,121
1042,268,40,121
1043,264,42,126
1043,264,42,126
1043,264,42,126
1043,264,42,126
1043,264,42,126
1043,264,42,126
1043,264,42,126
1043,264,42,126
1043,264,42,126
1043,264,42,126
1043,264,42,126
1043,264,42,126
1043,264,42,126
1043,264,42,126
1043,264,42,126
1047,265,40,127
1047,265,40,127
1047,265,40,127
1047,265,40,127
1047,265,40,127
1047,265,40,127
1047,265,40,127
1047,265,40,127
1047,265,40,127
1047,265,40,127
1047,265,40,127
1047,265,40,127
1047,265,40,127
1047,265,40,127
1047,265,40,127
1044,267,45,126
1044,267,45,126
1044,267,45,126
1044,267,45,126
1044,267,45,126
1044,267,45,126
1044,267,45,126
1044,267,45,126
1044,267,45,126
1044,267,45,126
1044,267,45,126
1044,267,45,126
1044,267,45,126
1044,267,45,126
1044,267,45,126
1047,267,43,125
1047,267,43,125
1047,267,43,125
1047,267,43,125
1047,267,43,125
1047,267,43,125
1047,267,43,125
1047,267,43,125
1047,267,43,125
1047,267,43,125
1047,267,43,125
1047,267,43,125
1047,267,43,125
1047,267,43,125
1047,267,43,125
1046,265,43,125
1046,265,43,125
1046,265,43,125
1046,265,43,125
1046,265,43,125
1046,265,43,125
1046,265,43,125
1046,265,43,125
1046,265,43,125
1046,265,43,125
1046,265,43,125
1046,265,43,125
1046,265,43,125
1046,265,43,125
1046,265,43,125
1046,268,39,127
1046,268,39,127
1046,268,39,127
1046,268,39,127
1046,268,39,127
1046,268,39,127
1046,268,39,127
1046,268,39,127
1046,268,39,127
1046,268,39,127
1046,268,39,127
1046,268,39,127
1046,268,39,127
1046,268,39,127
1046,268,39,127
1051,264,41,133
1051,264,41,133
1051,264,41,133
1051,264,41,133
1051,264,41,133
1051,264,41,133
1051,264,41,133
1051,264,41,133
1051,264,41,133
1051,264,41,133
1051,264,41,133
1051,264,41,133
1051,264,41,133
1051,264,41,133
1051,264,41,133
1049,265,47,132
1049,265,47,131
1049,265,47,130
1049,265,47,129
1049,265,47,128
1049,265,47,127
1049,265,47,126
1049,265,47,125
1049,265,47,124
1049,265,47,123
1049,265,47,122
1049,265,47,121
1049,265,47,120
1049,265,47,119
1049,265,47,118
1046,264,40,110
1046,264,40,111
1046,264,40,112
1046,264,40,113
1046,264,40,114
1046,264,40,115
1046,264,40,116
1046,264,40,117
1046,264,40,118
1046,264,40,119
1046,264,40,120
1046,264,40,121
1046,264,40,122
1046,264,40,123
1046,264,40,124
1049,270,37,125
1049,270,37,125
1049,270,37,125
1049,270,37,125
1049,270,37,125
1049,270,37,125
1049,270,37,125
1049,270,37,125
1049,270,37,125
1049,270,37,125
1049,270,37,125
1049,270,37,125
1049,270,37,125
1049,270,37,125
1049,270,37,125
1054,274,39,125
1054,274,40,125
1054,274,41,125
1054,274,42,125
1054,274,43,125
1054,274,44,125
1054,274,45,125
1054,274,46,125
1054,274,47,125
1054,274,48,125
1054,274,49,125
1054,274,50,125
1054,274,51,125
1054,274,52,125
1054,274,53,125
1057,279,56,127
1059,279,55,127
1061,279,54,127
1063,279,53,127
1065,279,52,127
1067,279,51,127
1069,279,50,127
1071,279,49,127
1073,279,48,127
1075,279,47,127
1077,279,46,127
1079,279,45,127
1081,279,44,127
1083,279,43,127
1085,279,42,127
1085,282,44,125
1085,282,44,125
1085,282,44,125
1085,282,44,125
1085,282,44,125
1085,282,44,125
1085,282,44,125
1085,282,44,125
1085,282,44,125
1085,282,44,125
1085,282,44,125
1085,282,44,125
1085,282,44,125
1085,282,44,125
1085,282,44,125
1089,286,48,126
1089,287,48,126
1089,288,48,126
1089,289,48,126
1089,290,48,126
1089,291,48,126
1089,292,48,126
1089,293,48,126
1089,294,48,126
1089,295,48,126
1089,296,48,126
1089,297,48,126
1089,298,48,126
1089,299,48,126
1089,300,48,126
1089,296,50,122
1089,297,51,121
1089,298,52,120
1089,299,53,119
1089,300,54,118
1089,301,55,117
1089,302,56,116
1089,303,57,115
1089,304,58,114
1089,305,59,113
1089,306,60,112
1089,307,61,111
1089,308,62,110
1089,309,63,109
1089,310,64,108
1089,316,60,114
1090,316,62,118
1091,316,64,122
1092,316,66,126
1093,316,68,130
1094,316,70,134
1095,316,72,138
1096,316,74,142
1097,316,76,146
1098,316,78,150
1099,316,80,154
1100,316,82,158
1101,316,84,162
1102,316,86,166
1103,316,88,170
1106,310,92,169
1110,313,93,172
1114,316,94,175
1118,319,95,178
1122,322,96,181
1126,325,97,184
1130,328,98,187
1134,331,99,190
1138,334,100,193
1142,337,101,196
1146,340,102,199
1150,343,103,202
1154,346,104,205
1158,349,105,208
1162,352,106,211
1165,352,113,207
1173,355,114,209
1181,358,115,211
1189,361,116,213
1197,364,117,215
1205,367,118,217
1213,370,119,219
1221,373,120,221
1229,376,121,223
1237,379,122,225
1245,382,123,227
1253,385,124,229
1261,388,125,231
1269,391,126,233
1277,394,127,235
1291,400,133,237
1299,401,131,237
1307,402,129,237
1315,403,127,237
1323,404,125,237
1331,405,123,237
1339,406,121,237
1347,407,119,237
1355,408,117,237
1363,409,115,237
1371,410,113,237
1379,411,111,237
1387,412,109,237
1395,413,107,237
1403,414,105,237
1408,411,103,237
1409,410,106,237
1410,409,109,237
1411,408,112,237
1412,407,115,237
1413,406,118,237
1414,405,121,237
1415,404,124,237
1416,403,127,237
1417,402,130,237
1418,401,133,237
1419,400,136,237
1420,399,139,237
1421,398,142,237
1422,397,145,237
1417,400,149,232
1420,401,147,230
1423,402,145,228
1426,403,143,226
1429,404,141,224
1432,405,139,222
1435,406,137,220
1438,407,135,218
1441,408,133,216
1444,409,131,214
1447,410,129,212
1450,411,127,210
1453,412,125,208
1456,413,123,206
1459,414,121,204
1459,412,122,208
1447,412,123,206
1435,412,124,204
1423,412,125,202
1411,412,126,200
1399,412,127,198
1387,412,128,196
1375,412,129,194
1363,412,130,192
1351,412,131,190
1339,412,132,188
1327,412,133,186
1315,412,134,184
1303,412,135,182
1291,412,136,180
1284,407,131,176
