1146,371,38,120
1145,371,38,120
1144,371,38,120
1143,371,38,120
1142,371,38,120
1141,371,38,120
1140,371,38,120
1139,371,38,120
1138,371,38,120
1137,371,38,120
1136,371,38,120
1135,371,38,120
1134,371,38,120
1133,371,38,120
1132,371,38,120
1135,374,44,124
1135,374,44,124
1135,374,44,124
1135,374,44,124
1135,374,44,124
1135,374,44,124
1135,374,44,124
1135,374,44,124
1135,374,44,124
1135,374,44,124
1135,374,44,124
1135,374,44,124
1135,374,44,124
1135,374,44,124
1135,374,44,124
1132,372,44,128
1132,372,44,128
1132,372,44,128
1132,372,44,128
1132,372,44,128
1132,372,44,128
1132,372,44,128
1132,372,44,128
1132,372,44,128
1132,372,44,128
1132,372,44,128
1132,372,44,128
1132,372,44,128
1132,372,44,128
1132,372,44,128
1135,372,41,130
1135,372,41,130
1135,372,41,130
1135,372,41,130
1135,372,41,130
1135,372,41,130
1135,372,41,130
1135,372,41,130
1135,372,41,130
1135,372,41,130
1135,372,41,130
1135,372,41,130
1135,372,41,130
1135,372,41,130
1135,372,41,130
1137,372,42,128
1137,372,42,128
1137,372,42,128
1137,372,42,128
1137,372,42,128
1137,372,42,128
1137,372,42,128
1137,372,42,128
1137,372,42,128
1137,372,42,128
1137,372,42,128
1137,372,42,128
1137,372,42,128
1137,372,42,128
1137,372,42,128
1139,374,42,128
1139,374,42,128
1139,374,42,128
1139,374,42,128
1139,374,42,128
1139,374,42,128
1139,374,42,128
1139,374,42,128
1139,374,42,128
1139,374,42,128
1139,374,42,128
1139,374,42,128
1139,374,42,128
1139,374,42,128
1139,374,42,128
1137,372,46,126
1137,372,46,126
1137,372,46,126
1137,372,46,126
1137,372,46,126
1137,372,46,126
1137,372,46,126
1137,372,46,126
1137,372,46,126
1137,372,46,126
1137,372,46,126
1137,372,46,126
1137,372,46,126
1137,372,46,126
1137,372,46,126
1137,374,44,128
1137,374,44,128
1137,374,44,128
1137,374,44,128
1137,374,44,128
1137,374,44,128
1137,374,44,128
1137,374,44,128
1137,374,44,128
1137,374,44,128
1137,374,44,128
1137,374,44,128
1137,374,44,128
1137,374,44,128
1137,374,44,128
1142,375,41,127
1142,375,41,127
1142,375,41,127
1142,375,41,127
1142,375,41,127
1142,375,41,127
1142,375,41,127
1142,375,41,127
1142,375,41,127
1142,375,41,127
1142,375,41,127
1142,375,41,127
1142,375,41,127
1142,375,41,127
1142,375,41,127
1135,374,43,127
1135,374,43,127
1135,374,43,127
1135,374,43,127
1135,374,43,127
1135,374,43,127
1135,374,43,127
1135,374,43,127
1135,374,43,127
1135,374,43,127
1135,374,43,127
1135,374,43,127
1135,374,43,127
1135,374,43,127
1135,374,43,127
1142,371,36,126
1142,372,37,126
1142,373,38,126
1142,374,39,126
1142,375,40,126
1142,376,41,126
1142,377,42,126
1142,378,43,126
1142,379,44,126
1142,380,45,126
1142,381,46,126
1142,382,47,126
1142,383,48,126
1142,384,49,126
1142,385,50,126
1141,380,49,125
1143,380,49,125
1145,380,49,125
1147,380,49,125
1149,380,49,125
1151,380,49,125
1153,380,49,125
1155,380,49,125
1157,380,49,125
1159,380,49,125
1161,380,49,125
1163,380,49,125
1165,380,49,125
1167,380,49,125
1169,380,49,125
1165,377,47,127
1166,378,47,127
1167,379,47,127
1168,380,47,127
1169,381,47,127
1170,382,47,127
1171,383,47,127
1172,384,47,127
1173,385,47,127
1174,386,47,127
1175,387,47,127
1176,388,47,127
1177,389,47,127
1178,390,47,127
1179,391,47,127
1177,388,50,123
1177,389,50,123
1177,390,50,123
1177,391,50,123
1177,392,50,123
1177,393,50,123
1177,394,50,123
1177,395,50,123
1177,396,50,123
1177,397,50,123
1177,398,50,123
1177,399,50,123
1177,400,50,123
1177,401,50,123
1177,402,50,123
1173,400,56,124
1173,401,56,124
1173,402,56,124
1173,403,56,124
1173,404,56,124
1173,405,56,124
1173,406,56,124
1173,407,56,124
1173,408,56,124
1173,409,56,124
1173,410,56,124
1173,411,56,124
1173,412,56,124
1173,413,56,124
1173,414,56,124
1178,422,56,121
1178,422,59,125
1178,422,62,129
1178,422,65,133
1178,422,68,137
1178,422,71,141
1178,422,74,145
1178,422,77,149
1178,422,80,153
1178,422,83,157
1178,422,86,161
1178,422,89,165
1178,422,92,169
1178,422,95,173
1178,422,98,177
1183,416,108,184
1188,419,110,186
1193,422,112,188
1198,425,114,190
1203,428,116,192
1208,431,118,194
1213,434,120,196
1218,437,122,198
1223,440,124,200
1228,443,126,202
1233,446,128,204
1238,449,130,206
1243,452,132,208
1248,455,134,210
1253,458,136,212
1261,468,140,219
1272,470,141,221
1283,472,142,223
1294,474,143,225
1305,476,144,227
1316,478,145,229
1327,480,146,231
1338,482,147,233
1349,484,148,235
1360,486,149,237
1371,488,150,239
1382,490,151,241
1393,492,152,243
1404,494,153,245
1415,496,154,247
1424,496,157,244
1429,495,154,245
1434,494,151,246
1439,493,148,247
1444,492,145,248
1449,491,142,249
1454,490,139,250
1459,489,136,251
1464,488,133,252
1469,487,130,253
1474,486,127,254
1479,485,124,255
1484,484,121,256
1489,483,118,257
1494,482,115,258
1504,488,116,254
1508,488,116,252
1512,488,116,250
1516,488,116,248
1520,488,116,246
1524,488,116,244
1528,488,116,242
1532,488,116,240
1536,488,116,238
1540,488,116,236
1544,488,116,234
1548,488,116,232
1552,488,116,230
1556,488,116,228
1560,488,116,226
1563,493,112,230
1551,494,114,228
1539,495,116,226
1527,496,118,224
1515,497,120,222
1503,498,122,220
1491,499,124,218
1479,500,126,216
1467,501,128,214
1455,502,130,212
1443,503,132,210
1431,504,134,208
1419,505,136,206
1407,506,138,204
1395,507,140,202
1377,507,145,207
1356,506,146,211
1335,505,147,215
1314,504,148,219
1293,503,149,223
1272,502,150,227
1251,501,151,231
1230,500,152,235
1209,499,153,239
1188,498,154,243
1167,497,155,247
1146,496,156,251
1125,495,157,255
1104,494,158,259
1083,493,159,263
1055,488,160,267
1035,490,157,269
1015,492,154,271
995,494,151,273
975,496,148,275
955,498,145,277
935,500,142,279
915,502,139,281
895,504,136,283
875,506,133,285
855,508,130,287
835,510,127,289
815,512,124,291
795,514,121,293
775,516,118,295
749,522,115,295
