1135,282,54,133
1135,282,54,133
1135,282,54,133
1135,282,54,133
1135,282,54,133
1135,282,54,133
1135,282,54,133
1135,282,54,133
1135,282,54,133
1135,282,54,133
1135,282,54,133
1135,282,54,133
1135,282,54,133
1135,282,54,133
1135,282,54,133
1135,285,54,130
1135,285,54,130
1135,285,54,130
1135,285,54,130
1135,285,54,130
1135,285,54,130
1135,285,54,130
1135,285,54,130
1135,285,54,130
1135,285,54,130
1135,285,54,130
1135,285,54,130
1135,285,54,130
1135,285,54,130
1135,285,54,130
1132,284,55,133
1132,284,54,133
1132,284,53,133
1132,284,52,133
1132,284,51,133
1132,284,50,133
1132,284,49,133
1132,284,48,133
1132,284,47,133
1132,284,46,133
1132,284,45,133
1132,284,44,133
1132,284,43,133
1132,284,42,133
1132,284,41,133
1137,285,46,133
1137,285,46,133
1137,285,46,133
1137,285,46,133
1137,285,46,133
1137,285,46,133
1137,285,46,133
1137,285,46,133
1137,285,46,133
1137,285,46,133
1137,285,46,133
1137,285,46,133
1137,285,46,133
1137,285,46,133
1137,285,46,133
1139,287,48,133
1138,287,48,133
1137,287,48,133
1136,287,48,133
1135,287,48,133
1134,287,48,133
1133,287,48,133
1132,287,48,133
1131,287,48,133
1130,287,48,133
1129,287,48,133
1128,287,48,133
1127,287,48,133
1126,287,48,133
1125,287,48,133
1130,282,55,138
1130,282,54,138
1130,282,53,138
1130,282,52,138
1130,282,51,138
1130,282,50,138
1130,282,49,138
1130,282,48,138
1130,282,47,138
1130,282,46,138
1130,282,45,138
1130,282,44,138
1130,282,43,138
1130,282,42,138
1130,282,41,138
1135,281,42,137
1135,281,42,137
1135,281,42,137
1135,281,42,137
1135,281,42,137
1135,281,42,137
1135,281,42,137
1135,281,42,137
1135,281,42,137
1135,281,42,137
1135,281,42,137
1135,281,42,137
1135,281,42,137
1135,281,42,137
1135,281,42,137
1139,282,38,141
1139,282,38,141
1139,282,38,141
1139,282,38,141
1139,282,38,141
1139,282,38,141
1139,282,38,141
1139,282,38,141
1139,282,38,141
1139,282,38,141
1139,282,38,141
1139,282,38,141
1139,282,38,141
1139,282,38,141
1139,282,38,141
1135,285,42,135
1135,285,42,135
1135,285,42,135
1135,285,42,135
1135,285,42,135
1135,285,42,135
1135,285,42,135
1135,285,42,135
1135,285,42,135
1135,285,42,135
1135,285,42,135
1135,285,42,135
1135,285,42,135
1135,285,42,135
1135,285,42,135
1137,281,38,137
1137,281,39,137
1137,281,40,137
1137,281,41,137
1137,281,42,137
1137,281,43,137
1137,281,44,137
1137,281,45,137
1137,281,46,137
1137,281,47,137
1137,281,48,137
1137,281,49,137
1137,281,50,137
1137,281,51,137
1137,281,52,137
1130,281,47,141
1130,281,48,141
1130,281,49,141
1130,281,50,141
1130,281,51,141
1130,281,52,141
1130,281,53,141
1130,281,54,141
1130,281,55,141
1130,281,56,141
1130,281,57,141
1130,281,58,141
1130,281,59,141
1130,281,60,141
1130,281,61,141
1130,282,55,136
1130,282,56,136
1130,282,57,136
1130,282,58,136
1130,282,59,136
1130,282,60,136
1130,282,61,136
1130,282,62,136
1130,282,63,136
1130,282,64,136
1130,282,65,136
1130,282,66,136
1130,282,67,136
1130,282,68,136
1130,282,69,136
1126,285,63,133
1126,285,62,133
1126,285,61,133
1126,285,60,133
1126,285,59,133
1126,285,58,133
1126,285,57,133
1126,285,56,133
1126,285,55,133
1126,285,54,133
1126,285,53,133
1126,285,52,133
1126,285,51,133
1126,285,50,133
1126,285,49,133
1120,285,51,137
1120,285,51,137
1120,285,51,137
1120,285,51,137
1120,285,51,137
1120,285,51,137
1120,285,51,137
1120,285,51,137
1120,285,51,137
1120,285,51,137
1120,285,51,137
1120,285,51,137
1120,285,51,137
1120,285,51,137
1120,285,51,137
1116,288,53,137
1115,288,54,136
1114,288,55,135
1113,288,56,134
1112,288,57,133
1111,288,58,132
1110,288,59,131
1109,288,60,130
1108,288,61,129
1107,288,62,128
1106,288,63,127
1105,288,64,126
1104,288,65,125
1103,288,66,124
1102,288,67,123
1108,285,63,120
1108,286,62,121
1108,287,61,122
1108,288,60,123
1108,289,59,124
1108,290,58,125
1108,291,57,126
1108,292,56,127
1108,293,55,128
1108,294,54,129
1108,295,53,130
1108,296,52,131
1108,297,51,132
1108,298,50,133
1108,299,49,134
1106,293,52,138
1105,293,53,138
1104,293,54,138
1103,293,55,138
1102,293,56,138
1101,293,57,138
1100,293,58,138
1099,293,59,138
1098,293,60,138
1097,293,61,138
1096,293,62,138
1095,293,63,138
1094,293,64,138
1093,293,65,138
1092,293,66,138
1087,294,65,141
1087,294,65,142
1087,294,65,143
1087,294,65,144
1087,294,65,145
1087,294,65,146
1087,294,65,147
1087,294,65,148
1087,294,65,149
1087,294,65,150
1087,294,65,151
1087,294,65,152
1087,294,65,153
1087,294,65,154
1087,294,65,155
1087,290,61,159
1087,290,62,159
1087,290,63,159
1087,290,64,159
1087,290,65,159
1087,290,66,159
1087,290,67,159
1087,290,68,159
1087,290,69,159
1087,290,70,159
1087,290,71,159
1087,290,72,159
1087,290,73,159
1087,290,74,159
1087,290,75,159
1083,288,69,165
1083,288,69,166
1083,288,69,167
1083,288,69,168
1083,288,69,169
1083,288,69,170
1083,288,69,171
1083,288,69,172
1083,288,69,173
1083,288,69,174
1083,288,69,175
1083,288,69,176
1083,288,69,177
1083,288,69,178
1083,288,69,179
1083,287,71,177
1083,289,71,177
1083,291,71,177
1083,293,71,177
1083,295,71,177
1083,297,71,177
1083,299,71,177
1083,301,71,177
1083,303,71,177
1083,305,71,177
1083,307,71,177
1083,309,71,177
1083,311,71,177
1083,313,71,177
1083,315,71,177
1089,310,73,178
1090,312,74,178
1091,314,75,178
1092,316,76,178
1093,318,77,178
1094,320,78,178
1095,322,79,178
1096,324,80,178
1097,326,81,178
1098,328,82,178
1099,330,83,178
1100,332,84,178
1101,334,85,178
1102,336,86,178
1103,338,87,178
1101,340,82,173
1104,341,83,174
1107,342,84,175
1110,343,85,176
1113,344,86,177
1116,345,87,178
1119,346,88,179
1122,347,89,180
1125,348,90,181
1128,349,91,182
1131,350,92,183
1134,351,93,184
1137,352,94,185
1140,353,95,186
1143,354,96,187
1141,352,98,188
1146,355,102,189
1151,358,106,190
1156,361,110,191
1161,364,114,192
1166,367,118,193
1171,370,122,194
1176,373,126,195
1181,376,130,196
1186,379,134,197
1191,382,138,198
1196,385,142,199
1201,388,146,200
1206,391,150,201
1211,394,154,202
1215,398,163,206
1216,397,163,209
1217,396,163,212
1218,395,163,215
1219,394,163,218
1220,393,163,221
1221,392,163,224
1222,391,163,227
1223,390,163,230
1224,389,163,233
1225,388,163,236
1226,387,163,239
1227,386,163,242
1228,385,163,245
1229,384,163,248
1224,381,158,244
1226,381,156,243
1228,381,154,242
1230,381,152,241
1232,381,150,240
1234,381,148,239
1236,381,146,238
1238,381,144,237
1240,381,142,236
1242,381,140,235
1244,381,138,234
1246,381,136,233
1248,381,134,232
1250,381,132,231
1252,381,130,230
1253,378,121,226
1258,380,122,225
1263,382,123,224
1268,384,124,223
1273,386,125,222
1278,388,126,221
1283,390,127,220
1288,392,128,219
1293,394,129,218
1298,396,130,217
1303,398,131,216
1308,400,132,215
1313,402,133,214
1318,404,134,213
1323,406,135,212
1323,404,142,214
1324,407,139,214
1325,410,136,214
1326,413,133,214
1327,416,130,214
1328,419,127,214
1329,422,124,214
1330,425,121,214
1331,428,118,214
1332,431,115,214
1333,434,112,214
1334,437,109,214
1335,440,106,214
1336,443,103,214
1337,446,100,214
1340,443,102,210
1339,444,104,216
1338,445,106,222
1337,446,108,228
1336,447,110,234
1335,448,112,240
1334,449,114,246
1333,450,116,252
1332,451,118,258
1331,452,120,264
1330,453,122,270
1329,454,124,276
1328,455,126,282
1327,456,128,288
1326,457,130,294
1327,452,132,296
1329,448,133,302
1331,444,134,308
1333,440,135,314
1335,436,136,320
1337,432,137,326
1339,428,138,332
1341,424,139,338
1343,420,140,344
1345,416,141,350
1347,412,142,356
1349,408,143,362
1351,404,144,368
1353,400,145,374
1355,396,146,380
1354,398,148,388
