1001,279,57,165
1001,279,57,165
1001,279,57,165
1001,279,57,165
1001,279,57,165
1001,279,57,165
1001,279,57,165
1001,279,57,165
1001,279,57,165
1001,279,57,165
1001,279,57,165
1001,279,57,165
1001,279,57,165
1001,279,57,165
1001,279,57,165
999,282,59,158
999,282,59,158
999,282,59,158
999,282,59,158
999,282,59,158
999,282,59,158
999,282,59,158
999,282,59,158
999,282,59,158
999,282,59,158
999,282,59,158
999,282,59,158
999,282,59,158
999,282,59,158
999,282,59,158
992,282,56,158
992,282,56,158
992,282,56,158
992,282,56,158
992,282,56,158
992,282,56,158
992,282,56,158
992,282,56,158
992,282,56,158
992,282,56,158
992,282,56,158
992,282,56,158
992,282,56,158
992,282,56,158
992,282,56,158
997,283,54,153
997,283,54,153
997,283,54,153
997,283,54,153
997,283,54,153
997,283,54,153
997,283,54,153
997,283,54,153
997,283,54,153
997,283,54,153
997,283,54,153
997,283,54,153
997,283,54,153
997,283,54,153
997,283,54,153
1002,286,56,153
1002,286,55,153
1002,286,54,153
1002,286,53,153
1002,286,52,153
1002,286,51,153
1002,286,50,153
1002,286,49,153
1002,286,48,153
1002,286,47,153
1002,286,46,153
1002,286,45,153
1002,286,44,153
1002,286,43,153
1002,286,42,153
1001,285,47,158
1001,285,47,158
1001,285,47,158
1001,285,47,158
1001,285,47,158
1001,285,47,158
1001,285,47,158
1001,285,47,158
1001,285,47,158
1001,285,47,158
1001,285,47,158
1001,285,47,158
1001,285,47,158
1001,285,47,158
1001,285,47,158
1001,281,42,158
1000,281,43,159
999,281,44,160
998,281,45,161
997,281,46,162
996,281,47,163
995,281,48,164
994,281,49,165
993,281,50,166
992,281,51,167
991,281,52,168
990,281,53,169
989,281,54,170
988,281,55,171
987,281,56,172
980,279,64,166
981,279,63,166
982,279,62,166
983,279,61,166
984,279,60,166
985,279,59,166
986,279,58,166
987,279,57,166
988,279,56,166
989,279,55,166
990,279,54,166
991,279,53,166
992,279,52,166
993,279,51,166
994,279,50,166
1002,278,43,163
1002,278,43,163
1002,278,43,163
1002,278,43,163
1002,278,43,163
1002,278,43,163
1002,278,43,163
1002,278,43,163
1002,278,43,163
1002,278,43,163
1002,278,43,163
1002,278,43,163
1002,278,43,163
1002,278,43,163
1002,278,43,163
998,277,45,167
998,277,45,167
998,277,45,167
998,277,45,167
998,277,45,167
998,277,45,167
998,277,45,167
998,277,45,167
998,277,45,167
998,277,45,167
998,277,45,167
998,277,45,167
998,277,45,167
998,277,45,167
998,277,45,167
1001,277,42,167
1001,277,43,166
1001,277,44,165
1001,277,45,164
1001,277,46,163
1001,277,47,162
1001,277,48,161
1001,277,49,160
1001,277,50,159
1001,277,51,158
1001,277,52,157
1001,277,53,156
1001,277,54,155
1001,277,55,154
1001,277,56,153
998,282,50,159
997,282,51,159
996,282,52,159
995,282,53,159
994,282,54,159
993,282,55,159
992,282,56,159
991,282,57,159
990,282,58,159
989,282,59,159
988,282,60,159
987,282,61,159
986,282,62,159
985,282,63,159
984,282,64,159
990,285,62,160
989,285,62,160
988,285,62,160
987,285,62,160
986,285,62,160
985,285,62,160
984,285,62,160
983,285,62,160
982,285,62,160
981,285,62,160
980,285,62,160
979,285,62,160
978,285,62,160
977,285,62,160
976,285,62,160
981,286,59,162
980,286,59,162
979,286,59,162
978,286,59,162
977,286,59,162
976,286,59,162
975,286,59,162
974,286,59,162
973,286,59,162
972,286,59,162
971,286,59,162
970,286,59,162
969,286,59,162
968,286,59,162
967,286,59,162
969,290,61,157
969,290,62,158
969,290,63,159
969,290,64,160
969,290,65,161
969,290,66,162
969,290,67,163
969,290,68,164
969,290,69,165
969,290,70,166
969,290,71,167
969,290,72,168
969,290,73,169
969,290,74,170
969,290,75,171
962,288,78,167
962,288,77,166
962,288,76,165
962,288,75,164
962,288,74,163
962,288,73,162
962,288,72,161
962,288,71,160
962,288,70,159
962,288,69,158
962,288,68,157
962,288,67,156
962,288,66,155
962,288,65,154
962,288,64,153
960,295,62,153
959,295,62,154
958,295,62,155
957,295,62,156
956,295,62,157
955,295,62,158
954,295,62,159
953,295,62,160
952,295,62,161
951,295,62,162
950,295,62,163
949,295,62,164
948,295,62,165
947,295,62,166
946,295,62,167
941,297,62,167
940,298,63,167
939,299,64,167
938,300,65,167
937,301,66,167
936,302,67,167
935,303,68,167
934,304,69,167
933,305,70,167
932,306,71,167
931,307,72,167
930,308,73,167
929,309,74,167
928,310,75,167
927,311,76,167
929,308,74,171
929,307,74,172
929,306,74,173
929,305,74,174
929,304,74,175
929,303,74,176
929,302,74,177
929,301,74,178
929,300,74,179
929,299,74,180
929,298,74,181
929,297,74,182
929,296,74,183
929,295,74,184
929,294,74,185
925,295,71,186
925,295,71,186
925,295,71,186
925,295,71,186
925,295,71,186
925,295,71,186
925,295,71,186
925,295,71,186
925,295,71,186
925,295,71,186
925,295,71,186
925,295,71,186
925,295,71,186
925,295,71,186
925,295,71,186
922,291,74,191
922,292,74,193
922,293,74,195
922,294,74,197
922,295,74,199
922,296,74,201
922,297,74,203
922,298,74,205
922,299,74,207
922,300,74,209
922,301,74,211
922,302,74,213
922,303,74,215
922,304,74,217
922,305,74,219
928,309,71,218
928,311,73,217
928,313,75,216
928,315,77,215
928,317,79,214
928,319,81,213
928,321,83,212
928,323,85,211
928,325,87,210
928,327,89,209
928,329,91,208
928,331,93,207
928,333,95,206
928,335,97,205
928,337,99,204
925,341,95,209
927,342,95,211
929,343,95,213
931,344,95,215
933,345,95,217
935,346,95,219
937,347,95,221
939,348,95,223
941,349,95,225
943,350,95,227
945,351,95,229
947,352,95,231
949,353,95,233
951,354,95,235
953,355,95,237
950,352,94,234
954,354,98,235
958,356,102,236
962,358,106,237
966,360,110,238
970,362,114,239
974,364,118,240
978,366,122,241
982,368,126,242
986,370,130,243
990,372,134,244
994,374,138,245
998,376,142,246
1002,378,146,247
1006,380,150,248
1015,388,155,248
1018,390,159,248
1021,392,163,248
1024,394,167,248
1027,396,171,248
1030,398,175,248
1033,400,179,248
1036,402,183,248
1039,404,187,248
1042,406,191,248
1045,408,195,248
1048,410,199,248
1051,412,203,248
1054,414,207,248
1057,416,211,248
1057,421,218,249
1057,419,213,252
1057,417,208,255
1057,415,203,258
1057,413,198,261
1057,411,193,264
1057,409,188,267
1057,407,183,270
1057,405,178,273
1057,403,173,276
1057,401,168,279
1057,399,163,282
1057,397,158,285
1057,395,153,288
1057,393,148,291
1057,391,140,292
1060,391,144,291
1063,391,148,290
1066,391,152,289
1069,391,156,288
1072,391,160,287
1075,391,164,286
1078,391,168,285
1081,391,172,284
1084,391,176,283
1087,391,180,282
1090,391,184,281
1093,391,188,280
1096,391,192,279
1099,391,196,278
1102,388,196,283
1107,392,193,281
1112,396,190,279
1117,400,187,277
1122,404,184,275
1127,408,181,273
1132,412,178,271
1137,416,175,269
1142,420,172,267
1147,424,169,265
1152,428,166,263
1157,432,163,261
1162,436,160,259
1167,440,157,257
1172,444,154,255
1178,444,152,247
1177,446,151,250
1176,448,150,253
1175,450,149,256
1174,452,148,259
1173,454,147,262
1172,456,146,265
1171,458,145,268
1170,460,144,271
1169,462,143,274
1168,464,142,277
1167,466,141,280
1166,468,140,283
1165,470,139,286
1164,472,138,289
1164,467,131,291
1161,468,134,297
1158,469,137,303
1155,470,140,309
1152,471,143,315
1149,472,146,321
1146,473,149,327
1143,474,152,333
1140,475,155,339
1137,476,158,345
1134,477,161,351
1131,478,164,357
1128,479,167,363
1125,480,170,369
1122,481,173,375
1119,479,170,385
