1223,420,75,192
1223,420,74,192
1223,420,73,192
1223,420,72,192
1223,420,71,192
1223,420,70,192
1223,420,69,192
1223,420,68,192
1223,420,67,192
1223,420,66,192
1223,420,65,192
1223,420,64,192
1223,420,63,192
1223,420,62,192
1223,420,61,192
1225,417,64,198
1225,417,64,198
1225,417,64,198
1225,417,64,198
1225,417,64,198
1225,417,64,198
1225,417,64,198
1225,417,64,198
1225,417,64,198
1225,417,64,198
1225,417,64,198
1225,417,64,198
1225,417,64,198
1225,417,64,198
1225,417,64,198
1221,418,70,192
1221,418,69,192
1221,418,68,192
1221,418,67,192
1221,418,66,192
1221,418,65,192
1221,418,64,192
1221,418,63,192
1221,418,62,192
1221,418,61,192
1221,418,60,192
1221,418,59,192
1221,418,58,192
1221,418,57,192
1221,418,56,192
1223,418,62,194
1223,418,62,194
1223,418,62,194
1223,418,62,194
1223,418,62,194
1223,418,62,194
1223,418,62,194
1223,418,62,194
1223,418,62,194
1223,418,62,194
1223,418,62,194
1223,418,62,194
1223,418,62,194
1223,418,62,194
1223,418,62,194
1225,423,64,198
1224,423,65,198
1223,423,66,198
1222,423,67,198
1221,423,68,198
1220,423,69,198
1219,423,70,198
1218,423,71,198
1217,423,72,198
1216,423,73,198
1215,423,74,198
1214,423,75,198
1213,423,76,198
1212,423,77,198
1211,423,78,198
1210,421,79,198
1211,421,77,198
1212,421,75,198
1213,421,73,198
1214,421,71,198
1215,421,69,198
1216,421,67,198
1217,421,65,198
1218,421,63,198
1219,421,61,198
1220,421,59,198
1221,421,57,198
1222,421,55,198
1223,421,53,198
1224,421,51,198
1218,418,54,201
1217,418,55,201
1216,418,56,201
1215,418,57,201
1214,418,58,201
1213,418,59,201
1212,418,60,201
1211,418,61,201
1210,418,62,201
1209,418,63,201
1208,418,64,201
1207,418,65,201
1206,418,66,201
1205,418,67,201
1204,418,68,201
1207,418,67,200
1207,418,67,200
1207,418,67,200
1207,418,67,200
1207,418,67,200
1207,418,67,200
1207,418,67,200
1207,418,67,200
1207,418,67,200
1207,418,67,200
1207,418,67,200
1207,418,67,200
1207,418,67,200
1207,418,67,200
1207,418,67,200
1212,415,64,204
1212,415,64,204
1212,415,64,204
1212,415,64,204
1212,415,64,204
1212,415,64,204
1212,415,64,204
1212,415,64,204
1212,415,64,204
1212,415,64,204
1212,415,64,204
1212,415,64,204
1212,415,64,204
1212,415,64,204
1212,415,64,204
1216,417,62,205
1216,417,62,204
1216,417,62,203
1216,417,62,202
1216,417,62,201
1216,417,62,200
1216,417,62,199
1216,417,62,198
1216,417,62,197
1216,417,62,196
1216,417,62,195
1216,417,62,194
1216,417,62,193
1216,417,62,192
1216,417,62,191
1214,417,68,195
1214,417,68,195
1214,417,68,195
1214,417,68,195
1214,417,68,195
1214,417,68,195
1214,417,68,195
1214,417,68,195
1214,417,68,195
1214,417,68,195
1214,417,68,195
1214,417,68,195
1214,417,68,195
1214,417,68,195
1214,417,68,195
1214,418,71,200
1213,418,72,200
1212,418,73,200
1211,418,74,200
1210,418,75,200
1209,418,76,200
1208,418,77,200
1207,418,78,200
1206,418,79,200
1205,418,80,200
1204,418,81,200
1203,418,82,200
1202,418,83,200
1201,418,84,200
1200,418,85,200
1205,424,86,194
1205,424,85,194
1205,424,84,194
1205,424,83,194
1205,424,82,194
1205,424,81,194
1205,424,80,194
1205,424,79,194
1205,424,78,194
1205,424,77,194
1205,424,76,194
1205,424,75,194
1205,424,74,194
1205,424,73,194
1205,424,72,194
1201,424,73,200
1200,424,73,200
1199,424,73,200
1198,424,73,200
1197,424,73,200
1196,424,73,200
1195,424,73,200
1194,424,73,200
1193,424,73,200
1192,424,73,200
1191,424,73,200
1190,424,73,200
1189,424,73,200
1188,424,73,200
1187,424,73,200
1192,423,71,199
1191,424,73,199
1190,425,75,199
1189,426,77,199
1188,427,79,199
1187,428,81,199
1186,429,83,199
1185,430,85,199
1184,431,87,199
1183,432,89,199
1182,433,91,199
1181,434,93,199
1180,435,95,199
1179,436,97,199
1178,437,99,199
1171,431,98,198
1171,431,97,196
1171,431,96,194
1171,431,95,192
1171,431,94,190
1171,431,93,188
1171,431,92,186
1171,431,91,184
1171,431,90,182
1171,431,89,180
1171,431,88,178
1171,431,87,176
1171,431,86,174
1171,431,85,172
1171,431,84,170
1173,429,90,166
1172,430,89,169
1171,431,88,172
1170,432,87,175
1169,433,86,178
1168,434,85,181
1167,435,84,184
1166,436,83,187
1165,437,82,190
1164,438,81,193
1163,439,80,196
1162,440,79,199
1161,441,78,202
1160,442,77,205
1159,443,76,208
1164,437,75,204
1163,437,76,205
1162,437,77,206
1161,437,78,207
1160,437,79,208
1159,437,80,209
1158,437,81,210
1157,437,82,211
1156,437,83,212
1155,437,84,213
1154,437,85,214
1153,437,86,215
1152,437,87,216
1151,437,88,217
1150,437,89,218
1146,443,89,212
1146,442,89,213
1146,441,89,214
1146,440,89,215
1146,439,89,216
1146,438,89,217
1146,437,89,218
1146,436,89,219
1146,435,89,220
1146,434,89,221
1146,433,89,222
1146,432,89,223
1146,431,89,224
1146,430,89,225
1146,429,89,226
1144,426,88,226
1144,426,89,226
1144,426,90,226
1144,426,91,226
1144,426,92,226
1144,426,93,226
1144,426,94,226
1144,426,95,226
1144,426,96,226
1144,426,97,226
1144,426,98,226
1144,426,99,226
1144,426,100,226
1144,426,101,226
1144,426,102,226
1140,431,97,231
1140,431,97,233
1140,431,97,235
1140,431,97,237
1140,431,97,239
1140,431,97,241
1140,431,97,243
1140,431,97,245
1140,431,97,247
1140,431,97,249
1140,431,97,251
1140,431,97,253
1140,431,97,255
1140,431,97,257
1140,431,97,259
1142,438,92,268
1143,440,93,268
1144,442,94,268
1145,444,95,268
1146,446,96,268
1147,448,97,268
1148,450,98,268
1149,452,99,268
1150,454,100,268
1151,456,101,268
1152,458,102,268
1153,460,103,268
1154,462,104,268
1155,464,105,268
1156,466,106,268
1155,474,103,261
1156,476,104,262
1157,478,105,263
1158,480,106,264
1159,482,107,265
1160,484,108,266
1161,486,109,267
1162,488,110,268
1163,490,111,269
1164,492,112,270
1165,494,113,271
1166,496,114,272
1167,498,115,273
1168,500,116,274
1169,502,117,275
1171,504,114,279
1177,507,117,281
1183,510,120,283
1189,513,123,285
1195,516,126,287
1201,519,129,289
1207,522,132,291
1213,525,135,293
1219,528,138,295
1225,531,141,297
1231,534,144,299
1237,537,147,301
1243,540,150,303
1249,543,153,305
1255,546,156,307
1260,554,162,307
1264,558,168,306
1268,562,174,305
1272,566,180,304
1276,570,186,303
1280,574,192,302
1284,578,198,301
1288,582,204,300
1292,586,210,299
1296,590,216,298
1300,594,222,297
1304,598,228,296
1308,602,234,295
1312,606,240,294
1316,610,246,293
1318,618,251,289
1318,615,248,293
1318,612,245,297
1318,609,242,301
1318,606,239,305
1318,603,236,309
1318,600,233,313
1318,597,230,317
1318,594,227,321
1318,591,224,325
1318,588,221,329
1318,585,218,333
1318,582,215,337
1318,579,212,341
1318,576,209,345
1312,577,199,355
1315,577,200,355
1318,577,201,355
1321,577,202,355
1324,577,203,355
1327,577,204,355
1330,577,205,355
1333,577,206,355
1336,577,207,355
1339,577,208,355
1342,577,209,355
1345,577,210,355
1348,577,211,355
1351,577,212,355
1354,577,213,355
1362,571,207,355
1369,575,207,351
1376,579,207,347
1383,583,207,343
1390,587,207,339
1397,591,207,335
1404,595,207,331
1411,599,207,327
1418,603,207,323
1425,607,207,319
1432,611,207,315
1439,615,207,311
1446,619,207,307
1453,623,207,303
1460,627,207,299
1471,635,201,297
1472,639,198,295
1473,643,195,293
1474,647,192,291
1475,651,189,289
1476,655,186,287
1477,659,183,285
1478,663,180,283
1479,667,177,281
1480,671,174,279
1481,675,171,277
1482,679,168,275
1483,683,165,273
1484,687,162,271
1485,691,159,269
1479,688,149,268
1478,689,152,267
1477,690,155,266
1476,691,158,265
1475,692,161,264
1474,693,164,263
1473,694,167,262
1472,695,170,261
1471,696,173,260
1470,697,176,259
1469,698,179,258
1468,699,182,257
1467,700,185,256
1466,701,188,255
1465,702,191,254
1457,698,193,258
