934,283,64,156
933,283,64,155
932,283,64,154
931,283,64,153
930,283,64,152
929,283,64,151
928,283,64,150
927,283,64,149
926,283,64,148
925,283,64,147
924,283,64,146
923,283,64,145
922,283,64,144
921,283,64,143
920,283,64,142
917,282,69,148
917,282,69,148
917,282,69,148
917,282,69,148
917,282,69,148
917,282,69,148
917,282,69,148
917,282,69,148
917,282,69,148
917,282,69,148
917,282,69,148
917,282,69,148
917,282,69,148
917,282,69,148
917,282,69,148
915,277,64,152
915,277,64,152
915,277,64,152
915,277,64,152
915,277,64,152
915,277,64,152
915,277,64,152
915,277,64,152
915,277,64,152
915,277,64,152
915,277,64,152
915,277,64,152
915,277,64,152
915,277,64,152
915,277,64,152
917,282,66,146
917,282,66,146
917,282,66,146
917,282,66,146
917,282,66,146
917,282,66,146
917,282,66,146
917,282,66,146
917,282,66,146
917,282,66,146
917,282,66,146
917,282,66,146
917,282,66,146
917,282,66,146
917,282,66,146
910,280,62,149
910,280,62,148
910,280,62,147
910,280,62,146
910,280,62,145
910,280,62,144
910,280,62,143
910,280,62,142
910,280,62,141
910,280,62,140
910,280,62,139
910,280,62,138
910,280,62,137
910,280,62,136
910,280,62,135
913,276,56,141
913,276,56,141
913,276,56,141
913,276,56,141
913,276,56,141
913,276,56,141
913,276,56,141
913,276,56,141
913,276,56,141
913,276,56,141
913,276,56,141
913,276,56,141
913,276,56,141
913,276,56,141
913,276,56,141
912,277,55,148
912,277,55,147
912,277,55,146
912,277,55,145
912,277,55,144
912,277,55,143
912,277,55,142
912,277,55,141
912,277,55,140
912,277,55,139
912,277,55,138
912,277,55,137
912,277,55,136
912,277,55,135
912,277,55,134
910,279,52,132
910,279,52,131
910,279,52,130
910,279,52,129
910,279,52,128
910,279,52,127
910,279,52,126
910,279,52,125
910,279,52,124
910,279,52,123
910,279,52,122
910,279,52,121
910,279,52,120
910,279,52,119
910,279,52,118
910,282,49,123
910,282,49,123
910,282,49,123
910,282,49,123
910,282,49,123
910,282,49,123
910,282,49,123
910,282,49,123
910,282,49,123
910,282,49,123
910,282,49,123
910,282,49,123
910,282,49,123
910,282,49,123
910,282,49,123
913,283,48,128
913,283,48,128
913,283,48,128
913,283,48,128
913,283,48,128
913,283,48,128
913,283,48,128
913,283,48,128
913,283,48,128
913,283,48,128
913,283,48,128
913,283,48,128
913,283,48,128
913,283,48,128
913,283,48,128
913,279,46,128
913,279,46,128
913,279,46,128
913,279,46,128
913,279,46,128
913,279,46,128
913,279,46,128
913,279,46,128
913,279,46,128
913,279,46,128
913,279,46,128
913,279,46,128
913,279,46,128
913,279,46,128
913,279,46,128
913,279,53,131
913,279,53,131
913,279,53,131
913,279,53,131
913,279,53,131
913,279,53,131
913,279,53,131
913,279,53,131
913,279,53,131
913,279,53,131
913,279,53,131
913,279,53,131
913,279,53,131
913,279,53,131
913,279,53,131
917,279,47,128
917,279,47,128
917,279,47,128
917,279,47,128
917,279,47,128
917,279,47,128
917,279,47,128
917,279,47,128
917,279,47,128
917,279,47,128
917,279,47,128
917,279,47,128
917,279,47,128
917,279,47,128
917,279,47,128
915,277,52,127
915,277,52,128
915,277,52,129
915,277,52,130
915,277,52,131
915,277,52,132
915,277,52,133
915,277,52,134
915,277,52,135
915,277,52,136
915,277,52,137
915,277,52,138
915,277,52,139
915,277,52,140
915,277,52,141
913,276,53,137
913,276,53,137
913,276,53,137
913,276,53,137
913,276,53,137
913,276,53,137
913,276,53,137
913,276,53,137
913,276,53,137
913,276,53,137
913,276,53,137
913,276,53,137
913,276,53,137
913,276,53,137
913,276,53,137
913,277,53,134
913,277,53,134
913,277,53,134
913,277,53,134
913,277,53,134
913,277,53,134
913,277,53,134
913,277,53,134
913,277,53,134
913,277,53,134
913,277,53,134
913,277,53,134
913,277,53,134
913,277,53,134
913,277,53,134
918,271,46,139
918,272,46,139
918,273,46,139
918,274,46,139
918,275,46,139
918,276,46,139
918,277,46,139
918,278,46,139
918,279,46,139
918,280,46,139
918,281,46,139
918,282,46,139
918,283,46,139
918,284,46,139
918,285,46,139
915,279,49,141
915,279,49,141
915,279,49,141
915,279,49,141
915,279,49,141
915,279,49,141
915,279,49,141
915,279,49,141
915,279,49,141
915,279,49,141
915,279,49,141
915,279,49,141
915,279,49,141
915,279,49,141
915,279,49,141
915,277,54,146
915,278,54,146
915,279,54,146
915,280,54,146
915,281,54,146
915,282,54,146
915,283,54,146
915,284,54,146
915,285,54,146
915,286,54,146
915,287,54,146
915,288,54,146
915,289,54,146
915,290,54,146
915,291,54,146
918,288,56,151
918,288,56,151
918,288,56,151
918,288,56,151
918,288,56,151
918,288,56,151
918,288,56,151
918,288,56,151
918,288,56,151
918,288,56,151
918,288,56,151
918,288,56,151
918,288,56,151
918,288,56,151
918,288,56,151
925,292,61,147
926,293,61,147
927,294,61,147
928,295,61,147
929,296,61,147
930,297,61,147
931,298,61,147
932,299,61,147
933,300,61,147
934,301,61,147
935,302,61,147
936,303,61,147
937,304,61,147
938,305,61,147
939,306,61,147
941,302,57,146
941,302,59,147
941,302,61,148
941,302,63,149
941,302,65,150
941,302,67,151
941,302,69,152
941,302,71,153
941,302,73,154
941,302,75,155
941,302,77,156
941,302,79,157
941,302,81,158
941,302,83,159
941,302,85,160
934,296,81,164
934,295,81,167
934,294,81,170
934,293,81,173
934,292,81,176
934,291,81,179
934,290,81,182
934,289,81,185
934,288,81,188
934,287,81,191
934,286,81,194
934,285,81,197
934,284,81,200
934,283,81,203
934,282,81,206
939,288,80,215
937,291,81,216
935,294,82,217
933,297,83,218
931,300,84,219
929,303,85,220
927,306,86,221
925,309,87,222
923,312,88,223
921,315,89,224
919,318,90,225
917,321,91,226
915,324,92,227
913,327,93,228
911,330,94,229
912,328,90,237
909,330,91,237
906,332,92,237
903,334,93,237
900,336,94,237
897,338,95,237
894,340,96,237
891,342,97,237
888,344,98,237
885,346,99,237
882,348,100,237
879,350,101,237
876,352,102,237
873,354,103,237
870,356,104,237
867,364,111,230
864,366,114,234
861,368,117,238
858,370,120,242
855,372,123,246
852,374,126,250
849,376,129,254
846,378,132,258
843,380,135,262
840,382,138,266
837,384,141,270
834,386,144,274
831,388,147,278
828,390,150,282
825,392,153,286
819,394,157,285
818,393,156,286
817,392,155,287
816,391,154,288
815,390,153,289
814,389,152,290
813,388,151,291
812,387,150,292
811,386,149,293
810,385,148,294
809,384,147,295
808,383,146,296
807,382,145,297
806,381,144,298
805,380,143,299
809,385,140,297
813,385,139,296
817,385,138,295
821,385,137,294
825,385,136,293
829,385,135,292
833,385,134,291
837,385,133,290
841,385,132,289
845,385,131,288
849,385,130,287
853,385,129,286
857,385,128,285
861,385,127,284
865,385,126,283
872,381,131,279
873,385,132,279
874,389,133,279
875,393,134,279
876,397,135,279
877,401,136,279
878,405,137,279
879,409,138,279
880,413,139,279
881,417,140,279
882,421,141,279
883,425,142,279
884,429,143,279
885,433,144,279
886,437,145,279
886,441,140,272
881,443,142,277
876,445,144,282
871,447,146,287
866,449,148,292
861,451,150,297
856,453,152,302
851,455,154,307
846,457,156,312
841,459,158,317
836,461,160,322
831,463,162,327
826,465,164,332
821,467,166,337
816,469,168,342
817,475,174,343
