1125,405,73,198
1125,405,73,197
1125,405,73,196
1125,405,73,195
1125,405,73,194
1125,405,73,193
1125,405,73,192
1125,405,73,191
1125,405,73,190
1125,405,73,189
1125,405,73,188
1125,405,73,187
1125,405,73,186
1125,405,73,185
1125,405,73,184
1127,405,77,190
1127,405,77,190
1127,405,77,190
1127,405,77,190
1127,405,77,190
1127,405,77,190
1127,405,77,190
1127,405,77,190
1127,405,77,190
1127,405,77,190
1127,405,77,190
1127,405,77,190
1127,405,77,190
1127,405,77,190
1127,405,77,190
1122,409,82,183
1122,408,81,184
1122,407,80,185
1122,406,79,186
1122,405,78,187
1122,404,77,188
1122,403,76,189
1122,402,75,190
1122,401,74,191
1122,400,73,192
1122,399,72,193
1122,398,71,194
1122,397,70,195
1122,396,69,196
1122,395,68,197
1122,399,73,201
1122,399,73,200
1122,399,73,199
1122,399,73,198
1122,399,73,197
1122,399,73,196
1122,399,73,195
1122,399,73,194
1122,399,73,193
1122,399,73,192
1122,399,73,191
1122,399,73,190
1122,399,73,189
1122,399,73,188
1122,399,73,187
1120,401,67,192
1120,401,66,192
1120,401,65,192
1120,401,64,192
1120,401,63,192
1120,401,62,192
1120,401,61,192
1120,401,60,192
1120,401,59,192
1120,401,58,192
1120,401,57,192
1120,401,56,192
1120,401,55,192
1120,401,54,192
1120,401,53,192
1120,399,58,194
1120,399,58,194
1120,399,58,194
1120,399,58,194
1120,399,58,194
1120,399,58,194
1120,399,58,194
1120,399,58,194
1120,399,58,194
1120,399,58,194
1120,399,58,194
1120,399,58,194
1120,399,58,194
1120,399,58,194
1120,399,58,194
1116,399,63,196
1116,399,63,196
1116,399,63,196
1116,399,63,196
1116,399,63,196
1116,399,63,196
1116,399,63,196
1116,399,63,196
1116,399,63,196
1116,399,63,196
1116,399,63,196
1116,399,63,196
1116,399,63,196
1116,399,63,196
1116,399,63,196
1118,399,60,196
1118,399,60,196
1118,399,60,196
1118,399,60,196
1118,399,60,196
1118,399,60,196
1118,399,60,196
1118,399,60,196
1118,399,60,196
1118,399,60,196
1118,399,60,196
1118,399,60,196
1118,399,60,196
1118,399,60,196
1118,399,60,196
1118,396,67,202
1118,396,67,202
1118,396,67,202
1118,396,67,202
1118,396,67,202
1118,396,67,202
1118,396,67,202
1118,396,67,202
1118,396,67,202
1118,396,67,202
1118,396,67,202
1118,396,67,202
1118,396,67,202
1118,396,67,202
1118,396,67,202
1114,399,69,196
1114,399,69,195
1114,399,69,194
1114,399,69,193
1114,399,69,192
1114,399,69,191
1114,399,69,190
1114,399,69,189
1114,399,69,188
1114,399,69,187
1114,399,69,186
1114,399,69,185
1114,399,69,184
1114,399,69,183
1114,399,69,182
1118,402,63,188
1118,402,63,189
1118,402,63,190
1118,402,63,191
1118,402,63,192
1118,402,63,193
1118,402,63,194
1118,402,63,195
1118,402,63,196
1118,402,63,197
1118,402,63,198
1118,402,63,199
1118,402,63,200
1118,402,63,201
1118,402,63,202
1116,397,62,198
1116,397,62,198
1116,397,62,198
1116,397,62,198
1116,397,62,198
1116,397,62,198
1116,397,62,198
1116,397,62,198
1116,397,62,198
1116,397,62,198
1116,397,62,198
1116,397,62,198
1116,397,62,198
1116,397,62,198
1116,397,62,198
1116,401,63,196
1116,401,63,196
1116,401,63,196
1116,401,63,196
1116,401,63,196
1116,401,63,196
1116,401,63,196
1116,401,63,196
1116,401,63,196
1116,401,63,196
1116,401,63,196
1116,401,63,196
1116,401,63,196
1116,401,63,196
1116,401,63,196
1116,401,69,196
1116,401,68,196
1116,401,67,196
1116,401,66,196
1116,401,65,196
1116,401,64,196
1116,401,63,196
1116,401,62,196
1116,401,61,196
1116,401,60,196
1116,401,59,196
1116,401,58,196
1116,401,57,196
1116,401,56,196
1116,401,55,196
1118,399,60,198
1118,399,60,198
1118,399,60,198
1118,399,60,198
1118,399,60,198
1118,399,60,198
1118,399,60,198
1118,399,60,198
1118,399,60,198
1118,399,60,198
1118,399,60,198
1118,399,60,198
1118,399,60,198
1118,399,60,198
1118,399,60,198
1125,401,56,192
1125,401,56,192
1125,401,56,192
1125,401,56,192
1125,401,56,192
1125,401,56,192
1125,401,56,192
1125,401,56,192
1125,401,56,192
1125,401,56,192
1125,401,56,192
1125,401,56,192
1125,401,56,192
1125,401,56,192
1125,401,56,192
1120,401,63,196
1120,401,63,196
1120,401,63,196
1120,401,63,196
1120,401,63,196
1120,401,63,196
1120,401,63,196
1120,401,63,196
1120,401,63,196
1120,401,63,196
1120,401,63,196
1120,401,63,196
1120,401,63,196
1120,401,63,196
1120,401,63,196
1120,407,67,193
1120,407,68,192
1120,407,69,191
1120,407,70,190
1120,407,71,189
1120,407,72,188
1120,407,73,187
1120,407,74,186
1120,407,75,185
1120,407,76,184
1120,407,77,183
1120,407,78,182
1120,407,79,181
1120,407,80,180
1120,407,81,179
1125,412,77,185
1126,414,78,185
1127,416,79,185
1128,418,80,185
1129,420,81,185
1130,422,82,185
1131,424,83,185
1132,426,84,185
1133,428,85,185
1134,430,86,185
1135,432,87,185
1136,434,88,185
1137,436,89,185
1138,438,90,185
1139,440,91,185
1139,435,92,181
1140,436,92,181
1141,437,92,181
1142,438,92,181
1143,439,92,181
1144,440,92,181
1145,441,92,181
1146,442,92,181
1147,443,92,181
1148,444,92,181
1149,445,92,181
1150,446,92,181
1151,447,92,181
1152,448,92,181
1153,449,92,181
1152,453,96,183
1152,452,97,187
1152,451,98,191
1152,450,99,195
1152,449,100,199
1152,448,101,203
1152,447,102,207
1152,446,103,211
1152,445,104,215
1152,444,105,219
1152,443,106,223
1152,442,107,227
1152,441,108,231
1152,440,109,235
1152,439,110,239
1159,437,106,237
1159,439,106,237
1159,441,106,237
1159,443,106,237
1159,445,106,237
1159,447,106,237
1159,449,106,237
1159,451,106,237
1159,453,106,237
1159,455,106,237
1159,457,106,237
1159,459,106,237
1159,461,106,237
1159,463,106,237
1159,465,106,237
1154,462,99,242
1152,464,100,245
1150,466,101,248
1148,468,102,251
1146,470,103,254
1144,472,104,257
1142,474,105,260
1140,476,106,263
1138,478,107,266
1136,480,108,269
1134,482,109,272
1132,484,110,275
1130,486,111,278
1128,488,112,281
1126,490,113,284
1118,499,111,289
1113,503,117,292
1108,507,123,295
1103,511,129,298
1098,515,135,301
1093,519,141,304
1088,523,147,307
1083,527,153,310
1078,531,159,313
1073,535,165,316
1068,539,171,319
1063,543,177,322
1058,547,183,325
1053,551,189,328
1048,555,195,331
1046,554,207,328
1043,554,209,330
1040,554,211,332
1037,554,213,334
1034,554,215,336
1031,554,217,338
1028,554,219,340
1025,554,221,342
1022,554,223,344
1019,554,225,346
1016,554,227,348
1013,554,229,350
1010,554,231,352
1007,554,233,354
1004,554,235,356
1004,554,236,363
1008,554,232,361
1012,554,228,359
1016,554,224,357
1020,554,220,355
1024,554,216,353
1028,554,212,351
1032,554,208,349
1036,554,204,347
1040,554,200,345
1044,554,196,343
1048,554,192,341
1052,554,188,339
1056,554,184,337
1060,554,180,335
1068,548,178,334
1072,550,175,333
1076,552,172,332
1080,554,169,331
1084,556,166,330
1088,558,163,329
1092,560,160,328
1096,562,157,327
1100,564,154,326
1104,566,151,325
1108,568,148,324
1112,570,145,323
1116,572,142,322
1120,574,139,321
1124,576,136,320
1131,583,137,315
1131,589,139,313
1131,595,141,311
1131,601,143,309
1131,607,145,307
1131,613,147,305
1131,619,149,303
1131,625,151,301
1131,631,153,299
1131,637,155,297
1131,643,157,295
1131,649,159,293
1131,655,161,291
1131,661,163,289
1131,667,165,287
1135,673,160,283
1121,671,165,285
1107,669,170,287
1093,667,175,289
1079,665,180,291
1065,663,185,293
1051,661,190,295
1037,659,195,297
1023,657,200,299
1009,655,205,301
995,653,210,303
981,651,215,305
967,649,220,307
953,647,225,309
939,645,230,311
930,645,238,311
916,636,240,320
902,627,242,329
888,618,244,338
874,609,246,347
860,600,248,356
846,591,250,365
832,582,252,374
818,573,254,383
804,564,256,392
790,555,258,401
776,546,260,410
762,537,262,419
748,528,264,428
734,519,266,437
722,512,268,444
