1056,278,66,132
1056,278,65,132
1056,278,64,132
1056,278,63,132
1056,278,62,132
1056,278,61,132
1056,278,60,132
1056,278,59,132
1056,278,58,132
1056,278,57,132
1056,278,56,132
1056,278,55,132
1056,278,54,132
1056,278,53,132
1056,278,52,132
1056,281,58,128
1056,281,59,128
1056,281,60,128
1056,281,61,128
1056,281,62,128
1056,281,63,128
1056,281,64,128
1056,281,65,128
1056,281,66,128
1056,281,67,128
1056,281,68,128
1056,281,69,128
1056,281,70,128
1056,281,71,128
1056,281,72,128
1058,281,66,133
1058,281,65,134
1058,281,64,135
1058,281,63,136
1058,281,62,137
1058,281,61,138
1058,281,60,139
1058,281,59,140
1058,281,58,141
1058,281,57,142
1058,281,56,143
1058,281,55,144
1058,281,54,145
1058,281,53,146
1058,281,52,147
1058,278,58,142
1058,278,58,142
1058,278,58,142
1058,278,58,142
1058,278,58,142
1058,278,58,142
1058,278,58,142
1058,278,58,142
1058,278,58,142
1058,278,58,142
1058,278,58,142
1058,278,58,142
1058,278,58,142
1058,278,58,142
1058,278,58,142
1056,273,52,141
1056,273,52,141
1056,273,52,141
1056,273,52,141
1056,273,52,141
1056,273,52,141
1056,273,52,141
1056,273,52,141
1056,273,52,141
1056,273,52,141
1056,273,52,141
1056,273,52,141
1056,273,52,141
1056,273,52,141
1056,273,52,141
1056,276,48,134
1056,276,48,134
1056,276,48,134
1056,276,48,134
1056,276,48,134
1056,276,48,134
1056,276,48,134
1056,276,48,134
1056,276,48,134
1056,276,48,134
1056,276,48,134
1056,276,48,134
1056,276,48,134
1056,276,48,134
1056,276,48,134
1054,269,50,137
1054,269,50,136
1054,269,50,135
1054,269,50,134
1054,269,50,133
1054,269,50,132
1054,269,50,131
1054,269,50,130
1054,269,50,129
1054,269,50,128
1054,269,50,127
1054,269,50,126
1054,269,50,125
1054,269,50,124
1054,269,50,123
1051,275,49,128
1051,275,49,128
1051,275,49,128
1051,275,49,128
1051,275,49,128
1051,275,49,128
1051,275,49,128
1051,275,49,128
1051,275,49,128
1051,275,49,128
1051,275,49,128
1051,275,49,128
1051,275,49,128
1051,275,49,128
1051,275,49,128
1051,275,53,129
1051,275,53,129
1051,275,53,129
1051,275,53,129
1051,275,53,129
1051,275,53,129
1051,275,53,129
1051,275,53,129
1051,275,53,129
1051,275,53,129
1051,275,53,129
1051,275,53,129
1051,275,53,129
1051,275,53,129
1051,275,53,129
1056,276,46,134
1056,276,46,134
1056,276,46,134
1056,276,46,134
1056,276,46,134
1056,276,46,134
1056,276,46,134
1056,276,46,134
1056,276,46,134
1056,276,46,134
1056,276,46,134
1056,276,46,134
1056,276,46,134
1056,276,46,134
1056,276,46,134
1058,273,44,136
1058,273,44,136
1058,273,44,136
1058,273,44,136
1058,273,44,136
1058,273,44,136
1058,273,44,136
1058,273,44,136
1058,273,44,136
1058,273,44,136
1058,273,44,136
1058,273,44,136
1058,273,44,136
1058,273,44,136
1058,273,44,136
1056,280,46,132
1056,280,46,132
1056,280,46,132
1056,280,46,132
1056,280,46,132
1056,280,46,132
1056,280,46,132
1056,280,46,132
1056,280,46,132
1056,280,46,132
1056,280,46,132
1056,280,46,132
1056,280,46,132
1056,280,46,132
1056,280,46,132
1054,278,48,132
1054,278,48,132
1054,278,48,132
1054,278,48,132
1054,278,48,132
1054,278,48,132
1054,278,48,132
1054,278,48,132
1054,278,48,132
1054,278,48,132
1054,278,48,132
1054,278,48,132
1054,278,48,132
1054,278,48,132
1054,278,48,132
1058,276,44,131
1058,276,44,131
1058,276,44,131
1058,276,44,131
1058,276,44,131
1058,276,44,131
1058,276,44,131
1058,276,44,131
1058,276,44,131
1058,276,44,131
1058,276,44,131
1058,276,44,131
1058,276,44,131
1058,276,44,131
1058,276,44,131
1056,275,48,132
1056,275,48,133
1056,275,48,134
1056,275,48,135
1056,275,48,136
1056,275,48,137
1056,275,48,138
1056,275,48,139
1056,275,48,140
1056,275,48,141
1056,275,48,142
1056,275,48,143
1056,275,48,144
1056,275,48,145
1056,275,48,146
1060,273,48,141
1060,273,48,141
1060,273,48,141
1060,273,48,141
1060,273,48,141
1060,273,48,141
1060,273,48,141
1060,273,48,141
1060,273,48,141
1060,273,48,141
1060,273,48,141
1060,273,48,141
1060,273,48,141
1060,273,48,141
1060,273,48,141
1058,275,44,139
1058,275,44,139
1058,275,44,139
1058,275,44,139
1058,275,44,139
1058,275,44,139
1058,275,44,139
1058,275,44,139
1058,275,44,139
1058,275,44,139
1058,275,44,139
1058,275,44,139
1058,275,44,139
1058,275,44,139
1058,275,44,139
1054,276,50,138
1054,276,50,138
1054,276,50,138
1054,276,50,138
1054,276,50,138
1054,276,50,138
1054,276,50,138
1054,276,50,138
1054,276,50,138
1054,276,50,138
1054,276,50,138
1054,276,50,138
1054,276,50,138
1054,276,50,138
1054,276,50,138
1058,281,56,131
1059,281,56,131
1060,281,56,131
1061,281,56,131
1062,281,56,131
1063,281,56,131
1064,281,56,131
1065,281,56,131
1066,281,56,131
1067,281,56,131
1068,281,56,131
1069,281,56,131
1070,281,56,131
1071,281,56,131
1072,281,56,131
1070,288,60,134
1071,289,59,134
1072,290,58,134
1073,291,57,134
1074,292,56,134
1075,293,55,134
1076,294,54,134
1077,295,53,134
1078,296,52,134
1079,297,51,134
1080,298,50,134
1081,299,49,134
1082,300,48,134
1083,301,47,134
1084,302,46,134
1088,297,52,131
1089,297,53,133
1090,297,54,135
1091,297,55,137
1092,297,56,139
1093,297,57,141
1094,297,58,143
1095,297,59,145
1096,297,60,147
1097,297,61,149
1098,297,62,151
1099,297,63,153
1100,297,64,155
1101,297,65,157
1102,297,66,159
1097,291,60,165
1097,292,61,167
1097,293,62,169
1097,294,63,171
1097,295,64,173
1097,296,65,175
1097,297,66,177
1097,298,67,179
1097,299,68,181
1097,300,69,183
1097,301,70,185
1097,302,71,187
1097,303,72,189
1097,304,73,191
1097,305,74,193
1092,305,73,191
1091,306,73,193
1090,307,73,195
1089,308,73,197
1088,309,73,199
1087,310,73,201
1086,311,73,203
1085,312,73,205
1084,313,73,207
1083,314,73,209
1082,315,73,211
1081,316,73,213
1080,317,73,215
1079,318,73,217
1078,319,73,219
1070,326,79,216
1067,328,83,217
1064,330,87,218
1061,332,91,219
1058,334,95,220
1055,336,99,221
1052,338,103,222
1049,340,107,223
1046,342,111,224
1043,344,115,225
1040,346,119,226
1037,348,123,227
1034,350,127,228
1031,352,131,229
1028,354,135,230
1025,362,144,232
1024,362,142,233
1023,362,140,234
1022,362,138,235
1021,362,136,236
1020,362,134,237
1019,362,132,238
1018,362,130,239
1017,362,128,240
1016,362,126,241
1015,362,124,242
1014,362,122,243
1013,362,120,244
1012,362,118,245
1011,362,116,246
1015,362,109,243
1018,362,109,243
1021,362,109,243
1024,362,109,243
1027,362,109,243
1030,362,109,243
1033,362,109,243
1036,362,109,243
1039,362,109,243
1042,362,109,243
1045,362,109,243
1048,362,109,243
1051,362,109,243
1054,362,109,243
1057,362,109,243
1056,357,109,247
1057,359,109,245
1058,361,109,243
1059,363,109,241
1060,365,109,239
1061,367,109,237
1062,369,109,235
1063,371,109,233
1064,373,109,231
1065,375,109,229
1066,377,109,227
1067,379,109,225
1068,381,109,223
1069,383,109,221
1070,385,109,219
1078,386,112,219
1078,389,113,223
1078,392,114,227
1078,395,115,231
1078,398,116,235
1078,401,117,239
1078,404,118,243
1078,407,119,247
1078,410,120,251
1078,413,121,255
1078,416,122,259
1078,419,123,263
1078,422,124,267
1078,425,125,271
1078,428,126,275
1074,432,120,278
1065,430,123,282
1056,428,126,286
1047,426,129,290
1038,424,132,294
1029,422,135,298
1020,420,138,302
1011,418,141,306
1002,416,144,310
993,414,147,314
984,412,150,318
975,410,153,322
966,408,156,326
957,406,159,330
948,404,162,334
945,403,159,338
936,398,160,348
927,393,161,358
918,388,162,368
909,383,163,378
900,378,164,388
891,373,165,398
882,368,166,408
873,363,167,418
864,358,168,428
855,353,169,438
846,348,170,448
837,343,171,458
828,338,172,468
819,333,173,478
808,330,179,490
