1161,370,64,146
1161,370,64,146
1161,370,64,146
1161,370,64,146
1161,370,64,146
1161,370,64,146
1161,370,64,146
1161,370,64,146
1161,370,64,146
1161,370,64,146
1161,370,64,146
1161,370,64,146
1161,370,64,146
1161,370,64,146
1161,370,64,146
1161,368,58,145
1161,368,58,145
1161,368,58,145
1161,368,58,145
1161,368,58,145
1161,368,58,145
1161,368,58,145
1161,368,58,145
1161,368,58,145
1161,368,58,145
1161,368,58,145
1161,368,58,145
1161,368,58,145
1161,368,58,145
1161,368,58,145
1154,367,57,147
1154,367,57,147
1154,367,57,147
1154,367,57,147
1154,367,57,147
1154,367,57,147
1154,367,57,147
1154,367,57,147
1154,367,57,147
1154,367,57,147
1154,367,57,147
1154,367,57,147
1154,367,57,147
1154,367,57,147
1154,367,57,147
1159,371,55,142
1159,371,55,142
1159,371,55,142
1159,371,55,142
1159,371,55,142
1159,371,55,142
1159,371,55,142
1159,371,55,142
1159,371,55,142
1159,371,55,142
1159,371,55,142
1159,371,55,142
1159,371,55,142
1159,371,55,142
1159,371,55,142
1156,370,53,144
1156,370,53,144
1156,370,53,144
1156,370,53,144
1156,370,53,144
1156,370,53,144
1156,370,53,144
1156,370,53,144
1156,370,53,144
1156,370,53,144
1156,370,53,144
1156,370,53,144
1156,370,53,144
1156,370,53,144
1156,370,53,144
1153,373,51,137
1153,373,51,137
1153,373,51,137
1153,373,51,137
1153,373,51,137
1153,373,51,137
1153,373,51,137
1153,373,51,137
1153,373,51,137
1153,373,51,137
1153,373,51,137
1153,373,51,137
1153,373,51,137
1153,373,51,137
1153,373,51,137
1154,373,50,138
1154,373,50,138
1154,373,50,138
1154,373,50,138
1154,373,50,138
1154,373,50,138
1154,373,50,138
1154,373,50,138
1154,373,50,138
1154,373,50,138
1154,373,50,138
1154,373,50,138
1154,373,50,138
1154,373,50,138
1154,373,50,138
1154,368,55,145
1154,369,55,144
1154,370,55,143
1154,371,55,142
1154,372,55,141
1154,373,55,140
1154,374,55,139
1154,375,55,138
1154,376,55,137
1154,377,55,136
1154,378,55,135
1154,379,55,134
1154,380,55,133
1154,381,55,132
1154,382,55,131
1156,377,53,137
1156,377,53,137
1156,377,53,137
1156,377,53,137
1156,377,53,137
1156,377,53,137
1156,377,53,137
1156,377,53,137
1156,377,53,137
1156,377,53,137
1156,377,53,137
1156,377,53,137
1156,377,53,137
1156,377,53,137
1156,377,53,137
1151,374,58,139
1151,374,58,139
1151,374,58,139
1151,374,58,139
1151,374,58,139
1151,374,58,139
1151,374,58,139
1151,374,58,139
1151,374,58,139
1151,374,58,139
1151,374,58,139
1151,374,58,139
1151,374,58,139
1151,374,58,139
1151,374,58,139
1156,368,55,146
1156,368,55,146
1156,368,55,146
1156,368,55,146
1156,368,55,146
1156,368,55,146
1156,368,55,146
1156,368,55,146
1156,368,55,146
1156,368,55,146
1156,368,55,146
1156,368,55,146
1156,368,55,146
1156,368,55,146
1156,368,55,146
1154,370,55,146
1154,370,55,146
1154,370,55,146
1154,370,55,146
1154,370,55,146
1154,370,55,146
1154,370,55,146
1154,370,55,146
1154,370,55,146
1154,370,55,146
1154,370,55,146
1154,370,55,146
1154,370,55,146
1154,370,55,146
1154,370,55,146
1154,374,58,139
1154,374,58,139
1154,374,58,139
1154,374,58,139
1154,374,58,139
1154,374,58,139
1154,374,58,139
1154,374,58,139
1154,374,58,139
1154,374,58,139
1154,374,58,139
1154,374,58,139
1154,374,58,139
1154,374,58,139
1154,374,58,139
1156,376,55,143
1157,376,55,143
1158,376,55,143
1159,376,55,143
1160,376,55,143
1161,376,55,143
1162,376,55,143
1163,376,55,143
1164,376,55,143
1165,376,55,143
1166,376,55,143
1167,376,55,143
1168,376,55,143
1169,376,55,143
1170,376,55,143
1165,380,61,137
1166,381,61,136
1167,382,61,135
1168,383,61,134
1169,384,61,133
1170,385,61,132
1171,386,61,131
1172,387,61,130
1173,388,61,129
1174,389,61,128
1175,390,61,127
1176,391,61,126
1177,392,61,125
1178,393,61,124
1179,394,61,123
1180,395,65,128
1181,395,66,130
1182,395,67,132
1183,395,68,134
1184,395,69,136
1185,395,70,138
1186,395,71,140
1187,395,72,142
1188,395,73,144
1189,395,74,146
1190,395,75,148
1191,395,76,150
1192,395,77,152
1193,395,78,154
1194,395,79,156
1189,392,74,163
1188,393,75,164
1187,394,76,165
1186,395,77,166
1185,396,78,167
1184,397,79,168
1183,398,80,169
1182,399,81,170
1181,400,82,171
1180,401,83,172
1179,402,84,173
1178,403,85,174
1177,404,86,175
1176,405,87,176
1175,406,88,177
1170,403,82,177
1166,406,85,182
1162,409,88,187
1158,412,91,192
1154,415,94,197
1150,418,97,202
1146,421,100,207
1142,424,103,212
1138,427,106,217
1134,430,109,222
1130,433,112,227
1126,436,115,232
1122,439,118,237
1118,442,121,242
1114,445,124,247
1113,448,129,246
1112,450,129,247
1111,452,129,248
1110,454,129,249
1109,456,129,250
1108,458,129,251
1107,460,129,252
1106,462,129,253
1105,464,129,254
1104,466,129,255
1103,468,129,256
1102,470,129,257
1101,472,129,258
1100,474,129,259
1099,476,129,260
1095,472,136,266
1098,471,136,266
1101,470,136,266
1104,469,136,266
1107,468,136,266
1110,467,136,266
1113,466,136,266
1116,465,136,266
1119,464,136,266
1122,463,136,266
1125,462,136,266
1128,461,136,266
1131,460,136,266
1134,459,136,266
1137,458,136,266
1135,464,131,265
1136,469,131,263
1137,474,131,261
1138,479,131,259
1139,484,131,257
1140,489,131,255
1141,494,131,253
1142,499,131,251
1143,504,131,249
1144,509,131,247
1145,514,131,245
1146,519,131,243
1147,524,131,241
1148,529,131,239
1149,534,131,237
1149,536,127,238
1141,536,130,242
1133,536,133,246
1125,536,136,250
1117,536,139,254
1109,536,142,258
1101,536,145,262
1093,536,148,266
1085,536,151,270
1077,536,154,274
1069,536,157,278
1061,536,160,282
1053,536,163,286
1045,536,166,290
1037,536,169,294
1028,540,176,297
1013,534,177,310
998,528,178,323
983,522,179,336
968,516,180,349
953,510,181,362
938,504,182,375
923,498,183,388
908,492,184,401
893,486,185,414
878,480,186,427
863,474,187,440
848,468,188,453
833,462,189,466
818,456,190,479
803,443,193,488
