1064,280,60,131
1064,280,60,131
1064,280,60,131
1064,280,60,131
1064,280,60,131
1064,280,60,131
1064,280,60,131
1064,280,60,131
1064,280,60,131
1064,280,60,131
1064,280,60,131
1064,280,60,131
1064,280,60,131
1064,280,60,131
1064,280,60,131
1057,278,60,128
1057,278,59,128
1057,278,58,128
1057,278,57,128
1057,278,56,128
1057,278,55,128
1057,278,54,128
1057,278,53,128
1057,278,52,128
1057,278,51,128
1057,278,50,128
1057,278,49,128
1057,278,48,128
1057,278,47,128
1057,278,46,128
1062,281,51,125
1062,281,52,126
1062,281,53,127
1062,281,54,128
1062,281,55,129
1062,281,56,130
1062,281,57,131
1062,281,58,132
1062,281,59,133
1062,281,60,134
1062,281,61,135
1062,281,62,136
1062,281,63,137
1062,281,64,138
1062,281,65,139
1057,280,60,133
1057,280,60,133
1057,280,60,133
1057,280,60,133
1057,280,60,133
1057,280,60,133
1057,280,60,133
1057,280,60,133
1057,280,60,133
1057,280,60,133
1057,280,60,133
1057,280,60,133
1057,280,60,133
1057,280,60,133
1057,280,60,133
1057,277,58,139
1057,277,57,138
1057,277,56,137
1057,277,55,136
1057,277,54,135
1057,277,53,134
1057,277,52,133
1057,277,51,132
1057,277,50,131
1057,277,49,130
1057,277,48,129
1057,277,47,128
1057,277,46,127
1057,277,45,126
1057,277,44,125
1062,280,48,130
1062,280,48,130
1062,280,48,130
1062,280,48,130
1062,280,48,130
1062,280,48,130
1062,280,48,130
1062,280,48,130
1062,280,48,130
1062,280,48,130
1062,280,48,130
1062,280,48,130
1062,280,48,130
1062,280,48,130
1062,280,48,130
1055,275,46,131
1055,275,46,131
1055,275,46,131
1055,275,46,131
1055,275,46,131
1055,275,46,131
1055,275,46,131
1055,275,46,131
1055,275,46,131
1055,275,46,131
1055,275,46,131
1055,275,46,131
1055,275,46,131
1055,275,46,131
1055,275,46,131
1059,281,46,129
1059,281,46,129
1059,281,46,129
1059,281,46,129
1059,281,46,129
1059,281,46,129
1059,281,46,129
1059,281,46,129
1059,281,46,129
1059,281,46,129
1059,281,46,129
1059,281,46,129
1059,281,46,129
1059,281,46,129
1059,281,46,129
1052,280,49,128
1052,280,49,128
1052,280,49,128
1052,280,49,128
1052,280,49,128
1052,280,49,128
1052,280,49,128
1052,280,49,128
1052,280,49,128
1052,280,49,128
1052,280,49,128
1052,280,49,128
1052,280,49,128
1052,280,49,128
1052,280,49,128
1055,277,51,128
1055,277,51,128
1055,277,51,128
1055,277,51,128
1055,277,51,128
1055,277,51,128
1055,277,51,128
1055,277,51,128
1055,277,51,128
1055,277,51,128
1055,277,51,128
1055,277,51,128
1055,277,51,128
1055,277,51,128
1055,277,51,128
1055,275,51,135
1055,275,51,135
1055,275,51,135
1055,275,51,135
1055,275,51,135
1055,275,51,135
1055,275,51,135
1055,275,51,135
1055,275,51,135
1055,275,51,135
1055,275,51,135
1055,275,51,135
1055,275,51,135
1055,275,51,135
1055,275,51,135
1055,275,51,136
1055,275,51,136
1055,275,51,136
1055,275,51,136
1055,275,51,136
1055,275,51,136
1055,275,51,136
1055,275,51,136
1055,275,51,136
1055,275,51,136
1055,275,51,136
1055,275,51,136
1055,275,51,136
1055,275,51,136
1055,275,51,136
1057,275,46,136
1057,275,46,136
1057,275,46,136
1057,275,46,136
1057,275,46,136
1057,275,46,136
1057,275,46,136
1057,275,46,136
1057,275,46,136
1057,275,46,136
1057,275,46,136
1057,275,46,136
1057,275,46,136
1057,275,46,136
1057,275,46,136
1055,275,46,131
1055,275,46,131
1055,275,46,131
1055,275,46,131
1055,275,46,131
1055,275,46,131
1055,275,46,131
1055,275,46,131
1055,275,46,131
1055,275,46,131
1055,275,46,131
1055,275,46,131
1055,275,46,131
1055,275,46,131
1055,275,46,131
1059,275,51,135
1059,275,51,135
1059,275,51,135
1059,275,51,135
1059,275,51,135
1059,275,51,135
1059,275,51,135
1059,275,51,135
1059,275,51,135
1059,275,51,135
1059,275,51,135
1059,275,51,135
1059,275,51,135
1059,275,51,135
1059,275,51,135
1061,274,49,139
1061,274,49,139
1061,274,49,139
1061,274,49,139
1061,274,49,139
1061,274,49,139
1061,274,49,139
1061,274,49,139
1061,274,49,139
1061,274,49,139
1061,274,49,139
1061,274,49,139
1061,274,49,139
1061,274,49,139
1061,274,49,139
1059,278,44,133
1059,278,44,133
1059,278,44,133
1059,278,44,133
1059,278,44,133
1059,278,44,133
1059,278,44,133
1059,278,44,133
1059,278,44,133
1059,278,44,133
1059,278,44,133
1059,278,44,133
1059,278,44,133
1059,278,44,133
1059,278,44,133
1059,277,44,134
1059,277,45,134
1059,277,46,134
1059,277,47,134
1059,277,48,134
1059,277,49,134
1059,277,50,134
1059,277,51,134
1059,277,52,134
1059,277,53,134
1059,277,54,134
1059,277,55,134
1059,277,56,134
1059,277,57,134
1059,277,58,134
1057,281,58,130
1058,282,57,130
1059,283,56,130
1060,284,55,130
1061,285,54,130
1062,286,53,130
1063,287,52,130
1064,288,51,130
1065,289,50,130
1066,290,49,130
1067,291,48,130
1068,292,47,130
1069,293,46,130
1070,294,45,130
1071,295,44,130
1075,289,49,127
1076,289,49,128
1077,289,49,129
1078,289,49,130
1079,289,49,131
1080,289,49,132
1081,289,49,133
1082,289,49,134
1083,289,49,135
1084,289,49,136
1085,289,49,137
1086,289,49,138
1087,289,49,139
1088,289,49,140
1089,289,49,141
1096,291,51,136
1096,291,52,138
1096,291,53,140
1096,291,54,142
1096,291,55,144
1096,291,56,146
1096,291,57,148
1096,291,58,150
1096,291,59,152
1096,291,60,154
1096,291,61,156
1096,291,62,158
1096,291,63,160
1096,291,64,162
1096,291,65,164
1096,286,68,173
1096,287,68,174
1096,288,68,175
1096,289,68,176
1096,290,68,177
1096,291,68,178
1096,292,68,179
1096,293,68,180
1096,294,68,181
1096,295,68,182
1096,296,68,183
1096,297,68,184
1096,298,68,185
1096,299,68,186
1096,300,68,187
1095,303,72,193
1093,305,72,195
1091,307,72,197
1089,309,72,199
1087,311,72,201
1085,313,72,203
1083,315,72,205
1081,317,72,207
1079,319,72,209
1077,321,72,211
1075,323,72,213
1073,325,72,215
1071,327,72,217
1069,329,72,219
1067,331,72,221
1071,328,75,219
1068,330,79,220
1065,332,83,221
1062,334,87,222
1059,336,91,223
1056,338,95,224
1053,340,99,225
1050,342,103,226
1047,344,107,227
1044,346,111,228
1041,348,115,229
1038,350,119,230
1035,352,123,231
1032,354,127,232
1029,356,131,233
1025,357,142,235
1025,358,140,235
1025,359,138,235
1025,360,136,235
1025,361,134,235
1025,362,132,235
1025,363,130,235
1025,364,128,235
1025,365,126,235
1025,366,124,235
1025,367,122,235
1025,368,120,235
1025,369,118,235
1025,370,116,235
1025,371,114,235
1018,365,106,237
1020,364,107,238
1022,363,108,239
1024,362,109,240
1026,361,110,241
1028,360,111,242
1030,359,112,243
1032,358,113,244
1034,357,114,245
1036,356,115,246
1038,355,116,247
1040,354,117,248
1042,353,118,249
1044,352,119,250
1046,351,120,251
1048,353,128,246
1051,355,127,245
1054,357,126,244
1057,359,125,243
1060,361,124,242
1063,363,123,241
1066,365,122,240
1069,367,121,239
1072,369,120,238
1075,371,119,237
1078,373,118,236
1081,375,117,235
1084,377,116,234
1087,379,115,233
1090,381,114,232
1086,385,117,229
1085,388,119,232
1084,391,121,235
1083,394,123,238
1082,397,125,241
1081,400,127,244
1080,403,129,247
1079,406,131,250
1078,409,133,253
1077,412,135,256
1076,415,137,259
1075,418,139,262
1074,421,141,265
1073,424,143,268
1072,427,145,271
1068,432,149,273
1060,430,150,277
1052,428,151,281
1044,426,152,285
1036,424,153,289
1028,422,154,293
1020,420,155,297
1012,418,156,301
1004,416,157,305
996,414,158,309
988,412,159,313
980,410,160,317
972,408,161,321
964,406,162,325
956,404,163,329
948,405,157,333
939,400,159,344
930,395,161,355
921,390,163,366
912,385,165,377
903,380,167,388
894,375,169,399
885,370,171,410
876,365,173,421
867,360,175,432
858,355,177,443
849,350,179,454
840,345,181,465
831,340,183,476
822,335,185,487
810,323,185,500
