1126,362,52,109
1125,361,52,110
1124,360,52,111
1123,359,52,112
1122,358,52,113
1121,357,52,114
1120,356,52,115
1119,355,52,116
1118,354,52,117
1117,353,52,118
1116,352,52,119
1115,351,52,120
1114,350,52,121
1113,349,52,122
1112,348,52,123
1114,353,55,118
1114,353,55,117
1114,353,55,116
1114,353,55,115
1114,353,55,114
1114,353,55,113
1114,353,55,112
1114,353,55,111
1114,353,55,110
1114,353,55,109
1114,353,55,108
1114,353,55,107
1114,353,55,106
1114,353,55,105
1114,353,55,104
1110,356,59,110
1111,356,59,110
1112,356,59,110
1113,356,59,110
1114,356,59,110
1115,356,59,110
1116,356,59,110
1117,356,59,110
1118,356,59,110
1119,356,59,110
1120,356,59,110
1121,356,59,110
1122,356,59,110
1123,356,59,110
1124,356,59,110
1119,355,52,113
1118,355,52,113
1117,355,52,113
1116,355,52,113
1115,355,52,113
1114,355,52,113
1113,355,52,113
1112,355,52,113
1111,355,52,113
1110,355,52,113
1109,355,52,113
1108,355,52,113
1107,355,52,113
1106,355,52,113
1105,355,52,113
1110,353,57,116
1111,354,56,115
1112,355,55,114
1113,356,54,113
1114,357,53,112
1115,358,52,111
1116,359,51,110
1117,360,50,109
1118,361,49,108
1119,362,48,107
1120,363,47,106
1121,364,46,105
1122,365,45,104
1123,366,44,103
1124,367,43,102
1122,361,47,104
1123,361,47,105
1124,361,47,106
1125,361,47,107
1126,361,47,108
1127,361,47,109
1128,361,47,110
1129,361,47,111
1130,361,47,112
1131,361,47,113
1132,361,47,114
1133,361,47,115
1134,361,47,116
1135,361,47,117
1136,361,47,118
1133,362,48,117
1133,362,49,118
1133,362,50,119
1133,362,51,120
1133,362,52,121
1133,362,53,122
1133,362,54,123
1133,362,55,124
1133,362,56,125
1133,362,57,126
1133,362,58,127
1133,362,59,128
1133,362,60,129
1133,362,61,130
1133,362,62,131
1136,362,70,129
1137,362,70,128
1138,362,70,127
1139,362,70,126
1140,362,70,125
1141,362,70,124
1142,362,70,123
1143,362,70,122
1144,362,70,121
1145,362,70,120
1146,362,70,119
1147,362,70,118
1148,362,70,117
1149,362,70,116
1150,362,70,115
1152,365,66,120
1152,365,66,121
1152,365,66,122
1152,365,66,123
1152,365,66,124
1152,365,66,125
1152,365,66,126
1152,365,66,127
1152,365,66,128
1152,365,66,129
1152,365,66,130
1152,365,66,131
1152,365,66,132
1152,365,66,133
1152,365,66,134
1156,367,67,136
1156,367,67,137
1156,367,67,138
1156,367,67,139
1156,367,67,140
1156,367,67,141
1156,367,67,142
1156,367,67,143
1156,367,67,144
1156,367,67,145
1156,367,67,146
1156,367,67,147
1156,367,67,148
1156,367,67,149
1156,367,67,150
1159,364,63,146
1158,364,63,146
1157,364,63,146
1156,364,63,146
1155,364,63,146
1154,364,63,146
1153,364,63,146
1152,364,63,146
1151,364,63,146
1150,364,63,146
1149,364,63,146
1148,364,63,146
1147,364,63,146
1146,364,63,146
1145,364,63,146
1149,364,59,139
1149,365,60,137
1149,366,61,135
1149,367,62,133
1149,368,63,131
1149,369,64,129
1149,370,65,127
1149,371,66,125
1149,372,67,123
1149,373,68,121
1149,374,69,119
1149,375,70,117
1149,376,71,115
1149,377,72,113
1149,378,73,111
1150,382,68,116
1150,382,68,117
1150,382,68,118
1150,382,68,119
1150,382,68,120
1150,382,68,121
1150,382,68,122
1150,382,68,123
1150,382,68,124
1150,382,68,125
1150,382,68,126
1150,382,68,127
1150,382,68,128
1150,382,68,129
1150,382,68,130
1152,389,66,127
1152,389,66,128
1152,389,66,129
1152,389,66,130
1152,389,66,131
1152,389,66,132
1152,389,66,133
1152,389,66,134
1152,389,66,135
1152,389,66,136
1152,389,66,137
1152,389,66,138
1152,389,66,139
1152,389,66,140
1152,389,66,141
1154,396,69,137
1155,396,69,139
1156,396,69,141
1157,396,69,143
1158,396,69,145
1159,396,69,147
1160,396,69,149
1161,396,69,151
1162,396,69,153
1163,396,69,155
1164,396,69,157
1165,396,69,159
1166,396,69,161
1167,396,69,163
1168,396,69,165
1166,394,75,166
1167,393,75,167
1168,392,75,168
1169,391,75,169
1170,390,75,170
1171,389,75,171
1172,388,75,172
1173,387,75,173
1174,386,75,174
1175,385,75,175
1176,384,75,176
1177,383,75,177
1178,382,75,178
1179,381,75,179
1180,380,75,180
1178,383,80,177
1177,384,83,182
1176,385,86,187
1175,386,89,192
1174,387,92,197
1173,388,95,202
1172,389,98,207
1171,390,101,212
1170,391,104,217
1169,392,107,222
1168,393,110,227
1167,394,113,232
1166,395,116,237
1165,396,119,242
1164,397,122,247
1159,402,122,251
1162,405,122,252
1165,408,122,253
1168,411,122,254
1171,414,122,255
1174,417,122,256
1177,420,122,257
1180,423,122,258
1183,426,122,259
1186,429,122,260
1189,432,122,261
1192,435,122,262
1195,438,122,263
1198,441,122,264
1201,444,122,265
1207,440,116,260
1208,442,120,260
1209,444,124,260
1210,446,128,260
1211,448,132,260
1212,450,136,260
1213,452,140,260
1214,454,144,260
1215,456,148,260
1216,458,152,260
1217,460,156,260
1218,462,160,260
1219,464,164,260
1220,466,168,260
1221,468,172,260
1222,476,173,259
1224,475,172,260
1226,474,171,261
1228,473,170,262
1230,472,169,263
1232,471,168,264
1234,470,167,265
1236,469,166,266
1238,468,165,267
1240,467,164,268
1242,466,163,269
1244,465,162,270
1246,464,161,271
1248,463,160,272
1250,462,159,273
1247,468,160,276
1245,471,163,273
1243,474,166,270
1241,477,169,267
1239,480,172,264
1237,483,175,261
1235,486,178,258
1233,489,181,255
1231,492,184,252
1229,495,187,249
1227,498,190,246
1225,501,193,243
1223,504,196,240
1221,507,199,237
1219,510,202,234
1222,508,204,225
1215,509,200,228
1208,510,196,231
1201,511,192,234
1194,512,188,237
1187,513,184,240
1180,514,180,243
1173,515,176,246
1166,516,172,249
1159,517,168,252
1152,518,164,255
1145,519,160,258
1138,520,156,261
1131,521,152,264
1124,522,148,267
1122,520,147,276
1108,520,150,279
1094,520,153,282
1080,520,156,285
1066,520,159,288
1052,520,162,291
1038,520,165,294
1024,520,168,297
1010,520,171,300
996,520,174,303
982,520,177,306
968,520,180,309
954,520,183,312
940,520,186,315
926,520,189,318
909,514,188,320
