873,265,58,153
873,266,58,151
873,267,58,149
873,268,58,147
873,269,58,145
873,270,58,143
873,271,58,141
873,272,58,139
873,273,58,137
873,274,58,135
873,275,58,133
873,276,58,131
873,277,58,129
873,278,58,127
873,279,58,125
877,286,58,125
877,286,58,125
877,286,58,125
877,286,58,125
877,286,58,125
877,286,58,125
877,286,58,125
877,286,58,125
877,286,58,125
877,286,58,125
877,286,58,125
877,286,58,125
877,286,58,125
877,286,58,125
877,286,58,125
873,283,65,121
872,282,65,123
871,281,65,125
870,280,65,127
869,279,65,129
868,278,65,131
867,277,65,133
866,276,65,135
865,275,65,137
864,274,65,139
863,273,65,141
862,272,65,143
861,271,65,145
860,270,65,147
859,269,65,149
863,263,63,148
862,263,63,148
861,263,63,148
860,263,63,148
859,263,63,148
858,263,63,148
857,263,63,148
856,263,63,148
855,263,63,148
854,263,63,148
853,263,63,148
852,263,63,148
851,263,63,148
850,263,63,148
849,263,63,148
854,265,70,152
855,265,70,151
856,265,70,150
857,265,70,149
858,265,70,148
859,265,70,147
860,265,70,146
861,265,70,145
862,265,70,144
863,265,70,143
864,265,70,142
865,265,70,141
866,265,70,140
867,265,70,139
868,265,70,138
863,265,63,136
864,265,63,136
865,265,63,136
866,265,63,136
867,265,63,136
868,265,63,136
869,265,63,136
870,265,63,136
871,265,63,136
872,265,63,136
873,265,63,136
874,265,63,136
875,265,63,136
876,265,63,136
877,265,63,136
877,269,56,142
876,269,56,142
875,269,56,142
874,269,56,142
873,269,56,142
872,269,56,142
871,269,56,142
870,269,56,142
869,269,56,142
868,269,56,142
867,269,56,142
866,269,56,142
865,269,56,142
864,269,56,142
863,269,56,142
866,265,62,141
867,265,62,141
868,265,62,141
869,265,62,141
870,265,62,141
871,265,62,141
872,265,62,141
873,265,62,141
874,265,62,141
875,265,62,141
876,265,62,141
877,265,62,141
878,265,62,141
879,265,62,141
880,265,62,141
875,268,60,138
876,267,60,137
877,266,60,136
878,265,60,135
879,264,60,134
880,263,60,133
881,262,60,132
882,261,60,131
883,260,60,130
884,259,60,129
885,258,60,128
886,257,60,127
887,256,60,126
888,255,60,125
889,254,60,124
888,258,61,129
888,258,61,130
888,258,61,131
888,258,61,132
888,258,61,133
888,258,61,134
888,258,61,135
888,258,61,136
888,258,61,137
888,258,61,138
888,258,61,139
888,258,61,140
888,258,61,141
888,258,61,142
888,258,61,143
889,263,62,138
890,264,61,137
891,265,60,136
892,266,59,135
893,267,58,134
894,268,57,133
895,269,56,132
896,270,55,131
897,271,54,130
898,272,53,129
899,273,52,128
900,274,51,127
901,275,50,126
902,276,49,125
903,277,48,124
904,272,54,122
904,271,55,122
904,270,56,122
904,269,57,122
904,268,58,122
904,267,59,122
904,266,60,122
904,265,61,122
904,264,62,122
904,263,63,122
904,262,64,122
904,261,65,122
904,260,66,122
904,259,67,122
904,258,68,122
907,262,67,128
907,262,67,129
907,262,67,130
907,262,67,131
907,262,67,132
907,262,67,133
907,262,67,134
907,262,67,135
907,262,67,136
907,262,67,137
907,262,67,138
907,262,67,139
907,262,67,140
907,262,67,141
907,262,67,142
914,265,62,144
914,266,62,143
914,267,62,142
914,268,62,141
914,269,62,140
914,270,62,139
914,271,62,138
914,272,62,137
914,273,62,136
914,274,62,135
914,275,62,134
914,276,62,133
914,277,62,132
914,278,62,131
914,279,62,130
914,276,58,127
914,276,59,127
914,276,60,127
914,276,61,127
914,276,62,127
914,276,63,127
914,276,64,127
914,276,65,127
914,276,66,127
914,276,67,127
914,276,68,127
914,276,69,127
914,276,70,127
914,276,71,127
914,276,72,127
911,279,70,132
911,278,70,132
911,277,70,132
911,276,70,132
911,275,70,132
911,274,70,132
911,273,70,132
911,272,70,132
911,271,70,132
911,270,70,132
911,269,70,132
911,268,70,132
911,267,70,132
911,266,70,132
911,265,70,132
904,268,72,132
904,270,71,131
904,272,70,130
904,274,69,129
904,276,68,128
904,278,67,127
904,280,66,126
904,282,65,125
904,284,64,124
904,286,63,123
904,288,62,122
904,290,61,121
904,292,60,120
904,294,59,119
904,296,58,118
905,294,63,110
905,294,63,110
905,294,63,110
905,294,63,110
905,294,63,110
905,294,63,110
905,294,63,110
905,294,63,110
905,294,63,110
905,294,63,110
905,294,63,110
905,294,63,110
905,294,63,110
905,294,63,110
905,294,63,110
911,299,66,109
911,299,66,111
911,299,66,113
911,299,66,115
911,299,66,117
911,299,66,119
911,299,66,121
911,299,66,123
911,299,66,125
911,299,66,127
911,299,66,129
911,299,66,131
911,299,66,133
911,299,66,135
911,299,66,137
907,294,69,134
907,295,69,135
907,296,69,136
907,297,69,137
907,298,69,138
907,299,69,139
907,300,69,140
907,301,69,141
907,302,69,142
907,303,69,143
907,304,69,144
907,305,69,145
907,306,69,146
907,307,69,147
907,308,69,148
905,307,76,143
906,308,76,144
907,309,76,145
908,310,76,146
909,311,76,147
910,312,76,148
911,313,76,149
912,314,76,150
913,315,76,151
914,316,76,152
915,317,76,153
916,318,76,154
917,319,76,155
918,320,76,156
919,321,76,157
914,318,76,153
914,317,77,154
914,316,78,155
914,315,79,156
914,314,80,157
914,313,81,158
914,312,82,159
914,311,83,160
914,310,84,161
914,309,85,162
914,308,86,163
914,307,87,164
914,306,88,165
914,305,89,166
914,304,90,167
914,310,90,161
915,310,90,161
916,310,90,161
917,310,90,161
918,310,90,161
919,310,90,161
920,310,90,161
921,310,90,161
922,310,90,161
923,310,90,161
924,310,90,161
925,310,90,161
926,310,90,161
927,310,90,161
928,310,90,161
923,305,88,165
922,307,89,167
921,309,90,169
920,311,91,171
919,313,92,173
918,315,93,175
917,317,94,177
916,319,95,179
915,321,96,181
914,323,97,183
913,325,98,185
912,327,99,187
911,329,100,189
910,331,101,191
909,333,102,193
912,329,97,202
914,330,98,206
916,331,99,210
918,332,100,214
920,333,101,218
922,334,102,222
924,335,103,226
926,336,104,230
928,337,105,234
930,338,106,238
932,339,107,242
934,340,108,246
936,341,109,250
938,342,110,254
940,343,111,258
948,347,111,259
949,350,121,261
950,353,131,263
951,356,141,265
952,359,151,267
953,362,161,269
954,365,171,271
955,368,181,273
956,371,191,275
957,374,201,277
958,377,211,279
959,380,221,281
960,383,231,283
961,386,241,285
962,389,251,287
959,399,258,285
959,398,257,287
959,397,256,289
959,396,255,291
959,395,254,293
959,394,253,295
959,393,252,297
959,392,251,299
959,391,250,301
959,390,249,303
959,389,248,305
959,388,247,307
959,387,246,309
959,386,245,311
959,385,244,313
955,386,241,312
956,385,239,313
957,384,237,314
958,383,235,315
959,382,233,316
960,381,231,317
961,380,229,318
962,379,227,319
963,378,225,320
964,377,223,321
965,376,221,322
966,375,219,323
967,374,217,324
968,373,215,325
969,372,213,326
967,377,218,327
966,379,221,326
965,381,224,325
964,383,227,324
963,385,230,323
962,387,233,322
961,389,236,321
960,391,239,320
959,393,242,319
958,395,245,318
957,397,248,317
956,399,251,316
955,401,254,315
954,403,257,314
953,405,260,313
953,414,268,310
948,414,266,309
943,414,264,308
938,414,262,307
933,414,260,306
928,414,258,305
923,414,256,304
918,414,254,303
913,414,252,302
908,414,250,301
903,414,248,300
898,414,246,299
893,414,244,298
888,414,242,297
883,414,240,296
873,421,232,298
