1021,257,46,104
1020,258,46,103
1019,259,46,102
1018,260,46,101
1017,261,46,100
1016,262,46,99
1015,263,46,98
1014,264,46,97
1013,265,46,96
1012,266,46,95
1011,267,46,94
1010,268,46,93
1009,269,46,92
1008,270,46,91
1007,271,46,90
1012,273,46,91
1012,273,46,91
1012,273,46,91
1012,273,46,91
1012,273,46,91
1012,273,46,91
1012,273,46,91
1012,273,46,91
1012,273,46,91
1012,273,46,91
1012,273,46,91
1012,273,46,91
1012,273,46,91
1012,273,46,91
1012,273,46,91
1018,276,42,94
1018,276,43,94
1018,276,44,94
1018,276,45,94
1018,276,46,94
1018,276,47,94
1018,276,48,94
1018,276,49,94
1018,276,50,94
1018,276,51,94
1018,276,52,94
1018,276,53,94
1018,276,54,94
1018,276,55,94
1018,276,56,94
1020,270,51,97
1019,270,51,98
1018,270,51,99
1017,270,51,100
1016,270,51,101
1015,270,51,102
1014,270,51,103
1013,270,51,104
1012,270,51,105
1011,270,51,106
1010,270,51,107
1009,270,51,108
1008,270,51,109
1007,270,51,110
1006,270,51,111
1012,267,50,106
1012,266,50,107
1012,265,50,108
1012,264,50,109
1012,263,50,110
1012,262,50,111
1012,261,50,112
1012,260,50,113
1012,259,50,114
1012,258,50,115
1012,257,50,116
1012,256,50,117
1012,255,50,118
1012,254,50,119
1012,253,50,120
1016,258,46,115
1016,258,46,115
1016,258,46,115
1016,258,46,115
1016,258,46,115
1016,258,46,115
1016,258,46,115
1016,258,46,115
1016,258,46,115
1016,258,46,115
1016,258,46,115
1016,258,46,115
1016,258,46,115
1016,258,46,115
1016,258,46,115
1023,258,48,109
1023,258,48,109
1023,258,48,109
1023,258,48,109
1023,258,48,109
1023,258,48,109
1023,258,48,109
1023,258,48,109
1023,258,48,109
1023,258,48,109
1023,258,48,109
1023,258,48,109
1023,258,48,109
1023,258,48,109
1023,258,48,109
1030,261,48,113
1030,261,48,113
1030,261,48,113
1030,261,48,113
1030,261,48,113
1030,261,48,113
1030,261,48,113
1030,261,48,113
1030,261,48,113
1030,261,48,113
1030,261,48,113
1030,261,48,113
1030,261,48,113
1030,261,48,113
1030,261,48,113
1036,261,55,115
1037,262,54,114
1038,263,53,113
1039,264,52,112
1040,265,51,111
1041,266,50,110
1042,267,49,109
1043,268,48,108
1044,269,47,107
1045,270,46,106
1046,271,45,105
1047,272,44,104
1048,273,43,103
1049,274,42,102
1050,275,41,101
1054,270,47,107
1054,270,47,107
1054,270,47,107
1054,270,47,107
1054,270,47,107
1054,270,47,107
1054,270,47,107
1054,270,47,107
1054,270,47,107
1054,270,47,107
1054,270,47,107
1054,270,47,107
1054,270,47,107
1054,270,47,107
1054,270,47,107
1050,272,51,111
1050,272,51,111
1050,272,51,111
1050,272,51,111
1050,272,51,111
1050,272,51,111
1050,272,51,111
1050,272,51,111
1050,272,51,111
1050,272,51,111
1050,272,51,111
1050,272,51,111
1050,272,51,111
1050,272,51,111
1050,272,51,111
1056,275,45,108
1056,275,45,109
1056,275,45,110
1056,275,45,111
1056,275,45,112
1056,275,45,113
1056,275,45,114
1056,275,45,115
1056,275,45,116
1056,275,45,117
1056,275,45,118
1056,275,45,119
1056,275,45,120
1056,275,45,121
1056,275,45,122
1057,273,52,118
1057,273,52,118
1057,273,52,118
1057,273,52,118
1057,273,52,118
1057,273,52,118
1057,273,52,118
1057,273,52,118
1057,273,52,118
1057,273,52,118
1057,273,52,118
1057,273,52,118
1057,273,52,118
1057,273,52,118
1057,273,52,118
1059,275,48,120
1059,276,48,120
1059,277,48,120
1059,278,48,120
1059,279,48,120
1059,280,48,120
1059,281,48,120
1059,282,48,120
1059,283,48,120
1059,284,48,120
1059,285,48,120
1059,286,48,120
1059,287,48,120
1059,288,48,120
1059,289,48,120
1054,284,49,117
1054,284,49,117
1054,284,49,117
1054,284,49,117
1054,284,49,117
1054,284,49,117
1054,284,49,117
1054,284,49,117
1054,284,49,117
1054,284,49,117
1054,284,49,117
1054,284,49,117
1054,284,49,117
1054,284,49,117
1054,284,49,117
1057,284,50,113
1057,284,50,114
1057,284,50,115
1057,284,50,116
1057,284,50,117
1057,284,50,118
1057,284,50,119
1057,284,50,120
1057,284,50,121
1057,284,50,122
1057,284,50,123
1057,284,50,124
1057,284,50,125
1057,284,50,126
1057,284,50,127
1061,284,51,122
1061,284,52,122
1061,284,53,122
1061,284,54,122
1061,284,55,122
1061,284,56,122
1061,284,57,122
1061,284,58,122
1061,284,59,122
1061,284,60,122
1061,284,61,122
1061,284,62,122
1061,284,63,122
1061,284,64,122
1061,284,65,122
1056,287,62,120
1057,287,62,121
1058,287,62,122
1059,287,62,123
1060,287,62,124
1061,287,62,125
1062,287,62,126
1063,287,62,127
1064,287,62,128
1065,287,62,129
1066,287,62,130
1067,287,62,131
1068,287,62,132
1069,287,62,133
1070,287,62,134
1066,294,64,130
1067,294,64,131
1068,294,64,132
1069,294,64,133
1070,294,64,134
1071,294,64,135
1072,294,64,136
1073,294,64,137
1074,294,64,138
1075,294,64,139
1076,294,64,140
1077,294,64,141
1078,294,64,142
1079,294,64,143
1080,294,64,144
1077,294,64,147
1077,293,64,148
1077,292,64,149
1077,291,64,150
1077,290,64,151
1077,289,64,152
1077,288,64,153
1077,287,64,154
1077,286,64,155
1077,285,64,156
1077,284,64,157
1077,283,64,158
1077,282,64,159
1077,281,64,160
1077,280,64,161
1084,279,71,165
1084,281,72,166
1084,283,73,167
1084,285,74,168
1084,287,75,169
1084,289,76,170
1084,291,77,171
1084,293,78,172
1084,295,79,173
1084,297,80,174
1084,299,81,175
1084,301,82,176
1084,303,83,177
1084,305,84,178
1084,307,85,179
1083,302,83,178
1085,304,84,180
1087,306,85,182
1089,308,86,184
1091,310,87,186
1093,312,88,188
1095,314,89,190
1097,316,90,192
1099,318,91,194
1101,320,92,196
1103,322,93,198
1105,324,94,200
1107,326,95,202
1109,328,96,204
1111,330,97,206
1108,328,92,202
1111,331,97,203
1114,334,102,204
1117,337,107,205
1120,340,112,206
1123,343,117,207
1126,346,122,208
1129,349,127,209
1132,352,132,210
1135,355,137,211
1138,358,142,212
1141,361,147,213
1144,364,152,214
1147,367,157,215
1150,370,162,216
1149,366,164,224
1150,367,163,222
1151,368,162,220
1152,369,161,218
1153,370,160,216
1154,371,159,214
1155,372,158,212
1156,373,157,210
1157,374,156,208
1158,375,155,206
1159,376,154,204
1160,377,153,202
1161,378,152,200
1162,379,151,198
1163,380,150,196
1158,385,148,193
1159,384,148,195
1160,383,148,197
1161,382,148,199
1162,381,148,201
1163,380,148,203
1164,379,148,205
1165,378,148,207
1166,377,148,209
1167,376,148,211
1168,375,148,213
1169,374,148,215
1170,373,148,217
1171,372,148,219
1172,371,148,221
1172,375,145,217
1172,376,147,216
1172,377,149,215
1172,378,151,214
1172,379,153,213
1172,380,155,212
1172,381,157,211
1172,382,159,210
1172,383,161,209
1172,384,163,208
1172,385,165,207
1172,386,167,206
1172,387,169,205
1172,388,171,204
1172,389,173,203
1169,396,173,196
1165,396,172,200
1161,396,171,204
1157,396,170,208
1153,396,169,212
1149,396,168,216
1145,396,167,220
1141,396,166,224
1137,396,165,228
1133,396,164,232
1129,396,163,236
1125,396,162,240
1121,396,161,244
1117,396,160,248
1113,396,159,252
1106,403,159,256
1100,404,156,258
1094,405,153,260
1088,406,150,262
1082,407,147,264
1076,408,144,266
1070,409,141,268
1064,410,138,270
1058,411,135,272
1052,412,132,274
1046,413,129,276
1040,414,126,278
1034,415,123,280
1028,416,120,282
1022,417,117,284
1016,419,121,288
1005,418,123,291
994,417,125,294
983,416,127,297
972,415,129,300
961,414,131,303
950,413,133,306
939,412,135,309
928,411,137,312
917,410,139,315
906,409,141,318
895,408,143,321
884,407,145,324
873,406,147,327
862,405,149,330
851,405,157,338
833,403,167,353
815,401,177,368
797,399,187,383
779,397,197,398
761,395,207,413
743,393,217,428
725,391,227,443
707,389,237,458
689,387,247,473
671,385,257,488
653,383,267,503
635,381,277,518
617,379,287,533
599,377,297,548
580,372,301,569
