744,287,39,129
744,287,39,129
744,287,39,129
744,287,39,129
744,287,39,129
744,287,39,129
744,287,39,129
744,287,39,129
744,287,39,129
744,287,39,129
744,287,39,129
744,287,39,129
744,287,39,129
744,287,39,129
744,287,39,129
741,285,46,133
741,285,46,133
741,285,46,133
741,285,46,133
741,285,46,133
741,285,46,133
741,285,46,133
741,285,46,133
741,285,46,133
741,285,46,133
741,285,46,133
741,285,46,133
741,285,46,133
741,285,46,133
741,285,46,133
743,286,41,130
743,286,41,130
743,286,41,130
743,286,41,130
743,286,41,130
743,286,41,130
743,286,41,130
743,286,41,130
743,286,41,130
743,286,41,130
743,286,41,130
743,286,41,130
743,286,41,130
743,286,41,130
743,286,41,130
743,287,40,133
743,287,40,133
743,287,40,133
743,287,40,133
743,287,40,133
743,287,40,133
743,287,40,133
743,287,40,133
743,287,40,133
743,287,40,133
743,287,40,133
743,287,40,133
743,287,40,133
743,287,40,133
743,287,40,133
741,286,42,130
741,286,42,130
741,286,42,130
741,286,42,130
741,286,42,130
741,286,42,130
741,286,42,130
741,286,42,130
741,286,42,130
741,286,42,130
741,286,42,130
741,286,42,130
741,286,42,130
741,286,42,130
741,286,42,130
737,282,47,136
737,282,47,136
737,282,47,136
737,282,47,136
737,282,47,136
737,282,47,136
737,282,47,136
737,282,47,136
737,282,47,136
737,282,47,136
737,282,47,136
737,282,47,136
737,282,47,136
737,282,47,136
737,282,47,136
732,285,50,132
733,285,49,132
734,285,48,132
735,285,47,132
736,285,46,132
737,285,45,132
738,285,44,132
739,285,43,132
740,285,42,132
741,285,41,132
742,285,40,132
743,285,39,132
744,285,38,132
745,285,37,132
746,285,36,132
740,285,39,135
740,285,39,135
740,285,39,135
740,285,39,135
740,285,39,135
740,285,39,135
740,285,39,135
740,285,39,135
740,285,39,135
740,285,39,135
740,285,39,135
740,285,39,135
740,285,39,135
740,285,39,135
740,285,39,135
747,286,35,135
747,286,36,135
747,286,37,135
747,286,38,135
747,286,39,135
747,286,40,135
747,286,41,135
747,286,42,135
747,286,43,135
747,286,44,135
747,286,45,135
747,286,46,135
747,286,47,135
747,286,48,135
747,286,49,135
754,283,50,138
755,283,50,138
756,283,50,138
757,283,50,138
758,283,50,138
759,283,50,138
760,283,50,138
761,283,50,138
762,283,50,138
763,283,50,138
764,283,50,138
765,283,50,138
766,283,50,138
767,283,50,138
768,283,50,138
762,286,56,134
763,286,55,134
764,286,54,134
765,286,53,134
766,286,52,134
767,286,51,134
768,286,50,134
769,286,49,134
770,286,48,134
771,286,47,134
772,286,46,134
773,286,45,134
774,286,44,134
775,286,43,134
776,286,42,134
778,288,39,137
778,288,39,137
778,288,39,137
778,288,39,137
778,288,39,137
778,288,39,137
778,288,39,137
778,288,39,137
778,288,39,137
778,288,39,137
778,288,39,137
778,288,39,137
778,288,39,137
778,288,39,137
778,288,39,137
776,285,46,144
776,285,46,144
776,285,46,144
776,285,46,144
776,285,46,144
776,285,46,144
776,285,46,144
776,285,46,144
776,285,46,144
776,285,46,144
776,285,46,144
776,285,46,144
776,285,46,144
776,285,46,144
776,285,46,144
776,285,44,139
776,285,44,139
776,285,44,139
776,285,44,139
776,285,44,139
776,285,44,139
776,285,44,139
776,285,44,139
776,285,44,139
776,285,44,139
776,285,44,139
776,285,44,139
776,285,44,139
776,285,44,139
776,285,44,139
782,288,46,136
782,288,47,136
782,288,48,136
782,288,49,136
782,288,50,136
782,288,51,136
782,288,52,136
782,288,53,136
782,288,54,136
782,288,55,136
782,288,56,136
782,288,57,136
782,288,58,136
782,288,59,136
782,288,60,136
783,287,55,143
783,287,54,143
783,287,53,143
783,287,52,143
783,287,51,143
783,287,50,143
783,287,49,143
783,287,48,143
783,287,47,143
783,287,46,143
783,287,45,143
783,287,44,143
783,287,43,143
783,287,42,143
783,287,41,143
778,286,44,146
778,286,44,146
778,286,44,146
778,286,44,146
778,286,44,146
778,286,44,146
778,286,44,146
778,286,44,146
778,286,44,146
778,286,44,146
778,286,44,146
778,286,44,146
778,286,44,146
778,286,44,146
778,286,44,146
771,291,46,148
771,291,46,148
771,291,46,148
771,291,46,148
771,291,46,148
771,291,46,148
771,291,46,148
771,291,46,148
771,291,46,148
771,291,46,148
771,291,46,148
771,291,46,148
771,291,46,148
771,291,46,148
771,291,46,148
769,293,48,155
768,294,48,154
767,295,48,153
766,296,48,152
765,297,48,151
764,298,48,150
763,299,48,149
762,300,48,148
761,301,48,147
760,302,48,146
759,303,48,145
758,304,48,144
757,305,48,143
756,306,48,142
755,307,48,141
760,310,55,138
759,309,55,138
758,308,55,138
757,307,55,138
756,306,55,138
755,305,55,138
754,304,55,138
753,303,55,138
752,302,55,138
751,301,55,138
750,300,55,138
749,299,55,138
748,298,55,138
747,297,55,138
746,296,55,138
747,292,59,132
746,292,60,136
745,292,61,140
744,292,62,144
743,292,63,148
742,292,64,152
741,292,65,156
740,292,66,160
739,292,67,164
738,292,68,168
737,292,69,172
736,292,70,176
735,292,71,180
734,292,72,184
733,292,73,188
739,299,69,195
738,301,69,196
737,303,69,197
736,305,69,198
735,307,69,199
734,309,69,200
733,311,69,201
732,313,69,202
731,315,69,203
730,317,69,204
729,319,69,205
728,321,69,206
727,323,69,207
726,325,69,208
725,327,69,209
725,324,69,206
725,325,71,207
725,326,73,208
725,327,75,209
725,328,77,210
725,329,79,211
725,330,81,212
725,331,83,213
725,332,85,214
725,333,87,215
725,334,89,216
725,335,91,217
725,336,93,218
725,337,95,219
725,338,97,220
722,342,99,223
723,344,101,224
724,346,103,225
725,348,105,226
726,350,107,227
727,352,109,228
728,354,111,229
729,356,113,230
730,358,115,231
731,360,117,232
732,362,119,233
733,364,121,234
734,366,123,235
735,368,125,236
736,370,127,237
740,378,124,235
737,379,126,237
734,380,128,239
731,381,130,241
728,382,132,243
725,383,134,245
722,384,136,247
719,385,138,249
716,386,140,251
713,387,142,253
710,388,144,255
707,389,146,257
704,390,148,259
701,391,150,261
698,392,152,263
694,388,159,262
695,388,156,262
696,388,153,262
697,388,150,262
698,388,147,262
699,388,144,262
700,388,141,262
701,388,138,262
702,388,135,262
703,388,132,262
704,388,129,262
705,388,126,262
706,388,123,262
707,388,120,262
708,388,117,262
715,382,114,266
716,382,116,266
717,382,118,266
718,382,120,266
719,382,122,266
720,382,124,266
721,382,126,266
722,382,128,266
723,382,130,266
724,382,132,266
725,382,134,266
726,382,136,266
727,382,138,266
728,382,140,266
729,382,142,266
725,387,145,273
723,390,145,270
721,393,145,267
719,396,145,264
717,399,145,261
715,402,145,258
713,405,145,255
711,408,145,252
709,411,145,249
707,414,145,246
705,417,145,243
703,420,145,240
701,423,145,237
699,426,145,234
697,429,145,231
694,433,138,228
687,433,140,232
680,433,142,236
673,433,144,240
666,433,146,244
659,433,148,248
652,433,150,252
645,433,152,256
638,433,154,260
631,433,156,264
624,433,158,268
617,433,160,272
610,433,162,276
603,433,164,280
596,433,166,284
586,439,172,281
577,440,172,283
568,441,172,285
559,442,172,287
550,443,172,289
541,444,172,291
532,445,172,293
523,446,172,295
514,447,172,297
505,448,172,299
496,449,172,301
487,450,172,303
478,451,172,305
469,452,172,307
460,453,172,309
445,449,167,316
