895,419,57,169
895,419,57,169
895,419,57,169
895,419,57,169
895,419,57,169
895,419,57,169
895,419,57,169
895,419,57,169
895,419,57,169
895,419,57,169
895,419,57,169
895,419,57,169
895,419,57,169
895,419,57,169
895,419,57,169
895,421,59,172
895,421,59,172
895,421,59,172
895,421,59,172
895,421,59,172
895,421,59,172
895,421,59,172
895,421,59,172
895,421,59,172
895,421,59,172
895,421,59,172
895,421,59,172
895,421,59,172
895,421,59,172
895,421,59,172
896,416,54,174
896,416,54,174
896,416,54,174
896,416,54,174
896,416,54,174
896,416,54,174
896,416,54,174
896,416,54,174
896,416,54,174
896,416,54,174
896,416,54,174
896,416,54,174
896,416,54,174
896,416,54,174
896,416,54,174
893,421,54,170
893,421,54,170
893,421,54,170
893,421,54,170
893,421,54,170
893,421,54,170
893,421,54,170
893,421,54,170
893,421,54,170
893,421,54,170
893,421,54,170
893,421,54,170
893,421,54,170
893,421,54,170
893,421,54,170
889,416,53,177
889,416,53,177
889,416,53,177
889,416,53,177
889,416,53,177
889,416,53,177
889,416,53,177
889,416,53,177
889,416,53,177
889,416,53,177
889,416,53,177
889,416,53,177
889,416,53,177
889,416,53,177
889,416,53,177
889,418,53,170
889,418,53,171
889,418,53,172
889,418,53,173
889,418,53,174
889,418,53,175
889,418,53,176
889,418,53,177
889,418,53,178
889,418,53,179
889,418,53,180
889,418,53,181
889,418,53,182
889,418,53,183
889,418,53,184
895,416,54,181
896,416,54,181
897,416,54,181
898,416,54,181
899,416,54,181
900,416,54,181
901,416,54,181
902,416,54,181
903,416,54,181
904,416,54,181
905,416,54,181
906,416,54,181
907,416,54,181
908,416,54,181
909,416,54,181
903,418,52,177
903,418,53,177
903,418,54,177
903,418,55,177
903,418,56,177
903,418,57,177
903,418,58,177
903,418,59,177
903,418,60,177
903,418,61,177
903,418,62,177
903,418,63,177
903,418,64,177
903,418,65,177
903,418,66,177
908,418,70,179
910,418,69,179
912,418,68,179
914,418,67,179
916,418,66,179
918,418,65,179
920,418,64,179
922,418,63,179
924,418,62,179
926,418,61,179
928,418,60,179
930,418,59,179
932,418,58,179
934,418,57,179
936,418,56,179
941,423,62,177
941,423,62,177
941,423,62,177
941,423,62,177
941,423,62,177
941,423,62,177
941,423,62,177
941,423,62,177
941,423,62,177
941,423,62,177
941,423,62,177
941,423,62,177
941,423,62,177
941,423,62,177
941,423,62,177
939,419,62,183
939,419,62,183
939,419,62,183
939,419,62,183
939,419,62,183
939,419,62,183
939,419,62,183
939,419,62,183
939,419,62,183
939,419,62,183
939,419,62,183
939,419,62,183
939,419,62,183
939,419,62,183
939,419,62,183
941,423,59,182
942,423,59,182
943,423,59,182
944,423,59,182
945,423,59,182
946,423,59,182
947,423,59,182
948,423,59,182
949,423,59,182
950,423,59,182
951,423,59,182
952,423,59,182
953,423,59,182
954,423,59,182
955,423,59,182
949,428,54,179
949,428,55,179
949,428,56,179
949,428,57,179
949,428,58,179
949,428,59,179
949,428,60,179
949,428,61,179
949,428,62,179
949,428,63,179
949,428,64,179
949,428,65,179
949,428,66,179
949,428,67,179
949,428,68,179
951,430,64,179
951,430,64,179
951,430,64,179
951,430,64,179
951,430,64,179
951,430,64,179
951,430,64,179
951,430,64,179
951,430,64,179
951,430,64,179
951,430,64,179
951,430,64,179
951,430,64,179
951,430,64,179
951,430,64,179
951,433,57,183
950,433,58,183
949,433,59,183
948,433,60,183
947,433,61,183
946,433,62,183
945,433,63,183
944,433,64,183
943,433,65,183
942,433,66,183
941,433,67,183
940,433,68,183
939,433,69,183
938,433,70,183
937,433,71,183
939,432,66,184
939,433,66,183
939,434,66,182
939,435,66,181
939,436,66,180
939,437,66,179
939,438,66,178
939,439,66,177
939,440,66,176
939,441,66,175
939,442,66,174
939,443,66,173
939,444,66,172
939,445,66,171
939,446,66,170
941,442,62,167
941,443,62,167
941,444,62,167
941,445,62,167
941,446,62,167
941,447,62,167
941,448,62,167
941,449,62,167
941,450,62,167
941,451,62,167
941,452,62,167
941,453,62,167
941,454,62,167
941,455,62,167
941,456,62,167
934,455,67,172
933,455,69,173
932,455,71,174
931,455,73,175
930,455,75,176
929,455,77,177
928,455,79,178
927,455,81,179
926,455,83,180
925,455,85,181
924,455,87,182
923,455,89,183
922,455,91,184
921,455,93,185
920,455,95,186
913,458,90,193
913,457,90,195
913,456,90,197
913,455,90,199
913,454,90,201
913,453,90,203
913,452,90,205
913,451,90,207
913,450,90,209
913,449,90,211
913,448,90,213
913,447,90,215
913,446,90,217
913,445,90,219
913,444,90,221
913,444,83,218
912,446,84,221
911,448,85,224
910,450,86,227
909,452,87,230
908,454,88,233
907,456,89,236
906,458,90,239
905,460,91,242
904,462,92,245
903,464,93,248
902,466,94,251
901,468,95,254
900,470,96,257
899,472,97,260
898,474,100,257
898,475,101,258
898,476,102,259
898,477,103,260
898,478,104,261
898,479,105,262
898,480,106,263
898,481,107,264
898,482,108,265
898,483,109,266
898,484,110,267
898,485,111,268
898,486,112,269
898,487,113,270
898,488,114,271
896,486,109,276
898,489,111,278
900,492,113,280
902,495,115,282
904,498,117,284
906,501,119,286
908,504,121,288
910,507,123,290
912,510,125,292
914,513,127,294
916,516,129,296
918,519,131,298
920,522,133,300
922,525,135,302
924,528,137,304
922,532,144,306
919,535,148,307
916,538,152,308
913,541,156,309
910,544,160,310
907,547,164,311
904,550,168,312
901,553,172,313
898,556,176,314
895,559,180,315
892,562,184,316
889,565,188,317
886,568,192,318
883,571,196,319
880,574,200,320
884,573,210,318
885,572,207,319
886,571,204,320
887,570,201,321
888,569,198,322
889,568,195,323
890,567,192,324
891,566,189,325
892,565,186,326
893,564,183,327
894,563,180,328
895,562,177,329
896,561,174,330
897,560,171,331
898,559,168,332
898,555,160,334
899,556,162,334
900,557,164,334
901,558,166,334
902,559,168,334
903,560,170,334
904,561,172,334
905,562,174,334
906,563,176,334
907,564,178,334
908,565,180,334
909,566,182,334
910,567,184,334
911,568,186,334
912,569,188,334
907,564,188,338
907,567,186,336
907,570,184,334
907,573,182,332
907,576,180,330
907,579,178,328
907,582,176,326
907,585,174,324
907,588,172,322
907,591,170,320
907,594,168,318
907,597,166,316
907,600,164,314
907,603,162,312
907,606,160,310
901,603,162,306
894,605,164,305
887,607,166,304
880,609,168,303
873,611,170,302
866,613,172,301
859,615,174,300
852,617,176,299
845,619,178,298
838,621,180,297
831,623,182,296
824,625,184,295
817,627,186,294
810,629,188,293
803,631,190,292
794,634,199,296
785,634,197,298
776,634,195,300
767,634,193,302
758,634,191,304
749,634,189,306
740,634,187,308
731,634,185,310
722,634,183,312
713,634,181,314
704,634,179,316
695,634,177,318
686,634,175,320
677,634,173,322
668,634,171,324
654,627,168,329
636,624,171,332
618,621,174,335
600,618,177,338
582,615,180,341
564,612,183,344
546,609,186,347
528,606,189,350
510,603,192,353
492,600,195,356
474,597,198,359
456,594,201,362
438,591,204,365
420,588,207,368
402,585,210,371
387,578,210,378
367,575,211,381
347,572,212,384
327,569,213,387
307,566,214,390
287,563,215,393
267,560,216,396
247,557,217,399
227,554,218,402
207,551,219,405
187,548,220,408
167,545,221,411
147,542,222,414
127,539,223,417
107,536,224,420
88,536,230,420
