915,355,35,122
915,355,35,122
915,355,35,122
915,355,35,122
915,355,35,122
915,355,35,122
915,355,35,122
915,355,35,122
915,355,35,122
915,355,35,122
915,355,35,122
915,355,35,122
915,355,35,122
915,355,35,122
915,355,35,122
914,354,39,118
914,354,39,118
914,354,39,118
914,354,39,118
914,354,39,118
914,354,39,118
914,354,39,118
914,354,39,118
914,354,39,118
914,354,39,118
914,354,39,118
914,354,39,118
914,354,39,118
914,354,39,118
914,354,39,118
913,356,40,120
913,356,40,120
913,356,40,120
913,356,40,120
913,356,40,120
913,356,40,120
913,356,40,120
913,356,40,120
913,356,40,120
913,356,40,120
913,356,40,120
913,356,40,120
913,356,40,120
913,356,40,120
913,356,40,120
913,354,38,122
913,354,38,122
913,354,38,122
913,354,38,122
913,354,38,122
913,354,38,122
913,354,38,122
913,354,38,122
913,354,38,122
913,354,38,122
913,354,38,122
913,354,38,122
913,354,38,122
913,354,38,122
913,354,38,122
908,354,42,122
908,354,42,122
908,354,42,122
908,354,42,122
908,354,42,122
908,354,42,122
908,354,42,122
908,354,42,122
908,354,42,122
908,354,42,122
908,354,42,122
908,354,42,122
908,354,42,122
908,354,42,122
908,354,42,122
904,356,46,123
904,356,45,123
904,356,44,123
904,356,43,123
904,356,42,123
904,356,41,123
904,356,40,123
904,356,39,123
904,356,38,123
904,356,37,123
904,356,36,123
904,356,35,123
904,356,34,123
904,356,33,123
904,356,32,123
908,354,36,119
908,354,36,119
908,354,36,119
908,354,36,119
908,354,36,119
908,354,36,119
908,354,36,119
908,354,36,119
908,354,36,119
908,354,36,119
908,354,36,119
908,354,36,119
908,354,36,119
908,354,36,119
908,354,36,119
911,355,35,120
912,355,35,120
913,355,35,120
914,355,35,120
915,355,35,120
916,355,35,120
917,355,35,120
918,355,35,120
919,355,35,120
920,355,35,120
921,355,35,120
922,355,35,120
923,355,35,120
924,355,35,120
925,355,35,120
922,354,35,121
922,354,36,121
922,354,37,121
922,354,38,121
922,354,39,121
922,354,40,121
922,354,41,121
922,354,42,121
922,354,43,121
922,354,44,121
922,354,45,121
922,354,46,121
922,354,47,121
922,354,48,121
922,354,49,121
925,355,49,122
926,355,48,122
927,355,47,122
928,355,46,122
929,355,45,122
930,355,44,122
931,355,43,122
932,355,42,122
933,355,41,122
934,355,40,122
935,355,39,122
936,355,38,122
937,355,37,122
938,355,36,122
939,355,35,122
946,352,38,127
946,352,38,127
946,352,38,127
946,352,38,127
946,352,38,127
946,352,38,127
946,352,38,127
946,352,38,127
946,352,38,127
946,352,38,127
946,352,38,127
946,352,38,127
946,352,38,127
946,352,38,127
946,352,38,127
939,351,45,126
939,351,45,126
939,351,45,126
939,351,45,126
939,351,45,126
939,351,45,126
939,351,45,126
939,351,45,126
939,351,45,126
939,351,45,126
939,351,45,126
939,351,45,126
939,351,45,126
939,351,45,126
939,351,45,126
941,357,43,124
942,357,43,124
943,357,43,124
944,357,43,124
945,357,43,124
946,357,43,124
947,357,43,124
948,357,43,124
949,357,43,124
950,357,43,124
951,357,43,124
952,357,43,124
953,357,43,124
954,357,43,124
955,357,43,124
949,356,44,128
949,356,44,128
949,356,44,128
949,356,44,128
949,356,44,128
949,356,44,128
949,356,44,128
949,356,44,128
949,356,44,128
949,356,44,128
949,356,44,128
949,356,44,128
949,356,44,128
949,356,44,128
949,356,44,128
952,360,43,126
952,360,43,126
952,360,43,126
952,360,43,126
952,360,43,126
952,360,43,126
952,360,43,126
952,360,43,126
952,360,43,126
952,360,43,126
952,360,43,126
952,360,43,126
952,360,43,126
952,360,43,126
952,360,43,126
946,359,42,128
946,359,42,128
946,359,42,128
946,359,42,128
946,359,42,128
946,359,42,128
946,359,42,128
946,359,42,128
946,359,42,128
946,359,42,128
946,359,42,128
946,359,42,128
946,359,42,128
946,359,42,128
946,359,42,128
943,361,39,134
943,361,40,134
943,361,41,134
943,361,42,134
943,361,43,134
943,361,44,134
943,361,45,134
943,361,46,134
943,361,47,134
943,361,48,134
943,361,49,134
943,361,50,134
943,361,51,134
943,361,52,134
943,361,53,134
942,365,47,130
941,366,48,129
940,367,49,128
939,368,50,127
938,369,51,126
937,370,52,125
936,371,53,124
935,372,54,123
934,373,55,122
933,374,56,121
932,375,57,120
931,376,58,119
930,377,59,118
929,378,60,117
928,379,61,116
931,384,57,121
931,383,57,123
931,382,57,125
931,381,57,127
931,380,57,129
931,379,57,131
931,378,57,133
931,377,57,135
931,376,57,137
931,375,57,139
931,374,57,141
931,373,57,143
931,372,57,145
931,371,57,147
931,370,57,149
934,364,62,150
934,366,62,151
934,368,62,152
934,370,62,153
934,372,62,154
934,374,62,155
934,376,62,156
934,378,62,157
934,380,62,158
934,382,62,159
934,384,62,160
934,386,62,161
934,388,62,162
934,390,62,163
934,392,62,164
927,387,65,159
927,387,66,162
927,387,67,165
927,387,68,168
927,387,69,171
927,387,70,174
927,387,71,177
927,387,72,180
927,387,73,183
927,387,74,186
927,387,75,189
927,387,76,192
927,387,77,195
927,387,78,198
927,387,79,201
929,384,74,204
930,386,76,205
931,388,78,206
932,390,80,207
933,392,82,208
934,394,84,209
935,396,86,210
936,398,88,211
937,400,90,212
938,402,92,213
939,404,94,214
940,406,96,215
941,408,98,216
942,410,100,217
943,412,102,218
950,420,107,212
948,421,110,212
946,422,113,212
944,423,116,212
942,424,119,212
940,425,122,212
938,426,125,212
936,427,128,212
934,428,131,212
932,429,134,212
930,430,137,212
928,431,140,212
926,432,143,212
924,433,146,212
922,434,149,212
925,442,150,218
926,441,147,219
927,440,144,220
928,439,141,221
929,438,138,222
930,437,135,223
931,436,132,224
932,435,129,225
933,434,126,226
934,433,123,227
935,432,120,228
936,431,117,229
937,430,114,230
938,429,111,231
939,428,108,232
936,431,107,237
937,432,108,237
938,433,109,237
939,434,110,237
940,435,111,237
941,436,112,237
942,437,113,237
943,438,114,237
944,439,115,237
945,440,116,237
946,441,117,237
947,442,118,237
948,443,119,237
949,444,120,237
950,445,121,237
952,439,127,238
950,441,126,235
948,443,125,232
946,445,124,229
944,447,123,226
942,449,122,223
940,451,121,220
938,453,120,217
936,455,119,214
934,457,118,211
932,459,117,208
930,461,116,205
928,463,115,202
926,465,114,199
924,467,113,196
925,475,112,193
919,475,113,198
913,475,114,203
907,475,115,208
901,475,116,213
895,475,117,218
889,475,118,223
883,475,119,228
877,475,120,233
871,475,121,238
865,475,122,243
859,475,123,248
853,475,124,253
847,475,125,258
841,475,126,263
841,480,130,263
