996,349,43,126
996,349,43,126
996,349,43,126
996,349,43,126
996,349,43,126
996,349,43,126
996,349,43,126
996,349,43,126
996,349,43,126
996,349,43,126
996,349,43,126
996,349,43,126
996,349,43,126
996,349,43,126
996,349,43,126
994,349,42,127
994,349,42,127
994,349,42,127
994,349,42,127
994,349,42,127
994,349,42,127
994,349,42,127
994,349,42,127
994,349,42,127
994,349,42,127
994,349,42,127
994,349,42,127
994,349,42,127
994,349,42,127
994,349,42,127
993,349,43,126
993,349,43,126
993,349,43,126
993,349,43,126
993,349,43,126
993,349,43,126
993,349,43,126
993,349,43,126
993,349,43,126
993,349,43,126
993,349,43,126
993,349,43,126
993,349,43,126
993,349,43,126
993,349,43,126
986,354,50,119
986,354,49,119
986,354,48,119
986,354,47,119
986,354,46,119
986,354,45,119
986,354,44,119
986,354,43,119
986,354,42,119
986,354,41,119
986,354,40,119
986,354,39,119
986,354,38,119
986,354,37,119
986,354,36,119
987,351,42,124
988,351,42,124
989,351,42,124
990,351,42,124
991,351,42,124
992,351,42,124
993,351,42,124
994,351,42,124
995,351,42,124
996,351,42,124
997,351,42,124
998,351,42,124
999,351,42,124
1000,351,42,124
1001,351,42,124
1000,351,36,127
1000,351,37,127
1000,351,38,127
1000,351,39,127
1000,351,40,127
1000,351,41,127
1000,351,42,127
1000,351,43,127
1000,351,44,127
1000,351,45,127
1000,351,46,127
1000,351,47,127
1000,351,48,127
1000,351,49,127
1000,351,50,127
1005,351,55,127
1006,351,55,127
1007,351,55,127
1008,351,55,127
1009,351,55,127
1010,351,55,127
1011,351,55,127
1012,351,55,127
1013,351,55,127
1014,351,55,127
1015,351,55,127
1016,351,55,127
1017,351,55,127
1018,351,55,127
1019,351,55,127
1026,352,48,132
1026,352,48,132
1026,352,48,132
1026,352,48,132
1026,352,48,132
1026,352,48,132
1026,352,48,132
1026,352,48,132
1026,352,48,132
1026,352,48,132
1026,352,48,132
1026,352,48,132
1026,352,48,132
1026,352,48,132
1026,352,48,132
1026,354,43,127
1026,354,43,127
1026,354,43,127
1026,354,43,127
1026,354,43,127
1026,354,43,127
1026,354,43,127
1026,354,43,127
1026,354,43,127
1026,354,43,127
1026,354,43,127
1026,354,43,127
1026,354,43,127
1026,354,43,127
1026,354,43,127
1028,349,48,132
1029,349,48,132
1030,349,48,132
1031,349,48,132
1032,349,48,132
1033,349,48,132
1034,349,48,132
1035,349,48,132
1036,349,48,132
1037,349,48,132
1038,349,48,132
1039,349,48,132
1040,349,48,132
1041,349,48,132
1042,349,48,132
1036,352,41,136
1035,352,42,136
1034,352,43,136
1033,352,44,136
1032,352,45,136
1031,352,46,136
1030,352,47,136
1029,352,48,136
1028,352,49,136
1027,352,50,136
1026,352,51,136
1025,352,52,136
1024,352,53,136
1023,352,54,136
1022,352,55,136
1024,351,53,142
1024,351,53,142
1024,351,53,142
1024,351,53,142
1024,351,53,142
1024,351,53,142
1024,351,53,142
1024,351,53,142
1024,351,53,142
1024,351,53,142
1024,351,53,142
1024,351,53,142
1024,351,53,142
1024,351,53,142
1024,351,53,142
1024,349,50,148
1024,350,50,145
1024,351,50,142
1024,352,50,139
1024,353,50,136
1024,354,50,133
1024,355,50,130
1024,356,50,127
1024,357,50,124
1024,358,50,121
1024,359,50,118
1024,360,50,115
1024,361,50,112
1024,362,50,109
1024,363,50,106
1022,366,52,106
1021,367,53,107
1020,368,54,108
1019,369,55,109
1018,370,56,110
1017,371,57,111
1016,372,58,112
1015,373,59,113
1014,374,60,114
1013,375,61,115
1012,376,62,116
1011,377,63,117
1010,378,64,118
1009,379,65,119
1008,380,66,120
1000,374,65,122
1000,373,65,126
1000,372,65,130
1000,371,65,134
1000,370,65,138
1000,369,65,142
1000,368,65,146
1000,367,65,150
1000,366,65,154
1000,365,65,158
1000,364,65,162
1000,363,65,166
1000,362,65,170
1000,361,65,174
1000,360,65,178
1000,363,63,180
999,365,64,182
998,367,65,184
997,369,66,186
996,371,67,188
995,373,68,190
994,375,69,192
993,377,70,194
992,379,71,196
991,381,72,198
990,383,73,200
989,385,74,202
988,387,75,204
987,389,76,206
986,391,77,208
982,392,75,210
983,394,78,211
984,396,81,212
985,398,84,213
986,400,87,214
987,402,90,215
988,404,93,216
989,406,96,217
990,408,99,218
991,410,102,219
992,412,105,220
993,414,108,221
994,416,111,222
995,418,114,223
996,420,117,224
1003,419,113,222
1000,421,115,223
997,423,117,224
994,425,119,225
991,427,121,226
988,429,123,227
985,431,125,228
982,433,127,229
979,435,129,230
976,437,131,231
973,439,133,232
970,441,135,233
967,443,137,234
964,445,139,235
961,447,141,236
963,443,137,238
964,442,135,239
965,441,133,240
966,440,131,241
967,439,129,242
968,438,127,243
969,437,125,244
970,436,123,245
971,435,121,246
972,434,119,247
973,433,117,248
974,432,115,249
975,431,113,250
976,430,111,251
977,429,109,252
982,435,108,252
982,436,109,251
982,437,110,250
982,438,111,249
982,439,112,248
982,440,113,247
982,441,114,246
982,442,115,245
982,443,116,244
982,444,117,243
982,445,118,242
982,446,119,241
982,447,120,240
982,448,121,239
982,449,122,238
986,456,128,235
978,458,131,236
970,460,134,237
962,462,137,238
954,464,140,239
946,466,143,240
938,468,146,241
930,470,149,242
922,472,152,243
914,474,155,244
906,476,158,245
898,478,161,246
890,480,164,247
882,482,167,248
874,484,170,249
870,481,169,252
859,482,167,255
848,483,165,258
837,484,163,261
826,485,161,264
815,486,159,267
804,487,157,270
793,488,155,273
782,489,153,276
771,490,151,279
760,491,149,282
749,492,147,285
738,493,145,288
727,494,143,291
716,495,141,294
712,498,139,295
692,495,144,299
672,492,149,303
652,489,154,307
632,486,159,311
612,483,164,315
592,480,169,319
572,477,174,323
552,474,179,327
532,471,184,331
512,468,189,335
492,465,194,339
472,462,199,343
452,459,204,347
432,456,209,351
413,447,214,357
