793,282,43,145
793,282,43,145
793,282,43,145
793,282,43,145
793,282,43,145
793,282,43,145
793,282,43,145
793,282,43,145
793,282,43,145
793,282,43,145
793,282,43,145
793,282,43,145
793,282,43,145
793,282,43,145
793,282,43,145
793,283,45,141
793,283,45,141
793,283,45,141
793,283,45,141
793,283,45,141
793,283,45,141
793,283,45,141
793,283,45,141
793,283,45,141
793,283,45,141
793,283,45,141
793,283,45,141
793,283,45,141
793,283,45,141
793,283,45,141
792,285,47,139
792,285,47,139
792,285,47,139
792,285,47,139
792,285,47,139
792,285,47,139
792,285,47,139
792,285,47,139
792,285,47,139
792,285,47,139
792,285,47,139
792,285,47,139
792,285,47,139
792,285,47,139
792,285,47,139
793,283,45,144
793,283,45,143
793,283,45,142
793,283,45,141
793,283,45,140
793,283,45,139
793,283,45,138
793,283,45,137
793,283,45,136
793,283,45,135
793,283,45,134
793,283,45,133
793,283,45,132
793,283,45,131
793,283,45,130
792,286,47,136
792,286,47,136
792,286,47,136
792,286,47,136
792,286,47,136
792,286,47,136
792,286,47,136
792,286,47,136
792,286,47,136
792,286,47,136
792,286,47,136
792,286,47,136
792,286,47,136
792,286,47,136
792,286,47,136
793,286,45,138
793,286,45,138
793,286,45,138
793,286,45,138
793,286,45,138
793,286,45,138
793,286,45,138
793,286,45,138
793,286,45,138
793,286,45,138
793,286,45,138
793,286,45,138
793,286,45,138
793,286,45,138
793,286,45,138
793,287,43,135
793,287,43,135
793,287,43,135
793,287,43,135
793,287,43,135
793,287,43,135
793,287,43,135
793,287,43,135
793,287,43,135
793,287,43,135
793,287,43,135
793,287,43,135
793,287,43,135
793,287,43,135
793,287,43,135
793,283,46,139
792,283,46,139
791,283,46,139
790,283,46,139
789,283,46,139
788,283,46,139
787,283,46,139
786,283,46,139
785,283,46,139
784,283,46,139
783,283,46,139
782,283,46,139
781,283,46,139
780,283,46,139
779,283,46,139
782,286,52,135
782,286,52,135
782,286,52,135
782,286,52,135
782,286,52,135
782,286,52,135
782,286,52,135
782,286,52,135
782,286,52,135
782,286,52,135
782,286,52,135
782,286,52,135
782,286,52,135
782,286,52,135
782,286,52,135
785,286,53,141
785,286,52,141
785,286,51,141
785,286,50,141
785,286,49,141
785,286,48,141
785,286,47,141
785,286,46,141
785,286,45,141
785,286,44,141
785,286,43,141
785,286,42,141
785,286,41,141
785,286,40,141
785,286,39,141
792,285,40,141
792,285,40,141
792,285,40,141
792,285,40,141
792,285,40,141
792,285,40,141
792,285,40,141
792,285,40,141
792,285,40,141
792,285,40,141
792,285,40,141
792,285,40,141
792,285,40,141
792,285,40,141
792,285,40,141
795,285,36,139
795,285,36,139
795,285,36,139
795,285,36,139
795,285,36,139
795,285,36,139
795,285,36,139
795,285,36,139
795,285,36,139
795,285,36,139
795,285,36,139
795,285,36,139
795,285,36,139
795,285,36,139
795,285,36,139
788,278,41,146
787,278,42,146
786,278,43,146
785,278,44,146
784,278,45,146
783,278,46,146
782,278,47,146
781,278,48,146
780,278,49,146
779,278,50,146
778,278,51,146
777,278,52,146
776,278,53,146
775,278,54,146
774,278,55,146
767,278,54,151
766,279,53,149
765,280,52,147
764,281,51,145
763,282,50,143
762,283,49,141
761,284,48,139
760,285,47,137
759,286,46,135
758,287,45,133
757,288,44,131
756,289,43,129
755,290,42,127
754,291,41,125
753,292,40,123
755,287,46,126
755,288,46,126
755,289,46,126
755,290,46,126
755,291,46,126
755,292,46,126
755,293,46,126
755,294,46,126
755,295,46,126
755,296,46,126
755,297,46,126
755,298,46,126
755,299,46,126
755,300,46,126
755,301,46,126
748,301,48,121
748,301,48,123
748,301,48,125
748,301,48,127
748,301,48,129
748,301,48,131
748,301,48,133
748,301,48,135
748,301,48,137
748,301,48,139
748,301,48,141
748,301,48,143
748,301,48,145
748,301,48,147
748,301,48,149
751,301,46,144
751,301,46,144
751,301,46,144
751,301,46,144
751,301,46,144
751,301,46,144
751,301,46,144
751,301,46,144
751,301,46,144
751,301,46,144
751,301,46,144
751,301,46,144
751,301,46,144
751,301,46,144
751,301,46,144
744,300,50,150
744,300,50,150
744,300,50,150
744,300,50,150
744,300,50,150
744,300,50,150
744,300,50,150
744,300,50,150
744,300,50,150
744,300,50,150
744,300,50,150
744,300,50,150
744,300,50,150
744,300,50,150
744,300,50,150
751,302,50,156
751,303,50,156
751,304,50,156
751,305,50,156
751,306,50,156
751,307,50,156
751,308,50,156
751,309,50,156
751,310,50,156
751,311,50,156
751,312,50,156
751,313,50,156
751,314,50,156
751,315,50,156
751,316,50,156
750,310,51,154
749,310,52,157
748,310,53,160
747,310,54,163
746,310,55,166
745,310,56,169
744,310,57,172
743,310,58,175
742,310,59,178
741,310,60,181
740,310,61,184
739,310,62,187
738,310,63,190
737,310,64,193
736,310,65,196
739,305,65,202
738,307,66,203
737,309,67,204
736,311,68,205
735,313,69,206
734,315,70,207
733,317,71,208
732,319,72,209
731,321,73,210
730,323,74,211
729,325,75,212
728,327,76,213
727,329,77,214
726,331,78,215
725,333,79,216
730,328,77,211
730,329,78,212
730,330,79,213
730,331,80,214
730,332,81,215
730,333,82,216
730,334,83,217
730,335,84,218
730,336,85,219
730,337,86,220
730,338,87,221
730,339,88,222
730,340,89,223
730,341,90,224
730,342,91,225
729,347,96,222
732,348,98,224
735,349,100,226
738,350,102,228
741,351,104,230
744,352,106,232
747,353,108,234
750,354,110,236
753,355,112,238
756,356,114,240
759,357,116,242
762,358,118,244
765,359,120,246
768,360,122,248
771,361,124,250
774,366,128,245
778,367,131,245
782,368,134,245
786,369,137,245
790,370,140,245
794,371,143,245
798,372,146,245
802,373,149,245
806,374,152,245
810,375,155,245
814,376,158,245
818,377,161,245
822,378,164,245
826,379,167,245
830,380,170,245
830,387,168,241
834,386,165,244
838,385,162,247
842,384,159,250
846,383,156,253
850,382,153,256
854,381,150,259
858,380,147,262
862,379,144,265
866,378,141,268
870,377,138,271
874,376,135,274
878,375,132,277
882,374,129,280
886,373,126,283
883,373,122,279
884,373,123,278
885,373,124,277
886,373,125,276
887,373,126,275
888,373,127,274
889,373,128,273
890,373,129,272
891,373,130,271
892,373,131,270
893,373,132,269
894,373,133,268
895,373,134,267
896,373,135,266
897,373,136,265
904,375,144,271
905,376,143,272
906,377,142,273
907,378,141,274
908,379,140,275
909,380,139,276
910,381,138,277
911,382,137,278
912,383,136,279
913,384,135,280
914,385,134,281
915,386,133,282
916,387,132,283
917,388,131,284
918,389,130,285
922,388,135,287
921,391,135,285
920,394,135,283
919,397,135,281
918,400,135,279
917,403,135,277
916,406,135,275
915,409,135,273
914,412,135,271
913,415,135,269
912,418,135,267
911,421,135,265
910,424,135,263
909,427,135,261
908,430,135,259
910,433,134,263
900,433,137,264
890,433,140,265
880,433,143,266
870,433,146,267
860,433,149,268
850,433,152,269
840,433,155,270
830,433,158,271
820,433,161,272
810,433,164,273
800,433,167,274
790,433,170,275
780,433,173,276
770,433,176,277
764,440,179,281
748,441,179,282
732,442,179,283
716,443,179,284
700,444,179,285
684,445,179,286
668,446,179,287
652,447,179,288
636,448,179,289
620,449,179,290
604,450,179,291
588,451,179,292
572,452,179,293
556,453,179,294
540,454,179,295
523,452,184,292
