961,430,57,178
961,430,57,178
961,430,57,178
961,430,57,178
961,430,57,178
961,430,57,178
961,430,57,178
961,430,57,178
961,430,57,178
961,430,57,178
961,430,57,178
961,430,57,178
961,430,57,178
961,430,57,178
961,430,57,178
956,428,64,179
956,428,64,179
956,428,64,179
956,428,64,179
956,428,64,179
956,428,64,179
956,428,64,179
956,428,64,179
956,428,64,179
956,428,64,179
956,428,64,179
956,428,64,179
956,428,64,179
956,428,64,179
956,428,64,179
956,428,67,177
956,428,67,177
956,428,67,177
956,428,67,177
956,428,67,177
956,428,67,177
956,428,67,177
956,428,67,177
956,428,67,177
956,428,67,177
956,428,67,177
956,428,67,177
956,428,67,177
956,428,67,177
956,428,67,177
960,426,63,178
960,426,63,178
960,426,63,178
960,426,63,178
960,426,63,178
960,426,63,178
960,426,63,178
960,426,63,178
960,426,63,178
960,426,63,178
960,426,63,178
960,426,63,178
960,426,63,178
960,426,63,178
960,426,63,178
963,428,57,180
962,428,58,180
961,428,59,180
960,428,60,180
959,428,61,180
958,428,62,180
957,428,63,180
956,428,64,180
955,428,65,180
954,428,66,180
953,428,67,180
952,428,68,180
951,428,69,180
950,428,70,180
949,428,71,180
951,430,72,177
951,430,72,177
951,430,72,177
951,430,72,177
951,430,72,177
951,430,72,177
951,430,72,177
951,430,72,177
951,430,72,177
951,430,72,177
951,430,72,177
951,430,72,177
951,430,72,177
951,430,72,177
951,430,72,177
956,428,67,182
956,428,66,182
956,428,65,182
956,428,64,182
956,428,63,182
956,428,62,182
956,428,61,182
956,428,60,182
956,428,59,182
956,428,58,182
956,428,57,182
956,428,56,182
956,428,55,182
956,428,54,182
956,428,53,182
960,430,58,178
960,430,58,178
960,430,58,178
960,430,58,178
960,430,58,178
960,430,58,178
960,430,58,178
960,430,58,178
960,430,58,178
960,430,58,178
960,430,58,178
960,430,58,178
960,430,58,178
960,430,58,178
960,430,58,178
953,425,65,183
953,426,65,183
953,427,65,183
953,428,65,183
953,429,65,183
953,430,65,183
953,431,65,183
953,432,65,183
953,433,65,183
953,434,65,183
953,435,65,183
953,436,65,183
953,437,65,183
953,438,65,183
953,439,65,183
951,433,65,177
951,433,65,177
951,433,65,177
951,433,65,177
951,433,65,177
951,433,65,177
951,433,65,177
951,433,65,177
951,433,65,177
951,433,65,177
951,433,65,177
951,433,65,177
951,433,65,177
951,433,65,177
951,433,65,177
956,428,58,182
956,428,58,182
956,428,58,182
956,428,58,182
956,428,58,182
956,428,58,182
956,428,58,182
956,428,58,182
956,428,58,182
956,428,58,182
956,428,58,182
956,428,58,182
956,428,58,182
956,428,58,182
956,428,58,182
958,428,62,179
958,428,61,179
958,428,60,179
958,428,59,179
958,428,58,179
958,428,57,179
958,428,56,179
958,428,55,179
958,428,54,179
958,428,53,179
958,428,52,179
958,428,51,179
958,428,50,179
958,428,49,179
958,428,48,179
958,428,46,179
957,428,47,179
956,428,48,179
955,428,49,179
954,428,50,179
953,428,51,179
952,428,52,179
951,428,53,179
950,428,54,179
949,428,55,179
948,428,56,179
947,428,57,179
946,428,58,179
945,428,59,179
944,428,60,179
947,428,57,184
946,428,57,184
945,428,57,184
944,428,57,184
943,428,57,184
942,428,57,184
941,428,57,184
940,428,57,184
939,428,57,184
938,428,57,184
937,428,57,184
936,428,57,184
935,428,57,184
934,428,57,184
933,428,57,184
930,431,60,182
929,431,60,182
928,431,60,182
927,431,60,182
926,431,60,182
925,431,60,182
924,431,60,182
923,431,60,182
922,431,60,182
921,431,60,182
920,431,60,182
919,431,60,182
918,431,60,182
917,431,60,182
916,431,60,182
913,428,67,180
913,429,67,180
913,430,67,180
913,431,67,180
913,432,67,180
913,433,67,180
913,434,67,180
913,435,67,180
913,436,67,180
913,437,67,180
913,438,67,180
913,439,67,180
913,440,67,180
913,441,67,180
913,442,67,180
909,443,62,181
909,443,62,181
909,443,62,181
909,443,62,181
909,443,62,181
909,443,62,181
909,443,62,181
909,443,62,181
909,443,62,181
909,443,62,181
909,443,62,181
909,443,62,181
909,443,62,181
909,443,62,181
909,443,62,181
909,445,65,184
909,445,65,184
909,445,65,184
909,445,65,184
909,445,65,184
909,445,65,184
909,445,65,184
909,445,65,184
909,445,65,184
909,445,65,184
909,445,65,184
909,445,65,184
909,445,65,184
909,445,65,184
909,445,65,184
913,442,67,191
914,443,67,192
915,444,67,193
916,445,67,194
917,446,67,195
918,447,67,196
919,448,67,197
920,449,67,198
921,450,67,199
922,451,67,200
923,452,67,201
924,453,67,202
925,454,67,203
926,455,67,204
927,456,67,205
923,454,67,199
923,455,68,198
923,456,69,197
923,457,70,196
923,458,71,195
923,459,72,194
923,460,73,193
923,461,74,192
923,462,75,191
923,463,76,190
923,464,77,189
923,465,78,188
923,466,79,187
923,467,80,186
923,468,81,185
921,467,81,189
920,468,81,192
919,469,81,195
918,470,81,198
917,471,81,201
916,472,81,204
915,473,81,207
914,474,81,210
913,475,81,213
912,476,81,216
911,477,81,219
910,478,81,222
909,479,81,225
908,480,81,228
907,481,81,231
907,479,86,239
907,480,86,240
907,481,86,241
907,482,86,242
907,483,86,243
907,484,86,244
907,485,86,245
907,486,86,246
907,487,86,247
907,488,86,248
907,489,86,249
907,490,86,250
907,491,86,251
907,492,86,252
907,493,86,253
902,496,93,259
903,497,95,262
904,498,97,265
905,499,99,268
906,500,101,271
907,501,103,274
908,502,105,277
909,503,107,280
910,504,109,283
911,505,111,286
912,506,113,289
913,507,115,292
914,508,117,295
915,509,119,298
916,510,121,301
921,516,128,301
925,518,131,302
929,520,134,303
933,522,137,304
937,524,140,305
941,526,143,306
945,528,146,307
949,530,149,308
953,532,152,309
957,534,155,310
961,536,158,311
965,538,161,312
969,540,164,313
973,542,167,314
977,544,170,315
984,546,169,315
989,547,171,315
994,548,173,315
999,549,175,315
1004,550,177,315
1009,551,179,315
1014,552,181,315
1019,553,183,315
1024,554,185,315
1029,555,187,315
1034,556,189,315
1039,557,191,315
1044,558,193,315
1049,559,195,315
1054,560,197,315
1052,567,200,317
1055,567,196,319
1058,567,192,321
1061,567,188,323
1064,567,184,325
1067,567,180,327
1070,567,176,329
1073,567,172,331
1076,567,168,333
1079,567,164,335
1082,567,160,337
1085,567,156,339
1088,567,152,341
1091,567,148,343
1094,567,144,345
1100,567,145,345
1102,567,150,346
1104,567,155,347
1106,567,160,348
1108,567,165,349
1110,567,170,350
1112,567,175,351
1114,567,180,352
1116,567,185,353
1118,567,190,354
1120,567,195,355
1122,567,200,356
1124,567,205,357
1126,567,210,358
1128,567,215,359
1133,572,218,354
1135,574,212,352
1137,576,206,350
1139,578,200,348
1141,580,194,346
1143,582,188,344
1145,584,182,342
1147,586,176,340
1149,588,170,338
1151,590,164,336
1153,592,158,334
1155,594,152,332
1157,596,146,330
1159,598,140,328
1161,600,134,326
1170,607,124,331
