1041,358,42,119
1041,358,42,119
1041,358,42,119
1041,358,42,119
1041,358,42,119
1041,358,42,119
1041,358,42,119
1041,358,42,119
1041,358,42,119
1041,358,42,119
1041,358,42,119
1041,358,42,119
1041,358,42,119
1041,358,42,119
1041,358,42,119
1038,361,43,116
1038,361,43,116
1038,361,43,116
1038,361,43,116
1038,361,43,116
1038,361,43,116
1038,361,43,116
1038,361,43,116
1038,361,43,116
1038,361,43,116
1038,361,43,116
1038,361,43,116
1038,361,43,116
1038,361,43,116
1038,361,43,116
1041,362,40,113
1041,362,40,113
1041,362,40,113
1041,362,40,113
1041,362,40,113
1041,362,40,113
1041,362,40,113
1041,362,40,113
1041,362,40,113
1041,362,40,113
1041,362,40,113
1041,362,40,113
1041,362,40,113
1041,362,40,113
1041,362,40,113
1041,359,40,116
1041,359,40,116
1041,359,40,116
1041,359,40,116
1041,359,40,116
1041,359,40,116
1041,359,40,116
1041,359,40,116
1041,359,40,116
1041,359,40,116
1041,359,40,116
1041,359,40,116
1041,359,40,116
1041,359,40,116
1041,359,40,116
1038,361,45,116
1038,361,45,116
1038,361,45,116
1038,361,45,116
1038,361,45,116
1038,361,45,116
1038,361,45,116
1038,361,45,116
1038,361,45,116
1038,361,45,116
1038,361,45,116
1038,361,45,116
1038,361,45,116
1038,361,45,116
1038,361,45,116
1034,362,45,113
1034,362,45,113
1034,362,45,113
1034,362,45,113
1034,362,45,113
1034,362,45,113
1034,362,45,113
1034,362,45,113
1034,362,45,113
1034,362,45,113
1034,362,45,113
1034,362,45,113
1034,362,45,113
1034,362,45,113
1034,362,45,113
1034,362,41,113
1034,362,41,113
1034,362,41,113
1034,362,41,113
1034,362,41,113
1034,362,41,113
1034,362,41,113
1034,362,41,113
1034,362,41,113
1034,362,41,113
1034,362,41,113
1034,362,41,113
1034,362,41,113
1034,362,41,113
1034,362,41,113
1039,359,38,116
1039,359,38,116
1039,359,38,116
1039,359,38,116
1039,359,38,116
1039,359,38,116
1039,359,38,116
1039,359,38,116
1039,359,38,116
1039,359,38,116
1039,359,38,116
1039,359,38,116
1039,359,38,116
1039,359,38,116
1039,359,38,116
1038,364,35,116
1036,364,36,115
1034,364,37,114
1032,364,38,113
1030,364,39,112
1028,364,40,111
1026,364,41,110
1024,364,42,109
1022,364,43,108
1020,364,44,107
1018,364,45,106
1016,364,46,105
1014,364,47,104
1012,364,48,103
1010,364,49,102
1012,361,50,99
1012,361,49,99
1012,361,48,99
1012,361,47,99
1012,361,46,99
1012,361,45,99
1012,361,44,99
1012,361,43,99
1012,361,42,99
1012,361,41,99
1012,361,40,99
1012,361,39,99
1012,361,38,99
1012,361,37,99
1012,361,36,99
1005,367,37,96
1005,367,38,98
1005,367,39,100
1005,367,40,102
1005,367,41,104
1005,367,42,106
1005,367,43,108
1005,367,44,110
1005,367,45,112
1005,367,46,114
1005,367,47,116
1005,367,48,118
1005,367,49,120
1005,367,50,122
1005,367,51,124
1003,367,45,125
1003,367,45,125
1003,367,45,125
1003,367,45,125
1003,367,45,125
1003,367,45,125
1003,367,45,125
1003,367,45,125
1003,367,45,125
1003,367,45,125
1003,367,45,125
1003,367,45,125
1003,367,45,125
1003,367,45,125
1003,367,45,125
999,368,51,129
999,369,51,130
999,370,51,131
999,371,51,132
999,372,51,133
999,373,51,134
999,374,51,135
999,375,51,136
999,376,51,137
999,377,51,138
999,378,51,139
999,379,51,140
999,380,51,141
999,381,51,142
999,382,51,143
1006,376,51,137
1006,376,51,138
1006,376,51,139
1006,376,51,140
1006,376,51,141
1006,376,51,142
1006,376,51,143
1006,376,51,144
1006,376,51,145
1006,376,51,146
1006,376,51,147
1006,376,51,148
1006,376,51,149
1006,376,51,150
1006,376,51,151
1003,382,52,147
1003,383,53,149
1003,384,54,151
1003,385,55,153
1003,386,56,155
1003,387,57,157
1003,388,58,159
1003,389,59,161
1003,390,60,163
1003,391,61,165
1003,392,62,167
1003,393,63,169
1003,394,64,171
1003,395,65,173
1003,396,66,175
997,394,67,179
997,395,68,180
997,396,69,181
997,397,70,182
997,398,71,183
997,399,72,184
997,400,73,185
997,401,74,186
997,402,75,187
997,403,76,188
997,404,77,189
997,405,78,190
997,406,79,191
997,407,80,192
997,408,81,193
997,406,88,200
1002,408,91,201
1007,410,94,202
1012,412,97,203
1017,414,100,204
1022,416,103,205
1027,418,106,206
1032,420,109,207
1037,422,112,208
1042,424,115,209
1047,426,118,210
1052,428,121,211
1057,430,124,212
1062,432,127,213
1067,434,130,214
1069,438,133,209
1074,437,131,212
1079,436,129,215
1084,435,127,218
1089,434,125,221
1094,433,123,224
1099,432,121,227
1104,431,119,230
1109,430,117,233
1114,429,115,236
1119,428,113,239
1124,427,111,242
1129,426,109,245
1134,425,107,248
1139,424,105,251
1140,427,110,247
1141,427,113,247
1142,427,116,247
1143,427,119,247
1144,427,122,247
1145,427,125,247
1146,427,128,247
1147,427,131,247
1148,427,134,247
1149,427,137,247
1150,427,140,247
1151,427,143,247
1152,427,146,247
1153,427,149,247
1154,427,152,247
1159,426,148,242
1161,428,145,241
1163,430,142,240
1165,432,139,239
1167,434,136,238
1169,436,133,237
1171,438,130,236
1173,440,127,235
1175,442,124,234
1177,444,121,233
1179,446,118,232
1181,448,115,231
1183,450,112,230
1185,452,109,229
1187,454,106,228
1192,453,96,232
1184,455,102,232
1176,457,108,232
1168,459,114,232
1160,461,120,232
1152,463,126,232
1144,465,132,232
1136,467,138,232
1128,469,144,232
1120,471,150,232
1112,473,156,232
1104,475,162,232
1096,477,168,232
1088,479,174,232
1080,481,180,232
1078,485,188,233
1064,486,183,236
1050,487,178,239
1036,488,173,242
1022,489,168,245
1008,490,163,248
994,491,158,251
980,492,153,254
966,493,148,257
952,494,143,260
938,495,138,263
924,496,133,266
910,497,128,269
896,498,123,272
882,499,118,275
863,494,119,277
847,491,120,285
831,488,121,293
815,485,122,301
799,482,123,309
783,479,124,317
767,476,125,325
751,473,126,333
735,470,127,341
719,467,128,349
703,464,129,357
687,461,130,365
671,458,131,373
655,455,132,381
639,452,133,389
624,452,141,398
