956,355,43,122
956,355,43,122
956,355,43,122
956,355,43,122
956,355,43,122
956,355,43,122
956,355,43,122
956,355,43,122
956,355,43,122
956,355,43,122
956,355,43,122
956,355,43,122
956,355,43,122
956,355,43,122
956,355,43,122
956,355,42,127
956,355,42,127
956,355,42,127
956,355,42,127
956,355,42,127
956,355,42,127
956,355,42,127
956,355,42,127
956,355,42,127
956,355,42,127
956,355,42,127
956,355,42,127
956,355,42,127
956,355,42,127
956,355,42,127
959,356,39,128
959,356,39,128
959,356,39,128
959,356,39,128
959,356,39,128
959,356,39,128
959,356,39,128
959,356,39,128
959,356,39,128
959,356,39,128
959,356,39,128
959,356,39,128
959,356,39,128
959,356,39,128
959,356,39,128
955,357,43,125
955,357,43,125
955,357,43,125
955,357,43,125
955,357,43,125
955,357,43,125
955,357,43,125
955,357,43,125
955,357,43,125
955,357,43,125
955,357,43,125
955,357,43,125
955,357,43,125
955,357,43,125
955,357,43,125
953,355,47,127
953,355,47,127
953,355,47,127
953,355,47,127
953,355,47,127
953,355,47,127
953,355,47,127
953,355,47,127
953,355,47,127
953,355,47,127
953,355,47,127
953,355,47,127
953,355,47,127
953,355,47,127
953,355,47,127
955,356,43,125
955,356,43,125
955,356,43,125
955,356,43,125
955,356,43,125
955,356,43,125
955,356,43,125
955,356,43,125
955,356,43,125
955,356,43,125
955,356,43,125
955,356,43,125
955,356,43,125
955,356,43,125
955,356,43,125
952,355,44,125
952,355,44,125
952,355,44,125
952,355,44,125
952,355,44,125
952,355,44,125
952,355,44,125
952,355,44,125
952,355,44,125
952,355,44,125
952,355,44,125
952,355,44,125
952,355,44,125
952,355,44,125
952,355,44,125
950,357,43,124
950,357,43,124
950,357,43,124
950,357,43,124
950,357,43,124
950,357,43,124
950,357,43,124
950,357,43,124
950,357,43,124
950,357,43,124
950,357,43,124
950,357,43,124
950,357,43,124
950,357,43,124
950,357,43,124
955,354,41,127
955,354,40,127
955,354,39,127
955,354,38,127
955,354,37,127
955,354,36,127
955,354,35,127
955,354,34,127
955,354,33,127
955,354,32,127
955,354,31,127
955,354,30,127
955,354,29,127
955,354,28,127
955,354,27,127
962,357,29,123
961,357,29,123
960,357,29,123
959,357,29,123
958,357,29,123
957,357,29,123
956,357,29,123
955,357,29,123
954,357,29,123
953,357,29,123
952,357,29,123
951,357,29,123
950,357,29,123
949,357,29,123
948,357,29,123
952,357,34,120
951,357,34,119
950,357,34,118
949,357,34,117
948,357,34,116
947,357,34,115
946,357,34,114
945,357,34,113
944,357,34,112
943,357,34,111
942,357,34,110
941,357,34,109
940,357,34,108
939,357,34,107
938,357,34,106
941,357,40,111
940,357,41,112
939,357,42,113
938,357,43,114
937,357,44,115
936,357,45,116
935,357,46,117
934,357,47,118
933,357,48,119
932,357,49,120
931,357,50,121
930,357,51,122
929,357,52,123
928,357,53,124
927,357,54,125
924,357,48,133
924,358,48,132
924,359,48,131
924,360,48,130
924,361,48,129
924,362,48,128
924,363,48,127
924,364,48,126
924,365,48,125
924,366,48,124
924,367,48,123
924,368,48,122
924,369,48,121
924,370,48,120
924,371,48,119
922,366,49,124
922,366,49,124
922,366,49,124
922,366,49,124
922,366,49,124
922,366,49,124
922,366,49,124
922,366,49,124
922,366,49,124
922,366,49,124
922,366,49,124
922,366,49,124
922,366,49,124
922,366,49,124
922,366,49,124
925,371,46,125
925,371,46,125
925,371,46,125
925,371,46,125
925,371,46,125
925,371,46,125
925,371,46,125
925,371,46,125
925,371,46,125
925,371,46,125
925,371,46,125
925,371,46,125
925,371,46,125
925,371,46,125
925,371,46,125
928,371,51,128
928,371,51,128
928,371,51,128
928,371,51,128
928,371,51,128
928,371,51,128
928,371,51,128
928,371,51,128
928,371,51,128
928,371,51,128
928,371,51,128
928,371,51,128
928,371,51,128
928,371,51,128
928,371,51,128
935,375,56,133
935,375,56,134
935,375,56,135
935,375,56,136
935,375,56,137
935,375,56,138
935,375,56,139
935,375,56,140
935,375,56,141
935,375,56,142
935,375,56,143
935,375,56,144
935,375,56,145
935,375,56,146
935,375,56,147
934,375,54,141
934,376,55,143
934,377,56,145
934,378,57,147
934,379,58,149
934,380,59,151
934,381,60,153
934,382,61,155
934,383,62,157
934,384,63,159
934,385,64,161
934,386,65,163
934,387,66,165
934,388,67,167
934,389,68,169
934,383,64,177
934,384,65,178
934,385,66,179
934,386,67,180
934,387,68,181
934,388,69,182
934,389,70,183
934,390,71,184
934,391,72,185
934,392,73,186
934,393,74,187
934,394,75,188
934,395,76,189
934,396,77,190
934,397,78,191
931,396,74,199
934,398,76,200
937,400,78,201
940,402,80,202
943,404,82,203
946,406,84,204
949,408,86,205
952,410,88,206
955,412,90,207
958,414,92,208
961,416,94,209
964,418,96,210
967,420,98,211
970,422,100,212
973,424,102,213
969,424,104,209
973,425,109,209
977,426,114,209
981,427,119,209
985,428,124,209
989,429,129,209
993,430,134,209
997,431,139,209
1001,432,144,209
1005,433,149,209
1009,434,154,209
1013,435,159,209
1017,436,164,209
1021,437,169,209
1025,438,174,209
1025,435,176,215
1029,435,170,216
1033,435,164,217
1037,435,158,218
1041,435,152,219
1045,435,146,220
1049,435,140,221
1053,435,134,222
1057,435,128,223
1061,435,122,224
1065,435,116,225
1069,435,110,226
1073,435,104,227
1077,435,98,228
1081,435,92,229
1089,433,88,236
1091,433,91,236
1093,433,94,236
1095,433,97,236
1097,433,100,236
1099,433,103,236
1101,433,106,236
1103,433,109,236
1105,433,112,236
1107,433,115,236
1109,433,118,236
1111,433,121,236
1113,433,124,236
1115,433,127,236
1117,433,130,236
1113,429,130,242
1114,430,128,242
1115,431,126,242
1116,432,124,242
1117,433,122,242
1118,434,120,242
1119,435,118,242
1120,436,116,242
1121,437,114,242
1122,438,112,242
1123,439,110,242
1124,440,108,242
1125,441,106,242
1126,442,104,242
1127,443,102,242
1133,444,93,240
1132,447,94,239
1131,450,95,238
1130,453,96,237
1129,456,97,236
1128,459,98,235
1127,462,99,234
1126,465,100,233
1125,468,101,232
1124,471,102,231
1123,474,103,230
1122,477,104,229
1121,480,105,228
1120,483,106,227
1119,486,107,226
1112,483,111,219
1103,484,112,220
1094,485,113,221
1085,486,114,222
1076,487,115,223
1067,488,116,224
1058,489,117,225
1049,490,118,226
1040,491,119,227
1031,492,120,228
1022,493,121,229
1013,494,122,230
1004,495,123,231
995,496,124,232
986,497,125,233
976,493,120,235
962,492,123,238
948,491,126,241
934,490,129,244
920,489,132,247
906,488,135,250
892,487,138,253
878,486,141,256
864,485,144,259
850,484,147,262
836,483,150,265
822,482,153,268
808,481,156,271
794,480,159,274
780,479,162,277
768,485,161,275
759,483,159,278
750,481,157,281
741,479,155,284
732,477,153,287
723,475,151,290
714,473,149,293
705,471,147,296
696,469,145,299
687,467,143,302
678,465,141,305
669,463,139,308
660,461,137,311
651,459,135,314
642,457,133,317
639,458,133,323
