1219,414,69,167
1219,413,68,168
1219,412,67,169
1219,411,66,170
1219,410,65,171
1219,409,64,172
1219,408,63,173
1219,407,62,174
1219,406,61,175
1219,405,60,176
1219,404,59,177
1219,403,58,178
1219,402,57,179
1219,401,56,180
1219,400,55,181
1225,406,56,175
1225,407,57,174
1225,408,58,173
1225,409,59,172
1225,410,60,171
1225,411,61,170
1225,412,62,169
1225,413,63,168
1225,414,64,167
1225,415,65,166
1225,416,66,165
1225,417,67,164
1225,418,68,163
1225,419,69,162
1225,420,70,161
1219,414,65,164
1219,414,65,165
1219,414,65,166
1219,414,65,167
1219,414,65,168
1219,414,65,169
1219,414,65,170
1219,414,65,171
1219,414,65,172
1219,414,65,173
1219,414,65,174
1219,414,65,175
1219,414,65,176
1219,414,65,177
1219,414,65,178
1217,408,64,176
1217,408,64,176
1217,408,64,176
1217,408,64,176
1217,408,64,176
1217,408,64,176
1217,408,64,176
1217,408,64,176
1217,408,64,176
1217,408,64,176
1217,408,64,176
1217,408,64,176
1217,408,64,176
1217,408,64,176
1217,408,64,176
1221,411,58,173
1221,411,58,173
1221,411,58,173
1221,411,58,173
1221,411,58,173
1221,411,58,173
1221,411,58,173
1221,411,58,173
1221,411,58,173
1221,411,58,173
1221,411,58,173
1221,411,58,173
1221,411,58,173
1221,411,58,173
1221,411,58,173
1225,411,57,177
1225,411,57,177
1225,411,57,177
1225,411,57,177
1225,411,57,177
1225,411,57,177
1225,411,57,177
1225,411,57,177
1225,411,57,177
1225,411,57,177
1225,411,57,177
1225,411,57,177
1225,411,57,177
1225,411,57,177
1225,411,57,177
1223,408,59,180
1223,408,59,180
1223,408,59,180
1223,408,59,180
1223,408,59,180
1223,408,59,180
1223,408,59,180
1223,408,59,180
1223,408,59,180
1223,408,59,180
1223,408,59,180
1223,408,59,180
1223,408,59,180
1223,408,59,180
1223,408,59,180
1219,411,63,173
1219,411,63,173
1219,411,63,173
1219,411,63,173
1219,411,63,173
1219,411,63,173
1219,411,63,173
1219,411,63,173
1219,411,63,173
1219,411,63,173
1219,411,63,173
1219,411,63,173
1219,411,63,173
1219,411,63,173
1219,411,63,173
1221,408,61,175
1221,408,61,175
1221,408,61,175
1221,408,61,175
1221,408,61,175
1221,408,61,175
1221,408,61,175
1221,408,61,175
1221,408,61,175
1221,408,61,175
1221,408,61,175
1221,408,61,175
1221,408,61,175
1221,408,61,175
1221,408,61,175
1223,405,59,178
1223,405,59,178
1223,405,59,178
1223,405,59,178
1223,405,59,178
1223,405,59,178
1223,405,59,178
1223,405,59,178
1223,405,59,178
1223,405,59,178
1223,405,59,178
1223,405,59,178
1223,405,59,178
1223,405,59,178
1223,405,59,178
1225,405,57,183
1225,405,57,183
1225,405,57,183
1225,405,57,183
1225,405,57,183
1225,405,57,183
1225,405,57,183
1225,405,57,183
1225,405,57,183
1225,405,57,183
1225,405,57,183
1225,405,57,183
1225,405,57,183
1225,405,57,183
1225,405,57,183
1219,403,63,183
1220,403,63,183
1221,403,63,183
1222,403,63,183
1223,403,63,183
1224,403,63,183
1225,403,63,183
1226,403,63,183
1227,403,63,183
1228,403,63,183
1229,403,63,183
1230,403,63,183
1231,403,63,183
1232,403,63,183
1233,403,63,183
1227,405,61,181
1227,405,61,181
1227,405,61,181
1227,405,61,181
1227,405,61,181
1227,405,61,181
1227,405,61,181
1227,405,61,181
1227,405,61,181
1227,405,61,181
1227,405,61,181
1227,405,61,181
1227,405,61,181
1227,405,61,181
1227,405,61,181
1227,403,61,186
1227,403,62,185
1227,403,63,184
1227,403,64,183
1227,403,65,182
1227,403,66,181
1227,403,67,180
1227,403,68,179
1227,403,69,178
1227,403,70,177
1227,403,71,176
1227,403,72,175
1227,403,73,174
1227,403,74,173
1227,403,75,172
1223,408,71,176
1223,408,70,176
1223,408,69,176
1223,408,68,176
1223,408,67,176
1223,408,66,176
1223,408,65,176
1223,408,64,176
1223,408,63,176
1223,408,62,176
1223,408,61,176
1223,408,60,176
1223,408,59,176
1223,408,58,176
1223,408,57,176
1227,411,55,178
1227,412,55,177
1227,413,55,176
1227,414,55,175
1227,415,55,174
1227,416,55,173
1227,417,55,172
1227,418,55,171
1227,419,55,170
1227,420,55,169
1227,421,55,168
1227,422,55,167
1227,423,55,166
1227,424,55,165
1227,425,55,164
1225,420,61,164
1225,420,61,165
1225,420,61,166
1225,420,61,167
1225,420,61,168
1225,420,61,169
1225,420,61,170
1225,420,61,171
1225,420,61,172
1225,420,61,173
1225,420,61,174
1225,420,61,175
1225,420,61,176
1225,420,61,177
1225,420,61,178
1227,414,57,180
1227,414,57,180
1227,414,57,180
1227,414,57,180
1227,414,57,180
1227,414,57,180
1227,414,57,180
1227,414,57,180
1227,414,57,180
1227,414,57,180
1227,414,57,180
1227,414,57,180
1227,414,57,180
1227,414,57,180
1227,414,57,180
1227,409,54,185
1227,411,55,184
1227,413,56,183
1227,415,57,182
1227,417,58,181
1227,419,59,180
1227,421,60,179
1227,423,61,178
1227,425,62,177
1227,427,63,176
1227,429,64,175
1227,431,65,174
1227,433,66,173
1227,435,67,172
1227,437,68,171
1225,433,65,173
1224,434,66,173
1223,435,67,173
1222,436,68,173
1221,437,69,173
1220,438,70,173
1219,439,71,173
1218,440,72,173
1217,441,73,173
1216,442,74,173
1215,443,75,173
1214,444,76,173
1213,445,77,173
1212,446,78,173
1211,447,79,173
1217,442,80,179
1217,443,80,179
1217,444,80,179
1217,445,80,179
1217,446,80,179
1217,447,80,179
1217,448,80,179
1217,449,80,179
1217,450,80,179
1217,451,80,179
1217,452,80,179
1217,453,80,179
1217,454,80,179
1217,455,80,179
1217,456,80,179
1217,461,82,178
1215,459,82,181
1213,457,82,184
1211,455,82,187
1209,453,82,190
1207,451,82,193
1205,449,82,196
1203,447,82,199
1201,445,82,202
1199,443,82,205
1197,441,82,208
1195,439,82,211
1193,437,82,214
1191,435,82,217
1189,433,82,220
1181,437,88,224
1179,440,90,226
1177,443,92,228
1175,446,94,230
1173,449,96,232
1171,452,98,234
1169,455,100,236
1167,458,102,238
1165,461,104,240
1163,464,106,242
1161,467,108,244
1159,470,110,246
1157,473,112,248
1155,476,114,250
1153,479,116,252
1151,477,120,247
1155,480,122,251
1159,483,124,255
1163,486,126,259
1167,489,128,263
1171,492,130,267
1175,495,132,271
1179,498,134,275
1183,501,136,279
1187,504,138,283
1191,507,140,287
1195,510,142,291
1199,513,144,295
1203,516,146,299
1207,519,148,303
1206,527,146,312
1217,532,151,311
1228,537,156,310
1239,542,161,309
1250,547,166,308
1261,552,171,307
1272,557,176,306
1283,562,181,305
1294,567,186,304
1305,572,191,303
1316,577,196,302
1327,582,201,301
1338,587,206,300
1349,592,211,299
1360,597,216,298
1378,609,214,293
1384,609,213,293
1390,609,212,293
1396,609,211,293
1402,609,210,293
1408,609,209,293
1414,609,208,293
1420,609,207,293
1426,609,206,293
1432,609,205,293
1438,609,204,293
1444,609,203,293
1450,609,202,293
1456,609,201,293
1462,609,200,293
1468,613,205,293
1471,613,208,294
1474,613,211,295
1477,613,214,296
1480,613,217,297
1483,613,220,298
1486,613,223,299
1489,613,226,300
1492,613,229,301
1495,613,232,302
1498,613,235,303
1501,613,238,304
1504,613,241,305
1507,613,244,306
1510,613,247,307
1512,618,252,309
1510,620,248,307
1508,622,244,305
1506,624,240,303
1504,626,236,301
1502,628,232,299
1500,630,228,297
1498,632,224,295
1496,634,220,293
1494,636,216,291
1492,638,212,289
1490,640,208,287
1488,642,204,285
1486,644,200,283
1484,646,196,281
1485,651,186,273
1472,649,186,274
1459,647,186,275
1446,645,186,276
1433,643,186,277
1420,641,186,278
1407,639,186,279
1394,637,186,280
1381,635,186,281
1368,633,186,282
1355,631,186,283
1342,629,186,284
1329,627,186,285
1316,625,186,286
1303,623,186,287
1293,626,186,285
1273,628,185,286
1253,630,184,287
1233,632,183,288
1213,634,182,289
1193,636,181,290
1173,638,180,291
1153,640,179,292
1133,642,178,293
1113,644,177,294
1093,646,176,295
1073,648,175,296
1053,650,174,297
1033,652,173,298
1013,654,172,299
998,657,175,299
