1210,356,69,133
1210,356,69,132
1210,356,69,131
1210,356,69,130
1210,356,69,129
1210,356,69,128
1210,356,69,127
1210,356,69,126
1210,356,69,125
1210,356,69,124
1210,356,69,123
1210,356,69,122
1210,356,69,121
1210,356,69,120
1210,356,69,119
1210,359,67,120
1210,359,67,120
1210,359,67,120
1210,359,67,120
1210,359,67,120
1210,359,67,120
1210,359,67,120
1210,359,67,120
1210,359,67,120
1210,359,67,120
1210,359,67,120
1210,359,67,120
1210,359,67,120
1210,359,67,120
1210,359,67,120
1204,357,72,126
1204,358,71,125
1204,359,70,124
1204,360,69,123
1204,361,68,122
1204,362,67,121
1204,363,66,120
1204,364,65,119
1204,365,64,118
1204,366,63,117
1204,367,62,116
1204,368,61,115
1204,369,60,114
1204,370,59,113
1204,371,58,112
1205,365,63,107
1205,365,63,108
1205,365,63,109
1205,365,63,110
1205,365,63,111
1205,365,63,112
1205,365,63,113
1205,365,63,114
1205,365,63,115
1205,365,63,116
1205,365,63,117
1205,365,63,118
1205,365,63,119
1205,365,63,120
1205,365,63,121
1204,360,56,120
1203,360,56,120
1202,360,56,120
1201,360,56,120
1200,360,56,120
1199,360,56,120
1198,360,56,120
1197,360,56,120
1196,360,56,120
1195,360,56,120
1194,360,56,120
1193,360,56,120
1192,360,56,120
1191,360,56,120
1190,360,56,120
1196,356,61,115
1196,356,62,115
1196,356,63,115
1196,356,64,115
1196,356,65,115
1196,356,66,115
1196,356,67,115
1196,356,68,115
1196,356,69,115
1196,356,70,115
1196,356,71,115
1196,356,72,115
1196,356,73,115
1196,356,74,115
1196,356,75,115
1196,359,69,113
1196,358,68,113
1196,357,67,113
1196,356,66,113
1196,355,65,113
1196,354,64,113
1196,353,63,113
1196,352,62,113
1196,351,61,113
1196,350,60,113
1196,349,59,113
1196,348,58,113
1196,347,57,113
1196,346,56,113
1196,345,55,113
1199,349,60,117
1198,347,61,118
1197,345,62,119
1196,343,63,120
1195,341,64,121
1194,339,65,122
1193,337,66,123
1192,335,67,124
1191,333,68,125
1190,331,69,126
1189,329,70,127
1188,327,71,128
1187,325,72,129
1186,323,73,130
1185,321,74,131
1188,326,72,128
1188,327,72,128
1188,328,72,128
1188,329,72,128
1188,330,72,128
1188,331,72,128
1188,332,72,128
1188,333,72,128
1188,334,72,128
1188,335,72,128
1188,336,72,128
1188,337,72,128
1188,338,72,128
1188,339,72,128
1188,340,72,128
1190,343,73,121
1190,343,73,121
1190,343,73,121
1190,343,73,121
1190,343,73,121
1190,343,73,121
1190,343,73,121
1190,343,73,121
1190,343,73,121
1190,343,73,121
1190,343,73,121
1190,343,73,121
1190,343,73,121
1190,343,73,121
1190,343,73,121
1187,342,72,119
1186,343,72,119
1185,344,72,119
1184,345,72,119
1183,346,72,119
1182,347,72,119
1181,348,72,119
1180,349,72,119
1179,350,72,119
1178,351,72,119
1177,352,72,119
1176,353,72,119
1175,354,72,119
1174,355,72,119
1173,356,72,119
1172,357,75,122
1173,357,75,122
1174,357,75,122
1175,357,75,122
1176,357,75,122
1177,357,75,122
1178,357,75,122
1179,357,75,122
1180,357,75,122
1181,357,75,122
1182,357,75,122
1183,357,75,122
1184,357,75,122
1185,357,75,122
1186,357,75,122
1190,363,81,117
1190,363,82,118
1190,363,83,119
1190,363,84,120
1190,363,85,121
1190,363,86,122
1190,363,87,123
1190,363,88,124
1190,363,89,125
1190,363,90,126
1190,363,91,127
1190,363,92,128
1190,363,93,129
1190,363,94,130
1190,363,95,131
1192,367,91,132
1193,367,90,131
1194,367,89,130
1195,367,88,129
1196,367,87,128
1197,367,86,127
1198,367,85,126
1199,367,84,125
1200,367,83,124
1201,367,82,123
1202,367,81,122
1203,367,80,121
1204,367,79,120
1205,367,78,119
1206,367,77,118
1208,367,77,121
1208,367,78,122
1208,367,79,123
1208,367,80,124
1208,367,81,125
1208,367,82,126
1208,367,83,127
1208,367,84,128
1208,367,85,129
1208,367,86,130
1208,367,87,131
1208,367,88,132
1208,367,89,133
1208,367,90,134
1208,367,91,135
1202,373,89,129
1202,375,88,129
1202,377,87,129
1202,379,86,129
1202,381,85,129
1202,383,84,129
1202,385,83,129
1202,387,82,129
1202,389,81,129
1202,391,80,129
1202,393,79,129
1202,395,78,129
1202,397,77,129
1202,399,76,129
1202,401,75,129
1196,396,79,128
1195,397,80,131
1194,398,81,134
1193,399,82,137
1192,400,83,140
1191,401,84,143
1190,402,85,146
1189,403,86,149
1188,404,87,152
1187,405,88,155
1186,406,89,158
1185,407,90,161
1184,408,91,164
1183,409,92,167
1182,410,93,170
1180,407,95,173
1183,410,97,177
1186,413,99,181
1189,416,101,185
1192,419,103,189
1195,422,105,193
1198,425,107,197
1201,428,109,201
1204,431,111,205
1207,434,113,209
1210,437,115,213
1213,440,117,217
1216,443,119,221
1219,446,121,225
1222,449,123,229
1228,454,129,229
1238,456,133,231
1248,458,137,233
1258,460,141,235
1268,462,145,237
1278,464,149,239
1288,466,153,241
1298,468,157,243
1308,470,161,245
1318,472,165,247
1328,474,169,249
1338,476,173,251
1348,478,177,253
1358,480,181,255
1368,482,185,257
1382,487,185,252
1386,487,183,252
1390,487,181,252
1394,487,179,252
1398,487,177,252
1402,487,175,252
1406,487,173,252
1410,487,171,252
1414,487,169,252
1418,487,167,252
1422,487,165,252
1426,487,163,252
1430,487,161,252
1434,487,159,252
1438,487,157,252
1446,482,161,250
1443,483,161,249
1440,484,161,248
1437,485,161,247
1434,486,161,246
1431,487,161,245
1428,488,161,244
1425,489,161,243
1422,490,161,242
1419,491,161,241
1416,492,161,240
1413,493,161,239
1410,494,161,238
1407,495,161,237
1404,496,161,236
1398,493,161,229
1383,494,161,230
1368,495,161,231
1353,496,161,232
1338,497,161,233
1323,498,161,234
1308,499,161,235
1293,500,161,236
1278,501,161,237
1263,502,161,238
1248,503,161,239
1233,504,161,240
1218,505,161,241
1203,506,161,242
1188,507,161,243
1170,515,163,249
1151,518,162,252
1132,521,161,255
1113,524,160,258
1094,527,159,261
1075,530,158,264
1056,533,157,267
1037,536,156,270
1018,539,155,273
999,542,154,276
980,545,153,279
961,548,152,282
942,551,151,285
923,554,150,288
904,557,149,291
880,554,149,290
