969,258,75,136
969,257,75,136
969,256,75,136
969,255,75,136
969,254,75,136
969,253,75,136
969,252,75,136
969,251,75,136
969,250,75,136
969,249,75,136
969,248,75,136
969,247,75,136
969,246,75,136
969,245,75,136
969,244,75,136
965,248,79,142
965,248,78,142
965,248,77,142
965,248,76,142
965,248,75,142
965,248,74,142
965,248,73,142
965,248,72,142
965,248,71,142
965,248,70,142
965,248,69,142
965,248,68,142
965,248,67,142
965,248,66,142
965,248,65,142
965,252,71,135
965,252,71,135
965,252,71,135
965,252,71,135
965,252,71,135
965,252,71,135
965,252,71,135
965,252,71,135
965,252,71,135
965,252,71,135
965,252,71,135
965,252,71,135
965,252,71,135
965,252,71,135
965,252,71,135
959,248,74,134
960,248,74,134
961,248,74,134
962,248,74,134
963,248,74,134
964,248,74,134
965,248,74,134
966,248,74,134
967,248,74,134
968,248,74,134
969,248,74,134
970,248,74,134
971,248,74,134
972,248,74,134
973,248,74,134
970,255,73,132
970,255,73,132
970,255,73,132
970,255,73,132
970,255,73,132
970,255,73,132
970,255,73,132
970,255,73,132
970,255,73,132
970,255,73,132
970,255,73,132
970,255,73,132
970,255,73,132
970,255,73,132
970,255,73,132
964,255,74,135
963,254,74,136
962,253,74,137
961,252,74,138
960,251,74,139
959,250,74,140
958,249,74,141
957,248,74,142
956,247,74,143
955,246,74,144
954,245,74,145
953,244,74,146
952,243,74,147
951,242,74,148
950,241,74,149
949,239,80,145
950,240,80,145
951,241,80,145
952,242,80,145
953,243,80,145
954,244,80,145
955,245,80,145
956,246,80,145
957,247,80,145
958,248,80,145
959,249,80,145
960,250,80,145
961,251,80,145
962,252,80,145
963,253,80,145
969,251,74,151
969,252,74,150
969,253,74,149
969,254,74,148
969,255,74,147
969,256,74,146
969,257,74,145
969,258,74,144
969,259,74,143
969,260,74,142
969,261,74,141
969,262,74,140
969,263,74,139
969,264,74,138
969,265,74,137
972,268,67,132
971,267,67,132
970,266,67,132
969,265,67,132
968,264,67,132
967,263,67,132
966,262,67,132
965,261,67,132
964,260,67,132
963,259,67,132
962,258,67,132
961,257,67,132
960,256,67,132
959,255,67,132
958,254,67,132
962,255,71,133
962,255,72,133
962,255,73,133
962,255,74,133
962,255,75,133
962,255,76,133
962,255,77,133
962,255,78,133
962,255,79,133
962,255,80,133
962,255,81,133
962,255,82,133
962,255,83,133
962,255,84,133
962,255,85,133
960,260,79,136
960,260,79,136
960,260,79,136
960,260,79,136
960,260,79,136
960,260,79,136
960,260,79,136
960,260,79,136
960,260,79,136
960,260,79,136
960,260,79,136
960,260,79,136
960,260,79,136
960,260,79,136
960,260,79,136
959,263,82,134
959,263,81,134
959,263,80,134
959,263,79,134
959,263,78,134
959,263,77,134
959,263,76,134
959,263,75,134
959,263,74,134
959,263,73,134
959,263,72,134
959,263,71,134
959,263,70,134
959,263,69,134
959,263,68,134
954,261,74,132
955,261,74,132
956,261,74,132
957,261,74,132
958,261,74,132
959,261,74,132
960,261,74,132
961,261,74,132
962,261,74,132
963,261,74,132
964,261,74,132
965,261,74,132
966,261,74,132
967,261,74,132
968,261,74,132
967,263,71,134
966,262,71,134
965,261,71,134
964,260,71,134
963,259,71,134
962,258,71,134
961,257,71,134
960,256,71,134
959,255,71,134
958,254,71,134
957,253,71,134
956,252,71,134
955,251,71,134
954,250,71,134
953,249,71,134
954,248,77,134
955,249,76,134
956,250,75,134
957,251,74,134
958,252,73,134
959,253,72,134
960,254,71,134
961,255,70,134
962,256,69,134
963,257,68,134
964,258,67,134
965,259,66,134
966,260,65,134
967,261,64,134
968,262,63,134
964,266,69,127
964,266,69,127
964,266,69,127
964,266,69,127
964,266,69,127
964,266,69,127
964,266,69,127
964,266,69,127
964,266,69,127
964,266,69,127
964,266,69,127
964,266,69,127
964,266,69,127
964,266,69,127
964,266,69,127
965,268,66,126
965,268,66,126
965,268,66,126
965,268,66,126
965,268,66,126
965,268,66,126
965,268,66,126
965,268,66,126
965,268,66,126
965,268,66,126
965,268,66,126
965,268,66,126
965,268,66,126
965,268,66,126
965,268,66,126
960,263,68,124
960,262,68,124
960,261,68,124
960,260,68,124
960,259,68,124
960,258,68,124
960,257,68,124
960,256,68,124
960,255,68,124
960,254,68,124
960,253,68,124
960,252,68,124
960,251,68,124
960,250,68,124
960,249,68,124
962,252,67,128
962,252,67,129
962,252,67,130
962,252,67,131
962,252,67,132
962,252,67,133
962,252,67,134
962,252,67,135
962,252,67,136
962,252,67,137
962,252,67,138
962,252,67,139
962,252,67,140
962,252,67,141
962,252,67,142
967,246,74,145
966,247,74,144
965,248,74,143
964,249,74,142
963,250,74,141
962,251,74,140
961,252,74,139
960,253,74,138
959,254,74,137
958,255,74,136
957,256,74,135
956,257,74,134
955,258,74,133
954,259,74,132
953,260,74,131
959,261,70,132
959,261,70,132
959,261,70,132
959,261,70,132
959,261,70,132
959,261,70,132
959,261,70,132
959,261,70,132
959,261,70,132
959,261,70,132
959,261,70,132
959,261,70,132
959,261,70,132
959,261,70,132
959,261,70,132
964,261,75,139
964,263,76,138
964,265,77,137
964,267,78,136
964,269,79,135
964,271,80,134
964,273,81,133
964,275,82,132
964,277,83,131
964,279,84,130
964,281,85,129
964,283,86,128
964,285,87,127
964,287,88,126
964,289,89,125
970,291,86,125
969,292,86,126
968,293,86,127
967,294,86,128
966,295,86,129
965,296,86,130
964,297,86,131
963,298,86,132
962,299,86,133
961,300,86,134
960,301,86,135
959,302,86,136
958,303,86,137
957,304,86,138
956,305,86,139
950,307,89,144
948,307,90,149
946,307,91,154
944,307,92,159
942,307,93,164
940,307,94,169
938,307,95,174
936,307,96,179
934,307,97,184
932,307,98,189
930,307,99,194
928,307,100,199
926,307,101,204
924,307,102,209
922,307,103,214
916,311,110,212
918,313,112,213
920,315,114,214
922,317,116,215
924,319,118,216
926,321,120,217
928,323,122,218
930,325,124,219
932,327,126,220
934,329,128,221
936,331,130,222
938,333,132,223
940,335,134,224
942,337,136,225
944,339,138,226
950,347,137,228
959,350,137,233
968,353,137,238
977,356,137,243
986,359,137,248
995,362,137,253
1004,365,137,258
1013,368,137,263
1022,371,137,268
1031,374,137,273
1040,377,137,278
1049,380,137,283
1058,383,137,288
1067,386,137,293
1076,389,137,298
1085,387,135,308
1089,388,139,306
1093,389,143,304
1097,390,147,302
1101,391,151,300
1105,392,155,298
1109,393,159,296
1113,394,163,294
1117,395,167,292
1121,396,171,290
1125,397,175,288
1129,398,179,286
1133,399,183,284
1137,400,187,282
1141,401,191,280
1150,399,200,285
1155,400,199,285
1160,401,198,285
1165,402,197,285
1170,403,196,285
1175,404,195,285
1180,405,194,285
1185,406,193,285
1190,407,192,285
1195,408,191,285
1200,409,190,285
1205,410,189,285
1210,411,188,285
1215,412,187,285
1220,413,186,285
1221,407,185,278
1218,407,183,278
1215,407,181,278
1212,407,179,278
1209,407,177,278
1206,407,175,278
1203,407,173,278
1200,407,171,278
1197,407,169,278
1194,407,167,278
1191,407,165,278
1188,407,163,278
1185,407,161,278
1182,407,159,278
1179,407,157,278
1176,401,154,281
1164,401,154,282
1152,401,154,283
1140,401,154,284
1128,401,154,285
1116,401,154,286
1104,401,154,287
1092,401,154,288
1080,401,154,289
1068,401,154,290
1056,401,154,291
1044,401,154,292
1032,401,154,293
1020,401,154,294
1008,401,154,295
995,398,160,301
