1119,274,44,122
1119,274,44,121
1119,274,44,120
1119,274,44,119
1119,274,44,118
1119,274,44,117
1119,274,44,116
1119,274,44,115
1119,274,44,114
1119,274,44,113
1119,274,44,112
1119,274,44,111
1119,274,44,110
1119,274,44,109
1119,274,44,108
1124,273,37,114
1124,273,37,114
1124,273,37,114
1124,273,37,114
1124,273,37,114
1124,273,37,114
1124,273,37,114
1124,273,37,114
1124,273,37,114
1124,273,37,114
1124,273,37,114
1124,273,37,114
1124,273,37,114
1124,273,37,114
1124,273,37,114
1124,270,40,118
1124,270,40,118
1124,270,40,118
1124,270,40,118
1124,270,40,118
1124,270,40,118
1124,270,40,118
1124,270,40,118
1124,270,40,118
1124,270,40,118
1124,270,40,118
1124,270,40,118
1124,270,40,118
1124,270,40,118
1124,270,40,118
1117,274,47,122
1117,274,47,121
1117,274,47,120
1117,274,47,119
1117,274,47,118
1117,274,47,117
1117,274,47,116
1117,274,47,115
1117,274,47,114
1117,274,47,113
1117,274,47,112
1117,274,47,111
1117,274,47,110
1117,274,47,109
1117,274,47,108
1114,277,49,113
1114,277,49,113
1114,277,49,113
1114,277,49,113
1114,277,49,113
1114,277,49,113
1114,277,49,113
1114,277,49,113
1114,277,49,113
1114,277,49,113
1114,277,49,113
1114,277,49,113
1114,277,49,113
1114,277,49,113
1114,277,49,113
1119,276,47,108
1119,276,47,108
1119,276,47,108
1119,276,47,108
1119,276,47,108
1119,276,47,108
1119,276,47,108
1119,276,47,108
1119,276,47,108
1119,276,47,108
1119,276,47,108
1119,276,47,108
1119,276,47,108
1119,276,47,108
1119,276,47,108
1117,279,49,111
1117,279,49,111
1117,279,49,111
1117,279,49,111
1117,279,49,111
1117,279,49,111
1117,279,49,111
1117,279,49,111
1117,279,49,111
1117,279,49,111
1117,279,49,111
1117,279,49,111
1117,279,49,111
1117,279,49,111
1117,279,49,111
1121,284,45,109
1121,283,45,110
1121,282,45,111
1121,281,45,112
1121,280,45,113
1121,279,45,114
1121,278,45,115
1121,277,45,116
1121,276,45,117
1121,275,45,118
1121,274,45,119
1121,273,45,120
1121,272,45,121
1121,271,45,122
1121,270,45,123
1124,271,43,124
1123,271,43,123
1122,271,43,122
1121,271,43,121
1120,271,43,120
1119,271,43,119
1118,271,43,118
1117,271,43,117
1116,271,43,116
1115,271,43,115
1114,271,43,114
1113,271,43,113
1112,271,43,112
1111,271,43,111
1110,271,43,110
1111,274,50,114
1111,274,50,115
1111,274,50,116
1111,274,50,117
1111,274,50,118
1111,274,50,119
1111,274,50,120
1111,274,50,121
1111,274,50,122
1111,274,50,123
1111,274,50,124
1111,274,50,125
1111,274,50,126
1111,274,50,127
1111,274,50,128
1116,268,45,127
1116,268,45,126
1116,268,45,125
1116,268,45,124
1116,268,45,123
1116,268,45,122
1116,268,45,121
1116,268,45,120
1116,268,45,119
1116,268,45,118
1116,268,45,117
1116,268,45,116
1116,268,45,115
1116,268,45,114
1116,268,45,113
1117,271,50,119
1117,271,50,119
1117,271,50,119
1117,271,50,119
1117,271,50,119
1117,271,50,119
1117,271,50,119
1117,271,50,119
1117,271,50,119
1117,271,50,119
1117,271,50,119
1117,271,50,119
1117,271,50,119
1117,271,50,119
1117,271,50,119
1114,273,53,117
1114,273,53,117
1114,273,53,117
1114,273,53,117
1114,273,53,117
1114,273,53,117
1114,273,53,117
1114,273,53,117
1114,273,53,117
1114,273,53,117
1114,273,53,117
1114,273,53,117
1114,273,53,117
1114,273,53,117
1114,273,53,117
1116,273,51,123
1116,273,51,122
1116,273,51,121
1116,273,51,120
1116,273,51,119
1116,273,51,118
1116,273,51,117
1116,273,51,116
1116,273,51,115
1116,273,51,114
1116,273,51,113
1116,273,51,112
1116,273,51,111
1116,273,51,110
1116,273,51,109
1114,280,52,115
1114,280,52,115
1114,280,52,115
1114,280,52,115
1114,280,52,115
1114,280,52,115
1114,280,52,115
1114,280,52,115
1114,280,52,115
1114,280,52,115
1114,280,52,115
1114,280,52,115
1114,280,52,115
1114,280,52,115
1114,280,52,115
1113,280,54,108
1113,280,54,108
1113,280,54,108
1113,280,54,108
1113,280,54,108
1113,280,54,108
1113,280,54,108
1113,280,54,108
1113,280,54,108
1113,280,54,108
1113,280,54,108
1113,280,54,108
1113,280,54,108
1113,280,54,108
1113,280,54,108
1114,277,53,111
1114,276,53,112
1114,275,53,113
1114,274,53,114
1114,273,53,115
1114,272,53,116
1114,271,53,117
1114,270,53,118
1114,269,53,119
1114,268,53,120
1114,267,53,121
1114,266,53,122
1114,265,53,123
1114,264,53,124
1114,263,53,125
1113,268,56,128
1113,268,56,128
1113,268,56,128
1113,268,56,128
1113,268,56,128
1113,268,56,128
1113,268,56,128
1113,268,56,128
1113,268,56,128
1113,268,56,128
1113,268,56,128
1113,268,56,128
1113,268,56,128
1113,268,56,128
1113,268,56,128
1119,274,50,125
1119,275,50,125
1119,276,50,125
1119,277,50,125
1119,278,50,125
1119,279,50,125
1119,280,50,125
1119,281,50,125
1119,282,50,125
1119,283,50,125
1119,284,50,125
1119,285,50,125
1119,286,50,125
1119,287,50,125
1119,288,50,125
1119,282,53,128
1119,282,54,129
1119,282,55,130
1119,282,56,131
1119,282,57,132
1119,282,58,133
1119,282,59,134
1119,282,60,135
1119,282,61,136
1119,282,62,137
1119,282,63,138
1119,282,64,139
1119,282,65,140
1119,282,66,141
1119,282,67,142
1117,285,66,140
1117,286,65,139
1117,287,64,138
1117,288,63,137
1117,289,62,136
1117,290,61,135
1117,291,60,134
1117,292,59,133
1117,293,58,132
1117,294,57,131
1117,295,56,130
1117,296,55,129
1117,297,54,128
1117,298,53,127
1117,299,52,126
1116,305,51,120
1115,306,52,119
1114,307,53,118
1113,308,54,117
1112,309,55,116
1111,310,56,115
1110,311,57,114
1109,312,58,113
1108,313,59,112
1107,314,60,111
1106,315,61,110
1105,316,62,109
1104,317,63,108
1103,318,64,107
1102,319,65,106
1105,319,64,109
1104,319,67,116
1103,319,70,123
1102,319,73,130
1101,319,76,137
1100,319,79,144
1099,319,82,151
1098,319,85,158
1097,319,88,165
1096,319,91,172
1095,319,94,179
1094,319,97,186
1093,319,100,193
1092,319,103,200
1091,319,106,207
1086,313,102,217
1092,317,105,216
1098,321,108,215
1104,325,111,214
1110,329,114,213
1116,333,117,212
1122,337,120,211
1128,341,123,210
1134,345,126,209
1140,349,129,208
1146,353,132,207
1152,357,135,206
1158,361,138,205
1164,365,141,204
1170,369,144,203
1170,369,154,209
1178,371,155,211
1186,373,156,213
1194,375,157,215
1202,377,158,217
1210,379,159,219
1218,381,160,221
1226,383,161,223
1234,385,162,225
1242,387,163,227
1250,389,164,229
1258,391,165,231
1266,393,166,233
1274,395,167,235
1282,397,168,237
1285,397,173,234
1288,396,171,234
1291,395,169,234
1294,394,167,234
1297,393,165,234
1300,392,163,234
1303,391,161,234
1306,390,159,234
1309,389,157,234
1312,388,155,234
1315,387,153,234
1318,386,151,234
1321,385,149,234
1324,384,147,234
1327,383,145,234
1323,386,138,230
1326,387,138,230
1329,388,138,230
1332,389,138,230
1335,390,138,230
1338,391,138,230
1341,392,138,230
1344,393,138,230
1347,394,138,230
1350,395,138,230
1353,396,138,230
1356,397,138,230
1359,398,138,230
1362,399,138,230
1365,400,138,230
1362,407,134,226
1354,407,134,224
1346,407,134,222
1338,407,134,220
1330,407,134,218
1322,407,134,216
1314,407,134,214
1306,407,134,212
1298,407,134,210
1290,407,134,208
1282,407,134,206
1274,407,134,204
1266,407,134,202
1258,407,134,200
1250,407,134,198
1245,407,132,200
1234,408,132,202
1223,409,132,204
1212,410,132,206
1201,411,132,208
1190,412,132,210
1179,413,132,212
1168,414,132,214
1157,415,132,216
1146,416,132,218
1135,417,132,220
1124,418,132,222
1113,419,132,224
1102,420,132,226
1091,421,132,228
1084,424,139,230
1067,423,140,236
1050,422,141,242
1033,421,142,248
1016,420,143,254
999,419,144,260
982,418,145,266
965,417,146,272
948,416,147,278
931,415,148,284
914,414,149,290
897,413,150,296
880,412,151,302
863,411,152,308
846,410,153,314
833,415,150,319
