11,521,113,304
15,521,113,304
19,521,113,304
23,521,113,304
27,521,113,304
31,521,113,304
35,521,113,304
39,521,113,304
43,521,113,304
47,521,113,304
51,521,113,304
55,521,113,304
59,521,113,304
63,521,113,304
67,521,113,304
73,523,107,308
77,523,105,308
81,523,103,308
85,523,101,308
89,523,99,308
93,523,97,308
97,523,95,308
101,523,93,308
105,523,91,308
109,523,89,308
113,523,87,308
117,523,85,308
121,523,83,308
125,523,81,308
129,523,79,308
133,523,81,315
136,524,83,315
139,525,85,315
142,526,87,315
145,527,89,315
148,528,91,315
151,529,93,315
154,530,95,315
157,531,97,315
160,532,99,315
163,533,101,315
166,534,103,315
169,535,105,315
172,536,107,315
175,537,109,315
184,534,106,319
188,534,108,319
192,534,110,319
196,534,112,319
200,534,114,319
204,534,116,319
208,534,118,319
212,534,120,319
216,534,122,319
220,534,124,319
224,534,126,319
228,534,128,319
232,534,130,319
236,534,132,319
240,534,134,319
246,540,141,324
252,541,141,324
258,542,141,324
264,543,141,324
270,544,141,324
276,545,141,324
282,546,141,324
288,547,141,324
294,548,141,324
300,549,141,324
306,550,141,324
312,551,141,324
318,552,141,324
324,553,141,324
330,554,141,324
336,552,137,330
343,553,136,330
350,554,135,330
357,555,134,330
364,556,133,330
371,557,132,330
378,558,131,330
385,559,130,330
392,560,129,330
399,561,128,330
406,562,127,330
413,563,126,330
420,564,125,330
427,565,124,330
434,566,123,330
434,560,126,326
440,560,123,327
446,560,120,328
452,560,117,329
458,560,114,330
464,560,111,331
470,560,108,332
476,560,105,333
482,560,102,334
488,560,99,335
494,560,96,336
500,560,93,337
506,560,90,338
512,560,87,339
518,560,84,340
529,565,81,341
535,566,82,341
541,567,83,341
547,568,84,341
553,569,85,341
559,570,86,341
565,571,87,341
571,572,88,341
577,573,89,341
583,574,90,341
589,575,91,341
595,576,92,341
601,577,93,341
607,578,94,341
613,579,95,341
621,580,89,335
624,581,92,335
627,582,95,335
630,583,98,335
633,584,101,335
636,585,104,335
639,586,107,335
642,587,110,335
645,588,113,335
648,589,116,335
651,590,119,335
654,591,122,335
657,592,125,335
660,593,128,335
663,594,131,335
667,598,128,341
672,599,130,342
677,600,132,343
682,601,134,344
687,602,136,345
692,603,138,346
697,604,140,347
702,605,142,348
707,606,144,349
712,607,146,350
717,608,148,351
722,609,150,352
727,610,152,353
732,611,154,354
737,612,156,355
744,617,154,355
750,618,156,354
756,619,158,353
762,620,160,352
768,621,162,351
774,622,164,350
780,623,166,349
786,624,168,348
792,625,170,347
798,626,172,346
804,627,174,345
810,628,176,344
816,629,178,343
822,630,180,342
828,631,182,341
837,631,184,347
847,632,179,347
857,633,174,347
867,634,169,347
877,635,164,347
887,636,159,347
897,637,154,347
907,638,149,347
917,639,144,347
927,640,139,347
937,641,134,347
947,642,129,347
957,643,124,347
967,644,119,347
977,645,114,347
980,639,115,352
988,639,113,347
996,639,111,342
1004,639,109,337
1012,639,107,332
1020,639,105,327
1028,639,103,322
1036,639,101,317
1044,639,99,312
1052,639,97,307
1060,639,95,302
1068,639,93,297
1076,639,91,292
1084,639,89,287
1092,639,87,282
1104,646,90,278
1113,647,94,282
1122,648,98,286
1131,649,102,290
1140,650,106,294
1149,651,110,298
1158,652,114,302
1167,653,118,306
1176,654,122,310
1185,655,126,314
1194,656,130,318
1203,657,134,322
1212,658,138,326
1221,659,142,330
1230,660,146,334
1232,655,156,343
1244,659,153,338
1256,663,150,333
1268,667,147,328
1280,671,144,323
1292,675,141,318
1304,679,138,313
1316,683,135,308
1328,687,132,303
1340,691,129,298
1352,695,126,293
1364,699,123,288
1376,703,120,283
1388,707,117,278
1400,711,114,273
1418,721,106,273
1412,719,112,274
1406,717,118,275
1400,715,124,276
1394,713,130,277
1388,711,136,278
1382,709,142,279
1376,707,148,280
1370,705,154,281
1364,703,160,282
1358,701,166,283
1352,699,172,284
1346,697,178,285
1340,695,184,286
1334,693,190,287
1323,694,200,293
1310,695,199,293
1297,696,198,293
1284,697,197,293
1271,698,196,293
1258,699,195,293
1245,700,194,293
1232,701,193,293
1219,702,192,293
1206,703,191,293
1193,704,190,293
1180,705,189,293
1167,706,188,293
1154,707,187,293
1141,708,186,293
1132,707,181,291
1107,703,185,289
1082,699,189,287
1057,695,193,285
1032,691,197,283
1007,687,201,281
982,683,205,279
957,679,209,277
932,675,213,275
907,671,217,273
882,667,221,271
857,663,225,269
832,659,229,267
807,655,233,265
782,651,237,263
762,653,234,259
757,651,228,264
752,649,222,269
747,647,216,274
742,645,210,279
737,643,204,284
732,641,198,289
727,639,192,294
722,637,186,299
717,635,180,304
712,633,174,309
707,631,168,314
702,629,162,319
697,627,156,324
692,625,150,329
686,630,150,337
691,630,151,337
696,630,152,337
701,630,153,337
706,630,154,337
711,630,155,337
716,630,156,337
721,630,157,337
726,630,158,337
731,630,159,337
736,630,160,337
741,630,161,337
746,630,162,337
751,630,163,337
756,630,164,337
762,630,158,335
775,630,158,336
788,630,158,337
801,630,158,338
814,630,158,339
827,630,158,340
840,630,158,341
853,630,158,342
866,630,158,343
879,630,158,344
892,630,158,345
905,630,158,346
918,630,158,347
931,630,158,348
944,630,158,349
954,628,152,348
959,628,148,348
964,628,144,348
969,628,140,348
974,628,136,348
979,628,132,348
984,628,128,348
989,628,124,348
994,628,120,348
999,628,116,348
1004,628,112,348
1009,628,108,348
1014,628,104,348
1019,628,100,348
1024,628,96,348
1027,630,98,342
1025,630,99,342
1023,630,100,342
1021,630,101,342
1019,630,102,342
1017,630,103,342
1015,630,104,342
1013,630,105,342
1011,630,106,342
1009,630,107,342
1007,630,108,342
1005,630,109,342
1003,630,110,342
1001,630,111,342
999,630,112,342
997,630,119,348
995,630,119,347
993,630,119,346
991,630,119,345
989,630,119,344
987,630,119,343
985,630,119,342
983,630,119,341
981,630,119,340
979,630,119,339
977,630,119,338
975,630,119,337
973,630,119,336
971,630,119,335
969,630,119,334
965,630,126,338
966,629,130,336
967,628,134,334
968,627,138,332
969,626,142,330
970,625,146,328
971,624,150,326
972,623,154,324
973,622,158,322
974,621,162,320
975,620,166,318
976,619,170,316
977,618,174,314
978,617,178,312
979,616,182,310
987,618,182,314
993,620,178,312
999,622,174,310
1005,624,170,308
1011,626,166,306
1017,628,162,304
1023,630,158,302
1029,632,154,300
1035,634,150,298
1041,636,146,296
1047,638,142,294
1053,640,138,292
1059,642,134,290
1065,644,130,288
1071,646,126,286
1082,641,119,287
1078,642,121,288
1074,643,123,289
1070,644,125,290
1066,645,127,291
1062,646,129,292
1058,647,131,293
1054,648,133,294
1050,649,135,295
1046,650,137,296
1042,651,139,297
1038,652,141,298
1034,653,143,299
1030,654,145,300
1026,655,147,301
1025,659,146,298
1025,657,144,300
1025,655,142,302
1025,653,140,304
1025,651,138,306
1025,649,136,308
1025,647,134,310
1025,645,132,312
1025,643,130,314
1025,641,128,316
1025,639,126,318
1025,637,124,320
1025,635,122,322
1025,633,120,324
1025,631,118,326
1020,630,118,333
1025,632,123,331
1030,634,128,329
1035,636,133,327
1040,638,138,325
1045,640,143,323
1050,642,148,321
1055,644,153,319
1060,646,158,317
1065,648,163,315
1070,650,168,313
1075,652,173,311
1080,654,178,309
1085,656,183,307
1090,658,188,305
1089,659,199,300
1094,658,198,300
1099,657,197,300
1104,656,196,300
1109,655,195,300
1114,654,194,300
1119,653,193,300
1124,652,192,300
1129,651,191,300
1134,650,190,300
1139,649,189,300
1144,648,188,300
1149,647,187,300
1154,646,186,300
1159,645,185,300
1158,637,185,298
