1879,651,41,300
1876,651,44,301
1873,651,47,302
1870,651,50,303
1867,651,53,304
1864,651,56,305
1861,651,59,306
1858,651,62,307
1855,651,65,308
1852,651,68,309
1849,651,71,310
1846,651,74,311
1843,651,77,312
1840,651,80,313
1837,651,83,314
1833,647,87,309
1829,646,90,310
1825,645,93,311
1821,644,96,312
1817,643,99,313
1813,642,102,314
1809,641,105,315
1805,640,108,316
1801,639,111,317
1797,638,114,318
1793,637,117,319
1789,636,120,320
1785,635,123,321
1781,634,126,322
1777,633,129,323
1774,631,126,325
1768,631,128,325
1762,631,130,325
1756,631,132,325
1750,631,134,325
1744,631,136,325
1738,631,138,325
1732,631,140,325
1726,631,142,325
1720,631,144,325
1714,631,146,325
1708,631,148,325
1702,631,150,325
1696,631,152,325
1690,631,154,325
1677,625,152,328
1676,624,149,328
1675,623,146,328
1674,622,143,328
1673,621,140,328
1672,620,137,328
1671,619,134,328
1670,618,131,328
1669,617,128,328
1668,616,125,328
1667,615,122,328
1666,614,119,328
1665,613,116,328
1664,612,113,328
1663,611,110,328
1659,608,100,323
1652,608,103,323
1645,608,106,323
1638,608,109,323
1631,608,112,323
1624,608,115,323
1617,608,118,323
1610,608,121,323
1603,608,124,323
1596,608,127,323
1589,608,130,323
1582,608,133,323
1575,608,136,323
1568,608,139,323
1561,608,142,323
1551,604,144,318
1543,604,146,318
1535,604,148,318
1527,604,150,318
1519,604,152,318
1511,604,154,318
1503,604,156,318
1495,604,158,318
1487,604,160,318
1479,604,162,318
1471,604,164,318
1463,604,166,318
1455,604,168,318
1447,604,170,318
1439,604,172,318
1426,598,171,319
1420,597,171,320
1414,596,171,321
1408,595,171,322
1402,594,171,323
1396,593,171,324
1390,592,171,325
1384,591,171,326
1378,590,171,327
1372,589,171,328
1366,588,171,329
1360,587,171,330
1354,586,171,331
1348,585,171,332
1342,584,171,333
1332,579,172,337
1329,578,168,338
1326,577,164,339
1323,576,160,340
1320,575,156,341
1317,574,152,342
1314,573,148,343
1311,572,144,344
1308,571,140,345
1305,570,136,346
1302,569,132,347
1299,568,128,348
1296,567,124,349
1293,566,120,350
1290,565,116,351
1283,564,111,356
1276,563,111,355
1269,562,111,354
1262,561,111,353
1255,560,111,352
1248,559,111,351
1241,558,111,350
1234,557,111,349
1227,556,111,348
1220,555,111,347
1213,554,111,346
1206,553,111,345
1199,552,111,344
1192,551,111,343
1185,550,111,342
1183,553,115,347
1174,553,119,347
1165,553,123,347
1156,553,127,347
1147,553,131,347
1138,553,135,347
1129,553,139,347
1120,553,143,347
1111,553,147,347
1102,553,151,347
1093,553,155,347
1084,553,159,347
1075,553,163,347
1066,553,167,347
1057,553,171,347
1048,546,169,343
1041,545,169,343
1034,544,169,343
1027,543,169,343
1020,542,169,343
1013,541,169,343
1006,540,169,343
999,539,169,343
992,538,169,343
985,537,169,343
978,536,169,343
971,535,169,343
964,534,169,343
957,533,169,343
950,532,169,343
936,532,173,348
930,531,170,347
924,530,167,346
918,529,164,345
912,528,161,344
906,527,158,343
900,526,155,342
894,525,152,341
888,524,149,340
882,523,146,339
876,522,143,338
870,521,140,337
864,520,137,336
858,519,134,335
852,518,131,334
853,514,126,330
848,513,123,331
843,512,120,332
838,511,117,333
833,510,114,334
828,509,111,335
823,508,108,336
818,507,105,337
813,506,102,338
808,505,99,339
803,504,96,340
798,503,93,341
793,502,90,342
788,501,87,343
783,500,84,344
783,492,88,338
778,492,89,338
773,492,90,338
768,492,91,338
763,492,92,338
758,492,93,338
753,492,94,338
748,492,95,338
743,492,96,338
738,492,97,338
733,492,98,338
728,492,99,338
723,492,100,338
718,492,101,338
713,492,102,338
710,490,102,338
706,490,105,339
702,490,108,340
698,490,111,341
694,490,114,342
690,490,117,343
686,490,120,344
682,490,123,345
678,490,126,346
674,490,129,347
670,490,132,348
666,490,135,349
662,490,138,350
658,490,141,351
654,490,144,352
653,488,144,357
656,489,147,355
659,490,150,353
662,491,153,351
665,492,156,349
668,493,159,347
671,494,162,345
674,495,165,343
677,496,168,341
680,497,171,339
683,498,174,337
686,499,177,335
689,500,180,333
692,501,183,331
695,502,186,329
699,510,194,332
695,509,192,333
691,508,190,334
687,507,188,335
683,506,186,336
679,505,184,337
675,504,182,338
671,503,180,339
667,502,178,340
663,501,176,341
659,500,174,342
655,499,172,343
651,498,170,344
647,497,168,345
643,496,166,346
636,488,165,346
631,488,164,345
626,488,163,344
621,488,162,343
616,488,161,342
611,488,160,341
606,488,159,340
601,488,158,339
596,488,157,338
591,488,156,337
586,488,155,336
581,488,154,335
576,488,153,334
571,488,152,333
566,488,151,332
565,492,146,325
574,492,143,326
583,492,140,327
592,492,137,328
601,492,134,329
610,492,131,330
619,492,128,331
628,492,125,332
637,492,122,333
646,492,119,334
655,492,116,335
664,492,113,336
673,492,110,337
682,492,107,338
691,492,104,339
695,496,106,334
700,495,109,335
705,494,112,336
710,493,115,337
715,492,118,338
720,491,121,339
725,490,124,340
730,489,127,341
735,488,130,342
740,487,133,343
745,486,136,344
750,485,139,345
755,484,142,346
760,483,145,347
765,482,148,348
772,478,157,344
760,479,161,343
748,480,165,342
736,481,169,341
724,482,173,340
712,483,177,339
700,484,181,338
688,485,185,337
676,486,189,336
664,487,193,335
652,488,197,334
640,489,201,333
628,490,205,332
616,491,209,331
604,492,213,330
591,488,224,326
588,486,220,325
585,484,216,324
582,482,212,323
579,480,208,322
576,478,204,321
573,476,200,320
570,474,196,319
567,472,192,318
564,470,188,317
561,468,184,316
558,466,180,315
555,464,176,314
552,462,172,313
549,460,168,312
552,463,168,316
552,463,173,316
552,463,178,316
552,463,183,316
552,463,188,316
552,463,193,316
552,463,198,316
552,463,203,316
552,463,208,316
552,463,213,316
552,463,218,316
552,463,223,316
552,463,228,316
552,463,233,316
552,463,238,316
545,463,236,316
541,463,228,316
537,463,220,316
533,463,212,316
529,463,204,316
525,463,196,316
521,463,188,316
517,463,180,316
513,463,172,316
509,463,164,316
505,463,156,316
501,463,148,316
497,463,140,316
493,463,132,316
489,463,124,316
491,457,123,315
488,457,128,315
485,457,133,315
482,457,138,315
479,457,143,315
476,457,148,315
473,457,153,315
470,457,158,315
467,457,163,315
464,457,168,315
461,457,173,315
458,457,178,315
455,457,183,315
452,457,188,315
449,457,193,315
440,463,197,320
437,462,192,320
434,461,187,320
431,460,182,320
428,459,177,320
425,458,172,320
422,457,167,320
419,456,162,320
416,455,157,320
413,454,152,320
410,453,147,320
407,452,142,320
404,451,137,320
401,450,132,320
398,449,127,320
396,452,126,323
395,452,127,322
394,452,128,321
393,452,129,320
392,452,130,319
391,452,131,318
390,452,132,317
389,452,133,316
388,452,134,315
387,452,135,314
386,452,136,313
385,452,137,312
384,452,138,311
383,452,139,310
382,452,140,309
379,452,137,304
380,452,135,305
381,452,133,306
382,452,131,307
383,452,129,308
384,452,127,309
385,452,125,310
386,452,123,311
387,452,121,312
388,452,119,313
389,452,117,314
390,452,115,315
391,452,113,316
392,452,111,317
393,452,109,318
398,448,113,313
403,450,112,315
408,452,111,317
413,454,110,319
418,456,109,321
423,458,108,323
428,460,107,325
433,462,106,327
438,464,105,329
443,466,104,331
448,468,103,333
453,470,102,335
458,472,101,337
463,474,100,339
468,476,99,341
480,482,99,337
482,486,100,337
484,490,101,337
486,494,102,337
488,498,103,337
490,502,104,337
492,506,105,337
494,510,106,337
496,514,107,337
498,518,108,337
500,522,109,337
502,526,110,337
504,530,111,337
506,534,112,337
508,538,113,337
506,539,113,331
