1711,502,99,266
1711,502,98,266
1711,502,97,266
1711,502,96,266
1711,502,95,266
1711,502,94,266
1711,502,93,266
1711,502,92,266
1711,502,91,266
1711,502,90,266
1711,502,89,266
1711,502,88,266
1711,502,87,266
1711,502,86,266
1711,502,85,266
1711,499,91,266
1711,499,91,266
1711,499,91,266
1711,499,91,266
1711,499,91,266
1711,499,91,266
1711,499,91,266
1711,499,91,266
1711,499,91,266
1711,499,91,266
1711,499,91,266
1711,499,91,266
1711,499,91,266
1711,499,91,266
1711,499,91,266
1705,494,90,273
1705,494,88,273
1705,494,86,273
1705,494,84,273
1705,494,82,273
1705,494,80,273
1705,494,78,273
1705,494,76,273
1705,494,74,273
1705,494,72,273
1705,494,70,273
1705,494,68,273
1705,494,66,273
1705,494,64,273
1705,494,62,273
1703,489,59,268
1700,489,61,268
1697,489,63,268
1694,489,65,268
1691,489,67,268
1688,489,69,268
1685,489,71,268
1682,489,73,268
1679,489,75,268
1676,489,77,268
1673,489,79,268
1670,489,81,268
1667,489,83,268
1664,489,85,268
1661,489,87,268
1665,484,88,266
1662,484,87,265
1659,484,86,264
1656,484,85,263
1653,484,84,262
1650,484,83,261
1647,484,82,260
1644,484,81,259
1641,484,80,258
1638,484,79,257
1635,484,78,256
1632,484,77,255
1629,484,76,254
1626,484,75,253
1623,484,74,252
1620,482,66,256
1616,482,65,254
1612,482,64,252
1608,482,63,250
1604,482,62,248
1600,482,61,246
1596,482,60,244
1592,482,59,242
1588,482,58,240
1584,482,57,238
1580,482,56,236
1576,482,55,234
1572,482,54,232
1568,482,53,230
1564,482,52,228
1565,484,52,233
1559,484,52,234
1553,484,52,235
1547,484,52,236
1541,484,52,237
1535,484,52,238
1529,484,52,239
1523,484,52,240
1517,484,52,241
1511,484,52,242
1505,484,52,243
1499,484,52,244
1493,484,52,245
1487,484,52,246
1481,484,52,247
1480,478,55,242
1472,478,57,243
1464,478,59,244
1456,478,61,245
1448,478,63,246
1440,478,65,247
1432,478,67,248
1424,478,69,249
1416,478,71,250
1408,478,73,251
1400,478,75,252
1392,478,77,253
1384,478,79,254
1376,478,81,255
1368,478,83,256
1360,473,83,260
1354,473,83,260
1348,473,83,260
1342,473,83,260
1336,473,83,260
1330,473,83,260
1324,473,83,260
1318,473,83,260
1312,473,83,260
1306,473,83,260
1300,473,83,260
1294,473,83,260
1288,473,83,260
1282,473,83,260
1276,473,83,260
1266,476,80,256
1260,475,80,256
1254,474,80,256
1248,473,80,256
1242,472,80,256
1236,471,80,256
1230,470,80,256
1224,469,80,256
1218,468,80,256
1212,467,80,256
1206,466,80,256
1200,465,80,256
1194,464,80,256
1188,463,80,256
1182,462,80,256
1177,466,73,261
1169,466,75,261
1161,466,77,261
1153,466,79,261
1145,466,81,261
1137,466,83,261
1129,466,85,261
1121,466,87,261
1113,466,89,261
1105,466,91,261
1097,466,93,261
1089,466,95,261
1081,466,97,261
1073,466,99,261
1065,466,101,261
1055,466,97,256
1049,466,96,255
1043,466,95,254
1037,466,94,253
1031,466,93,252
1025,466,92,251
1019,466,91,250
1013,466,90,249
1007,466,89,248
1001,466,88,247
995,466,87,246
989,466,86,245
983,466,85,244
977,466,84,243
971,466,83,242
968,464,82,246
962,463,82,246
956,462,82,246
950,461,82,246
944,460,82,246
938,459,82,246
932,458,82,246
926,457,82,246
920,456,82,246
914,455,82,246
908,454,82,246
902,453,82,246
896,452,82,246
890,451,82,246
884,450,82,246
880,448,80,250
876,449,80,251
872,450,80,252
868,451,80,253
864,452,80,254
860,453,80,255
856,454,80,256
852,455,80,257
848,456,80,258
844,457,80,259
840,458,80,260
836,459,80,261
832,460,80,262
828,461,80,263
824,462,80,264
817,459,84,258
818,459,88,258
819,459,92,258
820,459,96,258
821,459,100,258
822,459,104,258
823,459,108,258
824,459,112,258
825,459,116,258
826,459,120,258
827,459,124,258
828,459,128,258
829,459,132,258
830,459,136,258
831,459,140,258
837,461,150,254
834,461,146,254
831,461,142,254
828,461,138,254
825,461,134,254
822,461,130,254
819,461,126,254
816,461,122,254
813,461,118,254
810,461,114,254
807,461,110,254
804,461,106,254
801,461,102,254
798,461,98,254
795,461,94,254
797,456,83,257
794,456,86,256
791,456,89,255
788,456,92,254
785,456,95,253
782,456,98,252
779,456,101,251
776,456,104,250
773,456,107,249
770,456,110,248
767,456,113,247
764,456,116,246
761,456,119,245
758,456,122,244
755,456,125,243
748,461,130,237
759,460,125,238
770,459,120,239
781,458,115,240
792,457,110,241
803,456,105,242
814,455,100,243
825,454,95,244
836,453,90,245
847,452,85,246
858,451,80,247
869,450,75,248
880,449,70,249
891,448,65,250
902,447,60,251
906,446,61,256
898,446,65,255
890,446,69,254
882,446,73,253
874,446,77,252
866,446,81,251
858,446,85,250
850,446,89,249
842,446,93,248
834,446,97,247
826,446,101,246
818,446,105,245
810,446,109,244
802,446,113,243
794,446,117,242
779,453,115,237
776,453,116,237
773,453,117,237
770,453,118,237
767,453,119,237
764,453,120,237
761,453,121,237
758,453,122,237
755,453,123,237
752,453,124,237
749,453,125,237
746,453,126,237
743,453,127,237
740,453,128,237
737,453,129,237
739,446,128,231
736,446,125,231
733,446,122,231
730,446,119,231
727,446,116,231
724,446,113,231
721,446,110,231
718,446,107,231
715,446,104,231
712,446,101,231
709,446,98,231
706,446,95,231
703,446,92,231
700,446,89,231
697,446,86,231
701,444,82,233
699,444,84,233
697,444,86,233
695,444,88,233
693,444,90,233
691,444,92,233
689,444,94,233
687,444,96,233
685,444,98,233
683,444,100,233
681,444,102,233
679,444,104,233
677,444,106,233
675,444,108,233
673,444,110,233
666,444,114,236
662,444,112,236
658,444,110,236
654,444,108,236
650,444,106,236
646,444,104,236
642,444,102,236
638,444,100,236
634,444,98,236
630,444,96,236
626,444,94,236
622,444,92,236
618,444,90,236
614,444,88,236
610,444,86,236
613,444,89,236
