1517,434,115,291
1517,434,115,291
1517,434,115,291
1517,434,115,291
1517,434,115,291
1517,434,115,291
1517,434,115,291
1517,434,115,291
1517,434,115,291
1517,434,115,291
1517,434,115,291
1517,434,115,291
1517,434,115,291
1517,434,115,291
1517,434,115,291
1517,434,116,292
1517,434,116,292
1517,434,116,292
1517,434,116,292
1517,434,116,292
1517,434,116,292
1517,434,116,292
1517,434,116,292
1517,434,116,292
1517,434,116,292
1517,434,116,292
1517,434,116,292
1517,434,116,292
1517,434,116,292
1517,434,116,292
1520,438,115,288
1520,438,115,288
1520,438,115,288
1520,438,115,288
1520,438,115,288
1520,438,115,288
1520,438,115,288
1520,438,115,288
1520,438,115,288
1520,438,115,288
1520,438,115,288
1520,438,115,288
1520,438,115,288
1520,438,115,288
1520,438,115,288
1520,434,110,291
1520,433,110,292
1520,432,110,293
1520,431,110,294
1520,430,110,295
1520,429,110,296
1520,428,110,297
1520,427,110,298
1520,426,110,299
1520,425,110,300
1520,424,110,301
1520,423,110,302
1520,422,110,303
1520,421,110,304
1520,420,110,305
1515,426,103,300
1515,425,101,301
1515,424,99,302
1515,423,97,303
1515,422,95,304
1515,421,93,305
1515,420,91,306
1515,419,89,307
1515,418,87,308
1515,417,85,309
1515,416,83,310
1515,415,81,311
1515,414,79,312
1515,413,77,313
1515,412,75,314
1518,418,72,308
1517,418,72,307
1516,418,72,306
1515,418,72,305
1514,418,72,304
1513,418,72,303
1512,418,72,302
1511,418,72,301
1510,418,72,300
1509,418,72,299
1508,418,72,298
1507,418,72,297
1506,418,72,296
1505,418,72,295
1504,418,72,294
1505,415,77,287
1501,415,80,287
1497,415,83,287
1493,415,86,287
1489,415,89,287
1485,415,92,287
1481,415,95,287
1477,415,98,287
1473,415,101,287
1469,415,104,287
1465,415,107,287
1461,415,110,287
1457,415,113,287
1453,415,116,287
1449,415,119,287
1439,417,123,287
1437,416,120,287
1435,415,117,287
1433,414,114,287
1431,413,111,287
1429,412,108,287
1427,411,105,287
1425,410,102,287
1423,409,99,287
1421,408,96,287
1419,407,93,287
1417,406,90,287
1415,405,87,287
1413,404,84,287
1411,403,81,287
1403,409,83,282
1400,409,83,281
1397,409,83,280
1394,409,83,279
1391,409,83,278
1388,409,83,277
1385,409,83,276
1382,409,83,275
1379,409,83,274
1376,409,83,273
1373,409,83,272
1370,409,83,271
1367,409,83,270
1364,409,83,269
1361,409,83,268
1352,402,86,272
1345,402,90,272
1338,402,94,272
1331,402,98,272
1324,402,102,272
1317,402,106,272
1310,402,110,272
1303,402,114,272
1296,402,118,272
1289,402,122,272
1282,402,126,272
1275,402,130,272
1268,402,134,272
1261,402,138,272
1254,402,142,272
1254,398,140,271
1248,398,140,271
1242,398,140,271
1236,398,140,271
1230,398,140,271
1224,398,140,271
1218,398,140,271
1212,398,140,271
1206,398,140,271
1200,398,140,271
1194,398,140,271
1188,398,140,271
1182,398,140,271
1176,398,140,271
1170,398,140,271
1167,402,136,264
1163,401,134,265
1159,400,132,266
1155,399,130,267
1151,398,128,268
1147,397,126,269
1143,396,124,270
1139,395,122,271
1135,394,120,272
1131,393,118,273
1127,392,116,274
1123,391,114,275
1119,390,112,276
1115,389,110,277
1111,388,108,278
1104,390,108,285
1100,390,106,285
1096,390,104,285
1092,390,102,285
1088,390,100,285
1084,390,98,285
1080,390,96,285
1076,390,94,285
1072,390,92,285
1068,390,90,285
1064,390,88,285
1060,390,86,285
1056,390,84,285
1052,390,82,285
1048,390,80,285
1048,391,73,291
1041,391,77,291
1034,391,81,291
1027,391,85,291
1020,391,89,291
1013,391,93,291
1006,391,97,291
999,391,101,291
992,391,105,291
985,391,109,291
978,391,113,291
971,391,117,291
964,391,121,291
957,391,125,291
950,391,129,291
949,388,126,287
942,388,128,287
935,388,130,287
928,388,132,287
921,388,134,287
914,388,136,287
907,388,138,287
900,388,140,287
893,388,142,287
886,388,144,287
879,388,146,287
872,388,148,287
865,388,150,287
858,388,152,287
851,388,154,287
845,386,151,283
839,386,150,283
833,386,149,283
827,386,148,283
821,386,147,283
815,386,146,283
809,386,145,283
803,386,144,283
797,386,143,283
791,386,142,283
785,386,141,283
779,386,140,283
773,386,139,283
767,386,138,283
761,386,137,283
761,382,133,279
758,382,129,278
755,382,125,277
752,382,121,276
749,382,117,275
746,382,113,274
743,382,109,273
740,382,105,272
737,382,101,271
734,382,97,270
731,382,93,269
728,382,89,268
725,382,85,267
722,382,81,266
719,382,77,265
714,375,77,271
709,374,78,271
704,373,79,271
699,372,80,271
694,371,81,271
689,370,82,271
684,369,83,271
679,368,84,271
674,367,85,271
669,366,86,271
664,365,87,271
659,364,88,271
654,363,89,271
649,362,90,271
644,361,91,271
632,362,87,276
628,362,88,276
624,362,89,276
620,362,90,276
616,362,91,276
612,362,92,276
608,362,93,276
604,362,94,276
600,362,95,276
596,362,96,276
592,362,97,276
588,362,98,276
584,362,99,276
580,362,100,276
576,362,101,276
574,366,102,272
571,366,101,273
568,366,100,274
565,366,99,275
562,366,98,276
559,366,97,277
556,366,96,278
553,366,95,279
550,366,94,280
547,366,93,281
544,366,92,282
541,366,91,283
538,366,90,284
535,366,89,285
532,366,88,286
524,367,92,292
526,368,97,291
528,369,102,290
530,370,107,289
532,371,112,288
534,372,117,287
536,373,122,286
538,374,127,285
540,375,132,284
542,376,137,283
544,377,142,282
546,378,147,281
548,379,152,280
550,380,157,279
552,381,162,278
553,382,172,271
551,381,170,271
549,380,168,271
547,379,166,271
545,378,164,271
543,377,162,271
541,376,160,271
539,375,158,271
537,374,156,271
535,373,154,271
533,372,152,271
531,371,150,271
529,370,148,271
527,369,146,271
525,368,144,271
516,374,138,268
512,374,136,268
508,374,134,268
504,374,132,268
500,374,130,268
496,374,128,268
492,374,126,268
488,374,124,268
484,374,122,268
480,374,120,268
476,374,118,268
472,374,116,268
468,374,114,268
464,374,112,268
460,374,110,268
460,378,103,262
465,377,102,262
470,376,101,262
475,375,100,262
480,374,99,262
485,373,98,262
490,372,97,262
495,371,96,262
500,370,95,262
505,369,94,262
510,368,93,262
515,367,92,262
520,366,91,262
525,365,90,262
530,364,89,262
528,370,90,268
535,369,90,269
542,368,90,270
549,367,90,271
556,366,90,272
563,365,90,273
570,364,90,274
577,363,90,275
584,362,90,276
591,361,90,277
598,360,90,278
605,359,90,279
612,358,90,280
619,357,90,281
626,356,90,282
630,354,94,281
620,355,101,280
610,356,108,279
600,357,115,278
590,358,122,277
580,359,129,276
570,360,136,275
560,361,143,274
550,362,150,273
540,363,157,272
530,364,164,271
520,365,171,270
510,366,178,269
500,367,185,268
490,368,192,267
478,366,194,261
477,365,188,261
476,364,182,261
475,363,176,261
474,362,170,261
473,361,164,261
472,360,158,261
471,359,152,261
470,358,146,261
469,357,140,261
468,356,134,261
467,355,128,261
466,354,122,261
465,353,116,261
464,352,110,261
462,350,103,263
461,351,106,262
460,352,109,261
459,353,112,260
458,354,115,259
457,355,118,258
456,356,121,257
455,357,124,256
454,358,127,255
453,359,130,254
452,360,133,253
451,361,136,252
450,362,139,251
449,363,142,250
448,364,145,249
452,359,144,254
449,359,141,254
446,359,138,254
443,359,135,254
440,359,132,254
437,359,129,254
434,359,126,254
431,359,123,254
428,359,120,254
425,359,117,254
422,359,114,254
419,359,111,254
416,359,108,254
413,359,105,254
410,359,102,254
404,354,100,256
401,355,102,256
398,356,104,256
395,357,106,256
392,358,108,256
389,359,110,256
386,360,112,256
383,361,114,256
380,362,116,256
377,363,118,256
374,364,120,256
371,365,122,256
368,366,124,256
365,367,126,256
362,368,128,256
361,367,128,251
