1602,429,103,248
1602,429,103,248
1602,429,103,248
1602,429,103,248
1602,429,103,248
1602,429,103,248
1602,429,103,248
1602,429,103,248
1602,429,103,248
1602,429,103,248
1602,429,103,248
1602,429,103,248
1602,429,103,248
1602,429,103,248
1602,429,103,248
1602,429,108,252
1602,429,108,252
1602,429,108,252
1602,429,108,252
1602,429,108,252
1602,429,108,252
1602,429,108,252
1602,429,108,252
1602,429,108,252
1602,429,108,252
1602,429,108,252
1602,429,108,252
1602,429,108,252
1602,429,108,252
1602,429,108,252
1606,432,102,249
1606,431,102,250
1606,430,102,251
1606,429,102,252
1606,428,102,253
1606,427,102,254
1606,426,102,255
1606,425,102,256
1606,424,102,257
1606,423,102,258
1606,422,102,259
1606,421,102,260
1606,420,102,261
1606,419,102,262
1606,418,102,263
1608,423,95,259
1607,423,94,259
1606,423,93,259
1605,423,92,259
1604,423,91,259
1603,423,90,259
1602,423,89,259
1601,423,88,259
1600,423,87,259
1599,423,86,259
1598,423,85,259
1597,423,84,259
1596,423,83,259
1595,423,82,259
1594,423,81,259
1599,418,79,261
1598,418,79,260
1597,418,79,259
1596,418,79,258
1595,418,79,257
1594,418,79,256
1593,418,79,255
1592,418,79,254
1591,418,79,253
1590,418,79,252
1589,418,79,251
1588,418,79,250
1587,418,79,249
1586,418,79,248
1585,418,79,247
1589,420,79,239
1586,420,80,239
1583,420,81,239
1580,420,82,239
1577,420,83,239
1574,420,84,239
1571,420,85,239
1568,420,86,239
1565,420,87,239
1562,420,88,239
1559,420,89,239
1556,420,90,239
1553,420,91,239
1550,420,92,239
1547,420,93,239
1541,414,93,245
1536,413,94,245
1531,412,95,245
1526,411,96,245
1521,410,97,245
1516,409,98,245
1511,408,99,245
1506,407,100,245
1501,406,101,245
1496,405,102,245
1491,404,103,245
1486,403,104,245
1481,402,105,245
1476,401,106,245
1471,400,107,245
1467,404,108,243
1465,403,107,242
1463,402,106,241
1461,401,105,240
1459,400,104,239
1457,399,103,238
1455,398,102,237
1453,397,101,236
1451,396,100,235
1449,395,99,234
1447,394,98,233
1445,393,97,232
1443,392,96,231
1441,391,95,230
1439,390,94,229
1436,396,87,228
1432,396,86,228
1428,396,85,228
1424,396,84,228
1420,396,83,228
1416,396,82,228
1412,396,81,228
1408,396,80,228
1404,396,79,228
1400,396,78,228
1396,396,77,228
1392,396,76,228
1388,396,75,228
1384,396,74,228
1380,396,73,228
1373,391,78,227
1368,390,78,228
1363,389,78,229
1358,388,78,230
1353,387,78,231
1348,386,78,232
1343,385,78,233
1338,384,78,234
1333,383,78,235
1328,382,78,236
1323,381,78,237
1318,380,78,238
1313,379,78,239
1308,378,78,240
1303,377,78,241
1304,377,78,241
1299,377,78,241
1294,377,78,241
1289,377,78,241
1284,377,78,241
1279,377,78,241
1274,377,78,241
1269,377,78,241
1264,377,78,241
1259,377,78,241
1254,377,78,241
1249,377,78,241
1244,377,78,241
1239,377,78,241
1234,377,78,241
1224,377,85,247
1218,377,87,247
1212,377,89,247
1206,377,91,247
1200,377,93,247
1194,377,95,247
1188,377,97,247
1182,377,99,247
1176,377,101,247
1170,377,103,247
1164,377,105,247
1158,377,107,247
1152,377,109,247
1146,377,111,247
1140,377,113,247
1134,370,120,252
1128,369,121,252
1122,368,122,252
1116,367,123,252
1110,366,124,252
1104,365,125,252
1098,364,126,252
1092,363,127,252
1086,362,128,252
1080,361,129,252
1074,360,130,252
1068,359,131,252
1062,358,132,252
1056,357,133,252
1050,356,134,252
1039,361,129,245
1034,361,129,245
1029,361,129,245
1024,361,129,245
1019,361,129,245
1014,361,129,245
1009,361,129,245
1004,361,129,245
999,361,129,245
994,361,129,245
989,361,129,245
984,361,129,245
979,361,129,245
974,361,129,245
969,361,129,245
960,354,122,248
954,353,122,248
948,352,122,248
942,351,122,248
936,350,122,248
930,349,122,248
924,348,122,248
918,347,122,248
912,346,122,248
906,345,122,248
900,344,122,248
894,343,122,248
888,342,122,248
882,341,122,248
876,340,122,248
869,345,121,245
866,344,119,245
863,343,117,245
860,342,115,245
857,341,113,245
854,340,111,245
851,339,109,245
848,338,107,245
845,337,105,245
842,336,103,245
839,335,101,245
836,334,99,245
833,333,97,245
830,332,95,245
827,331,93,245
819,332,87,247
815,333,86,247
811,334,85,247
807,335,84,247
803,336,83,247
799,337,82,247
795,338,81,247
791,339,80,247
787,340,79,247
783,341,78,247
779,342,77,247
775,343,76,247
771,344,75,247
767,345,74,247
763,346,73,247
766,341,77,252
766,341,82,252
766,341,87,252
766,341,92,252
766,341,97,252
766,341,102,252
766,341,107,252
766,341,112,252
766,341,117,252
766,341,122,252
766,341,127,252
766,341,132,252
766,341,137,252
766,341,142,252
766,341,147,252
766,343,148,247
765,343,150,247
764,343,152,247
763,343,154,247
762,343,156,247
761,343,158,247
760,343,160,247
759,343,162,247
758,343,164,247
757,343,166,247
756,343,168,247
755,343,170,247
754,343,172,247
753,343,174,247
752,343,176,247
750,343,173,245
746,343,169,244
742,343,165,243
738,343,161,242
734,343,157,241
730,343,153,240
726,343,149,239
722,343,145,238
718,343,141,237
714,343,137,236
710,343,133,235
706,343,129,234
702,343,125,233
698,343,121,232
694,343,117,231
689,340,106,237
696,339,104,238
703,338,102,239
710,337,100,240
717,336,98,241
724,335,96,242
731,334,94,243
738,333,92,244
745,332,90,245
752,331,88,246
759,330,86,247
766,329,84,248
773,328,82,249
780,327,80,250
787,326,78,251
792,332,72,247
795,331,73,247
798,330,74,247
801,329,75,247
804,328,76,247
807,327,77,247
810,326,78,247
813,325,79,247
816,324,80,247
819,323,81,247
822,322,82,247
825,321,83,247
828,320,84,247
831,319,85,247
834,318,86,247
840,322,87,246
832,323,88,245
824,324,89,244
816,325,90,243
808,326,91,242
800,327,92,241
792,328,93,240
784,329,94,239
776,330,95,238
768,331,96,237
760,332,97,236
752,333,98,235
744,334,99,234
736,335,100,233
728,336,101,232
727,332,108,228
724,332,110,228
721,332,112,228
718,332,114,228
715,332,116,228
712,332,118,228
709,332,120,228
706,332,122,228
703,332,124,228
700,332,126,228
697,332,128,228
694,332,130,228
691,332,132,228
688,332,134,228
685,332,136,228
680,325,142,224
678,325,142,224
676,325,142,224
674,325,142,224
672,325,142,224
670,325,142,224
668,325,142,224
666,325,142,224
664,325,142,224
662,325,142,224
660,325,142,224
658,325,142,224
656,325,142,224
654,325,142,224
652,325,142,224
645,327,139,220
642,327,137,220
639,327,135,220
636,327,133,220
633,327,131,220
630,327,129,220
627,327,127,220
624,327,125,220
621,327,123,220
618,327,121,220
615,327,119,220
612,327,117,220
609,327,115,220
606,327,113,220
603,327,111,220
607,327,114,224
