1061,374,111,274
1057,374,111,274
1053,374,111,274
1049,374,111,274
1045,374,111,274
1041,374,111,274
1037,374,111,274
1033,374,111,274
1029,374,111,274
1025,374,111,274
1021,374,111,274
1017,374,111,274
1013,374,111,274
1009,374,111,274
1005,374,111,274
997,370,111,280
997,369,109,280
997,368,107,280
997,367,105,280
997,366,103,280
997,365,101,280
997,364,99,280
997,363,97,280
997,362,95,280
997,361,93,280
997,360,91,280
997,359,89,280
997,358,87,280
997,357,85,280
997,356,83,280
998,362,77,284
996,362,77,283
994,362,77,282
992,362,77,281
990,362,77,280
988,362,77,279
986,362,77,278
984,362,77,277
982,362,77,276
980,362,77,275
978,362,77,274
976,362,77,273
974,362,77,272
972,362,77,271
970,362,77,270
970,366,74,271
965,365,74,270
960,364,74,269
955,363,74,268
950,362,74,267
945,361,74,266
940,360,74,265
935,359,74,264
930,358,74,263
925,357,74,262
920,356,74,261
915,355,74,260
910,354,74,259
905,353,74,258
900,352,74,257
897,356,81,253
894,357,81,254
891,358,81,255
888,359,81,256
885,360,81,257
882,361,81,258
879,362,81,259
876,363,81,260
873,364,81,261
870,365,81,262
867,366,81,263
864,367,81,264
861,368,81,265
858,369,81,266
855,370,81,267
845,366,76,275
844,366,75,276
843,366,74,277
842,366,73,278
841,366,72,279
840,366,71,280
839,366,70,281
838,366,69,282
837,366,68,283
836,366,67,284
835,366,66,285
834,366,65,286
833,366,64,287
832,366,63,288
831,366,62,289
828,362,67,289
826,362,68,289
824,362,69,289
822,362,70,289
820,362,71,289
818,362,72,289
816,362,73,289
814,362,74,289
812,362,75,289
810,362,76,289
808,362,77,289
806,362,78,289
804,362,79,289
802,362,80,289
800,362,81,289
796,365,88,289
792,365,89,289
788,365,90,289
784,365,91,289
780,365,92,289
776,365,93,289
772,365,94,289
768,365,95,289
764,365,96,289
760,365,97,289
756,365,98,289
752,365,99,289
748,365,100,289
744,365,101,289
740,365,102,289
739,368,110,286
738,368,110,286
737,368,110,286
736,368,110,286
735,368,110,286
734,368,110,286
733,368,110,286
732,368,110,286
731,368,110,286
730,368,110,286
729,368,110,286
728,368,110,286
727,368,110,286
726,368,110,286
725,368,110,286
729,364,107,290
724,364,108,289
719,364,109,288
714,364,110,287
709,364,111,286
704,364,112,285
699,364,113,284
694,364,114,283
689,364,115,282
684,364,116,281
679,364,117,280
674,364,118,279
669,364,119,278
664,364,120,277
659,364,121,276
661,361,123,276
660,361,122,276
659,361,121,276
658,361,120,276
657,361,119,276
656,361,118,276
655,361,117,276
654,361,116,276
653,361,115,276
652,361,114,276
651,361,113,276
650,361,112,276
649,361,111,276
648,361,110,276
647,361,109,276
645,359,113,274
641,359,114,274
637,359,115,274
633,359,116,274
629,359,117,274
625,359,118,274
621,359,119,274
617,359,120,274
613,359,121,274
609,359,122,274
605,359,123,274
601,359,124,274
597,359,125,274
593,359,126,274
589,359,127,274
589,360,124,273
587,359,121,273
585,358,118,273
583,357,115,273
581,356,112,273
579,355,109,273
577,354,106,273
575,353,103,273
573,352,100,273
571,351,97,273
569,350,94,273
567,349,91,273
565,348,88,273
563,347,85,273
561,346,82,273
560,352,74,277
555,353,78,277
550,354,82,277
545,355,86,277
540,356,90,277
535,357,94,277
530,358,98,277
525,359,102,277
520,360,106,277
515,361,110,277
510,362,114,277
505,363,118,277
500,364,122,277
495,365,126,277
490,366,130,277
488,361,134,271
485,361,134,272
482,361,134,273
479,361,134,274
476,361,134,275
473,361,134,276
470,361,134,277
467,361,134,278
464,361,134,279
461,361,134,280
458,361,134,281
455,361,134,282
452,361,134,283
449,361,134,284
446,361,134,285
438,362,132,288
439,362,129,287
440,362,126,286
441,362,123,285
442,362,120,284
443,362,117,283
444,362,114,282
445,362,111,281
446,362,108,280
447,362,105,279
448,362,102,278
449,362,99,277
450,362,96,276
451,362,93,275
452,362,90,274
460,357,90,274
464,358,94,273
468,359,98,272
472,360,102,271
476,361,106,270
480,362,110,269
484,363,114,268
488,364,118,267
492,365,122,266
496,366,126,265
500,367,130,264
504,368,134,263
508,369,138,262
512,370,142,261
516,371,146,260
513,366,144,256
527,368,146,254
541,370,148,252
555,372,150,250
569,374,152,248
583,376,154,246
597,378,156,244
611,380,158,242
625,382,160,240
639,384,162,238
653,386,164,236
667,388,166,234
681,390,168,232
695,392,170,230
709,394,172,228
730,392,174,225
738,390,172,228
746,388,170,231
754,386,168,234
762,384,166,237
770,382,164,240
778,380,162,243
786,378,160,246
794,376,158,249
802,374,156,252
810,372,154,255
818,370,152,258
826,368,150,261
834,366,148,264
842,364,146,267
848,365,140,263
852,364,135,264
856,363,130,265
860,362,125,266
864,361,120,267
868,360,115,268
872,359,110,269
876,358,105,270
880,357,100,271
884,356,95,272
888,355,90,273
892,354,85,274
896,353,80,275
900,352,75,276
904,351,70,277
906,356,64,280
908,356,65,281
910,356,66,282
912,356,67,283
914,356,68,284
916,356,69,285
918,356,70,286
920,356,71,287
922,356,72,288
924,356,73,289
926,356,74,290
928,356,75,291
930,356,76,292
932,356,77,293
934,356,78,294
931,361,82,290
933,362,83,289
935,363,84,288
937,364,85,287
939,365,86,286
941,366,87,285
943,367,88,284
945,368,89,283
947,369,90,282
949,370,91,281
951,371,92,280
953,372,93,279
955,373,94,278
957,374,95,277
959,375,96,276
967,374,94,278
958,373,98,277
949,372,102,276
940,371,106,275
931,370,110,274
922,369,114,273
913,368,118,272
904,367,122,271
895,366,126,270
886,365,130,269
877,364,134,268
868,363,138,267
859,362,142,266
850,361,146,265
841,360,150,264
837,365,152,262
837,365,154,262
837,365,156,262
837,365,158,262
837,365,160,262
837,365,162,262
837,365,164,262
837,365,166,262
837,365,168,262
837,365,170,262
837,365,172,262
837,365,174,262
837,365,176,262
837,365,178,262
837,365,180,262
831,361,182,267
835,362,180,265
839,363,178,263
843,364,176,261
847,365,174,259
851,366,172,257
855,367,170,255
859,368,168,253
863,369,166,251
867,370,164,249
871,371,162,247
875,372,160,245
879,373,158,243
883,374,156,241
887,375,154,239
891,375,152,239
892,374,153,240
893,373,154,241
894,372,155,242
895,371,156,243
896,370,157,244
897,369,158,245
898,368,159,246
899,367,160,247
900,366,161,248
901,365,162,249
902,364,163,250
903,363,164,251
904,362,165,252
905,361,166,253
906,366,165,258
909,367,163,259
912,368,161,260
915,369,159,261
918,370,157,262
921,371,155,263
924,372,153,264
927,373,151,265
930,374,149,266
933,375,147,267
936,376,145,268
939,377,143,269
942,378,141,270
945,379,139,271
948,380,137,272
957,379,130,280
955,378,131,279
953,377,132,278
951,376,133,277
949,375,134,276
947,374,135,275
945,373,136,274
943,372,137,273
941,371,138,272
939,370,139,271
937,369,140,270
935,368,141,269
933,367,142,268
931,366,143,267
929,365,144,266
929,365,144,260
926,364,142,260
923,363,140,260
920,362,138,260
917,361,136,260
914,360,134,260
911,359,132,260
908,358,130,260
905,357,128,260
902,356,126,260
899,355,124,260
896,354,122,260
893,353,120,260
890,352,118,260
887,351,116,260
883,356,117,263
879,357,116,264
875,358,115,265
871,359,114,266
867,360,113,267
863,361,112,268
859,362,111,269
855,363,110,270
851,364,109,271
847,365,108,272
843,366,107,273
839,367,106,274
835,368,105,275
831,369,104,276
827,370,103,277
823,365,109,272
