1370,461,98,244
1366,461,98,244
1362,461,98,244
1358,461,98,244
1354,461,98,244
1350,461,98,244
1346,461,98,244
1342,461,98,244
1338,461,98,244
1334,461,98,244
1330,461,98,244
1326,461,98,244
1322,461,98,244
1318,461,98,244
1314,461,98,244
1305,465,103,242
1302,464,102,243
1299,463,101,244
1296,462,100,245
1293,461,99,246
1290,460,98,247
1287,459,97,248
1284,458,96,249
1281,457,95,250
1278,456,94,251
1275,455,93,252
1272,454,92,253
1269,453,91,254
1266,452,90,255
1263,451,89,256
1260,449,81,261
1258,449,79,260
1256,449,77,259
1254,449,75,258
1252,449,73,257
1250,449,71,256
1248,449,69,255
1246,449,67,254
1244,449,65,253
1242,449,63,252
1240,449,61,251
1238,449,59,250
1236,449,57,249
1234,449,55,248
1232,449,53,247
1235,452,58,252
1232,452,59,253
1229,452,60,254
1226,452,61,255
1223,452,62,256
1220,452,63,257
1217,452,64,258
1214,452,65,259
1211,452,66,260
1208,452,67,261
1205,452,68,262
1202,452,69,263
1199,452,70,264
1196,452,71,265
1193,452,72,266
1183,453,77,261
1178,453,79,260
1173,453,81,259
1168,453,83,258
1163,453,85,257
1158,453,87,256
1153,453,89,255
1148,453,91,254
1143,453,93,253
1138,453,95,252
1133,453,97,251
1128,453,99,250
1123,453,101,249
1118,453,103,248
1113,453,105,247
1110,456,107,249
1107,456,105,250
1104,456,103,251
1101,456,101,252
1098,456,99,253
1095,456,97,254
1092,456,95,255
1089,456,93,256
1086,456,91,257
1083,456,89,258
1080,456,87,259
1077,456,85,260
1074,456,83,261
1071,456,81,262
1068,456,79,263
1070,450,80,263
1068,450,79,263
1066,450,78,263
1064,450,77,263
1062,450,76,263
1060,450,75,263
1058,450,74,263
1056,450,73,263
1054,450,72,263
1052,450,71,263
1050,450,70,263
1048,450,69,263
1046,450,68,263
1044,450,67,263
1042,450,66,263
1040,452,66,262
1037,452,67,262
1034,452,68,262
1031,452,69,262
1028,452,70,262
1025,452,71,262
1022,452,72,262
1019,452,73,262
1016,452,74,262
1013,452,75,262
1010,452,76,262
1007,452,77,262
1004,452,78,262
1001,452,79,262
998,452,80,262
1002,446,88,265
998,446,89,264
994,446,90,263
990,446,91,262
986,446,92,261
982,446,93,260
978,446,94,259
974,446,95,258
970,446,96,257
966,446,97,256
962,446,98,255
958,446,99,254
954,446,100,253
950,446,101,252
946,446,102,251
944,447,97,255
940,447,96,254
936,447,95,253
932,447,94,252
928,447,93,251
924,447,92,250
920,447,91,249
916,447,90,248
912,447,89,247
908,447,88,246
904,447,87,245
900,447,86,244
896,447,85,243
892,447,84,242
888,447,83,241
890,450,89,246
887,449,88,246
884,448,87,246
881,447,86,246
878,446,85,246
875,445,84,246
872,444,83,246
869,443,82,246
866,442,81,246
863,441,80,246
860,440,79,246
857,439,78,246
854,438,77,246
851,437,76,246
848,436,75,246
841,440,71,249
836,440,73,250
831,440,75,251
826,440,77,252
821,440,79,253
816,440,81,254
811,440,83,255
806,440,85,256
801,440,87,257
796,440,89,258
791,440,91,259
786,440,93,260
781,440,95,261
776,440,97,262
771,440,99,263
767,446,99,259
764,446,98,260
761,446,97,261
758,446,96,262
755,446,95,263
752,446,94,264
749,446,93,265
746,446,92,266
743,446,91,267
740,446,90,268
737,446,89,269
734,446,88,270
731,446,87,271
728,446,86,272
725,446,85,273
725,443,82,268
728,444,86,266
731,445,90,264
734,446,94,262
737,447,98,260
740,448,102,258
743,449,106,256
746,450,110,254
749,451,114,252
752,452,118,250
755,453,122,248
758,454,126,246
761,455,130,244
764,456,134,242
767,457,138,240
771,453,144,233
787,455,145,232
803,457,146,231
819,459,147,230
835,461,148,229
851,463,149,228
867,465,150,227
883,467,151,226
899,469,152,225
915,471,153,224
931,473,154,223
947,475,155,222
963,477,156,221
979,479,157,220
995,481,158,219
1016,481,152,212
1023,479,148,214
1030,477,144,216
1037,475,140,218
1044,473,136,220
1051,471,132,222
1058,469,128,224
1065,467,124,226
1072,465,120,228
1079,463,116,230
1086,461,112,232
1093,459,108,234
1100,457,104,236
1107,455,100,238
1114,453,96,240
1124,449,95,244
1128,449,93,245
1132,449,91,246
1136,449,89,247
1140,449,87,248
1144,449,85,249
1148,449,83,250
1152,449,81,251
1156,449,79,252
1160,449,77,253
1164,449,75,254
1168,449,73,255
1172,449,71,256
1176,449,69,257
1180,449,67,258
1183,447,67,266
1184,448,71,265
1185,449,75,264
1186,450,79,263
1187,451,83,262
1188,452,87,261
1189,453,91,260
1190,454,95,259
1191,455,99,258
1192,456,103,257
1193,457,107,256
1194,458,111,255
1195,459,115,254
1196,460,119,253
1197,461,123,252
1192,459,128,252
1185,459,127,251
1178,459,126,250
1171,459,125,249
1164,459,124,248
1157,459,123,247
1150,459,122,246
1143,459,121,245
1136,459,120,244
1129,459,119,243
1122,459,118,242
1115,459,117,241
1108,459,116,240
1101,459,115,239
1094,459,114,238
1094,456,107,230
1097,456,109,231
1100,456,111,232
1103,456,113,233
1106,456,115,234
1109,456,117,235
1112,456,119,236
1115,456,121,237
1118,456,123,238
1121,456,125,239
1124,456,127,240
1127,456,129,241
1130,456,131,242
1133,456,133,243
1136,456,135,244
1133,458,141,243
1136,458,140,243
1139,458,139,243
1142,458,138,243
1145,458,137,243
1148,458,136,243
1151,458,135,243
1154,458,134,243
1157,458,133,243
1160,458,132,243
1163,458,131,243
1166,458,130,243
1169,458,129,243
1172,458,128,243
1175,458,127,243
1173,455,119,238
1175,455,119,239
1177,455,119,240
1179,455,119,241
1181,455,119,242
1183,455,119,243
1185,455,119,244
1187,455,119,245
1189,455,119,246
1191,455,119,247
1193,455,119,248
1195,455,119,249
1197,455,119,250
1199,455,119,251
1201,455,119,252
1208,461,120,255
1204,461,120,253
1200,461,120,251
1196,461,120,249
1192,461,120,247
1188,461,120,245
1184,461,120,243
1180,461,120,241
1176,461,120,239
1172,461,120,237
1168,461,120,235
1164,461,120,233
1160,461,120,231
1156,461,120,229
1152,461,120,227
1151,456,114,225
