207,293,71,96
209,293,69,101
211,293,67,106
213,293,65,111
215,293,63,116
217,293,61,121
219,293,59,126
221,293,57,131
223,293,55,136
225,293,53,141
227,293,51,146
229,293,49,151
231,293,47,156
233,293,45,161
235,293,43,166
244,299,47,174
246,299,49,174
248,299,51,174
250,299,53,174
252,299,55,174
254,299,57,174
256,299,59,174
258,299,61,174
260,299,63,174
262,299,65,174
264,299,67,174
266,299,69,174
268,299,71,174
270,299,73,174
272,299,75,174
267,296,80,179
270,296,80,179
273,296,80,179
276,296,80,179
279,296,80,179
282,296,80,179
285,296,80,179
288,296,80,179
291,296,80,179
294,296,80,179
297,296,80,179
300,296,80,179
303,296,80,179
306,296,80,179
309,296,80,179
308,297,81,180
311,297,80,180
314,297,79,180
317,297,78,180
320,297,77,180
323,297,76,180
326,297,75,180
329,297,74,180
332,297,73,180
335,297,72,180
338,297,71,180
341,297,70,180
344,297,69,180
347,297,68,180
350,297,67,180
353,299,61,182
355,299,62,182
357,299,63,182
359,299,64,182
361,299,65,182
363,299,66,182
365,299,67,182
367,299,68,182
369,299,69,182
371,299,70,182
373,299,71,182
375,299,72,182
377,299,73,182
379,299,74,182
381,299,75,182
382,301,72,186
386,302,71,186
390,303,70,186
394,304,69,186
398,305,68,186
402,306,67,186
406,307,66,186
410,308,65,186
414,309,64,186
418,310,63,186
422,311,62,186
426,312,61,186
430,313,60,186
434,314,59,186
438,315,58,186
436,309,62,191
438,309,64,191
440,309,66,191
442,309,68,191
444,309,70,191
446,309,72,191
448,309,74,191
450,309,76,191
452,309,78,191
454,309,80,191
456,309,82,191
458,309,84,191
460,309,86,191
462,309,88,191
464,309,90,191
472,309,95,195
477,309,95,196
482,309,95,197
487,309,95,198
492,309,95,199
497,309,95,200
502,309,95,201
507,309,95,202
512,309,95,203
517,309,95,204
522,309,95,205
527,309,95,206
532,309,95,207
537,309,95,208
542,309,95,209
541,315,93,203
544,315,94,203
547,315,95,203
550,315,96,203
553,315,97,203
556,315,98,203
559,315,99,203
562,315,100,203
565,315,101,203
568,315,102,203
571,315,103,203
574,315,104,203
577,315,105,203
580,315,106,203
583,315,107,203
590,316,102,201
595,316,102,201
600,316,102,201
605,316,102,201
610,316,102,201
615,316,102,201
620,316,102,201
625,316,102,201
630,316,102,201
635,316,102,201
640,316,102,201
645,316,102,201
650,316,102,201
655,316,102,201
660,316,102,201
661,322,102,208
666,322,100,208
671,322,98,208
676,322,96,208
681,322,94,208
686,322,92,208
691,322,90,208
696,322,88,208
701,322,86,208
706,322,84,208
711,322,82,208
716,322,80,208
721,322,78,208
726,322,76,208
731,322,74,208
732,324,68,209
737,325,69,209
742,326,70,209
747,327,71,209
752,328,72,209
757,329,73,209
762,330,74,209
767,331,75,209
772,332,76,209
777,333,77,209
782,334,78,209
787,335,79,209
792,336,80,209
797,337,81,209
802,338,82,209
802,334,76,210
807,335,75,210
812,336,74,210
817,337,73,210
822,338,72,210
827,339,71,210
832,340,70,210
837,341,69,210
842,342,68,210
847,343,67,210
852,344,66,210
857,345,65,210
862,346,64,210
867,347,63,210
872,348,62,210
884,346,67,213
888,346,67,214
892,346,67,215
896,346,67,216
900,346,67,217
904,346,67,218
908,346,67,219
912,346,67,220
916,346,67,221
920,346,67,222
924,346,67,223
928,346,67,224
932,346,67,225
936,346,67,226
940,346,67,227
948,347,68,221
951,348,69,221
954,349,70,221
957,350,71,221
960,351,72,221
963,352,73,221
966,353,74,221
969,354,75,221
972,355,76,221
975,356,77,221
978,357,78,221
981,358,79,221
984,359,80,221
987,360,81,221
990,361,82,221
999,356,80,220
1003,356,81,220
1007,356,82,220
1011,356,83,220
1015,356,84,220
1019,356,85,220
1023,356,86,220
1027,356,87,220
1031,356,88,220
1035,356,89,220
1039,356,90,220
1043,356,91,220
1047,356,92,220
1051,356,93,220
1055,356,94,220
1058,359,91,219
1067,362,91,216
1076,365,91,213
1085,368,91,210
1094,371,91,207
1103,374,91,204
1112,377,91,201
1121,380,91,198
1130,383,91,195
1139,386,91,192
1148,389,91,189
1157,392,91,186
1166,395,91,183
1175,398,91,180
1184,401,91,177
1193,402,87,181
1203,404,89,181
1213,406,91,181
1223,408,93,181
1233,410,95,181
1243,412,97,181
1253,414,99,181
1263,416,101,181
1273,418,103,181
1283,420,105,181
1293,422,107,181
1303,424,109,181
1313,426,111,181
1323,428,113,181
1333,430,115,181
1337,425,111,188
1333,423,109,189
1329,421,107,190
1325,419,105,191
1321,417,103,192
1317,415,101,193
1313,413,99,194
1309,411,97,195
1305,409,95,196
1301,407,93,197
1297,405,91,198
1293,403,89,199
1289,401,87,200
1285,399,85,201
1281,397,83,202
1279,391,86,210
1274,390,87,210
1269,389,88,210
1264,388,89,210
1259,387,90,210
1254,386,91,210
1249,385,92,210
1244,384,93,210
1239,383,94,210
1234,382,95,210
1229,381,96,210
1224,380,97,210
1219,379,98,210
1214,378,99,210
1209,377,100,210
1200,379,98,213
1203,379,98,213
1206,379,98,213
1209,379,98,213
1212,379,98,213
1215,379,98,213
1218,379,98,213
1221,379,98,213
1224,379,98,213
1227,379,98,213
1230,379,98,213
1233,379,98,213
1236,379,98,213
1239,379,98,213
1242,379,98,213
1238,379,102,211
1242,380,101,211
1246,381,100,211
1250,382,99,211
1254,383,98,211
1258,384,97,211
1262,385,96,211
1266,386,95,211
1270,387,94,211
1274,388,93,211
1278,389,92,211
1282,390,91,211
1286,391,90,211
1290,392,89,211
1294,393,88,211
1293,389,92,212
1292,389,93,212
1291,389,94,212
1290,389,95,212
1289,389,96,212
1288,389,97,212
1287,389,98,212
1286,389,99,212
1285,389,100,212
1284,389,101,212
1283,389,102,212
1282,389,103,212
1281,389,104,212
1280,389,105,212
1279,389,106,212
1277,383,108,216
1275,384,107,216
1273,385,106,216
1271,386,105,216
1269,387,104,216
1267,388,103,216
1265,389,102,216
1263,390,101,216
1261,391,100,216
1259,392,99,216
1257,393,98,216
1255,394,97,216
1253,395,96,216
1251,396,95,216
1249,397,94,216
1245,391,93,223
1243,391,94,224
1241,391,95,225
1239,391,96,226
1237,391,97,227
1235,391,98,228
1233,391,99,229
1231,391,100,230
1229,391,101,231
1227,391,102,232
1225,391,103,233
1223,391,104,234
1221,391,105,235
1219,391,106,236
1217,391,107,237
1210,394,110,235
1210,395,109,234
1210,396,108,233
1210,397,107,232
1210,398,106,231
1210,399,105,230
1210,400,104,229
1210,401,103,228
1210,402,102,227
1210,403,101,226
1210,404,100,225
1210,405,99,224
1210,406,98,223
1210,407,97,222
1210,408,96,221
1204,415,98,218
