1819,632,101,282
1816,631,102,282
1813,630,103,282
1810,629,104,282
1807,628,105,282
1804,627,106,282
1801,626,107,282
1798,625,108,282
1795,624,109,282
1792,623,110,282
1789,622,111,282
1786,621,112,282
1783,620,113,282
1780,619,114,282
1777,618,115,282
1767,620,115,289
1762,619,115,289
1757,618,115,289
1752,617,115,289
1747,616,115,289
1742,615,115,289
1737,614,115,289
1732,613,115,289
1727,612,115,289
1722,611,115,289
1717,610,115,289
1712,609,115,289
1707,608,115,289
1702,607,115,289
1697,606,115,289
1697,612,109,287
1690,612,111,287
1683,612,113,287
1676,612,115,287
1669,612,117,287
1662,612,119,287
1655,612,121,287
1648,612,123,287
1641,612,125,287
1634,612,127,287
1627,612,129,287
1620,612,131,287
1613,612,133,287
1606,612,135,287
1599,612,137,287
1596,609,134,283
1592,607,134,283
1588,605,134,283
1584,603,134,283
1580,601,134,283
1576,599,134,283
1572,597,134,283
1568,595,134,283
1564,593,134,283
1560,591,134,283
1556,589,134,283
1552,587,134,283
1548,585,134,283
1544,583,134,283
1540,581,134,283
1533,585,129,289
1530,585,126,289
1527,585,123,289
1524,585,120,289
1521,585,117,289
1518,585,114,289
1515,585,111,289
1512,585,108,289
1509,585,105,289
1506,585,102,289
1503,585,99,289
1500,585,96,289
1497,585,93,289
1494,585,90,289
1491,585,87,289
1493,580,85,290
1485,579,87,289
1477,578,89,288
1469,577,91,287
1461,576,93,286
1453,575,95,285
1445,574,97,284
1437,573,99,283
1429,572,101,282
1421,571,103,281
1413,570,105,280
1405,569,107,279
1397,568,109,278
1389,567,111,277
1381,566,113,276
1375,571,119,282
1367,571,122,283
1359,571,125,284
1351,571,128,285
1343,571,131,286
1335,571,134,287
1327,571,137,288
1319,571,140,289
1311,571,143,290
1303,571,146,291
1295,571,149,292
1287,571,152,293
1279,571,155,294
1271,571,158,295
1263,571,161,296
1261,568,161,290
1258,567,157,290
1255,566,153,290
1252,565,149,290
1249,564,145,290
1246,563,141,290
1243,562,137,290
1240,561,133,290
1237,560,129,290
1234,559,125,290
1231,558,121,290
1228,557,117,290
1225,556,113,290
1222,555,109,290
1219,554,105,290
1221,548,94,295
1216,547,93,295
1211,546,92,295
1206,545,91,295
1201,544,90,295
1196,543,89,295
1191,542,88,295
1186,541,87,295
1181,540,86,295
1176,539,85,295
1171,538,84,295
1166,537,83,295
1161,536,82,295
1156,535,81,295
1151,534,80,295
1153,531,75,302
1146,531,74,301
1139,531,73,300
1132,531,72,299
1125,531,71,298
1118,531,70,297
1111,531,69,296
1104,531,68,295
1097,531,67,294
1090,531,66,293
1083,531,65,292
1076,531,64,291
1069,531,63,290
1062,531,62,289
1055,531,61,288
1046,524,62,294
1038,523,67,295
1030,522,72,296
1022,521,77,297
1014,520,82,298
1006,519,87,299
998,518,92,300
990,517,97,301
982,516,102,302
974,515,107,303
966,514,112,304
958,513,117,305
950,512,122,306
942,511,127,307
934,510,132,308
928,509,140,302
920,509,141,301
912,509,142,300
904,509,143,299
896,509,144,298
888,509,145,297
880,509,146,296
872,509,147,295
864,509,148,294
856,509,149,293
848,509,150,292
840,509,151,291
832,509,152,290
824,509,153,289
816,509,154,288
812,510,161,289
809,509,157,290
806,508,153,291
803,507,149,292
800,506,145,293
797,505,141,294
794,504,137,295
791,503,133,296
788,502,129,297
785,501,125,298
782,500,121,299
779,499,117,300
776,498,113,301
773,497,109,302
770,496,105,303
763,492,98,307
761,492,97,307
759,492,96,307
757,492,95,307
755,492,94,307
753,492,93,307
751,492,92,307
749,492,91,307
747,492,90,307
745,492,89,307
743,492,88,307
741,492,87,307
739,492,86,307
737,492,85,307
735,492,84,307
740,488,86,306
735,488,88,305
730,488,90,304
725,488,92,303
720,488,94,302
715,488,96,301
710,488,98,300
705,488,100,299
700,488,102,298
695,488,104,297
690,488,106,296
685,488,108,295
680,488,110,294
675,488,112,293
670,488,114,292
667,483,123,287
667,483,125,287
667,483,127,287
667,483,129,287
667,483,131,287
667,483,133,287
667,483,135,287
667,483,137,287
667,483,139,287
667,483,141,287
667,483,143,287
667,483,145,287
667,483,147,287
667,483,149,287
667,483,151,287
671,482,153,282
677,483,153,282
683,484,153,282
689,485,153,282
695,486,153,282
701,487,153,282
707,488,153,282
713,489,153,282
719,490,153,282
725,491,153,282
731,492,153,282
737,493,153,282
743,494,153,282
749,495,153,282
755,496,153,282
768,500,153,287
766,499,150,287
764,498,147,287
762,497,144,287
760,496,141,287
758,495,138,287
756,494,135,287
754,493,132,287
752,492,129,287
750,491,126,287
748,490,123,287
746,489,120,287
744,488,117,287
742,487,114,287
740,486,111,287
745,487,114,282
739,488,116,282
733,489,118,282
727,490,120,282
721,491,122,282
715,492,124,282
709,493,126,282
703,494,128,282
697,495,130,282
691,496,132,282
685,497,134,282
679,498,136,282
673,499,138,282
667,500,140,282
661,501,142,282
658,502,144,277
648,501,149,277
638,500,154,277
628,499,159,277
618,498,164,277
608,497,169,277
598,496,174,277
588,495,179,277
578,494,184,277
568,493,189,277
558,492,194,277
548,491,199,277
538,490,204,277
528,489,209,277
518,488,214,277
515,480,220,284
509,480,216,283
503,480,212,282
497,480,208,281
491,480,204,280
485,480,200,279
479,480,196,278
473,480,192,277
467,480,188,276
461,480,184,275
455,480,180,274
449,480,176,273
443,480,172,272
437,480,168,271
431,480,164,270
424,487,153,272
431,486,152,273
438,485,151,274
445,484,150,275
452,483,149,276
459,482,148,277
466,481,147,278
473,480,146,279
480,479,145,280
487,478,144,281
494,477,143,282
501,476,142,283
508,475,141,284
515,474,140,285
522,473,139,286
527,467,145,285
522,468,145,285
517,469,145,285
512,470,145,285
507,471,145,285
502,472,145,285
497,473,145,285
492,474,145,285
487,475,145,285
482,476,145,285
477,477,145,285
472,478,145,285
467,479,145,285
462,480,145,285
457,481,145,285
452,482,140,290
451,483,143,290
450,484,146,290
449,485,149,290
448,486,152,290
447,487,155,290
446,488,158,290
445,489,161,290
444,490,164,290
443,491,167,290
442,492,170,290
441,493,173,290
440,494,176,290
439,495,179,290
438,496,182,290
439,502,182,297
444,501,179,296
449,500,176,295
454,499,173,294
459,498,170,293
464,497,167,292
469,496,164,291
474,495,161,290
479,494,158,289
484,493,155,288
489,492,152,287
494,491,149,286
499,490,146,285
504,489,143,284
509,488,140,283
519,490,134,284
510,487,131,285
501,484,128,286
492,481,125,287
483,478,122,288
474,475,119,289
465,472,116,290
456,469,113,291
447,466,110,292
438,463,107,293
429,460,104,294
420,457,101,295
411,454,98,296
402,451,95,297
393,448,92,298
382,446,90,294
375,449,93,290
368,452,96,286
361,455,99,282
354,458,102,278
347,461,105,274
340,464,108,270
333,467,111,266
326,470,114,262
319,473,117,258
312,476,120,254
305,479,123,250
298,482,126,246
291,485,129,242
284,488,132,238
272,494,136,236
266,496,135,238
260,498,134,240
254,500,133,242
248,502,132,244
242,504,131,246
236,506,130,248
230,508,129,250
224,510,128,252
218,512,127,254
212,514,126,256
206,516,125,258
200,518,124,260
194,520,123,262
188,522,122,264
180,519,121,270
