1830,490,90,251
1825,490,90,250
1820,490,90,249
1815,490,90,248
1810,490,90,247
1805,490,90,246
1800,490,90,245
1795,490,90,244
1790,490,90,243
1785,490,90,242
1780,490,90,241
1775,490,90,240
1770,490,90,239
1765,490,90,238
1760,490,90,237
1757,489,97,237
1751,489,97,237
1745,489,97,237
1739,489,97,237
1733,489,97,237
1727,489,97,237
1721,489,97,237
1715,489,97,237
1709,489,97,237
1703,489,97,237
1697,489,97,237
1691,489,97,237
1685,489,97,237
1679,489,97,237
1673,489,97,237
1671,483,102,239
1666,483,102,239
1661,483,102,239
1656,483,102,239
1651,483,102,239
1646,483,102,239
1641,483,102,239
1636,483,102,239
1631,483,102,239
1626,483,102,239
1621,483,102,239
1616,483,102,239
1611,483,102,239
1606,483,102,239
1601,483,102,239
1594,487,104,232
1589,487,104,232
1584,487,104,232
1579,487,104,232
1574,487,104,232
1569,487,104,232
1564,487,104,232
1559,487,104,232
1554,487,104,232
1549,487,104,232
1544,487,104,232
1539,487,104,232
1534,487,104,232
1529,487,104,232
1524,487,104,232
1515,482,99,238
1509,482,101,239
1503,482,103,240
1497,482,105,241
1491,482,107,242
1485,482,109,243
1479,482,111,244
1473,482,113,245
1467,482,115,246
1461,482,117,247
1455,482,119,248
1449,482,121,249
1443,482,123,250
1437,482,125,251
1431,482,127,252
1423,480,123,246
1417,480,122,245
1411,480,121,244
1405,480,120,243
1399,480,119,242
1393,480,118,241
1387,480,117,240
1381,480,116,239
1375,480,115,238
1369,480,114,237
1363,480,113,236
1357,480,112,235
1351,480,111,234
1345,480,110,233
1339,480,109,232
1339,477,115,235
1332,476,116,236
1325,475,117,237
1318,474,118,238
1311,473,119,239
1304,472,120,240
1297,471,121,241
1290,470,122,242
1283,469,123,243
1276,468,124,244
1269,467,125,245
1262,466,126,246
1255,465,127,247
1248,464,128,248
1241,463,129,249
1241,463,127,251
1237,463,125,251
1233,463,123,251
1229,463,121,251
1225,463,119,251
1221,463,117,251
1217,463,115,251
1213,463,113,251
1209,463,111,251
1205,463,109,251
1201,463,107,251
1197,463,105,251
1193,463,103,251
1189,463,101,251
1185,463,99,251
1175,470,101,247
1170,470,100,247
1165,470,99,247
1160,470,98,247
1155,470,97,247
1150,470,96,247
1145,470,95,247
1140,470,94,247
1135,470,93,247
1130,470,92,247
1125,470,91,247
1120,470,90,247
1115,470,89,247
1110,470,88,247
1105,470,87,247
1095,472,85,247
1088,472,86,247
1081,472,87,247
1074,472,88,247
1067,472,89,247
1060,472,90,247
1053,472,91,247
1046,472,92,247
1039,472,93,247
1032,472,94,247
1025,472,95,247
1018,472,96,247
1011,472,97,247
1004,472,98,247
997,472,99,247
984,470,104,249
980,470,102,249
976,470,100,249
972,470,98,249
968,470,96,249
964,470,94,249
960,470,92,249
956,470,90,249
952,470,88,249
948,470,86,249
944,470,84,249
940,470,82,249
936,470,80,249
932,470,78,249
928,470,76,249
926,466,78,254
923,466,79,254
920,466,80,254
917,466,81,254
914,466,82,254
911,466,83,254
908,466,84,254
905,466,85,254
902,466,86,254
899,466,87,254
896,466,88,254
893,466,89,254
890,466,90,254
887,466,91,254
884,466,92,254
884,465,93,254
882,465,93,254
880,465,93,254
878,465,93,254
876,465,93,254
874,465,93,254
872,465,93,254
870,465,93,254
868,465,93,254
866,465,93,254
864,465,93,254
862,465,93,254
860,465,93,254
858,465,93,254
856,465,93,254
847,460,93,260
846,460,94,260
845,460,95,260
844,460,96,260
843,460,97,260
842,460,98,260
841,460,99,260
840,460,100,260
839,460,101,260
838,460,102,260
837,460,103,260
836,460,104,260
835,460,105,260
834,460,106,260
833,460,107,260
826,461,112,265
820,462,112,264
814,463,112,263
808,464,112,262
802,465,112,261
796,466,112,260
790,467,112,259
784,468,112,258
778,469,112,257
772,470,112,256
766,471,112,255
760,472,112,254
754,473,112,253
748,474,112,252
742,475,112,251
742,472,115,248
750,471,113,248
758,470,111,248
766,469,109,248
774,468,107,248
782,467,105,248
790,466,103,248
798,465,101,248
806,464,99,248
814,463,97,248
822,462,95,248
830,461,93,248
838,460,91,248
846,459,89,248
854,458,87,248
869,460,88,247
869,461,89,247
869,462,90,247
869,463,91,247
869,464,92,247
869,465,93,247
869,466,94,247
869,467,95,247
869,468,96,247
869,469,97,247
869,470,98,247
869,471,99,247
869,472,100,247
869,473,101,247
869,474,102,247
871,468,101,249
872,468,100,249
873,468,99,249
874,468,98,249
875,468,97,249
876,468,96,249
877,468,95,249
878,468,94,249
879,468,93,249
880,468,92,249
881,468,91,249
882,468,90,249
883,468,89,249
884,468,88,249
885,468,87,249
879,463,85,246
880,464,85,248
881,465,85,250
882,466,85,252
883,467,85,254
884,468,85,256
885,469,85,258
886,470,85,260
887,471,85,262
888,472,85,264
889,473,85,266
890,474,85,268
891,475,85,270
892,476,85,272
893,477,85,274
890,483,82,272
890,483,83,272
890,483,84,272
890,483,85,272
890,483,86,272
890,483,87,272
890,483,88,272
890,483,89,272
890,483,90,272
890,483,91,272
890,483,92,272
890,483,93,272
890,483,94,272
890,483,95,272
890,483,96,272
892,483,91,268
894,483,93,268
896,483,95,268
898,483,97,268
900,483,99,268
902,483,101,268
904,483,103,268
906,483,105,268
908,483,107,268
910,483,109,268
912,483,111,268
914,483,113,268
916,483,115,268
918,483,117,268
920,483,119,268
928,485,115,273
928,484,115,272
928,483,115,271
928,482,115,270
928,481,115,269
928,480,115,268
928,479,115,267
928,478,115,266
928,477,115,265
928,476,115,264
928,475,115,263
928,474,115,262
928,473,115,261
928,472,115,260
928,471,115,259
926,475,108,264
920,474,108,262
914,473,108,260
908,472,108,258
902,471,108,256
896,470,108,254
890,469,108,252
884,468,108,250
878,467,108,248
872,466,108,246
866,465,108,244
860,464,108,242
854,463,108,240
848,462,108,238
842,461,108,236
832,458,108,228
