1782,452,68,236
1782,452,68,236
1782,452,68,236
1782,452,68,236
1782,452,68,236
1782,452,68,236
1782,452,68,236
1782,452,68,236
1782,452,68,236
1782,452,68,236
1782,452,68,236
1782,452,68,236
1782,452,68,236
1782,452,68,236
1782,452,68,236
1777,449,71,235
1773,448,73,235
1769,447,75,235
1765,446,77,235
1761,445,79,235
1757,444,81,235
1753,443,83,235
1749,442,85,235
1745,441,87,235
1741,440,89,235
1737,439,91,235
1733,438,93,235
1729,437,95,235
1725,436,97,235
1721,435,99,235
1723,441,97,236
1720,440,96,235
1717,439,95,234
1714,438,94,233
1711,437,93,232
1708,436,92,231
1705,435,91,230
1702,434,90,229
1699,433,89,228
1696,432,88,227
1693,431,87,226
1690,430,86,225
1687,429,85,224
1684,428,84,223
1681,427,83,222
1682,429,79,224
1679,428,78,224
1676,427,77,224
1673,426,76,224
1670,425,75,224
1667,424,74,224
1664,423,73,224
1661,422,72,224
1658,421,71,224
1655,420,70,224
1652,419,69,224
1649,418,68,224
1646,417,67,224
1643,416,66,224
1640,415,65,224
1641,416,60,229
1636,416,61,229
1631,416,62,229
1626,416,63,229
1621,416,64,229
1616,416,65,229
1611,416,66,229
1606,416,67,229
1601,416,68,229
1596,416,69,229
1591,416,70,229
1586,416,71,229
1581,416,72,229
1576,416,73,229
1571,416,74,229
1563,411,73,231
1558,410,75,231
1553,409,77,231
1548,408,79,231
1543,407,81,231
1538,406,83,231
1533,405,85,231
1528,404,87,231
1523,403,89,231
1518,402,91,231
1513,401,93,231
1508,400,95,231
1503,399,97,231
1498,398,99,231
1493,397,101,231
1485,402,101,232
1481,402,101,232
1477,402,101,232
1473,402,101,232
1469,402,101,232
1465,402,101,232
1461,402,101,232
1457,402,101,232
1453,402,101,232
1449,402,101,232
1445,402,101,232
1441,402,101,232
1437,402,101,232
1433,402,101,232
1429,402,101,232
1420,400,101,231
1414,399,102,232
1408,398,103,233
1402,397,104,234
1396,396,105,235
1390,395,106,236
1384,394,107,237
1378,393,108,238
1372,392,109,239
1366,391,110,240
1360,390,111,241
1354,389,112,242
1348,388,113,243
1342,387,114,244
1336,386,115,245
1336,391,122,242
1331,390,121,241
1326,389,120,240
1321,388,119,239
1316,387,118,238
1311,386,117,237
1306,385,116,236
1301,384,115,235
1296,383,114,234
1291,382,113,233
1286,381,112,232
1281,380,111,231
1276,379,110,230
1271,378,109,229
1266,377,108,228
1262,378,113,234
1259,377,111,234
1256,376,109,234
1253,375,107,234
1250,374,105,234
1247,373,103,234
1244,372,101,234
1241,371,99,234
1238,370,97,234
1235,369,95,234
1232,368,93,234
1229,367,91,234
1226,366,89,234
1223,365,87,234
1220,364,85,234
1218,369,80,234
1214,368,79,234
1210,367,78,234
1206,366,77,234
1202,365,76,234
1198,364,75,234
1194,363,74,234
1190,362,73,234
1186,361,72,234
1182,360,71,234
1178,359,70,234
1174,358,69,234
1170,357,68,234
1166,356,67,234
1162,355,66,234
1160,361,72,240
1155,361,74,240
1150,361,76,240
1145,361,78,240
1140,361,80,240
1135,361,82,240
1130,361,84,240
1125,361,86,240
1120,361,88,240
1115,361,90,240
1110,361,92,240
1105,361,94,240
1100,361,96,240
1095,361,98,240
1090,361,100,240
1086,361,99,245
1080,361,100,245
1074,361,101,245
1068,361,102,245
1062,361,103,245
1056,361,104,245
1050,361,105,245
1044,361,106,245
1038,361,107,245
1032,361,108,245
1026,361,109,245
1020,361,110,245
1014,361,111,245
1008,361,112,245
1002,361,113,245
1002,360,120,247
996,360,120,247
990,360,120,247
984,360,120,247
978,360,120,247
972,360,120,247
966,360,120,247
960,360,120,247
954,360,120,247
948,360,120,247
942,360,120,247
936,360,120,247
930,360,120,247
924,360,120,247
918,360,120,247
906,356,121,245
903,355,118,246
900,354,115,247
897,353,112,248
894,352,109,249
891,351,106,250
888,350,103,251
885,349,100,252
882,348,97,253
879,347,94,254
876,346,91,255
873,345,88,256
870,344,85,257
867,343,82,258
864,342,79,259
867,345,82,253
865,345,82,253
863,345,82,253
861,345,82,253
859,345,82,253
857,345,82,253
855,345,82,253
853,345,82,253
851,345,82,253
849,345,82,253
847,345,82,253
845,345,82,253
843,345,82,253
841,345,82,253
839,345,82,253
843,344,86,254
841,344,86,254
839,344,86,254
837,344,86,254
835,344,86,254
833,344,86,254
831,344,86,254
829,344,86,254
827,344,86,254
825,344,86,254
823,344,86,254
821,344,86,254
819,344,86,254
817,344,86,254
815,344,86,254
807,342,81,251
807,342,84,251
807,342,87,251
807,342,90,251
807,342,93,251
807,342,96,251
807,342,99,251
807,342,102,251
807,342,105,251
807,342,108,251
807,342,111,251
807,342,114,251
807,342,117,251
807,342,120,251
807,342,123,251
809,342,120,253
801,343,122,252
793,344,124,251
785,345,126,250
777,346,128,249
769,347,130,248
761,348,132,247
753,349,134,246
745,350,136,245
737,351,138,244
729,352,140,243
721,353,142,242
713,354,144,241
705,355,146,240
697,356,148,239
683,361,148,240
688,359,143,240
693,357,138,240
698,355,133,240
703,353,128,240
708,351,123,240
713,349,118,240
718,347,113,240
723,345,108,240
728,343,103,240
733,341,98,240
738,339,93,240
743,337,88,240
748,335,83,240
753,333,78,240
763,338,71,246
767,338,71,246
771,338,71,246
775,338,71,246
779,338,71,246
783,338,71,246
787,338,71,246
791,338,71,246
795,338,71,246
799,338,71,246
803,338,71,246
807,338,71,246
811,338,71,246
815,338,71,246
819,338,71,246
828,339,77,248
827,339,78,248
826,339,79,248
825,339,80,248
824,339,81,248
823,339,82,248
822,339,83,248
821,339,84,248
820,339,85,248
819,339,86,248
818,339,87,248
817,339,88,248
816,339,89,248
815,339,90,248
814,339,91,248
817,344,99,252
818,344,97,252
819,344,95,252
820,344,93,252
821,344,91,252
822,344,89,252
823,344,87,252
824,344,85,252
825,344,83,252
826,344,81,252
827,344,79,252
828,344,77,252
829,344,75,252
830,344,73,252
831,344,71,252
835,342,72,247
832,343,76,248
829,344,80,249
826,345,84,250
823,346,88,251
820,347,92,252
817,348,96,253
814,349,100,254
811,350,104,255
808,351,108,256
805,352,112,257
802,353,116,258
799,354,120,259
796,355,124,260
793,356,128,261
792,352,128,257
796,353,125,258
800,354,122,259
804,355,119,260
808,356,116,261
812,357,113,262
816,358,110,263
820,359,107,264
824,360,104,265
828,361,101,266
832,362,98,267
836,363,95,268
840,364,92,269
844,365,89,270
848,366,86,271
859,360,76,268
858,360,77,268
857,360,78,268
856,360,79,268
855,360,80,268
854,360,81,268
853,360,82,268
852,360,83,268
851,360,84,268
850,360,85,268
849,360,86,268
848,360,87,268
847,360,88,268
846,360,89,268
845,360,90,268
843,361,93,272
