1584,391,99,250
1582,391,98,250
1580,391,97,250
1578,391,96,250
1576,391,95,250
1574,391,94,250
1572,391,93,250
1570,391,92,250
1568,391,91,250
1566,391,90,250
1564,391,89,250
1562,391,88,250
1560,391,87,250
1558,391,86,250
1556,391,85,250
1554,387,82,247
1552,387,81,247
1550,387,80,247
1548,387,79,247
1546,387,78,247
1544,387,77,247
1542,387,76,247
1540,387,75,247
1538,387,74,247
1536,387,73,247
1534,387,72,247
1532,387,71,247
1530,387,70,247
1528,387,69,247
1526,387,68,247
1517,392,74,247
1513,392,76,248
1509,392,78,249
1505,392,80,250
1501,392,82,251
1497,392,84,252
1493,392,86,253
1489,392,88,254
1485,392,90,255
1481,392,92,256
1477,392,94,257
1473,392,96,258
1469,392,98,259
1465,392,100,260
1461,392,102,261
1452,392,99,255
1449,392,99,256
1446,392,99,257
1443,392,99,258
1440,392,99,259
1437,392,99,260
1434,392,99,261
1431,392,99,262
1428,392,99,263
1425,392,99,264
1422,392,99,265
1419,392,99,266
1416,392,99,267
1413,392,99,268
1410,392,99,269
1412,386,99,268
1410,386,99,268
1408,386,99,268
1406,386,99,268
1404,386,99,268
1402,386,99,268
1400,386,99,268
1398,386,99,268
1396,386,99,268
1394,386,99,268
1392,386,99,268
1390,386,99,268
1388,386,99,268
1386,386,99,268
1384,386,99,268
1380,387,106,267
1374,387,108,267
1368,387,110,267
1362,387,112,267
1356,387,114,267
1350,387,116,267
1344,387,118,267
1338,387,120,267
1332,387,122,267
1326,387,124,267
1320,387,126,267
1314,387,128,267
1308,387,130,267
1302,387,132,267
1296,387,134,267
1291,389,131,265
1290,388,127,266
1289,387,123,267
1288,386,119,268
1287,385,115,269
1286,384,111,270
1285,383,107,271
1284,382,103,272
1283,381,99,273
1282,380,95,274
1281,379,91,275
1280,378,87,276
1279,377,83,277
1278,376,79,278
1277,375,75,279
1280,377,72,279
1275,377,75,279
1270,377,78,279
1265,377,81,279
1260,377,84,279
1255,377,87,279
1250,377,90,279
1245,377,93,279
1240,377,96,279
1235,377,99,279
1230,377,102,279
1225,377,105,279
1220,377,108,279
1215,377,111,279
1210,377,114,279
1204,382,119,275
1197,382,121,275
1190,382,123,275
1183,382,125,275
1176,382,127,275
1169,382,129,275
1162,382,131,275
1155,382,133,275
1148,382,135,275
1141,382,137,275
1134,382,139,275
1127,382,141,275
1120,382,143,275
1113,382,145,275
1106,382,147,275
1106,384,143,272
1105,383,138,273
1104,382,133,274
1103,381,128,275
1102,380,123,276
1101,379,118,277
1100,378,113,278
1099,377,108,279
1098,376,103,280
1097,375,98,281
1096,374,93,282
1095,373,88,283
1094,372,83,284
1093,371,78,285
1092,370,73,286
1092,367,70,289
1087,367,73,288
1082,367,76,287
1077,367,79,286
1072,367,82,285
1067,367,85,284
1062,367,88,283
1057,367,91,282
1052,367,94,281
1047,367,97,280
1042,367,100,279
1037,367,103,278
1032,367,106,277
1027,367,109,276
1022,367,112,275
1012,372,122,274
1005,372,124,274
998,372,126,274
991,372,128,274
984,372,130,274
977,372,132,274
970,372,134,274
963,372,136,274
956,372,138,274
949,372,140,274
942,372,142,274
935,372,144,274
928,372,146,274
921,372,148,274
914,372,150,274
907,371,150,276
905,371,145,276
903,371,140,276
901,371,135,276
899,371,130,276
897,371,125,276
895,371,120,276
893,371,115,276
891,371,110,276
889,371,105,276
887,371,100,276
885,371,95,276
883,371,90,276
881,371,85,276
879,371,80,276
880,364,71,278
875,364,73,278
870,364,75,278
865,364,77,278
860,364,79,278
855,364,81,278
850,364,83,278
845,364,85,278
840,364,87,278
835,364,89,278
830,364,91,278
825,364,93,278
820,364,95,278
815,364,97,278
810,364,99,278
804,369,108,277
798,369,110,277
792,369,112,277
786,369,114,277
780,369,116,277
774,369,118,277
768,369,120,277
762,369,122,277
756,369,124,277
750,369,126,277
744,369,128,277
738,369,130,277
732,369,132,277
726,369,134,277
720,369,136,277
711,369,137,277
707,369,136,278
703,369,135,279
699,369,134,280
695,369,133,281
691,369,132,282
687,369,131,283
683,369,130,284
679,369,129,285
675,369,128,286
671,369,127,287
667,369,126,288
663,369,125,289
659,369,124,290
655,369,123,291
646,362,117,295
642,362,120,296
638,362,123,297
634,362,126,298
630,362,129,299
626,362,132,300
622,362,135,301
618,362,138,302
614,362,141,303
610,362,144,304
606,362,147,305
602,362,150,306
598,362,153,307
594,362,156,308
590,362,159,309
586,357,155,305
591,357,151,304
596,357,147,303
601,357,143,302
606,357,139,301
611,357,135,300
616,357,131,299
621,357,127,298
626,357,123,297
631,357,119,296
636,357,115,295
641,357,111,294
646,357,107,293
651,357,103,292
656,357,99,291
662,361,88,288
666,361,88,286
670,361,88,284
674,361,88,282
678,361,88,280
682,361,88,278
686,361,88,276
690,361,88,274
694,361,88,272
698,361,88,270
702,361,88,268
706,361,88,266
710,361,88,264
714,361,88,262
718,361,88,260
729,364,87,263
733,366,95,261
737,368,103,259
741,370,111,257
745,372,119,255
749,374,127,253
753,376,135,251
757,378,143,249
761,380,151,247
765,382,159,245
769,384,167,243
773,386,175,241
777,388,183,239
781,390,191,237
785,392,199,235
796,401,210,233
807,401,207,235
818,401,204,237
829,401,201,239
840,401,198,241
851,401,195,243
862,401,192,245
873,401,189,247
884,401,186,249
895,401,183,251
906,401,180,253
917,401,177,255
928,401,174,257
939,401,171,259
950,401,168,261
960,397,158,262
956,397,158,264
952,397,158,266
948,397,158,268
944,397,158,270
940,397,158,272
936,397,158,274
932,397,158,276
928,397,158,278
924,397,158,280
920,397,158,282
916,397,158,284
912,397,158,286
908,397,158,288
904,397,158,290
905,391,152,290
904,390,150,290
903,389,148,290
902,388,146,290
901,387,144,290
900,386,142,290
899,385,140,290
898,384,138,290
897,383,136,290
896,382,134,290
895,381,132,290
894,380,130,290
893,379,128,290
892,378,126,290
891,377,124,290
889,377,128,295
891,380,132,290
893,383,136,285
895,386,140,280
897,389,144,275
899,392,148,270
901,395,152,265
903,398,156,260
905,401,160,255
907,404,164,250
909,407,168,245
911,410,172,240
913,413,176,235
915,416,180,230
917,419,184,225
914,426,191,225
914,423,189,227
914,420,187,229
914,417,185,231
914,414,183,233
914,411,181,235
914,408,179,237
914,405,177,239
914,402,175,241
914,399,173,243
914,396,171,245
914,393,169,247
914,390,167,249
914,387,165,251
914,384,163,253
914,387,161,260
908,388,162,262
902,389,163,264
896,390,164,266
890,391,165,268
884,392,166,270
878,393,167,272
872,394,168,274
866,395,169,276
860,396,170,278
854,397,171,280
848,398,172,282
842,399,173,284
836,400,174,286
830,401,175,288
829,406,179,288
829,407,181,287
829,408,183,286
829,409,185,285
829,410,187,284
829,411,189,283
829,412,191,282
829,413,193,281
829,414,195,280
829,415,197,279
829,416,199,278
829,417,201,277
829,418,203,276
829,419,205,275
829,420,207,274
825,416,213,278
836,414,208,277
847,412,203,276
858,410,198,275
869,408,193,274
880,406,188,273
891,404,183,272
902,402,178,271
913,400,173,270
924,398,168,269
935,396,163,268
946,394,158,267
957,392,153,266
968,390,148,265
979,388,143,264
985,379,131,267
991,380,132,265
997,381,133,263
1003,382,134,261
1009,383,135,259
1015,384,136,257
1021,385,137,255
1027,386,138,253
1033,387,139,251
1039,388,140,249
1045,389,141,247
1051,390,142,245
1057,391,143,243
1063,392,144,241
1069,393,145,239
1081,392,146,235
1089,391,142,234
1097,390,138,233
1105,389,134,232
1113,388,130,231
1121,387,126,230
1129,386,122,229
1137,385,118,228
1145,384,114,227
1153,383,110,226
1161,382,106,225
1169,381,102,224
1177,380,98,223
1185,379,94,222
1193,378,90,221
1200,371,90,213
