1644,406,95,207
1643,406,93,207
1642,406,91,207
1641,406,89,207
1640,406,87,207
1639,406,85,207
1638,406,83,207
1637,406,81,207
1636,406,79,207
1635,406,77,207
1634,406,75,207
1633,406,73,207
1632,406,71,207
1631,406,69,207
1630,406,67,207
1634,400,68,206
1631,400,70,206
1628,400,72,206
1625,400,74,206
1622,400,76,206
1619,400,78,206
1616,400,80,206
1613,400,82,206
1610,400,84,206
1607,400,86,206
1604,400,88,206
1601,400,90,206
1598,400,92,206
1595,400,94,206
1592,400,96,206
1582,397,97,212
1580,397,96,212
1578,397,95,212
1576,397,94,212
1574,397,93,212
1572,397,92,212
1570,397,91,212
1568,397,90,212
1566,397,89,212
1564,397,88,212
1562,397,87,212
1560,397,86,212
1558,397,85,212
1556,397,84,212
1554,397,83,212
1559,395,82,212
1557,395,82,213
1555,395,82,214
1553,395,82,215
1551,395,82,216
1549,395,82,217
1547,395,82,218
1545,395,82,219
1543,395,82,220
1541,395,82,221
1539,395,82,222
1537,395,82,223
1535,395,82,224
1533,395,82,225
1531,395,82,226
1528,389,80,220
1525,389,81,220
1522,389,82,220
1519,389,83,220
1516,389,84,220
1513,389,85,220
1510,389,86,220
1507,389,87,220
1504,389,88,220
1501,389,89,220
1498,389,90,220
1495,389,91,220
1492,389,92,220
1489,389,93,220
1486,389,94,220
1483,389,102,221
1481,389,102,221
1479,389,102,221
1477,389,102,221
1475,389,102,221
1473,389,102,221
1471,389,102,221
1469,389,102,221
1467,389,102,221
1465,389,102,221
1463,389,102,221
1461,389,102,221
1459,389,102,221
1457,389,102,221
1455,389,102,221
1449,385,95,227
1446,384,95,227
1443,383,95,227
1440,382,95,227
1437,381,95,227
1434,380,95,227
1431,379,95,227
1428,378,95,227
1425,377,95,227
1422,376,95,227
1419,375,95,227
1416,374,95,227
1413,373,95,227
1410,372,95,227
1407,371,95,227
1408,377,96,232
1404,377,97,232
1400,377,98,232
1396,377,99,232
1392,377,100,232
1388,377,101,232
1384,377,102,232
1380,377,103,232
1376,377,104,232
1372,377,105,232
1368,377,106,232
1364,377,107,232
1360,377,108,232
1356,377,109,232
1352,377,110,232
1346,382,104,225
1344,381,103,226
1342,380,102,227
1340,379,101,228
1338,378,100,229
1336,377,99,230
1334,376,98,231
1332,375,97,232
1330,374,96,233
1328,373,95,234
1326,372,94,235
1324,371,93,236
1322,370,92,237
1320,369,91,238
1318,368,90,239
1312,370,87,240
1309,369,88,240
1306,368,89,240
1303,367,90,240
1300,366,91,240
1297,365,92,240
1294,364,93,240
1291,363,94,240
1288,362,95,240
1285,361,96,240
1282,360,97,240
1279,359,98,240
1276,358,99,240
1273,357,100,240
1270,356,101,240
1261,362,104,242
1256,362,105,241
1251,362,106,240
1246,362,107,239
1241,362,108,238
1236,362,109,237
1231,362,110,236
1226,362,111,235
1221,362,112,234
1216,362,113,233
1211,362,114,232
1206,362,115,231
1201,362,116,230
1196,362,117,229
1191,362,118,228
1186,363,115,233
1182,362,115,233
1178,361,115,233
1174,360,115,233
1170,359,115,233
1166,358,115,233
1162,357,115,233
1158,356,115,233
1154,355,115,233
1150,354,115,233
1146,353,115,233
1142,352,115,233
1138,351,115,233
1134,350,115,233
1130,349,115,233
1121,352,109,238
1119,352,108,238
1117,352,107,238
1115,352,106,238
1113,352,105,238
1111,352,104,238
1109,352,103,238
1107,352,102,238
1105,352,101,238
1103,352,100,238
1101,352,99,238
1099,352,98,238
1097,352,97,238
1095,352,96,238
1093,352,95,238
1088,346,90,239
1082,346,93,239
1076,346,96,239
1070,346,99,239
1064,346,102,239
1058,346,105,239
1052,346,108,239
1046,346,111,239
1040,346,114,239
1034,346,117,239
1028,346,120,239
1022,346,123,239
1016,346,126,239
1010,346,129,239
1004,346,132,239
999,347,128,241
994,347,127,241
989,347,126,241
984,347,125,241
979,347,124,241
974,347,123,241
969,347,122,241
964,347,121,241
959,347,120,241
954,347,119,241
949,347,118,241
944,347,117,241
939,347,116,241
934,347,115,241
929,347,114,241
930,343,118,239
928,343,116,240
926,343,114,241
924,343,112,242
922,343,110,243
920,343,108,244
918,343,106,245
916,343,104,246
914,343,102,247
912,343,100,248
910,343,98,249
908,343,96,250
906,343,94,251
904,343,92,252
902,343,90,253
905,338,89,248
899,338,93,249
893,338,97,250
887,338,101,251
881,338,105,252
875,338,109,253
869,338,113,254
863,338,117,255
857,338,121,256
851,338,125,257
845,338,129,258
839,338,133,259
833,338,137,260
827,338,141,261
821,338,145,262
812,331,149,262
816,331,145,261
820,331,141,260
824,331,137,259
828,331,133,258
832,331,129,257
836,331,125,256
840,331,121,255
844,331,117,254
848,331,113,253
852,331,109,252
856,331,105,251
860,331,101,250
864,331,97,249
868,331,93,248
868,338,95,245
871,338,95,245
874,338,95,245
877,338,95,245
880,338,95,245
883,338,95,245
886,338,95,245
889,338,95,245
892,338,95,245
895,338,95,245
898,338,95,245
901,338,95,245
904,338,95,245
907,338,95,245
910,338,95,245
910,343,94,240
914,345,101,238
918,347,108,236
922,349,115,234
926,351,122,232
930,353,129,230
934,355,136,228
938,357,143,226
942,359,150,224
946,361,157,222
950,363,164,220
954,365,171,218
958,367,178,216
962,369,185,214
966,371,192,212
964,370,198,210
974,371,195,209
984,372,192,208
994,373,189,207
1004,374,186,206
1014,375,183,205
1024,376,180,204
1034,377,177,203
1044,378,174,202
1054,379,171,201
1064,380,168,200
1074,381,165,199
1084,382,162,198
1094,383,159,197
1104,384,156,196
1109,385,159,201
1109,385,156,204
1109,385,153,207
1109,385,150,210
1109,385,147,213
1109,385,144,216
1109,385,141,219
1109,385,138,222
1109,385,135,225
1109,385,132,228
1109,385,129,231
1109,385,126,234
1109,385,123,237
1109,385,120,240
1109,385,117,243
1109,379,117,244
1107,378,117,245
1105,377,117,246
1103,376,117,247
1101,375,117,248
1099,374,117,249
1097,373,117,250
1095,372,117,251
1093,371,117,252
1091,370,117,253
1089,369,117,254
1087,368,117,255
1085,367,117,256
1083,366,117,257
1081,365,117,258
1080,360,121,258
1079,363,125,253
1078,366,129,248
1077,369,133,243
1076,372,137,238
1075,375,141,233
1074,378,145,228
1073,381,149,223
1072,384,153,218
1071,387,157,213
1070,390,161,208
1069,393,165,203
1068,396,169,198
1067,399,173,193
1066,402,177,188
1065,412,178,182
1067,410,176,184
1069,408,174,186
1071,406,172,188
1073,404,170,190
1075,402,168,192
1077,400,166,194
1079,398,164,196
1081,396,162,198
1083,394,160,200
1085,392,158,202
1087,390,156,204
1089,388,154,206
1091,386,152,208
1093,384,150,210
1090,379,147,219
1086,379,148,221
1082,379,149,223
1078,379,150,225
1074,379,151,227
1070,379,152,229
1066,379,153,231
1062,379,154,233
1058,379,155,235
1054,379,156,237
1050,379,157,239
1046,379,158,241
1042,379,159,243
1038,379,160,245
1034,379,161,247
1028,376,155,255
1028,377,154,254
1028,378,153,253
1028,379,152,252
1028,380,151,251
1028,381,150,250
1028,382,149,249
1028,383,148,248
1028,384,147,247
1028,385,146,246
1028,386,145,245
1028,387,144,244
1028,388,143,243
1028,389,142,242
1028,390,141,241
1034,392,147,236
1041,390,144,236
1048,388,141,236
1055,386,138,236
1062,384,135,236
1069,382,132,236
1076,380,129,236
1083,378,126,236
1090,376,123,236
1097,374,120,236
1104,372,117,236
1111,370,114,236
1118,368,111,236
1125,366,108,236
1132,364,105,236
1146,363,109,236
1152,364,110,234
1158,365,111,232
1164,366,112,230
1170,367,113,228
1176,368,114,226
1182,369,115,224
1188,370,116,222
1194,371,117,220
1200,372,118,218
1206,373,119,216
1212,374,120,214
1218,375,121,212
1224,376,122,210
1230,377,123,208
1231,379,126,201
1235,378,125,200
1239,377,124,199
1243,376,123,198
1247,375,122,197
1251,374,121,196
1255,373,120,195
1259,372,119,194
1263,371,118,193
1267,370,117,192
1271,369,116,191
1275,368,115,190
1279,367,114,189
1283,366,113,188
1287,365,112,187
1290,368,108,185
