1840,608,80,298
1836,608,84,299
1832,608,88,300
1828,608,92,301
1824,608,96,302
1820,608,100,303
1816,608,104,304
1812,608,108,305
1808,608,112,306
1804,608,116,307
1800,608,120,308
1796,608,124,309
1792,608,128,310
1788,608,132,311
1784,608,136,312
1773,606,139,307
1773,605,136,308
1773,604,133,309
1773,603,130,310
1773,602,127,311
1773,601,124,312
1773,600,121,313
1773,599,118,314
1773,598,115,315
1773,597,112,316
1773,596,109,317
1773,595,106,318
1773,594,103,319
1773,593,100,320
1773,592,97,321
1771,596,100,318
1766,596,103,318
1761,596,106,318
1756,596,109,318
1751,596,112,318
1746,596,115,318
1741,596,118,318
1736,596,121,318
1731,596,124,318
1726,596,127,318
1721,596,130,318
1716,596,133,318
1711,596,136,318
1706,596,139,318
1701,596,142,318
1693,598,139,316
1687,598,141,317
1681,598,143,318
1675,598,145,319
1669,598,147,320
1663,598,149,321
1657,598,151,322
1651,598,153,323
1645,598,155,324
1639,598,157,325
1633,598,159,326
1627,598,161,327
1621,598,163,328
1615,598,165,329
1609,598,167,330
1599,592,162,324
1598,591,158,325
1597,590,154,326
1596,589,150,327
1595,588,146,328
1594,587,142,329
1593,586,138,330
1592,585,134,331
1591,584,130,332
1590,583,126,333
1589,582,122,334
1588,581,118,335
1587,580,114,336
1586,579,110,337
1585,578,106,338
1590,577,102,336
1583,577,106,336
1576,577,110,336
1569,577,114,336
1562,577,118,336
1555,577,122,336
1548,577,126,336
1541,577,130,336
1534,577,134,336
1527,577,138,336
1520,577,142,336
1513,577,146,336
1506,577,150,336
1499,577,154,336
1492,577,158,336
1489,575,155,332
1483,575,156,332
1477,575,157,332
1471,575,158,332
1465,575,159,332
1459,575,160,332
1453,575,161,332
1447,575,162,332
1441,575,163,332
1435,575,164,332
1429,575,165,332
1423,575,166,332
1417,575,167,332
1411,575,168,332
1405,575,169,332
1392,568,164,332
1391,567,160,333
1390,566,156,334
1389,565,152,335
1388,564,148,336
1387,563,144,337
1386,562,140,338
1385,561,136,339
1384,560,132,340
1383,559,128,341
1382,558,124,342
1381,557,120,343
1380,556,116,344
1379,555,112,345
1378,554,108,346
1371,549,111,353
1363,549,115,352
1355,549,119,351
1347,549,123,350
1339,549,127,349
1331,549,131,348
1323,549,135,347
1315,549,139,346
1307,549,143,345
1299,549,147,344
1291,549,151,343
1283,549,155,342
1275,549,159,341
1267,549,163,340
1259,549,167,339
1252,543,164,340
1246,542,164,340
1240,541,164,340
1234,540,164,340
1228,539,164,340
1222,538,164,340
1216,537,164,340
1210,536,164,340
1204,535,164,340
1198,534,164,340
1192,533,164,340
1186,532,164,340
1180,531,164,340
1174,530,164,340
1168,529,164,340
1155,535,159,343
1153,534,155,343
1151,533,151,343
1149,532,147,343
1147,531,143,343
1145,530,139,343
1143,529,135,343
1141,528,131,343
1139,527,127,343
1137,526,123,343
1135,525,119,343
1133,524,115,343
1131,523,111,343
1129,522,107,343
1127,521,103,343
1123,522,93,349
1115,522,98,348
1107,522,103,347
1099,522,108,346
1091,522,113,345
1083,522,118,344
1075,522,123,343
1067,522,128,342
1059,522,133,341
1051,522,138,340
1043,522,143,339
1035,522,148,338
1027,522,153,337
1019,522,158,336
1011,522,163,335
1003,520,173,338
995,520,173,338
987,520,173,338
979,520,173,338
971,520,173,338
963,520,173,338
955,520,173,338
947,520,173,338
939,520,173,338
931,520,173,338
923,520,173,338
915,520,173,338
907,520,173,338
899,520,173,338
891,520,173,338
884,513,169,345
882,512,167,346
880,511,165,347
878,510,163,348
876,509,161,349
874,508,159,350
872,507,157,351
870,506,155,352
868,505,153,353
866,504,151,354
864,503,149,355
862,502,147,356
860,501,145,357
858,500,143,358
856,499,141,359
854,498,136,360
846,498,141,360
838,498,146,360
830,498,151,360
822,498,156,360
814,498,161,360
806,498,166,360
798,498,171,360
790,498,176,360
782,498,181,360
774,498,186,360
766,498,191,360
758,498,196,360
750,498,201,360
742,498,206,360
727,496,208,366
732,496,203,365
737,496,198,364
742,496,193,363
747,496,188,362
752,496,183,361
757,496,178,360
762,496,173,359
767,496,168,358
772,496,163,357
777,496,158,356
782,496,153,355
787,496,148,354
792,496,143,353
797,496,138,352
806,496,131,353
810,496,131,352
814,496,131,351
818,496,131,350
822,496,131,349
826,496,131,348
830,496,131,347
834,496,131,346
838,496,131,345
842,496,131,344
846,496,131,343
850,496,131,342
854,496,131,341
858,496,131,340
862,496,131,339
861,503,136,341
866,507,147,338
871,511,158,335
876,515,169,332
881,519,180,329
886,523,191,326
891,527,202,323
896,531,213,320
901,535,224,317
906,539,235,314
911,543,246,311
916,547,257,308
921,551,268,305
926,555,279,302
931,559,290,299
932,563,295,290
946,564,292,290
960,565,289,290
974,566,286,290
988,567,283,290
1002,568,280,290
1016,569,277,290
1030,570,274,290
1044,571,271,290
1058,572,268,290
1072,573,265,290
1086,574,262,290
1100,575,259,290
1114,576,256,290
1128,577,253,290
1148,577,247,288
1149,577,241,292
1150,577,235,296
1151,577,229,300
1152,577,223,304
1153,577,217,308
1154,577,211,312
1155,577,205,316
1156,577,199,320
1157,577,193,324
1158,577,187,328
1159,577,181,332
1160,577,175,336
1161,577,169,340
1162,577,163,344
1167,577,154,346
1163,575,157,348
1159,573,160,350
1155,571,163,352
1151,569,166,354
1147,567,169,356
1143,565,172,358
1139,563,175,360
1135,561,178,362
1131,559,181,364
1127,557,184,366
1123,555,187,368
1119,553,190,370
1115,551,193,372
1111,549,196,374
1104,542,192,371
1102,546,198,365
1100,550,204,359
1098,554,210,353
1096,558,216,347
1094,562,222,341
1092,566,228,335
1090,570,234,329
1088,574,240,323
1086,578,246,317
1084,582,252,311
1082,586,258,305
1080,590,264,299
1078,594,270,293
1076,598,276,287
1070,603,277,278
1074,602,273,278
1078,601,269,278
1082,600,265,278
1086,599,261,278
1090,598,257,278
1094,597,253,278
1098,596,249,278
1102,595,245,278
1106,594,241,278
1110,593,237,278
1114,592,233,278
1118,591,229,278
1122,590,225,278
1126,589,221,278
1127,594,215,285
1121,592,216,290
1115,590,217,295
1109,588,218,300
1103,586,219,305
1097,584,220,310
1091,582,221,315
1085,580,222,320
1079,578,223,325
1073,576,224,330
1067,574,225,335
1061,572,226,340
1055,570,227,345
1049,568,228,350
1043,566,229,355
1031,563,224,355
1031,565,222,354
1031,567,220,353
1031,569,218,352
1031,571,216,351
1031,573,214,350
1031,575,212,349
1031,577,210,348
1031,579,208,347
1031,581,206,346
1031,583,204,345
1031,585,202,344
1031,587,200,343
1031,589,198,342
1031,591,196,341
1035,589,201,343
1047,587,196,341
1059,585,191,339
1071,583,186,337
1083,581,181,335
1095,579,176,333
1107,577,171,331
1119,575,166,329
1131,573,161,327
1143,571,156,325
1155,569,151,323
1167,567,146,321
1179,565,141,319
1191,563,136,317
1203,561,131,315
1221,556,131,308
1228,556,134,307
1235,556,137,306
1242,556,140,305
1249,556,143,304
1256,556,146,303
1263,556,149,302
1270,556,152,301
1277,556,155,300
1284,556,158,299
1291,556,161,298
1298,556,164,297
1305,556,167,296
1312,556,170,295
1319,556,173,294
1328,563,175,294
1334,562,173,293
1340,561,171,292
1346,560,169,291
1352,559,167,290
1358,558,165,289
1364,557,163,288
1370,556,161,287
1376,555,159,286
1382,554,157,285
1388,553,155,284
1394,552,153,283
1400,551,151,282
1406,550,149,281
1412,549,147,280
1424,552,146,282
1431,552,143,282
1438,552,140,282
1445,552,137,282
1452,552,134,282
1459,552,131,282
1466,552,128,282
1473,552,125,282
1480,552,122,282
1487,552,119,282
1494,552,116,282
1501,552,113,282
1508,552,110,282
1515,552,107,282
1522,552,104,282
1528,545,106,285
1530,545,106,286
1532,545,106,287
1534,545,106,288
1536,545,106,289
1538,545,106,290
1540,545,106,291
1542,545,106,292
1544,545,106,293
1546,545,106,294
1548,545,106,295
1550,545,106,296
1552,545,106,297
1554,545,106,298
1556,545,106,299
1551,549,104,304
