1789,455,80,218
1787,455,80,218
1785,455,80,218
1783,455,80,218
1781,455,80,218
1779,455,80,218
1777,455,80,218
1775,455,80,218
1773,455,80,218
1771,455,80,218
1769,455,80,218
1767,455,80,218
1765,455,80,218
1763,455,80,218
1761,455,80,218
1755,453,79,215
1752,453,79,216
1749,453,79,217
1746,453,79,218
1743,453,79,219
1740,453,79,220
1737,453,79,221
1734,453,79,222
1731,453,79,223
1728,453,79,224
1725,453,79,225
1722,453,79,226
1719,453,79,227
1716,453,79,228
1713,453,79,229
1706,455,76,225
1702,455,76,225
1698,455,76,225
1694,455,76,225
1690,455,76,225
1686,455,76,225
1682,455,76,225
1678,455,76,225
1674,455,76,225
1670,455,76,225
1666,455,76,225
1662,455,76,225
1658,455,76,225
1654,455,76,225
1650,455,76,225
1652,460,80,225
1648,460,81,226
1644,460,82,227
1640,460,83,228
1636,460,84,229
1632,460,85,230
1628,460,86,231
1624,460,87,232
1620,460,88,233
1616,460,89,234
1612,460,90,235
1608,460,91,236
1604,460,92,237
1600,460,93,238
1596,460,94,239
1597,453,97,239
1594,453,96,240
1591,453,95,241
1588,453,94,242
1585,453,93,243
1582,453,92,244
1579,453,91,245
1576,453,90,246
1573,453,89,247
1570,453,88,248
1567,453,87,249
1564,453,86,250
1561,453,85,251
1558,453,84,252
1555,453,83,253
1547,453,89,249
1544,453,87,249
1541,453,85,249
1538,453,83,249
1535,453,81,249
1532,453,79,249
1529,453,77,249
1526,453,75,249
1523,453,73,249
1520,453,71,249
1517,453,69,249
1514,453,67,249
1511,453,65,249
1508,453,63,249
1505,453,61,249
1506,451,64,251
1502,451,65,251
1498,451,66,251
1494,451,67,251
1490,451,68,251
1486,451,69,251
1482,451,70,251
1478,451,71,251
1474,451,72,251
1470,451,73,251
1466,451,74,251
1462,451,75,251
1458,451,76,251
1454,451,77,251
1450,451,78,251
1440,455,77,245
1434,454,80,246
1428,453,83,247
1422,452,86,248
1416,451,89,249
1410,450,92,250
1404,449,95,251
1398,448,98,252
1392,447,101,253
1386,446,104,254
1380,445,107,255
1374,444,110,256
1368,443,113,257
1362,442,116,258
1356,441,119,259
1346,445,117,260
1340,445,118,260
1334,445,119,260
1328,445,120,260
1322,445,121,260
1316,445,122,260
1310,445,123,260
1304,445,124,260
1298,445,125,260
1292,445,126,260
1286,445,127,260
1280,445,128,260
1274,445,129,260
1268,445,130,260
1262,445,131,260
1259,443,127,256
1254,443,126,256
1249,443,125,256
1244,443,124,256
1239,443,123,256
1234,443,122,256
1229,443,121,256
1224,443,120,256
1219,443,119,256
1214,443,118,256
1209,443,117,256
1204,443,116,256
1199,443,115,256
1194,443,114,256
1189,443,113,256
1187,446,110,253
1180,446,111,253
1173,446,112,253
1166,446,113,253
1159,446,114,253
1152,446,115,253
1145,446,116,253
1138,446,117,253
1131,446,118,253
1124,446,119,253
1117,446,120,253
1110,446,121,253
1103,446,122,253
1096,446,123,253
1089,446,124,253
1075,446,126,251
1070,446,126,251
1065,446,126,251
1060,446,126,251
1055,446,126,251
1050,446,126,251
1045,446,126,251
1040,446,126,251
1035,446,126,251
1030,446,126,251
1025,446,126,251
1020,446,126,251
1015,446,126,251
1010,446,126,251
1005,446,126,251
995,443,120,257
989,443,120,257
983,443,120,257
977,443,120,257
971,443,120,257
965,443,120,257
959,443,120,257
953,443,120,257
947,443,120,257
941,443,120,257
935,443,120,257
929,443,120,257
923,443,120,257
917,443,120,257
911,443,120,257
911,448,115,257
911,447,114,258
911,446,113,259
911,445,112,260
911,444,111,261
911,443,110,262
911,442,109,263
911,441,108,264
911,440,107,265
911,439,106,266
911,438,105,267
911,437,104,268
911,436,103,269
911,435,102,270
911,434,101,271
916,440,97,265
920,440,97,265
924,440,97,265
928,440,97,265
932,440,97,265
936,440,97,265
940,440,97,265
944,440,97,265
948,440,97,265
952,440,97,265
956,440,97,265
960,440,97,265
964,440,97,265
968,440,97,265
972,440,97,265
971,443,90,259
980,446,96,255
989,449,102,251
998,452,108,247
1007,455,114,243
1016,458,120,239
1025,461,126,235
1034,464,132,231
1043,467,138,227
1052,470,144,223
1061,473,150,219
1070,476,156,215
1079,479,162,211
1088,482,168,207
1097,485,174,203
1104,485,180,203
1111,485,176,206
1118,485,172,209
1125,485,168,212
1132,485,164,215
1139,485,160,218
1146,485,156,221
1153,485,152,224
1160,485,148,227
1167,485,144,230
1174,485,140,233
1181,485,136,236
1188,485,132,239
1195,485,128,242
1202,485,124,245
1209,480,118,244
1205,478,118,246
1201,476,118,248
1197,474,118,250
1193,472,118,252
1189,470,118,254
1185,468,118,256
1181,466,118,258
1177,464,118,260
1173,462,118,262
1169,460,118,264
1165,458,118,266
1161,456,118,268
1157,454,118,270
1153,452,118,272
1149,453,122,279
1152,457,125,273
1155,461,128,267
1158,465,131,261
1161,469,134,255
1164,473,137,249
1167,477,140,243
1170,481,143,237
1173,485,146,231
1176,489,149,225
1179,493,152,219
1182,497,155,213
1185,501,158,207
1188,505,161,201
1191,509,164,195
1189,510,163,194
1186,507,160,198
1183,504,157,202
1180,501,154,206
1177,498,151,210
1174,495,148,214
1171,492,145,218
1168,489,142,222
1165,486,139,226
1162,483,136,230
1159,480,133,234
1156,477,130,238
1153,474,127,242
1150,471,124,246
1147,468,121,250
1147,461,117,253
1144,463,118,253
1141,465,119,253
1138,467,120,253
1135,469,121,253
1132,471,122,253
1129,473,123,253
1126,475,124,253
1123,477,125,253
1120,479,126,253
1117,481,127,253
1114,483,128,253
1111,485,129,253
1108,487,130,253
1105,489,131,253
1106,488,125,249
1115,485,124,249
1124,482,123,249
1133,479,122,249
1142,476,121,249
1151,473,120,249
1160,470,119,249
1169,467,118,249
1178,464,117,249
1187,461,116,249
1196,458,115,249
1205,455,114,249
1214,452,113,249
1223,449,112,249
1232,446,111,249
1239,446,113,242
1248,446,111,240
1257,446,109,238
1266,446,107,236
1275,446,105,234
1284,446,103,232
1293,446,101,230
1302,446,99,228
1311,446,97,226
1320,446,95,224
1329,446,93,222
1338,446,91,220
1347,446,89,218
1356,446,87,216
1365,446,85,214
1370,443,88,213
