440,293,79,213
442,294,78,213
444,295,77,213
446,296,76,213
448,297,75,213
450,298,74,213
452,299,73,213
454,300,72,213
456,301,71,213
458,302,70,213
460,303,69,213
462,304,68,213
464,305,67,213
466,306,66,213
468,307,65,213
474,304,69,214
476,304,69,214
478,304,69,214
480,304,69,214
482,304,69,214
484,304,69,214
486,304,69,214
488,304,69,214
490,304,69,214
492,304,69,214
494,304,69,214
496,304,69,214
498,304,69,214
500,304,69,214
502,304,69,214
510,302,71,218
512,302,72,218
514,302,73,218
516,302,74,218
518,302,75,218
520,302,76,218
522,302,77,218
524,302,78,218
526,302,79,218
528,302,80,218
530,302,81,218
532,302,82,218
534,302,83,218
536,302,84,218
538,302,85,218
537,299,90,224
539,300,90,225
541,301,90,226
543,302,90,227
545,303,90,228
547,304,90,229
549,305,90,230
551,306,90,231
553,307,90,232
555,308,90,233
557,309,90,234
559,310,90,235
561,311,90,236
563,312,90,237
565,313,90,238
569,307,83,233
572,307,83,233
575,307,83,233
578,307,83,233
581,307,83,233
584,307,83,233
587,307,83,233
590,307,83,233
593,307,83,233
596,307,83,233
599,307,83,233
602,307,83,233
605,307,83,233
608,307,83,233
611,307,83,233
620,311,89,226
624,311,89,227
628,311,89,228
632,311,89,229
636,311,89,230
640,311,89,231
644,311,89,232
648,311,89,233
652,311,89,234
656,311,89,235
660,311,89,236
664,311,89,237
668,311,89,238
672,311,89,239
676,311,89,240
680,310,96,238
683,310,94,237
686,310,92,236
689,310,90,235
692,310,88,234
695,310,86,233
698,310,84,232
701,310,82,231
704,310,80,230
707,310,78,229
710,310,76,228
713,310,74,227
716,310,72,226
719,310,70,225
722,310,68,224
731,315,70,230
735,315,70,230
739,315,70,230
743,315,70,230
747,315,70,230
751,315,70,230
755,315,70,230
759,315,70,230
763,315,70,230
767,315,70,230
771,315,70,230
775,315,70,230
779,315,70,230
783,315,70,230
787,315,70,230
784,319,64,227
786,320,67,226
788,321,70,225
790,322,73,224
792,323,76,223
794,324,79,222
796,325,82,221
798,326,85,220
800,327,88,219
802,328,91,218
804,329,94,217
806,330,97,216
808,331,100,215
810,332,103,214
812,333,106,213
813,330,106,215
817,330,105,216
821,330,104,217
825,330,103,218
829,330,102,219
833,330,101,220
837,330,100,221
841,330,99,222
845,330,98,223
849,330,97,224
853,330,96,225
857,330,95,226
861,330,94,227
865,330,93,228
869,330,92,229
878,329,84,230
882,329,85,231
886,329,86,232
890,329,87,233
894,329,88,234
898,329,89,235
902,329,90,236
906,329,91,237
910,329,92,238
914,329,93,239
918,329,94,240
922,329,95,241
926,329,96,242
930,329,97,243
934,329,98,244
940,327,99,241
943,328,98,240
946,329,97,239
949,330,96,238
952,331,95,237
955,332,94,236
958,333,93,235
961,334,92,234
964,335,91,233
967,336,90,232
970,337,89,231
973,338,88,230
976,339,87,229
979,340,86,228
982,341,85,227
982,344,78,221
985,344,79,222
988,344,80,223
991,344,81,224
994,344,82,225
997,344,83,226
1000,344,84,227
1003,344,85,228
1006,344,86,229
1009,344,87,230
1012,344,88,231
1015,344,89,232
1018,344,90,233
1021,344,91,234
1024,344,92,235
1032,341,96,238
1034,341,95,238
1036,341,94,238
1038,341,93,238
1040,341,92,238
1042,341,91,238
1044,341,90,238
1046,341,89,238
1048,341,88,238
1050,341,87,238
1052,341,86,238
1054,341,85,238
1056,341,84,238
1058,341,83,238
1060,341,82,238
1066,339,75,245
1064,339,77,244
1062,339,79,243
1060,339,81,242
1058,339,83,241
1056,339,85,240
1054,339,87,239
1052,339,89,238
1050,339,91,237
1048,339,93,236
1046,339,95,235
1044,339,97,234
1042,339,99,233
1040,339,101,232
1038,339,103,231
1043,341,102,233
1041,341,101,232
1039,341,100,231
1037,341,99,230
1035,341,98,229
1033,341,97,228
1031,341,96,227
1029,341,95,226
1027,341,94,225
1025,341,93,224
1023,341,92,223
1021,341,91,222
1019,341,90,221
1017,341,89,220
1015,341,88,219
1017,338,94,222
1010,338,97,221
1003,338,100,220
996,338,103,219
989,338,106,218
982,338,109,217
975,338,112,216
968,338,115,215
961,338,118,214
954,338,121,213
947,338,124,212
940,338,127,211
933,338,130,210
926,338,133,209
919,338,136,208
918,339,136,212
906,339,140,211
894,339,144,210
882,339,148,209
870,339,152,208
858,339,156,207
846,339,160,206
834,339,164,205
822,339,168,204
810,339,172,203
798,339,176,202
786,339,180,201
774,339,184,200
762,339,188,199
750,339,192,198
744,343,192,202
739,341,190,203
734,339,188,204
729,337,186,205
724,335,184,206
719,333,182,207
714,331,180,208
709,329,178,209
704,327,176,210
699,325,174,211
694,323,172,212
689,321,170,213
684,319,168,214
679,317,166,215
674,315,164,216
676,319,157,221
681,319,152,222
686,319,147,223
691,319,142,224
696,319,137,225
701,319,132,226
706,319,127,227
711,319,122,228
716,319,117,229
721,319,112,230
726,319,107,231
731,319,102,232
736,319,97,233
741,319,92,234
746,319,87,235
748,315,85,230
747,315,86,231
746,315,87,232
745,315,88,233
744,315,89,234
743,315,90,235
742,315,91,236
741,315,92,237
740,315,93,238
739,315,94,239
738,315,95,240
737,315,96,241
736,315,97,242
735,315,98,243
734,315,99,244
739,313,105,243
740,314,103,243
741,315,101,243
742,316,99,243
743,317,97,243
744,318,95,243
745,319,93,243
746,320,91,243
747,321,89,243
748,322,87,243
749,323,85,243
750,324,83,243
751,325,81,243
752,326,79,243
753,327,77,243
748,322,81,238
744,322,81,237
740,322,81,236
736,322,81,235
732,322,81,234
728,322,81,233
724,322,81,232
720,322,81,231
716,322,81,230
712,322,81,229
708,322,81,228
704,322,81,227
700,322,81,226
696,322,81,225
692,322,81,224
693,316,85,230
689,316,85,230
685,316,85,230
681,316,85,230
677,316,85,230
673,316,85,230
669,316,85,230
665,316,85,230
661,316,85,230
657,316,85,230
653,316,85,230
649,316,85,230
645,316,85,230
641,316,85,230
637,316,85,230
628,313,91,227
626,313,90,226
624,313,89,225
622,313,88,224
620,313,87,223
618,313,86,222
616,313,85,221
614,313,84,220
612,313,83,219
610,313,82,218
608,313,81,217
606,313,80,216
604,313,79,215
602,313,78,214
600,313,77,213
596,310,71,211
592,311,74,210
588,312,77,209
584,313,80,208
580,314,83,207
576,315,86,206
572,316,89,205
568,317,92,204
564,318,95,203
560,319,98,202
556,320,101,201
552,321,104,200
548,322,107,199
544,323,110,198
540,324,113,197
539,319,115,199
545,318,113,200
551,317,111,201
557,316,109,202
563,315,107,203
569,314,105,204
575,313,103,205
581,312,101,206
587,311,99,207
593,310,97,208
599,309,95,209
605,308,93,210
611,307,91,211
617,306,89,212
623,305,87,213
628,305,83,210
634,306,85,209
640,307,87,208
646,308,89,207
652,309,91,206
658,310,93,205
664,311,95,204
670,312,97,203
676,313,99,202
682,314,101,201
688,315,103,200
694,316,105,199
700,317,107,198
706,318,109,197
712,319,111,196
712,321,108,189
719,323,110,190
726,325,112,191
733,327,114,192
740,329,116,193
747,331,118,194
754,333,120,195
761,335,122,196
768,337,124,197
775,339,126,198
782,341,128,199
789,343,130,200
796,345,132,201
803,347,134,202
810,349,136,203
811,352,138,199
813,350,135,201
815,348,132,203
817,346,129,205
819,344,126,207
821,342,123,209
823,340,120,211
825,338,117,213
827,336,114,215
829,334,111,217
831,332,108,219
833,330,105,221
835,328,102,223
837,326,99,225
839,324,96,227
840,327,92,235
