212,412,120,316
216,412,118,316
220,412,116,316
224,412,114,316
228,412,112,316
232,412,110,316
236,412,108,316
240,412,106,316
244,412,104,316
248,412,102,316
252,412,100,316
256,412,98,316
260,412,96,316
264,412,94,316
268,412,92,316
268,409,91,321
270,409,92,321
272,409,93,321
274,409,94,321
276,409,95,321
278,409,96,321
280,409,97,321
282,409,98,321
284,409,99,321
286,409,100,321
288,409,101,321
290,409,102,321
292,409,103,321
294,409,104,321
296,409,105,321
302,415,102,328
306,416,104,328
310,417,106,328
314,418,108,328
318,419,110,328
322,420,112,328
326,421,114,328
330,422,116,328
334,423,118,328
338,424,120,328
342,425,122,328
346,426,124,328
350,427,126,328
354,428,128,328
358,429,130,328
358,433,129,335
363,433,127,335
368,433,125,335
373,433,123,335
378,433,121,335
383,433,119,335
388,433,117,335
393,433,115,335
398,433,113,335
403,433,111,335
408,433,109,335
413,433,107,335
418,433,105,335
423,433,103,335
428,433,101,335
427,430,95,336
431,431,95,336
435,432,95,336
439,433,95,336
443,434,95,336
447,435,95,336
451,436,95,336
455,437,95,336
459,438,95,336
463,439,95,336
467,440,95,336
471,441,95,336
475,442,95,336
479,443,95,336
483,444,95,336
486,440,91,331
490,441,93,332
494,442,95,333
498,443,97,334
502,444,99,335
506,445,101,336
510,446,103,337
514,447,105,338
518,448,107,339
522,449,109,340
526,450,111,341
530,451,113,342
534,452,115,343
538,453,117,344
542,454,119,345
553,450,115,341
559,451,115,341
565,452,115,341
571,453,115,341
577,454,115,341
583,455,115,341
589,456,115,341
595,457,115,341
601,458,115,341
607,459,115,341
613,460,115,341
619,461,115,341
625,462,115,341
631,463,115,341
637,464,115,341
640,459,121,337
645,460,120,338
650,461,119,339
655,462,118,340
660,463,117,341
665,464,116,342
670,465,115,343
675,466,114,344
680,467,113,345
685,468,112,346
690,469,111,347
695,470,110,348
700,471,109,349
705,472,108,350
710,473,107,351
717,469,104,345
719,469,106,345
721,469,108,345
723,469,110,345
725,469,112,345
727,469,114,345
729,469,116,345
731,469,118,345
733,469,120,345
735,469,122,345
737,469,124,345
739,469,126,345
741,469,128,345
743,469,130,345
745,469,132,345
742,476,127,339
747,476,129,339
752,476,131,339
757,476,133,339
762,476,135,339
767,476,137,339
772,476,139,339
777,476,141,339
782,476,143,339
787,476,145,339
792,476,147,339
797,476,149,339
802,476,151,339
807,476,153,339
812,476,155,339
822,482,150,341
829,483,150,342
836,484,150,343
843,485,150,344
850,486,150,345
857,487,150,346
864,488,150,347
871,489,150,348
878,490,150,349
885,491,150,350
892,492,150,351
899,493,150,352
906,494,150,353
913,495,150,354
920,496,150,355
933,494,155,349
939,495,152,349
945,496,149,349
951,497,146,349
957,498,143,349
963,499,140,349
969,500,137,349
975,501,134,349
981,502,131,349
987,503,128,349
993,504,125,349
999,505,122,349
1005,506,119,349
1011,507,116,349
1017,508,113,349
1029,514,105,342
1033,515,105,341
1037,516,105,340
1041,517,105,339
1045,518,105,338
1049,519,105,337
1053,520,105,336
1057,521,105,335
1061,522,105,334
1065,523,105,333
1069,524,105,332
1073,525,105,331
1077,526,105,330
1081,527,105,329
1085,528,105,328
1090,527,111,326
1090,527,112,327
1090,527,113,328
1090,527,114,329
1090,527,115,330
1090,527,116,331
1090,527,117,332
1090,527,118,333
1090,527,119,334
1090,527,120,335
1090,527,121,336
1090,527,122,337
1090,527,123,338
1090,527,124,339
1090,527,125,340
1094,520,129,346
1093,519,129,346
1092,518,129,346
1091,517,129,346
1090,516,129,346
1089,515,129,346
1088,514,129,346
1087,513,129,346
1086,512,129,346
1085,511,129,346
1084,510,129,346
1083,509,129,346
1082,508,129,346
1081,507,129,346
1080,506,129,346
1072,512,127,339
1069,511,127,339
1066,510,127,339
1063,509,127,339
1060,508,127,339
1057,507,127,339
1054,506,127,339
1051,505,127,339
1048,504,127,339
1045,503,127,339
1042,502,127,339
1039,501,127,339
1036,500,127,339
1033,499,127,339
1030,498,127,339
1024,497,127,343
1013,498,132,340
1002,499,137,337
991,500,142,334
980,501,147,331
969,502,152,328
958,503,157,325
947,504,162,322
936,505,167,319
925,506,172,316
914,507,177,313
903,508,182,310
892,509,187,307
881,510,192,304
870,511,197,301
859,509,207,295
842,509,212,293
825,509,217,291
808,509,222,289
791,509,227,287
774,509,232,285
757,509,237,283
740,509,242,281
723,509,247,279
706,509,252,277
689,509,257,275
672,509,262,273
655,509,267,271
638,509,272,269
621,509,277,267
611,504,286,272
606,501,280,277
601,498,274,282
596,495,268,287
591,492,262,292
586,489,256,297
581,486,250,302
576,483,244,307
571,480,238,312
566,477,232,317
561,474,226,322
556,471,220,327
551,468,214,332
546,465,208,337
541,462,202,342
535,455,203,342
542,455,198,342
549,455,193,342
556,455,188,342
563,455,183,342
570,455,178,342
577,455,173,342
584,455,168,342
591,455,163,342
598,455,158,342
605,455,153,342
612,455,148,342
619,455,143,342
626,455,138,342
633,455,133,342
640,455,123,344
639,455,124,344
638,455,125,344
637,455,126,344
636,455,127,344
635,455,128,344
634,455,129,344
633,455,130,344
632,455,131,344
631,455,132,344
630,455,133,344
629,455,134,344
628,455,135,344
627,455,136,344
626,455,137,344
623,451,140,346
625,452,137,346
627,453,134,346
629,454,131,346
631,455,128,346
633,456,125,346
635,457,122,346
637,458,119,346
639,459,116,346
641,460,113,346
643,461,110,346
645,462,107,346
647,463,104,346
649,464,101,346
651,465,98,346
649,459,101,351
643,459,104,351
637,459,107,351
631,459,110,351
625,459,113,351
619,459,116,351
613,459,119,351
607,459,122,351
601,459,125,351
595,459,128,351
589,459,131,351
583,459,134,351
577,459,137,351
571,459,140,351
565,459,143,351
564,463,147,346
558,462,146,345
552,461,145,344
546,460,144,343
540,459,143,342
534,458,142,341
528,457,141,340
522,456,140,339
516,455,139,338
510,454,138,337
504,453,137,336
498,452,136,335
492,451,135,334
486,450,134,333
480,449,133,332
474,450,129,329
472,450,127,328
470,450,125,327
468,450,123,326
466,450,121,325
464,450,119,324
462,450,117,323
460,450,115,322
458,450,113,321
456,450,111,320
454,450,109,319
452,450,107,318
450,450,105,317
448,450,103,316
446,450,101,315
439,450,95,311
432,449,98,310
425,448,101,309
418,447,104,308
411,446,107,307
404,445,110,306
397,444,113,305
390,443,116,304
383,442,119,303
376,441,122,302
369,440,125,301
362,439,128,300
355,438,131,299
348,437,134,298
341,436,137,297
335,432,145,299
341,432,147,299
347,432,149,299
353,432,151,299
359,432,153,299
365,432,155,299
371,432,157,299
377,432,159,299
383,432,161,299
389,432,163,299
395,432,165,299
401,432,167,299
407,432,169,299
413,432,171,299
419,432,173,299
427,430,174,297
433,432,176,297
439,434,178,297
445,436,180,297
451,438,182,297
457,440,184,297
463,442,186,297
469,444,188,297
475,446,190,297
481,448,192,297
487,450,194,297
493,452,196,297
499,454,198,297
505,456,200,297
511,458,202,297
521,464,208,302
532,467,208,302
543,470,208,302
554,473,208,302
565,476,208,302
576,479,208,302
587,482,208,302
598,485,208,302
609,488,208,302
620,491,208,302
631,494,208,302
642,497,208,302
653,500,208,302
664,503,208,302
675,506,208,302
690,507,203,308
695,506,200,310
700,505,197,312
705,504,194,314
710,503,191,316
715,502,188,318
720,501,185,320
725,500,182,322
730,499,179,324
735,498,176,326
740,497,173,328
745,496,170,330
750,495,167,332
755,494,164,334
760,493,161,336
766,487,152,338
