180,335,106,248
183,335,104,248
186,335,102,248
189,335,100,248
192,335,98,248
195,335,96,248
198,335,94,248
201,335,92,248
204,335,90,248
207,335,88,248
210,335,86,248
213,335,84,248
216,335,82,248
219,335,80,248
222,335,78,248
218,329,81,252
221,330,81,252
224,331,81,252
227,332,81,252
230,333,81,252
233,334,81,252
236,335,81,252
239,336,81,252
242,337,81,252
245,338,81,252
248,339,81,252
251,340,81,252
254,341,81,252
257,342,81,252
260,343,81,252
257,337,81,256
259,338,83,256
261,339,85,256
263,340,87,256
265,341,89,256
267,342,91,256
269,343,93,256
271,344,95,256
273,345,97,256
275,346,99,256
277,347,101,256
279,348,103,256
281,349,105,256
283,350,107,256
285,351,109,256
290,345,109,253
293,345,108,253
296,345,107,253
299,345,106,253
302,345,105,253
305,345,104,253
308,345,103,253
311,345,102,253
314,345,101,253
317,345,100,253
320,345,99,253
323,345,98,253
326,345,97,253
329,345,96,253
332,345,95,253
341,342,94,259
344,342,94,259
347,342,94,259
350,342,94,259
353,342,94,259
356,342,94,259
359,342,94,259
362,342,94,259
365,342,94,259
368,342,94,259
371,342,94,259
374,342,94,259
377,342,94,259
380,342,94,259
383,342,94,259
389,340,87,264
393,340,88,265
397,340,89,266
401,340,90,267
405,340,91,268
409,340,92,269
413,340,93,270
417,340,94,271
421,340,95,272
425,340,96,273
429,340,97,274
433,340,98,275
437,340,99,276
441,340,100,277
445,340,101,278
443,339,107,272
447,339,108,272
451,339,109,272
455,339,110,272
459,339,111,272
463,339,112,272
467,339,113,272
471,339,114,272
475,339,115,272
479,339,116,272
483,339,117,272
487,339,118,272
491,339,119,272
495,339,120,272
499,339,121,272
501,344,124,265
505,344,122,265
509,344,120,265
513,344,118,265
517,344,116,265
521,344,114,265
525,344,112,265
529,344,110,265
533,344,108,265
537,344,106,265
541,344,104,265
545,344,102,265
549,344,100,265
553,344,98,265
557,344,96,265
561,348,88,261
565,348,87,261
569,348,86,261
573,348,85,261
577,348,84,261
581,348,83,261
585,348,82,261
589,348,81,261
593,348,80,261
597,348,79,261
601,348,78,261
605,348,77,261
609,348,76,261
613,348,75,261
617,348,74,261
624,350,68,256
627,350,72,257
630,350,76,258
633,350,80,259
636,350,84,260
639,350,88,261
642,350,92,262
645,350,96,263
648,350,100,264
651,350,104,265
654,350,108,266
657,350,112,267
660,350,116,268
663,350,120,269
666,350,124,270
669,357,124,269
674,357,124,270
679,357,124,271
684,357,124,272
689,357,124,273
694,357,124,274
699,357,124,275
704,357,124,276
709,357,124,277
714,357,124,278
719,357,124,279
724,357,124,280
729,357,124,281
734,357,124,282
739,357,124,283
741,350,130,281
746,351,127,281
751,352,124,281
756,353,121,281
761,354,118,281
766,355,115,281
771,356,112,281
776,357,109,281
781,358,106,281
786,359,103,281
791,360,100,281
796,361,97,281
801,362,94,281
806,363,91,281
811,364,88,281
812,358,81,281
815,359,81,280
818,360,81,279
821,361,81,278
824,362,81,277
827,363,81,276
830,364,81,275
833,365,81,274
836,366,81,273
839,367,81,272
842,368,81,271
845,369,81,270
848,370,81,269
851,371,81,268
854,372,81,267
864,372,83,262
864,371,84,263
864,370,85,264
864,369,86,265
864,368,87,266
864,367,88,267
864,366,89,268
864,365,90,269
864,364,91,270
864,363,92,271
864,362,93,272
864,361,94,273
864,360,95,274
864,359,96,275
864,358,97,276
864,360,104,279
863,360,104,279
862,360,104,279
861,360,104,279
860,360,104,279
859,360,104,279
858,360,104,279
857,360,104,279
856,360,104,279
855,360,104,279
854,360,104,279
853,360,104,279
852,360,104,279
851,360,104,279
850,360,104,279
851,355,104,284
848,355,105,283
845,355,106,282
842,355,107,281
839,355,108,280
836,355,109,279
833,355,110,278
830,355,111,277
827,355,112,276
824,355,113,275
821,355,114,274
818,355,115,273
815,355,116,272
812,355,117,271
809,355,118,270
810,350,115,266
802,351,118,265
794,352,121,264
786,353,124,263
778,354,127,262
770,355,130,261
762,356,133,260
754,357,136,259
746,358,139,258
738,359,142,257
730,360,145,256
722,361,148,255
714,362,151,254
706,363,154,253
698,364,157,252
697,358,167,248
684,359,171,247
671,360,175,246
658,361,179,245
645,362,183,244
632,363,187,243
619,364,191,242
606,365,195,241
593,366,199,240
580,367,203,239
567,368,207,238
554,369,211,237
541,370,215,236
528,371,219,235
515,372,223,234
499,372,232,236
494,370,229,238
489,368,226,240
484,366,223,242
479,364,220,244
474,362,217,246
469,360,214,248
464,358,211,250
459,356,208,252
454,354,205,254
449,352,202,256
444,350,199,258
439,348,196,260
434,346,193,262
429,344,190,264
421,345,180,269
427,345,175,269
433,345,170,269
439,345,165,269
445,345,160,269
451,345,155,269
457,345,150,269
463,345,145,269
469,345,140,269
475,345,135,269
481,345,130,269
487,345,125,269
493,345,120,269
499,345,115,269
505,345,110,269
516,345,98,266
515,345,99,267
514,345,100,268
513,345,101,269
512,345,102,270
511,345,103,271
510,345,104,272
509,345,105,273
508,345,106,274
507,345,107,275
506,345,108,276
505,345,109,277
504,345,110,278
503,345,111,279
502,345,112,280
507,339,111,277
507,340,111,277
507,341,111,277
507,342,111,277
507,343,111,277
507,344,111,277
507,345,111,277
507,346,111,277
507,347,111,277
507,348,111,277
507,349,111,277
507,350,111,277
507,351,111,277
507,352,111,277
507,353,111,277
512,347,106,282
509,347,107,281
506,347,108,280
503,347,109,279
500,347,110,278
497,347,111,277
494,347,112,276
491,347,113,275
488,347,114,274
485,347,115,273
482,347,116,272
479,347,117,271
476,347,118,270
473,347,119,269
470,347,120,268
466,352,116,269
461,352,115,269
456,352,114,269
451,352,113,269
446,352,112,269
441,352,111,269
436,352,110,269
431,352,109,269
426,352,108,269
421,352,107,269
416,352,106,269
411,352,105,269
406,352,104,269
401,352,103,269
396,352,102,269
391,347,107,267
388,348,106,265
385,349,105,263
382,350,104,261
379,351,103,259
376,352,102,257
373,353,101,255
370,354,100,253
367,355,99,251
364,356,98,249
361,357,97,247
358,358,96,245
355,359,95,243
352,360,94,241
349,361,93,239
352,358,92,243
348,357,94,243
344,356,96,243
340,355,98,243
336,354,100,243
332,353,102,243
328,352,104,243
324,351,106,243
320,350,108,243
316,349,110,243
312,348,112,243
308,347,114,243
304,346,116,243
300,345,118,243
296,344,120,243
288,337,115,239
292,337,116,239
296,337,117,239
300,337,118,239
304,337,119,239
308,337,120,239
312,337,121,239
316,337,122,239
320,337,123,239
324,337,124,239
328,337,125,239
332,337,126,239
336,337,127,239
340,337,128,239
344,337,129,239
350,337,131,241
355,338,133,241
360,339,135,241
365,340,137,241
370,341,139,241
375,342,141,241
380,343,143,241
385,344,145,241
390,345,147,241
395,346,149,241
400,347,151,241
405,348,153,241
410,349,155,241
415,350,157,241
420,351,159,241
428,355,156,234
437,356,156,235
446,357,156,236
455,358,156,237
464,359,156,238
473,360,156,239
482,361,156,240
491,362,156,241
500,363,156,242
509,364,156,243
518,365,156,244
527,366,156,245
536,367,156,246
545,368,156,247
554,369,156,248
559,375,163,246
563,374,159,248
567,373,155,250
571,372,151,252
575,371,147,254
579,370,143,256
583,369,139,258
587,368,135,260
591,367,131,262
595,366,127,264
599,365,123,266
603,364,119,268
607,363,115,270
611,362,111,272
615,361,107,274
617,353,109,271
