508,411,84,223
511,412,83,223
514,413,82,223
517,414,81,223
520,415,80,223
523,416,79,223
526,417,78,223
529,418,77,223
532,419,76,223
535,420,75,223
538,421,74,223
541,422,73,223
544,423,72,223
547,424,71,223
550,425,70,223
553,423,70,221
556,423,73,222
559,423,76,223
562,423,79,224
565,423,82,225
568,423,85,226
571,423,88,227
574,423,91,228
577,423,94,229
580,423,97,230
583,423,100,231
586,423,103,232
589,423,106,233
592,423,109,234
595,423,112,235
591,427,109,229
595,427,108,229
599,427,107,229
603,427,106,229
607,427,105,229
611,427,104,229
615,427,103,229
619,427,102,229
623,427,101,229
627,427,100,229
631,427,99,229
635,427,98,229
639,427,97,229
643,427,96,229
647,427,95,229
657,430,97,226
661,430,98,227
665,430,99,228
669,430,100,229
673,430,101,230
677,430,102,231
681,430,103,232
685,430,104,233
689,430,105,234
693,430,106,235
697,430,107,236
701,430,108,237
705,430,109,238
709,430,110,239
713,430,111,240
717,429,110,244
722,429,109,244
727,429,108,244
732,429,107,244
737,429,106,244
742,429,105,244
747,429,104,244
752,429,103,244
757,429,102,244
762,429,101,244
767,429,100,244
772,429,99,244
777,429,98,244
782,429,97,244
787,429,96,244
789,430,98,242
794,431,98,241
799,432,98,240
804,433,98,239
809,434,98,238
814,435,98,237
819,436,98,236
824,437,98,235
829,438,98,234
834,439,98,233
839,440,98,232
844,441,98,231
849,442,98,230
854,443,98,229
859,444,98,228
870,439,94,234
875,440,94,233
880,441,94,232
885,442,94,231
890,443,94,230
895,444,94,229
900,445,94,228
905,446,94,227
910,447,94,226
915,448,94,225
920,449,94,224
925,450,94,223
930,451,94,222
935,452,94,221
940,453,94,220
942,454,92,226
946,453,93,228
950,452,94,230
954,451,95,232
958,450,96,234
962,449,97,236
966,448,98,238
970,447,99,240
974,446,100,242
978,445,101,244
982,444,102,246
986,443,103,248
990,442,104,250
994,441,105,252
998,440,106,254
1008,441,114,253
1013,442,112,252
1018,443,110,251
1023,444,108,250
1028,445,106,249
1033,446,104,248
1038,447,102,247
1043,448,100,246
1048,449,98,245
1053,450,96,244
1058,451,94,243
1063,452,92,242
1068,453,90,241
1073,454,88,240
1078,455,86,239
1076,453,82,234
1080,453,82,235
1084,453,82,236
1088,453,82,237
1092,453,82,238
1096,453,82,239
1100,453,82,240
1104,453,82,241
1108,453,82,242
1112,453,82,243
1116,453,82,244
1120,453,82,245
1124,453,82,246
1128,453,82,247
1132,453,82,248
1136,446,87,250
1134,446,89,251
1132,446,91,252
1130,446,93,253
1128,446,95,254
1126,446,97,255
1124,446,99,256
1122,446,101,257
1120,446,103,258
1118,446,105,259
1116,446,107,260
1114,446,109,261
1112,446,111,262
1110,446,113,263
1108,446,115,264
1111,441,114,260
1109,441,112,258
1107,441,110,256
1105,441,108,254
1103,441,106,252
1101,441,104,250
1099,441,102,248
1097,441,100,246
1095,441,98,244
1093,441,96,242
1091,441,94,240
1089,441,92,238
1087,441,90,236
1085,441,88,234
1083,441,86,232
1075,442,89,231
1064,442,90,231
1053,442,91,231
1042,442,92,231
1031,442,93,231
1020,442,94,231
1009,442,95,231
998,442,96,231
987,442,97,231
976,442,98,231
965,442,99,231
954,442,100,231
943,442,101,231
932,442,102,231
921,442,103,231
916,441,111,231
902,441,116,231
888,441,121,231
874,441,126,231
860,441,131,231
846,441,136,231
832,441,141,231
818,441,146,231
804,441,151,231
790,441,156,231
776,441,161,231
762,441,166,231
748,441,171,231
734,441,176,231
720,441,181,231
704,442,186,228
711,441,180,229
718,440,174,230
725,439,168,231
732,438,162,232
739,437,156,233
746,436,150,234
753,435,144,235
760,434,138,236
767,433,132,237
774,432,126,238
781,431,120,239
788,430,114,240
795,429,108,241
802,428,102,242
805,434,96,239
804,434,97,239
803,434,98,239
802,434,99,239
801,434,100,239
800,434,101,239
799,434,102,239
798,434,103,239
797,434,104,239
796,434,105,239
795,434,106,239
794,434,107,239
793,434,108,239
792,434,109,239
791,434,110,239
791,439,110,239
790,439,108,239
789,439,106,239
788,439,104,239
787,439,102,239
786,439,100,239
785,439,98,239
784,439,96,239
783,439,94,239
782,439,92,239
781,439,90,239
780,439,88,239
779,439,86,239
778,439,84,239
777,439,82,239
778,439,85,246
773,439,85,246
768,439,85,246
763,439,85,246
758,439,85,246
753,439,85,246
748,439,85,246
743,439,85,246
738,439,85,246
733,439,85,246
728,439,85,246
723,439,85,246
718,439,85,246
713,439,85,246
708,439,85,246
710,432,80,243
705,433,80,240
700,434,80,237
695,435,80,234
690,436,80,231
685,437,80,228
680,438,80,225
675,439,80,222
670,440,80,219
665,441,80,216
660,442,80,213
655,443,80,210
650,444,80,207
645,445,80,204
640,446,80,201
636,442,87,202
633,442,90,201
630,442,93,200
627,442,96,199
624,442,99,198
621,442,102,197
618,442,105,196
615,442,108,195
612,442,111,194
609,442,114,193
606,442,117,192
603,442,120,191
600,442,123,190
597,442,126,189
594,442,129,188
595,446,135,193
603,447,135,193
611,448,135,193
619,449,135,193
627,450,135,193
635,451,135,193
643,452,135,193
651,453,135,193
659,454,135,193
667,455,135,193
675,456,135,193
683,457,135,193
691,458,135,193
699,459,135,193
707,460,135,193
711,454,140,195
721,455,141,196
731,456,142,197
741,457,143,198
751,458,144,199
761,459,145,200
771,460,146,201
781,461,147,202
791,462,148,203
801,463,149,204
811,464,150,205
821,465,151,206
831,466,152,207
841,467,153,208
851,468,154,209
868,465,159,215
869,463,157,217
870,461,155,219
871,459,153,221
872,457,151,223
873,455,149,225
874,453,147,227
875,451,145,229
876,449,143,231
877,447,141,233
878,445,139,235
879,443,137,237
880,441,135,239
881,439,133,241
882,437,131,243
879,441,123,243
