1570,383,61,164
1570,383,61,165
1570,383,61,166
1570,383,61,167
1570,383,61,168
1570,383,61,169
1570,383,61,170
1570,383,61,171
1570,383,61,172
1570,383,61,173
1570,383,61,174
1570,383,61,175
1570,383,61,176
1570,383,61,177
1570,383,61,178
1575,386,62,178
1576,386,62,178
1577,386,62,178
1578,386,62,178
1579,386,62,178
1580,386,62,178
1581,386,62,178
1582,386,62,178
1583,386,62,178
1584,386,62,178
1585,386,62,178
1586,386,62,178
1587,386,62,178
1588,386,62,178
1589,386,62,178
1584,384,58,175
1584,384,58,175
1584,384,58,175
1584,384,58,175
1584,384,58,175
1584,384,58,175
1584,384,58,175
1584,384,58,175
1584,384,58,175
1584,384,58,175
1584,384,58,175
1584,384,58,175
1584,384,58,175
1584,384,58,175
1584,384,58,175
1577,388,62,176
1577,388,62,176
1577,388,62,176
1577,388,62,176
1577,388,62,176
1577,388,62,176
1577,388,62,176
1577,388,62,176
1577,388,62,176
1577,388,62,176
1577,388,62,176
1577,388,62,176
1577,388,62,176
1577,388,62,176
1577,388,62,176
1579,394,67,173
1578,394,67,173
1577,394,67,173
1576,394,67,173
1575,394,67,173
1574,394,67,173
1573,394,67,173
1572,394,67,173
1571,394,67,173
1570,394,67,173
1569,394,67,173
1568,394,67,173
1567,394,67,173
1566,394,67,173
1565,394,67,173
1569,394,68,174
1569,394,67,174
1569,394,66,174
1569,394,65,174
1569,394,64,174
1569,394,63,174
1569,394,62,174
1569,394,61,174
1569,394,60,174
1569,394,59,174
1569,394,58,174
1569,394,57,174
1569,394,56,174
1569,394,55,174
1569,394,54,174
1567,389,54,178
1565,389,55,179
1563,389,56,180
1561,389,57,181
1559,389,58,182
1557,389,59,183
1555,389,60,184
1553,389,61,185
1551,389,62,186
1549,389,63,187
1547,389,64,188
1545,389,65,189
1543,389,66,190
1541,389,67,191
1539,389,68,192
1537,383,62,193
1533,382,63,194
1529,381,64,195
1525,380,65,196
1521,379,66,197
1517,378,67,198
1513,377,68,199
1509,376,69,200
1505,375,70,201
1501,374,71,202
1497,373,72,203
1493,372,73,204
1489,371,74,205
1485,370,75,206
1481,369,76,207
1483,372,82,206
1481,372,81,206
1479,372,80,206
1477,372,79,206
1475,372,78,206
1473,372,77,206
1471,372,76,206
1469,372,75,206
1467,372,74,206
1465,372,73,206
1463,372,72,206
1461,372,71,206
1459,372,70,206
1457,372,69,206
1455,372,68,206
1453,373,74,203
1451,373,74,204
1449,373,74,205
1447,373,74,206
1445,373,74,207
1443,373,74,208
1441,373,74,209
1439,373,74,210
1437,373,74,211
1435,373,74,212
1433,373,74,213
1431,373,74,214
1429,373,74,215
1427,373,74,216
1425,373,74,217
1417,368,75,216
1413,368,75,216
1409,368,75,216
1405,368,75,216
1401,368,75,216
1397,368,75,216
1393,368,75,216
1389,368,75,216
1385,368,75,216
1381,368,75,216
1377,368,75,216
1373,368,75,216
1369,368,75,216
1365,368,75,216
1361,368,75,216
1358,365,70,216
1353,365,72,216
1348,365,74,216
1343,365,76,216
1338,365,78,216
1333,365,80,216
1328,365,82,216
1323,365,84,216
1318,365,86,216
1313,365,88,216
1308,365,90,216
1303,365,92,216
1298,365,94,216
1293,365,96,216
1288,365,98,216
1287,368,102,216
1283,368,102,216
1279,368,102,216
1275,368,102,216
1271,368,102,216
1267,368,102,216
1263,368,102,216
1259,368,102,216
1255,368,102,216
1251,368,102,216
1247,368,102,216
1243,368,102,216
1239,368,102,216
1235,368,102,216
1231,368,102,216
1220,364,103,216
1218,363,101,216
1216,362,99,216
1214,361,97,216
1212,360,95,216
1210,359,93,216
1208,358,91,216
1206,357,89,216
1204,356,87,216
1202,355,85,216
1200,354,83,216
1198,353,81,216
1196,352,79,216
1194,351,77,216
1192,350,75,216
1185,346,69,222
1181,346,69,223
1177,346,69,224
1173,346,69,225
1169,346,69,226
1165,346,69,227
1161,346,69,228
1157,346,69,229
1153,346,69,230
1149,346,69,231
1145,346,69,232
1141,346,69,233
1137,346,69,234
1133,346,69,235
1129,346,69,236
1123,341,66,232
1119,341,66,231
1115,341,66,230
1111,341,66,229
1107,341,66,228
1103,341,66,227
1099,341,66,226
1095,341,66,225
1091,341,66,224
1087,341,66,223
1083,341,66,222
1079,341,66,221
1075,341,66,220
1071,341,66,219
1067,341,66,218
1057,335,67,220
1052,335,70,221
1047,335,73,222
1042,335,76,223
1037,335,79,224
1032,335,82,225
1027,335,85,226
1022,335,88,227
1017,335,91,228
1012,335,94,229
1007,335,97,230
1002,335,100,231
997,335,103,232
992,335,106,233
987,335,109,234
983,330,111,229
979,329,110,228
975,328,109,227
971,327,108,226
967,326,107,225
963,325,106,224
959,324,105,223
955,323,104,222
951,322,103,221
947,321,102,220
943,320,101,219
939,319,100,218
935,318,99,217
931,317,98,216
927,316,97,215
918,320,98,213
915,319,95,207
912,318,92,201
909,317,89,195
906,316,86,189
903,315,83,183
900,314,80,177
897,313,77,171
894,312,74,165
891,311,71,159
888,310,68,153
885,309,65,147
882,308,62,141
879,307,59,135
876,306,56,129
872,309,56,129
867,309,60,134
862,309,64,139
857,309,68,144
852,309,72,149
847,309,76,154
842,309,80,159
837,309,84,164
832,309,88,169
827,309,92,174
822,309,96,179
817,309,100,184
812,309,104,189
807,309,108,194
802,309,112,199
795,311,110,211
795,310,110,211
795,309,110,211
795,308,110,211
795,307,110,211
795,306,110,211
795,305,110,211
795,304,110,211
795,303,110,211
795,302,110,211
795,301,110,211
795,300,110,211
795,299,110,211
795,298,110,211
795,297,110,211
796,303,112,211
800,304,112,212
804,305,112,213
808,306,112,214
812,307,112,215
816,308,112,216
820,309,112,217
824,310,112,218
828,311,112,219
832,312,112,220
836,313,112,221
840,314,112,222
844,315,112,223
848,316,112,224
852,317,112,225
862,315,108,223
863,315,110,223
864,315,112,223
865,315,114,223
866,315,116,223
867,315,118,223
868,315,120,223
869,315,122,223
870,315,124,223
871,315,126,223
872,315,128,223
873,315,130,223
874,315,132,223
875,315,134,223
876,315,136,223
876,315,131,229
873,315,128,229
870,315,125,229
867,315,122,229
864,315,119,229
861,315,116,229
858,315,113,229
855,315,110,229
852,315,107,229
849,315,104,229
846,315,101,229
843,315,98,229
840,315,95,229
837,315,92,229
834,315,89,229
831,317,90,227
827,318,92,225
823,319,94,223
819,320,96,221
815,321,98,219
811,322,100,217
807,323,102,215
803,324,104,213
799,325,106,211
795,326,108,209
791,327,110,207
787,328,112,205
783,329,114,203
779,330,116,201
775,331,118,199
777,336,121,191
777,336,123,191
777,336,125,191
777,336,127,191
777,336,129,191
777,336,131,191
777,336,133,191
777,336,135,191
777,336,137,191
777,336,139,191
777,336,141,191
777,336,143,191
777,336,145,191
777,336,147,191
777,336,149,191
775,335,154,195
777,335,150,197
779,335,146,199
781,335,142,201
783,335,138,203
785,335,134,205
787,335,130,207
789,335,126,209
791,335,122,211
793,335,118,213
795,335,114,215
797,335,110,217
799,335,106,219
801,335,102,221
803,335,98,223
803,328,90,223
801,329,93,225
799,330,96,227
797,331,99,229
795,332,102,231
793,333,105,233
791,334,108,235
789,335,111,237
787,336,114,239
785,337,117,241
783,338,120,243
781,339,123,245
779,340,126,247
777,341,129,249
775,342,132,251
780,346,128,246
776,345,128,246
772,344,128,246
768,343,128,246
764,342,128,246
760,341,128,246
756,340,128,246
752,339,128,246
748,338,128,246
744,337,128,246
740,336,128,246
736,335,128,246
732,334,128,246
728,333,128,246
724,332,128,246
724,338,133,240
720,338,131,238
716,338,129,236
712,338,127,234
708,338,125,232
704,338,123,230
700,338,121,228
696,338,119,226
692,338,117,224
688,338,115,222
684,338,113,220
680,338,111,218
676,338,109,216
672,338,107,214
668,338,105,212
657,343,101,216
