1732,435,67,210
1732,435,67,210
1732,435,67,210
1732,435,67,210
1732,435,67,210
1732,435,67,210
1732,435,67,210
1732,435,67,210
1732,435,67,210
1732,435,67,210
1732,435,67,210
1732,435,67,210
1732,435,67,210
1732,435,67,210
1732,435,67,210
1732,437,67,205
1732,437,67,205
1732,437,67,205
1732,437,67,205
1732,437,67,205
1732,437,67,205
1732,437,67,205
1732,437,67,205
1732,437,67,205
1732,437,67,205
1732,437,67,205
1732,437,67,205
1732,437,67,205
1732,437,67,205
1732,437,67,205
1736,438,71,201
1735,439,71,201
1734,440,71,201
1733,441,71,201
1732,442,71,201
1731,443,71,201
1730,444,71,201
1729,445,71,201
1728,446,71,201
1727,447,71,201
1726,448,71,201
1725,449,71,201
1724,450,71,201
1723,451,71,201
1722,452,71,201
1720,446,78,197
1718,447,78,196
1716,448,78,195
1714,449,78,194
1712,450,78,193
1710,451,78,192
1708,452,78,191
1706,453,78,190
1704,454,78,189
1702,455,78,188
1700,456,78,187
1698,457,78,186
1696,458,78,185
1694,459,78,184
1692,460,78,183
1688,455,78,179
1684,454,80,181
1680,453,82,183
1676,452,84,185
1672,451,86,187
1668,450,88,189
1664,449,90,191
1660,448,92,193
1656,447,94,195
1652,446,96,197
1648,445,98,199
1644,444,100,201
1640,443,102,203
1636,442,104,205
1632,441,106,207
1626,446,104,209
1623,446,104,210
1620,446,104,211
1617,446,104,212
1614,446,104,213
1611,446,104,214
1608,446,104,215
1605,446,104,216
1602,446,104,217
1599,446,104,218
1596,446,104,219
1593,446,104,220
1590,446,104,221
1587,446,104,222
1584,446,104,223
1574,444,104,218
1571,444,104,218
1568,444,104,218
1565,444,104,218
1562,444,104,218
1559,444,104,218
1556,444,104,218
1553,444,104,218
1550,444,104,218
1547,444,104,218
1544,444,104,218
1541,444,104,218
1538,444,104,218
1535,444,104,218
1532,444,104,218
1522,447,99,216
1517,447,98,217
1512,447,97,218
1507,447,96,219
1502,447,95,220
1497,447,94,221
1492,447,93,222
1487,447,92,223
1482,447,91,224
1477,447,90,225
1472,447,89,226
1467,447,88,227
1462,447,87,228
1457,447,86,229
1452,447,85,230
1453,443,79,226
1447,444,80,226
1441,445,81,226
1435,446,82,226
1429,447,83,226
1423,448,84,226
1417,449,85,226
1411,450,86,226
1405,451,87,226
1399,452,88,226
1393,453,89,226
1387,454,90,226
1381,455,91,226
1375,456,92,226
1369,457,93,226
1367,452,89,223
1360,451,89,225
1353,450,89,227
1346,449,89,229
1339,448,89,231
1332,447,89,233
1325,446,89,235
1318,445,89,237
1311,444,89,239
1304,443,89,241
1297,442,89,243
1290,441,89,245
1283,440,89,247
1276,439,89,249
1269,438,89,251
1262,434,90,259
1255,434,91,258
1248,434,92,257
1241,434,93,256
1234,434,94,255
1227,434,95,254
1220,434,96,253
1213,434,97,252
1206,434,98,251
1199,434,99,250
1192,434,100,249
1185,434,101,248
1178,434,102,247
1171,434,103,246
1164,434,104,245
1159,441,110,243
1155,439,108,243
1151,437,106,243
1147,435,104,243
1143,433,102,243
1139,431,100,243
1135,429,98,243
1131,427,96,243
1127,425,94,243
1123,423,92,243
1119,421,90,243
1115,419,88,243
1111,417,86,243
1107,415,84,243
1103,413,82,243
1098,417,87,248
1091,417,89,248
1084,417,91,248
1077,417,93,248
1070,417,95,248
1063,417,97,248
1056,417,99,248
1049,417,101,248
1042,417,103,248
1035,417,105,248
1028,417,107,248
1021,417,109,248
1014,417,111,248
1007,417,113,248
1000,417,115,248
992,423,116,255
986,423,114,253
980,423,112,251
974,423,110,249
968,423,108,247
962,423,106,245
956,423,104,243
950,423,102,241
944,423,100,239
938,423,98,237
932,423,96,235
926,423,94,233
920,423,92,231
914,423,90,229
908,423,88,227
899,426,88,220
894,426,91,221
889,426,94,222
884,426,97,223
879,426,100,224
874,426,103,225
869,426,106,226
864,426,109,227
859,426,112,228
854,426,115,229
849,426,118,230
844,426,121,231
839,426,124,232
834,426,127,233
829,426,130,234
821,420,140,231
824,420,139,231
827,420,138,231
830,420,137,231
833,420,136,231
836,420,135,231
839,420,134,231
842,420,133,231
845,420,132,231
848,420,131,231
851,420,130,231
854,420,129,231
857,420,128,231
860,420,127,231
863,420,126,231
865,417,128,232
870,418,130,233
875,419,132,234
880,420,134,235
885,421,136,236
890,422,138,237
895,423,140,238
900,424,142,239
905,425,144,240
910,426,146,241
915,427,148,242
920,428,150,243
925,429,152,244
930,430,154,245
935,431,156,246
938,429,153,246
934,428,150,246
930,427,147,246
926,426,144,246
922,425,141,246
918,424,138,246
914,423,135,246
910,422,132,246
906,421,129,246
902,420,126,246
898,419,123,246
894,418,120,246
890,417,117,246
886,416,114,246
882,415,111,246
883,415,102,239
880,417,103,238
877,419,104,237
874,421,105,236
871,423,106,235
868,425,107,234
865,427,108,233
862,429,109,232
859,431,110,231
856,433,111,230
853,435,112,229
850,437,113,228
847,439,114,227
844,441,115,226
841,443,116,225
831,438,124,221
833,439,122,221
835,440,120,221
837,441,118,221
839,442,116,221
841,443,114,221
843,444,112,221
845,445,110,221
847,446,108,221
849,447,106,221
851,448,104,221
853,449,102,221
855,450,100,221
857,451,98,221
859,452,96,221
867,449,92,223
864,450,93,224
861,451,94,225
858,452,95,226
855,453,96,227
852,454,97,228
849,455,98,229
846,456,99,230
843,457,100,231
840,458,101,232
837,459,102,233
834,460,103,234
831,461,104,235
828,462,105,236
825,463,106,237
824,462,113,234
821,461,114,238
818,460,115,242
815,459,116,246
812,458,117,250
809,457,118,254
806,456,119,258
803,455,120,262
800,454,121,266
797,453,122,270
794,452,123,274
791,451,124,278
788,450,125,282
785,449,126,286
782,448,127,290
774,453,131,293
767,453,131,290
760,453,131,287
753,453,131,284
746,453,131,281
739,453,131,278
732,453,131,275
725,453,131,272
718,453,131,269
711,453,131,266
704,453,131,263
697,453,131,260
690,453,131,257
683,453,131,254
676,453,131,251
666,453,129,249
