1881,609,39,255
1880,608,40,257
1879,607,41,259
1878,606,42,261
1877,605,43,263
1876,604,44,265
1875,603,45,267
1874,602,46,269
1873,601,47,271
1872,600,48,273
1871,599,49,275
1870,598,50,277
1869,597,51,279
1868,596,52,281
1867,595,53,283
1867,589,53,279
1863,589,57,280
1859,589,61,281
1855,589,65,282
1851,589,69,283
1847,589,73,284
1843,589,77,285
1839,589,81,286
1835,589,85,287
1831,589,89,288
1827,589,93,289
1823,589,97,290
1819,589,101,291
1815,589,105,292
1811,589,109,293
1813,590,107,293
1808,590,109,293
1803,590,111,293
1798,590,113,293
1793,590,115,293
1788,590,117,293
1783,590,119,293
1778,590,121,293
1773,590,123,293
1768,590,125,293
1763,590,127,293
1758,590,129,293
1753,590,131,293
1748,590,133,293
1743,590,135,293
1736,592,140,290
1735,591,138,291
1734,590,136,292
1733,589,134,293
1732,588,132,294
1731,587,130,295
1730,586,128,296
1729,585,126,297
1728,584,124,298
1727,583,122,299
1726,582,120,300
1725,581,118,301
1724,580,116,302
1723,579,114,303
1722,578,112,304
1716,581,110,307
1712,581,110,307
1708,581,110,307
1704,581,110,307
1700,581,110,307
1696,581,110,307
1692,581,110,307
1688,581,110,307
1684,581,110,307
1680,581,110,307
1676,581,110,307
1672,581,110,307
1668,581,110,307
1664,581,110,307
1660,581,110,307
1649,574,115,309
1641,574,119,309
1633,574,123,309
1625,574,127,309
1617,574,131,309
1609,574,135,309
1601,574,139,309
1593,574,143,309
1585,574,147,309
1577,574,151,309
1569,574,155,309
1561,574,159,309
1553,574,163,309
1545,574,167,309
1537,574,171,309
1531,571,169,311
1526,570,168,312
1521,569,167,313
1516,568,166,314
1511,567,165,315
1506,566,164,316
1501,565,163,317
1496,564,162,318
1491,563,161,319
1486,562,160,320
1481,561,159,321
1476,560,158,322
1471,559,157,323
1466,558,156,324
1461,557,155,325
1450,563,155,319
1448,562,151,320
1446,561,147,321
1444,560,143,322
1442,559,139,323
1440,558,135,324
1438,557,131,325
1436,556,127,326
1434,555,123,327
1432,554,119,328
1430,553,115,329
1428,552,111,330
1426,551,107,331
1424,550,103,332
1422,549,99,333
1415,552,99,331
1407,551,102,332
1399,550,105,333
1391,549,108,334
1383,548,111,335
1375,547,114,336
1367,546,117,337
1359,545,120,338
1351,544,123,339
1343,543,126,340
1335,542,129,341
1327,541,132,342
1319,540,135,343
1311,539,138,344
1303,538,141,345
1295,535,142,339
1288,535,144,339
1281,535,146,339
1274,535,148,339
1267,535,150,339
1260,535,152,339
1253,535,154,339
1246,535,156,339
1239,535,158,339
1232,535,160,339
1225,535,162,339
1218,535,164,339
1211,535,166,339
1204,535,168,339
1197,535,170,339
1189,535,165,337
1182,534,165,337
1175,533,165,337
1168,532,165,337
1161,531,165,337
1154,530,165,337
1147,529,165,337
1140,528,165,337
1133,527,165,337
1126,526,165,337
1119,525,165,337
1112,524,165,337
1105,523,165,337
1098,522,165,337
1091,521,165,337
1090,516,160,340
1085,514,158,340
1080,512,156,340
1075,510,154,340
1070,508,152,340
1065,506,150,340
1060,504,148,340
1055,502,146,340
1050,500,144,340
1045,498,142,340
1040,496,140,340
1035,494,138,340
1030,492,136,340
1025,490,134,340
1020,488,132,340
1018,492,125,334
1013,491,124,333
1008,490,123,332
1003,489,122,331
998,488,121,330
993,487,120,329
988,486,119,328
983,485,118,327
978,484,117,326
973,483,116,325
968,482,115,324
963,481,114,323
958,480,113,322
953,479,112,321
948,478,111,320
941,479,115,317
936,478,115,316
931,477,115,315
926,476,115,314
921,475,115,313
916,474,115,312
911,473,115,311
906,472,115,310
901,471,115,309
896,470,115,308
891,469,115,307
886,468,115,306
881,467,115,305
876,466,115,304
871,465,115,303
864,466,121,300
857,466,122,301
850,466,123,302
843,466,124,303
836,466,125,304
829,466,126,305
822,466,127,306
815,466,128,307
808,466,129,308
801,466,130,309
794,466,131,310
787,466,132,311
780,466,133,312
773,466,134,313
766,466,135,314
759,460,135,311
753,459,137,312
747,458,139,313
741,457,141,314
735,456,143,315
729,455,145,316
723,454,147,317
717,453,149,318
711,452,151,319
705,451,153,320
699,450,155,321
693,449,157,322
687,448,159,323
681,447,161,324
675,446,163,325
674,446,170,328
677,447,170,326
680,448,170,324
683,449,170,322
686,450,170,320
689,451,170,318
692,452,170,316
695,453,170,314
698,454,170,312
701,455,170,310
704,456,170,308
707,457,170,306
710,458,170,304
713,459,170,302
716,460,170,300
723,462,163,302
730,464,165,303
737,466,167,304
744,468,169,305
751,470,171,306
758,472,173,307
765,474,175,308
772,476,177,309
779,478,179,310
786,480,181,311
793,482,183,312
800,484,185,313
807,486,187,314
814,488,189,315
821,490,191,316
825,493,193,324
822,492,193,324
819,491,193,324
816,490,193,324
813,489,193,324
810,488,193,324
807,487,193,324
804,486,193,324
801,485,193,324
798,484,193,324
795,483,193,324
792,482,193,324
789,481,193,324
786,480,193,324
783,479,193,324
779,476,188,331
773,476,190,330
767,476,192,329
761,476,194,328
755,476,196,327
749,476,198,326
743,476,200,325
737,476,202,324
731,476,204,323
725,476,206,322
719,476,208,321
713,476,210,320
707,476,212,319
701,476,214,318
695,476,216,317
682,476,223,311
680,477,221,310
678,478,219,309
676,479,217,308
674,480,215,307
672,481,213,306
670,482,211,305
668,483,209,304
666,484,207,303
664,485,205,302
662,486,203,301
660,487,201,300
658,488,199,299
656,489,197,298
654,490,195,297
657,485,194,295
659,486,194,295
661,487,194,295
663,488,194,295
665,489,194,295
667,490,194,295
669,491,194,295
671,492,194,295
673,493,194,295
675,494,194,295
677,495,194,295
679,496,194,295
681,497,194,295
683,498,194,295
685,499,194,295
694,500,196,288
695,499,191,292
696,498,186,296
697,497,181,300
698,496,176,304
699,495,171,308
700,494,166,312
701,493,161,316
702,492,156,320
703,491,151,324
704,490,146,328
705,489,141,332
706,488,136,336
707,487,131,340
708,486,126,344
713,482,117,347
711,486,119,346
709,490,121,345
707,494,123,344
705,498,125,343
703,502,127,342
701,506,129,341
699,510,131,340
697,514,133,339
695,518,135,338
693,522,137,337
691,526,139,336
689,530,141,335
687,534,143,334
685,538,145,333
680,543,152,325
673,541,154,326
666,539,156,327
659,537,158,328
652,535,160,329
645,533,162,330
638,531,164,331
631,529,166,332
624,527,168,333
617,525,170,334
610,523,172,335
603,521,174,336
596,519,176,337
589,517,178,338
582,515,180,339
578,506,180,338
571,505,178,337
564,504,176,336
557,503,174,335
550,502,172,334
543,501,170,333
536,500,168,332
529,499,166,331
522,498,164,330
515,497,162,329
508,496,160,328
501,495,158,327
494,494,156,326
487,493,154,325
480,492,152,324
477,485,144,325
476,483,143,329
475,481,142,333
474,479,141,337
473,477,140,341
472,475,139,345
471,473,138,349
470,471,137,353
469,469,136,357
468,467,135,361
467,465,134,365
466,463,133,369
465,461,132,373
464,459,131,377
463,457,130,381
465,460,123,387
467,461,125,386
469,462,127,385
471,463,129,384
473,464,131,383
475,465,133,382
477,466,135,381
479,467,137,380
481,468,139,379
483,469,141,378
485,470,143,377
487,471,145,376
489,472,147,375
491,473,149,374
493,474,151,373
502,474,152,370
505,474,151,370
508,474,150,370
511,474,149,370
514,474,148,370
517,474,147,370
520,474,146,370
523,474,145,370
526,474,144,370
529,474,143,370
532,474,142,370
535,474,141,370
538,474,140,370
541,474,139,370
544,474,138,370
547,474,138,373
551,475,137,374
555,476,136,375
559,477,135,376
563,478,134,377
567,479,133,378
571,480,132,379
575,481,131,380
579,482,130,381
583,483,129,382
587,484,128,383
591,485,127,384
595,486,126,385
599,487,125,386
603,488,124,387
610,495,121,393
