1193,404,105,241
1192,404,103,241
1191,404,101,241
1190,404,99,241
1189,404,97,241
1188,404,95,241
1187,404,93,241
1186,404,91,241
1185,404,89,241
1184,404,87,241
1183,404,85,241
1182,404,83,241
1181,404,81,241
1180,404,79,241
1179,404,77,241
1177,408,73,246
1172,408,76,246
1167,408,79,246
1162,408,82,246
1157,408,85,246
1152,408,88,246
1147,408,91,246
1142,408,94,246
1137,408,97,246
1132,408,100,246
1127,408,103,246
1122,408,106,246
1117,408,109,246
1112,408,112,246
1107,408,115,246
1099,403,117,252
1096,403,116,252
1093,403,115,252
1090,403,114,252
1087,403,113,252
1084,403,112,252
1081,403,111,252
1078,403,110,252
1075,403,109,252
1072,403,108,252
1069,403,107,252
1066,403,106,252
1063,403,105,252
1060,403,104,252
1057,403,103,252
1052,399,98,255
1048,399,99,254
1044,399,100,253
1040,399,101,252
1036,399,102,251
1032,399,103,250
1028,399,104,249
1024,399,105,248
1020,399,106,247
1016,399,107,246
1012,399,108,245
1008,399,109,244
1004,399,110,243
1000,399,111,242
996,399,112,241
999,406,120,243
995,406,119,244
991,406,118,245
987,406,117,246
983,406,116,247
979,406,115,248
975,406,114,249
971,406,113,250
967,406,112,251
963,406,111,252
959,406,110,253
955,406,109,254
951,406,108,255
947,406,107,256
943,406,106,257
936,399,110,256
935,399,108,256
934,399,106,256
933,399,104,256
932,399,102,256
931,399,100,256
930,399,98,256
929,399,96,256
928,399,94,256
927,399,92,256
926,399,90,256
925,399,88,256
924,399,86,256
923,399,84,256
922,399,82,256
917,399,76,255
912,399,79,255
907,399,82,255
902,399,85,255
897,399,88,255
892,399,91,255
887,399,94,255
882,399,97,255
877,399,100,255
872,399,103,255
867,399,106,255
862,399,109,255
857,399,112,255
852,399,115,255
847,399,118,255
838,399,123,251
835,399,121,251
832,399,119,251
829,399,117,251
826,399,115,251
823,399,113,251
820,399,111,251
817,399,109,251
814,399,107,251
811,399,105,251
808,399,103,251
805,399,101,251
802,399,99,251
799,399,97,251
796,399,95,251
797,401,92,251
795,401,93,252
793,401,94,253
791,401,95,254
789,401,96,255
787,401,97,256
785,401,98,257
783,401,99,258
781,401,100,259
779,401,101,260
777,401,102,261
775,401,103,262
773,401,104,263
771,401,105,264
769,401,106,265
761,394,105,260
755,394,107,259
749,394,109,258
743,394,111,257
737,394,113,256
731,394,115,255
725,394,117,254
719,394,119,253
713,394,121,252
707,394,123,251
701,394,125,250
695,394,127,249
689,394,129,248
683,394,131,247
677,394,133,246
674,401,133,249
673,401,129,249
672,401,125,249
671,401,121,249
670,401,117,249
669,401,113,249
668,401,109,249
667,401,105,249
666,401,101,249
665,401,97,249
664,401,93,249
663,401,89,249
662,401,85,249
661,401,81,249
660,401,77,249
654,394,73,255
650,394,75,255
646,394,77,255
642,394,79,255
638,394,81,255
634,394,83,255
630,394,85,255
626,394,87,255
622,394,89,255
618,394,91,255
614,394,93,255
610,394,95,255
606,394,97,255
602,394,99,255
598,394,101,255
601,394,103,250
597,394,103,249
593,394,103,248
589,394,103,247
585,394,103,246
581,394,103,245
577,394,103,244
573,394,103,243
569,394,103,242
565,394,103,241
561,394,103,240
557,394,103,239
553,394,103,238
549,394,103,237
545,394,103,236
540,398,101,228
537,397,101,229
534,396,101,230
531,395,101,231
528,394,101,232
525,393,101,233
522,392,101,234
519,391,101,235
516,390,101,236
513,389,101,237
510,388,101,238
507,387,101,239
504,386,101,240
501,385,101,241
498,384,101,242
494,386,94,246
490,386,94,245
486,386,94,244
482,386,94,243
478,386,94,242
474,386,94,241
470,386,94,240
466,386,94,239
462,386,94,238
458,386,94,237
454,386,94,236
450,386,94,235
446,386,94,234
442,386,94,233
438,386,94,232
440,387,101,238
437,386,101,239
434,385,101,240
431,384,101,241
428,383,101,242
425,382,101,243
422,381,101,244
419,380,101,245
416,379,101,246
413,378,101,247
410,377,101,248
407,376,101,249
404,375,101,250
401,374,101,251
398,373,101,252
390,367,108,249
388,367,107,248
386,367,106,247
384,367,105,246
382,367,104,245
380,367,103,244
378,367,102,243
376,367,101,242
374,367,100,241
372,367,99,240
370,367,98,239
368,367,97,238
366,367,96,237
364,367,95,236
362,367,94,235
364,374,95,232
356,375,96,230
348,376,97,228
340,377,98,226
332,378,99,224
324,379,100,222
316,380,101,220
308,381,102,218
300,382,103,216
292,383,104,214
284,384,105,212
276,385,106,210
268,386,107,208
260,387,108,206
252,388,109,204
240,392,112,202
232,393,111,201
224,394,110,200
216,395,109,199
208,396,108,198
200,397,107,197
192,398,106,196
184,399,105,195
176,400,104,194
168,401,103,193
160,402,102,192
152,403,101,191
144,404,100,190
136,405,99,189
128,406,98,188
124,404,92,188
125,402,91,189
126,400,90,190
127,398,89,191
128,396,88,192
129,394,87,193
130,392,86,194
131,390,85,195
132,388,84,196
133,386,83,197
134,384,82,198
135,382,81,199
136,380,80,200
137,378,79,201
138,376,78,202
137,370,70,205
141,370,71,205
145,370,72,205
149,370,73,205
153,370,74,205
157,370,75,205
161,370,76,205
165,370,77,205
169,370,78,205
173,370,79,205
177,370,80,205
181,370,81,205
185,370,82,205
189,370,83,205
193,370,84,205
203,364,90,211
210,365,92,211
217,366,94,211
224,367,96,211
231,368,98,211
238,369,100,211
245,370,102,211
252,371,104,211
259,372,106,211
266,373,108,211
273,374,110,211
280,375,112,211
287,376,114,211
294,377,116,211
301,378,118,211
312,382,115,212
315,382,115,212
318,382,115,212
321,382,115,212
324,382,115,212
327,382,115,212
330,382,115,212
333,382,115,212
336,382,115,212
339,382,115,212
342,382,115,212
345,382,115,212
348,382,115,212
351,382,115,212
354,382,115,212
358,384,117,214
354,385,115,214
350,386,113,214
346,387,111,214
342,388,109,214
338,389,107,214
334,390,105,214
330,391,103,214
326,392,101,214
322,393,99,214
318,394,97,214
314,395,95,214
310,396,93,214
306,397,91,214
302,398,89,214
294,403,90,218
292,401,91,216
290,399,92,214
288,397,93,212
286,395,94,210
284,393,95,208
282,391,96,206
280,389,97,204
278,387,98,202
276,385,99,200
274,383,100,198
272,381,101,196
270,379,102,194
268,377,103,192
266,375,104,190
267,379,106,193
269,379,107,193
271,379,108,193
273,379,109,193
275,379,110,193
277,379,111,193
279,379,112,193
281,379,113,193
283,379,114,193
285,379,115,193
287,379,116,193
289,379,117,193
291,379,118,193
293,379,119,193
295,379,120,193
303,372,115,188
297,372,116,189
291,372,117,190
285,372,118,191
279,372,119,192
273,372,120,193
267,372,121,194
261,372,122,195
255,372,123,196
249,372,124,197
243,372,125,198
237,372,126,199
231,372,127,200
225,372,128,201
219,372,129,202
217,369,126,196
215,370,124,198
213,371,122,200
211,372,120,202
209,373,118,204
207,374,116,206
205,375,114,208
203,376,112,210
201,377,110,212
199,378,108,214
197,379,106,216
195,380,104,218
193,381,102,220
191,382,100,222
189,383,98,224
187,377,92,219
188,377,92,218
189,377,92,217
190,377,92,216
191,377,92,215
192,377,92,214
193,377,92,213
194,377,92,212
195,377,92,211
196,377,92,210
197,377,92,209
198,377,92,208
199,377,92,207
200,377,92,206
201,377,92,205
208,377,87,200
207,379,87,200
206,381,87,200
205,383,87,200
204,385,87,200
203,387,87,200
202,389,87,200
201,391,87,200
200,393,87,200
199,395,87,200
198,397,87,200
197,399,87,200
196,401,87,200
195,403,87,200
194,405,87,200
198,401,88,197
