1507,634,124,296
1503,634,125,296
1499,634,126,296
1495,634,127,296
1491,634,128,296
1487,634,129,296
1483,634,130,296
1479,634,131,296
1475,634,132,296
1471,634,133,296
1467,634,134,296
1463,634,135,296
1459,634,136,296
1455,634,137,296
1451,634,138,296
1447,630,134,302
1441,630,136,302
1435,630,138,302
1429,630,140,302
1423,630,142,302
1417,630,144,302
1411,630,146,302
1405,630,148,302
1399,630,150,302
1393,630,152,302
1387,630,154,302
1381,630,156,302
1375,630,158,302
1369,630,160,302
1363,630,162,302
1362,635,161,297
1361,634,157,298
1360,633,153,299
1359,632,149,300
1358,631,145,301
1357,630,141,302
1356,629,137,303
1355,628,133,304
1354,627,129,305
1353,626,125,306
1352,625,121,307
1351,624,117,308
1350,623,113,309
1349,622,109,310
1348,621,105,311
1347,619,104,311
1340,619,108,310
1333,619,112,309
1326,619,116,308
1319,619,120,307
1312,619,124,306
1305,619,128,305
1298,619,132,304
1291,619,136,303
1284,619,140,302
1277,619,144,301
1270,619,148,300
1263,619,152,299
1256,619,156,298
1249,619,160,297
1240,624,168,301
1237,623,166,302
1234,622,164,303
1231,621,162,304
1228,620,160,305
1225,619,158,306
1222,618,156,307
1219,617,154,308
1216,616,152,309
1213,615,150,310
1210,614,148,311
1207,613,146,312
1204,612,144,313
1201,611,142,314
1198,610,140,315
1188,609,138,313
1186,608,137,314
1184,607,136,315
1182,606,135,316
1180,605,134,317
1178,604,133,318
1176,603,132,319
1174,602,131,320
1172,601,130,321
1170,600,129,322
1168,599,128,323
1166,598,127,324
1164,597,126,325
1162,596,125,326
1160,595,124,327
1158,597,119,325
1150,597,122,324
1142,597,125,323
1134,597,128,322
1126,597,131,321
1118,597,134,320
1110,597,137,319
1102,597,140,318
1094,597,143,317
1086,597,146,316
1078,597,149,315
1070,597,152,314
1062,597,155,313
1054,597,158,312
1046,597,161,311
1037,594,165,315
1036,594,162,315
1035,594,159,315
1034,594,156,315
1033,594,153,315
1032,594,150,315
1031,594,147,315
1030,594,144,315
1029,594,141,315
1028,594,138,315
1027,594,135,315
1026,594,132,315
1025,594,129,315
1024,594,126,315
1023,594,123,315
1022,591,114,313
1017,591,116,313
1012,591,118,313
1007,591,120,313
1002,591,122,313
997,591,124,313
992,591,126,313
987,591,128,313
982,591,130,313
977,591,132,313
972,591,134,313
967,591,136,313
962,591,138,313
957,591,140,313
952,591,142,313
945,591,148,316
942,590,145,316
939,589,142,316
936,588,139,316
933,587,136,316
930,586,133,316
927,585,130,316
924,584,127,316
921,583,124,316
918,582,121,316
915,581,118,316
912,580,115,316
909,579,112,316
906,578,109,316
903,577,106,316
904,581,99,313
899,580,102,313
894,579,105,313
889,578,108,313
884,577,111,313
879,576,114,313
874,575,117,313
869,574,120,313
864,573,123,313
859,572,126,313
854,571,129,313
849,570,132,313
844,569,135,313
839,568,138,313
834,567,141,313
823,571,144,312
819,570,142,313
815,569,140,314
811,568,138,315
807,567,136,316
803,566,134,317
799,565,132,318
795,564,130,319
791,563,128,320
787,562,126,321
783,561,124,322
779,560,122,323
775,559,120,324
771,558,118,325
767,557,116,326
763,561,114,322
759,560,115,321
755,559,116,320
751,558,117,319
747,557,118,318
743,556,119,317
739,555,120,316
735,554,121,315
731,553,122,314
727,552,123,313
723,551,124,312
719,550,125,311
715,549,126,310
711,548,127,309
707,547,128,308
707,550,132,311
703,550,132,309
699,550,132,307
695,550,132,305
691,550,132,303
687,550,132,301
683,550,132,299
679,550,132,297
675,550,132,295
671,550,132,293
667,550,132,291
663,550,132,289
659,550,132,287
655,550,132,285
651,550,132,283
641,550,137,288
635,549,137,289
629,548,137,290
623,547,137,291
617,546,137,292
611,545,137,293
605,544,137,294
599,543,137,295
593,542,137,296
587,541,137,297
581,540,137,298
575,539,137,299
569,538,137,300
563,537,137,301
557,536,137,302
549,533,137,309
545,532,136,309
541,531,135,309
537,530,134,309
533,529,133,309
529,528,132,309
525,527,131,309
521,526,130,309
517,525,129,309
513,524,128,309
509,523,127,309
505,522,126,309
501,521,125,309
497,520,124,309
493,519,123,309
489,515,127,304
487,515,128,304
485,515,129,304
483,515,130,304
481,515,131,304
479,515,132,304
477,515,133,304
475,515,134,304
473,515,135,304
471,515,136,304
469,515,137,304
467,515,138,304
465,515,139,304
463,515,140,304
461,515,141,304
456,512,143,298
449,512,143,296
442,512,143,294
435,512,143,292
428,512,143,290
421,512,143,288
414,512,143,286
407,512,143,284
400,512,143,282
393,512,143,280
386,512,143,278
379,512,143,276
372,512,143,274
365,512,143,272
358,512,143,270
354,517,136,262
339,518,137,259
324,519,138,256
309,520,139,253
294,521,140,250
279,522,141,247
264,523,142,244
249,524,143,241
234,525,144,238
219,526,145,235
204,527,146,232
189,528,147,229
174,529,148,226
159,530,149,223
144,531,150,220
127,528,144,220
128,524,141,222
129,520,138,224
130,516,135,226
131,512,132,228
132,508,129,230
133,504,126,232
134,500,123,234
135,496,120,236
136,492,117,238
137,488,114,240
138,484,111,242
139,480,108,244
140,476,105,246
141,472,102,248
135,469,100,256
139,469,100,258
143,469,100,260
147,469,100,262
151,469,100,264
155,469,100,266
159,469,100,268
163,469,100,270
167,469,100,272
171,469,100,274
175,469,100,276
179,469,100,278
183,469,100,280
187,469,100,282
191,469,100,284
189,464,95,281
199,466,95,281
209,468,95,281
219,470,95,281
229,472,95,281
239,474,95,281
249,476,95,281
259,478,95,281
269,480,95,281
279,482,95,281
289,484,95,281
299,486,95,281
309,488,95,281
319,490,95,281
329,492,95,281
343,489,93,282
350,492,98,281
357,495,103,280
364,498,108,279
371,501,113,278
378,504,118,277
385,507,123,276
392,510,128,275
399,513,133,274
406,516,138,273
413,519,143,272
420,522,148,271
427,525,153,270
434,528,158,269
441,531,163,268
442,532,161,267
438,532,159,268
434,532,157,269
430,532,155,270
426,532,153,271
422,532,151,272
418,532,149,273
414,532,147,274
410,532,145,275
406,532,143,276
402,532,141,277
398,532,139,278
394,532,137,279
390,532,135,280
386,532,133,281
380,527,133,287
375,524,133,287
370,521,133,287
365,518,133,287
360,515,133,287
355,512,133,287
350,509,133,287
345,506,133,287
340,503,133,287
335,500,133,287
330,497,133,287
325,494,133,287
320,491,133,287
315,488,133,287
310,485,133,287
307,481,133,282
311,482,133,279
315,483,133,276
319,484,133,273
323,485,133,270
327,486,133,267
331,487,133,264
335,488,133,261
339,489,133,258
343,490,133,255
347,491,133,252
351,492,133,249
355,493,133,246
359,494,133,243
363,495,133,240
362,494,128,231
355,493,130,232
348,492,132,233
341,491,134,234
334,490,136,235
327,489,138,236
320,488,140,237
313,487,142,238
306,486,144,239
299,485,146,240
292,484,148,241
285,483,150,242
278,482,152,243
271,481,154,244
264,480,156,245
262,478,161,242
258,479,160,244
254,480,159,246
250,481,158,248
246,482,157,250
242,483,156,252
238,484,155,254
234,485,154,256
230,486,153,258
226,487,152,260
222,488,151,262
218,489,150,264
214,490,149,266
210,491,148,268
206,492,147,270
202,487,140,272
204,486,137,273
206,485,134,274
208,484,131,275
210,483,128,276
212,482,125,277
214,481,122,278
216,480,119,279
218,479,116,280
220,478,113,281
222,477,110,282
224,476,107,283
226,475,104,284
228,474,101,285
230,473,98,286
230,473,99,283
230,476,99,281
230,479,99,279
230,482,99,277
230,485,99,275
230,488,99,273
230,491,99,271
230,494,99,269
230,497,99,267
230,500,99,265
230,503,99,263
230,506,99,261
230,509,99,259
230,512,99,257
230,515,99,255
236,514,102,254
