1394,461,91,198
1392,461,90,199
1390,461,89,200
1388,461,88,201
1386,461,87,202
1384,461,86,203
1382,461,85,204
1380,461,84,205
1378,461,83,206
1376,461,82,207
1374,461,81,208
1372,461,80,209
1370,461,79,210
1368,461,78,211
1366,461,77,212
1368,456,77,209
1365,456,78,209
1362,456,79,209
1359,456,80,209
1356,456,81,209
1353,456,82,209
1350,456,83,209
1347,456,84,209
1344,456,85,209
1341,456,86,209
1338,456,87,209
1335,456,88,209
1332,456,89,209
1329,456,90,209
1326,456,91,209
1324,460,92,209
1320,460,93,209
1316,460,94,209
1312,460,95,209
1308,460,96,209
1304,460,97,209
1300,460,98,209
1296,460,99,209
1292,460,100,209
1288,460,101,209
1284,460,102,209
1280,460,103,209
1276,460,104,209
1272,460,105,209
1268,460,106,209
1264,460,109,207
1263,460,106,207
1262,460,103,207
1261,460,100,207
1260,460,97,207
1259,460,94,207
1258,460,91,207
1257,460,88,207
1256,460,85,207
1255,460,82,207
1254,460,79,207
1253,460,76,207
1252,460,73,207
1251,460,70,207
1250,460,67,207
1254,453,66,214
1249,453,69,214
1244,453,72,214
1239,453,75,214
1234,453,78,214
1229,453,81,214
1224,453,84,214
1219,453,87,214
1214,453,90,214
1209,453,93,214
1204,453,96,214
1199,453,99,214
1194,453,102,214
1189,453,105,214
1184,453,108,214
1182,455,111,214
1179,455,110,214
1176,455,109,214
1173,455,108,214
1170,455,107,214
1167,455,106,214
1164,455,105,214
1161,455,104,214
1158,455,103,214
1155,455,102,214
1152,455,101,214
1149,455,100,214
1146,455,99,214
1143,455,98,214
1140,455,97,214
1137,455,94,216
1135,454,93,217
1133,453,92,218
1131,452,91,219
1129,451,90,220
1127,450,89,221
1125,449,88,222
1123,448,87,223
1121,447,86,224
1119,446,85,225
1117,445,84,226
1115,444,83,227
1113,443,82,228
1111,442,81,229
1109,441,80,230
1114,446,77,225
1109,446,79,224
1104,446,81,223
1099,446,83,222
1094,446,85,221
1089,446,87,220
1084,446,89,219
1079,446,91,218
1074,446,93,217
1069,446,95,216
1064,446,97,215
1059,446,99,214
1054,446,101,213
1049,446,103,212
1044,446,105,211
1046,450,105,215
1043,450,103,216
1040,450,101,217
1037,450,99,218
1034,450,97,219
1031,450,95,220
1028,450,93,221
1025,450,91,222
1022,450,89,223
1019,450,87,224
1016,450,85,225
1013,450,83,226
1010,450,81,227
1007,450,79,228
1004,450,77,229
1006,446,82,223
1004,446,83,223
1002,446,84,223
1000,446,85,223
998,446,86,223
996,446,87,223
994,446,88,223
992,446,89,223
990,446,90,223
988,446,91,223
986,446,92,223
984,446,93,223
982,446,94,223
980,446,95,223
978,446,96,223
976,446,97,221
971,446,98,221
966,446,99,221
961,446,100,221
956,446,101,221
951,446,102,221
946,446,103,221
941,446,104,221
936,446,105,221
931,446,106,221
926,446,107,221
921,446,108,221
916,446,109,221
911,446,110,221
906,446,111,221
905,451,117,221
902,451,114,221
899,451,111,221
896,451,108,221
893,451,105,221
890,451,102,221
887,451,99,221
884,451,96,221
881,451,93,221
878,451,90,221
875,451,87,221
872,451,84,221
869,451,81,221
866,451,78,221
863,451,75,221
864,448,77,214
862,448,76,215
860,448,75,216
858,448,74,217
856,448,73,218
854,448,72,219
852,448,71,220
850,448,70,221
848,448,69,222
846,448,68,223
844,448,67,224
842,448,66,225
840,448,65,226
838,448,64,227
836,448,63,228
835,441,68,226
830,441,69,225
825,441,70,224
820,441,71,223
815,441,72,222
810,441,73,221
805,441,74,220
800,441,75,219
795,441,76,218
790,441,77,217
785,441,78,216
780,441,79,215
775,441,80,214
770,441,81,213
765,441,82,212
761,446,87,206
758,445,87,207
755,444,87,208
752,443,87,209
749,442,87,210
746,441,87,211
743,440,87,212
740,439,87,213
737,438,87,214
734,437,87,215
731,436,87,216
728,435,87,217
725,434,87,218
722,433,87,219
719,432,87,220
716,436,90,216
714,435,89,216
712,434,88,216
710,433,87,216
708,432,86,216
706,431,85,216
704,430,84,216
702,429,83,216
700,428,82,216
698,427,81,216
696,426,80,216
694,425,79,216
692,424,78,216
690,423,77,216
688,422,76,216
680,428,71,212
678,428,73,212
676,428,75,212
674,428,77,212
672,428,79,212
670,428,81,212
668,428,83,212
666,428,85,212
664,428,87,212
662,428,89,212
660,428,91,212
658,428,93,212
656,428,95,212
654,428,97,212
652,428,99,212
644,428,94,210
638,429,96,208
632,430,98,206
626,431,100,204
620,432,102,202
614,433,104,200
608,434,106,198
602,435,108,196
596,436,110,194
590,437,112,192
584,438,114,190
578,439,116,188
572,440,118,186
566,441,120,184
560,442,122,182
559,438,130,185
548,440,128,183
537,442,126,181
526,444,124,179
515,446,122,177
504,448,120,175
493,450,118,173
482,452,116,171
471,454,114,169
460,456,112,167
449,458,110,165
438,460,108,163
427,462,106,161
416,464,104,159
405,466,102,157
399,463,96,158
399,460,94,160
399,457,92,162
399,454,90,164
399,451,88,166
399,448,86,168
399,445,84,170
399,442,82,172
399,439,80,174
399,436,78,176
399,433,76,178
399,430,74,180
399,427,72,182
399,424,70,184
399,421,68,186
401,424,62,181
405,423,61,182
409,422,60,183
413,421,59,184
417,420,58,185
421,419,57,186
425,418,56,187
429,417,55,188
433,416,54,189
437,415,53,190
441,414,52,191
445,413,51,192
449,412,50,193
453,411,49,194
457,410,48,195
468,412,52,193
474,413,55,193
480,414,58,193
486,415,61,193
492,416,64,193
498,417,67,193
504,418,70,193
510,419,73,193
516,420,76,193
522,421,79,193
528,422,82,193
534,423,85,193
540,424,88,193
546,425,91,193
552,426,94,193
561,429,92,187
565,430,93,187
569,431,94,187
573,432,95,187
577,433,96,187
581,434,97,187
585,435,98,187
589,436,99,187
593,437,100,187
597,438,101,187
601,439,102,187
605,440,103,187
609,441,104,187
613,442,105,187
617,443,106,187
614,441,101,182
611,441,99,183
608,441,97,184
605,441,95,185
602,441,93,186
599,441,91,187
596,441,89,188
593,441,87,189
590,441,85,190
587,441,83,191
584,441,81,192
581,441,79,193
578,441,77,194
575,441,75,195
572,441,73,196
564,448,77,199
561,447,79,198
558,446,81,197
555,445,83,196
552,444,85,195
549,443,87,194
546,442,89,193
543,441,91,192
540,440,93,191
537,439,95,190
534,438,97,189
531,437,99,188
528,436,101,187
525,435,103,186
522,434,105,185
517,431,101,184
520,431,101,182
523,431,101,180
526,431,101,178
529,431,101,176
532,431,101,174
535,431,101,172
538,431,101,170
541,431,101,168
544,431,101,166
547,431,101,164
550,431,101,162
553,431,101,160
556,431,101,158
559,431,101,156
555,428,96,158
550,428,99,159
545,428,102,160
540,428,105,161
535,428,108,162
530,428,111,163
525,428,114,164
520,428,117,165
515,428,120,166
510,428,123,167
505,428,126,168
500,428,129,169
495,428,132,170
490,428,135,171
485,428,138,172
475,424,134,167
474,424,130,169
473,424,126,171
472,424,122,173
471,424,118,175
470,424,114,177
469,424,110,179
468,424,106,181
467,424,102,183
466,424,98,185
465,424,94,187
464,424,90,189
463,424,86,191
462,424,82,193
461,424,78,195
458,429,79,194
