1478,456,91,218
1475,456,90,218
1472,456,89,218
1469,456,88,218
1466,456,87,218
1463,456,86,218
1460,456,85,218
1457,456,84,218
1454,456,83,218
1451,456,82,218
1448,456,81,218
1445,456,80,218
1442,456,79,218
1439,456,78,218
1436,456,77,218
1437,453,83,224
1435,453,82,224
1433,453,81,224
1431,453,80,224
1429,453,79,224
1427,453,78,224
1425,453,77,224
1423,453,76,224
1421,453,75,224
1419,453,74,224
1417,453,73,224
1415,453,72,224
1413,453,71,224
1411,453,70,224
1409,453,69,224
1406,456,69,228
1401,456,71,228
1396,456,73,228
1391,456,75,228
1386,456,77,228
1381,456,79,228
1376,456,81,228
1371,456,83,228
1366,456,85,228
1361,456,87,228
1356,456,89,228
1351,456,91,228
1346,456,93,228
1341,456,95,228
1336,456,97,228
1334,453,94,233
1329,453,96,232
1324,453,98,231
1319,453,100,230
1314,453,102,229
1309,453,104,228
1304,453,106,227
1299,453,108,226
1294,453,110,225
1289,453,112,224
1284,453,114,223
1279,453,116,222
1274,453,118,221
1269,453,120,220
1264,453,122,219
1252,460,118,222
1248,459,117,223
1244,458,116,224
1240,457,115,225
1236,456,114,226
1232,455,113,227
1228,454,112,228
1224,453,111,229
1220,452,110,230
1216,451,109,231
1212,450,108,232
1208,449,107,233
1204,448,106,234
1200,447,105,235
1196,446,104,236
1196,449,98,237
1193,449,96,237
1190,449,94,237
1187,449,92,237
1184,449,90,237
1181,449,88,237
1178,449,86,237
1175,449,84,237
1172,449,82,237
1169,449,80,237
1166,449,78,237
1163,449,76,237
1160,449,74,237
1157,449,72,237
1154,449,70,237
1158,446,69,238
1154,447,71,237
1150,448,73,236
1146,449,75,235
1142,450,77,234
1138,451,79,233
1134,452,81,232
1130,453,83,231
1126,454,85,230
1122,455,87,229
1118,456,89,228
1114,457,91,227
1110,458,93,226
1106,459,95,225
1102,460,97,224
1091,456,105,228
1087,456,105,228
1083,456,105,228
1079,456,105,228
1075,456,105,228
1071,456,105,228
1067,456,105,228
1063,456,105,228
1059,456,105,228
1055,456,105,228
1051,456,105,228
1047,456,105,228
1043,456,105,228
1039,456,105,228
1035,456,105,228
1031,453,104,231
1026,453,104,231
1021,453,104,231
1016,453,104,231
1011,453,104,231
1006,453,104,231
1001,453,104,231
996,453,104,231
991,453,104,231
986,453,104,231
981,453,104,231
976,453,104,231
971,453,104,231
966,453,104,231
961,453,104,231
957,451,110,231
953,451,108,230
949,451,106,229
945,451,104,228
941,451,102,227
937,451,100,226
933,451,98,225
929,451,96,224
925,451,94,223
921,451,92,222
917,451,90,221
913,451,88,220
909,451,86,219
905,451,84,218
901,451,82,217
900,451,86,223
897,451,85,223
894,451,84,223
891,451,83,223
888,451,82,223
885,451,81,223
882,451,80,223
879,451,79,223
876,451,78,223
873,451,77,223
870,451,76,223
867,451,75,223
864,451,74,223
861,451,73,223
858,451,72,223
850,449,76,230
845,448,76,230
840,447,76,230
835,446,76,230
830,445,76,230
825,444,76,230
820,443,76,230
815,442,76,230
810,441,76,230
805,440,76,230
800,439,76,230
795,438,76,230
790,437,76,230
785,436,76,230
780,435,76,230
780,434,79,227
777,434,78,225
774,434,77,223
771,434,76,221
768,434,75,219
765,434,74,217
762,434,73,215
759,434,72,213
756,434,71,211
753,434,70,209
750,434,69,207
747,434,68,205
744,434,67,203
741,434,66,201
738,434,65,199
728,434,66,203
724,433,68,204
720,432,70,205
716,431,72,206
712,430,74,207
708,429,76,208
704,428,78,209
700,427,80,210
696,426,82,211
692,425,84,212
688,424,86,213
684,423,88,214
680,422,90,215
676,421,92,216
672,420,94,217
674,420,91,217
667,421,92,215
660,422,93,213
653,423,94,211
646,424,95,209
639,425,96,207
632,426,97,205
625,427,98,203
618,428,99,201
611,429,100,199
604,430,101,197
597,431,102,195
590,432,103,193
583,433,104,191
576,434,105,189
570,441,100,190
561,441,99,190
552,441,98,190
543,441,97,190
534,441,96,190
525,441,95,190
516,441,94,190
507,441,93,190
498,441,92,190
489,441,91,190
480,441,90,190
471,441,89,190
462,441,88,190
453,441,87,190
444,441,86,190
428,434,85,183
429,433,85,184
430,432,85,185
431,431,85,186
432,430,85,187
433,429,85,188
434,428,85,189
435,427,85,190
436,426,85,191
437,425,85,192
438,424,85,193
439,423,85,194
440,422,85,195
441,421,85,196
442,420,85,197
448,416,90,203
458,416,90,203
468,416,90,203
478,416,90,203
488,416,90,203
498,416,90,203
508,416,90,203
518,416,90,203
528,416,90,203
538,416,90,203
548,416,90,203
558,416,90,203
568,416,90,203
578,416,90,203
588,416,90,203
594,418,93,203
598,419,94,203
602,420,95,203
606,421,96,203
610,422,97,203
614,423,98,203
618,424,99,203
622,425,100,203
626,426,101,203
630,427,102,203
634,428,103,203
638,429,104,203
642,430,105,203
646,431,106,203
650,432,107,203
647,437,108,210
643,436,105,210
639,435,102,210
635,434,99,210
631,433,96,210
627,432,93,210
623,431,90,210
619,430,87,210
615,429,84,210
611,428,81,210
607,427,78,210
603,426,75,210
599,425,72,210
595,424,69,210
591,423,66,210
580,421,70,216
581,421,73,214
582,421,76,212
583,421,79,210
584,421,82,208
585,421,85,206
586,421,88,204
587,421,91,202
588,421,94,200
589,421,97,198
590,421,100,196
591,421,103,194
592,421,106,192
593,421,109,190
594,421,112,188
602,423,112,193
597,423,113,192
592,423,114,191
587,423,115,190
582,423,116,189
577,423,117,188
572,423,118,187
567,423,119,186
562,423,120,185
557,423,121,184
552,423,122,183
547,423,123,182
542,423,124,181
537,423,125,180
532,423,126,179
523,418,127,182
521,418,124,184
519,418,121,186
517,418,118,188
515,418,115,190
513,418,112,192
511,418,109,194
509,418,106,196
507,418,103,198
505,418,100,200
503,418,97,202
501,418,94,204
499,418,91,206
497,418,88,208
495,418,85,210
493,420,80,213
