1136,429,70,199
1135,429,69,199
1134,429,68,199
1133,429,67,199
1132,429,66,199
1131,429,65,199
1130,429,64,199
1129,429,63,199
1128,429,62,199
1127,429,61,199
1126,429,60,199
1125,429,59,199
1124,429,58,199
1123,429,57,199
1122,429,56,199
1123,429,62,202
1120,429,63,202
1117,429,64,202
1114,429,65,202
1111,429,66,202
1108,429,67,202
1105,429,68,202
1102,429,69,202
1099,429,70,202
1096,429,71,202
1093,429,72,202
1090,429,73,202
1087,429,74,202
1084,429,75,202
1081,429,76,202
1081,432,82,203
1079,432,81,203
1077,432,80,203
1075,432,79,203
1073,432,78,203
1071,432,77,203
1069,432,76,203
1067,432,75,203
1065,432,74,203
1063,432,73,203
1061,432,72,203
1059,432,71,203
1057,432,70,203
1055,432,69,203
1053,432,68,203
1045,435,64,201
1043,435,63,201
1041,435,62,201
1039,435,61,201
1037,435,60,201
1035,435,59,201
1033,435,58,201
1031,435,57,201
1029,435,56,201
1027,435,55,201
1025,435,54,201
1023,435,53,201
1021,435,52,201
1019,435,51,201
1017,435,50,201
1012,434,56,204
1010,434,57,205
1008,434,58,206
1006,434,59,207
1004,434,60,208
1002,434,61,209
1000,434,62,210
998,434,63,211
996,434,64,212
994,434,65,213
992,434,66,214
990,434,67,215
988,434,68,216
986,434,69,217
984,434,70,218
976,429,77,215
971,429,78,214
966,429,79,213
961,429,80,212
956,429,81,211
951,429,82,210
946,429,83,209
941,429,84,208
936,429,85,207
931,429,86,206
926,429,87,205
921,429,88,204
916,429,89,203
911,429,90,202
906,429,91,201
906,431,98,197
904,431,96,197
902,431,94,197
900,431,92,197
898,431,90,197
896,431,88,197
894,431,86,197
892,431,84,197
890,431,82,197
888,431,80,197
886,431,78,197
884,431,76,197
882,431,74,197
880,431,72,197
878,431,70,197
880,429,64,202
878,428,63,202
876,427,62,202
874,426,61,202
872,425,60,202
870,424,59,202
868,423,58,202
866,422,57,202
864,421,56,202
862,420,55,202
860,419,54,202
858,418,53,202
856,417,52,202
854,416,51,202
852,415,50,202
847,420,50,200
844,420,52,200
841,420,54,200
838,420,56,200
835,420,58,200
832,420,60,200
829,420,62,200
826,420,64,200
823,420,66,200
820,420,68,200
817,420,70,200
814,420,72,200
811,420,74,200
808,420,76,200
805,420,78,200
800,421,76,193
797,421,77,193
794,421,78,193
791,421,79,193
788,421,80,193
785,421,81,193
782,421,82,193
779,421,83,193
776,421,84,193
773,421,85,193
770,421,86,193
767,421,87,193
764,421,88,193
761,421,89,193
758,421,90,193
761,416,92,198
763,416,90,198
765,416,88,198
767,416,86,198
769,416,84,198
771,416,82,198
773,416,80,198
775,416,78,198
777,416,76,198
779,416,74,198
781,416,72,198
783,416,70,198
785,416,68,198
787,416,66,198
789,416,64,198
794,416,64,193
790,416,65,193
786,416,66,193
782,416,67,193
778,416,68,193
774,416,69,193
770,416,70,193
766,416,71,193
762,416,72,193
758,416,73,193
754,416,74,193
750,416,75,193
746,416,76,193
742,416,77,193
738,416,78,193
730,418,81,187
725,418,82,187
720,418,83,187
715,418,84,187
710,418,85,187
705,418,86,187
700,418,87,187
695,418,88,187
690,418,89,187
685,418,90,187
680,418,91,187
675,418,92,187
670,418,93,187
665,418,94,187
660,418,95,187
660,413,103,192
660,413,104,192
660,413,105,192
660,413,106,192
660,413,107,192
660,413,108,192
660,413,109,192
660,413,110,192
660,413,111,192
660,413,112,192
660,413,113,192
660,413,114,192
660,413,115,192
660,413,116,192
660,413,117,192
663,418,112,191
666,419,112,191
669,420,112,191
672,421,112,191
675,422,112,191
678,423,112,191
681,424,112,191
684,425,112,191
687,426,112,191
690,427,112,191
693,428,112,191
696,429,112,191
699,430,112,191
702,431,112,191
705,432,112,191
704,426,108,194
703,426,109,195
702,426,110,196
701,426,111,197
700,426,112,198
699,426,113,199
698,426,114,200
697,426,115,201
696,426,116,202
695,426,117,203
694,426,118,204
693,426,119,205
692,426,120,206
691,426,121,207
690,426,122,208
683,429,128,204
684,429,125,204
685,429,122,204
686,429,119,204
687,429,116,204
688,429,113,204
689,429,110,204
690,429,107,204
691,429,104,204
692,429,101,204
693,429,98,204
694,429,95,204
695,429,92,204
696,429,89,204
697,429,86,204
693,426,86,201
693,426,88,200
693,426,90,199
693,426,92,198
693,426,94,197
693,426,96,196
693,426,98,195
693,426,100,194
693,426,102,193
693,426,104,192
693,426,106,191
693,426,108,190
693,426,110,189
693,426,112,188
693,426,114,187
700,429,116,193
704,429,114,193
708,429,112,193
712,429,110,193
716,429,108,193
720,429,106,193
724,429,104,193
728,429,102,193
732,429,100,193
736,429,98,193
740,429,96,193
744,429,94,193
748,429,92,193
752,429,90,193
756,429,88,193
757,435,79,192
756,434,78,193
755,433,77,194
754,432,76,195
753,431,75,196
752,430,74,197
751,429,73,198
750,428,72,199
749,427,71,200
748,426,70,201
747,425,69,202
746,424,68,203
745,423,67,204
744,422,66,205
743,421,65,206
747,421,67,204
747,421,69,203
747,421,71,202
747,421,73,201
747,421,75,200
747,421,77,199
747,421,79,198
747,421,81,197
747,421,83,196
747,421,85,195
747,421,87,194
747,421,89,193
747,421,91,192
747,421,93,191
747,421,95,190
741,416,100,195
740,416,98,195
739,416,96,195
738,416,94,195
737,416,92,195
736,416,90,195
735,416,88,195
734,416,86,195
733,416,84,195
732,416,82,195
731,416,80,195
730,416,78,195
729,416,76,195
728,416,74,195
727,416,72,195
727,412,67,194
723,413,70,193
719,414,73,192
715,415,76,191
711,416,79,190
707,417,82,189
703,418,85,188
699,419,88,187
695,420,91,186
691,421,94,185
687,422,97,184
683,423,100,183
679,424,103,182
675,425,106,181
671,426,109,180
670,424,117,182
666,424,117,182
662,424,117,182
658,424,117,182
654,424,117,182
650,424,117,182
646,424,117,182
642,424,117,182
638,424,117,182
634,424,117,182
630,424,117,182
626,424,117,182
622,424,117,182
618,424,117,182
614,424,117,182
613,421,112,185
615,421,111,185
617,421,110,185
619,421,109,185
621,421,108,185
623,421,107,185
625,421,106,185
627,421,105,185
629,421,104,185
631,421,103,185
633,421,102,185
635,421,101,185
637,421,100,185
639,421,99,185
641,421,98,185
648,418,92,191
646,418,91,191
644,418,90,191
642,418,89,191
640,418,88,191
638,418,87,191
636,418,86,191
634,418,85,191
632,418,84,191
630,418,83,191
628,418,82,191
626,418,81,191
624,418,80,191
622,418,79,191
620,418,78,191
619,418,72,191
616,417,72,191
613,416,72,191
610,415,72,191
607,414,72,191
604,413,72,191
601,412,72,191
598,411,72,191
595,410,72,191
592,409,72,191
589,408,72,191
586,407,72,191
583,406,72,191
580,405,72,191
577,404,72,191
576,410,70,190
