960,381,76,222
959,381,76,223
958,381,76,224
957,381,76,225
956,381,76,226
955,381,76,227
954,381,76,228
953,381,76,229
952,381,76,230
951,381,76,231
950,381,76,232
949,381,76,233
948,381,76,234
947,381,76,235
946,381,76,236
943,377,77,231
939,377,78,231
935,377,79,231
931,377,80,231
927,377,81,231
923,377,82,231
919,377,83,231
915,377,84,231
911,377,85,231
907,377,86,231
903,377,87,231
899,377,88,231
895,377,89,231
891,377,90,231
887,377,91,231
888,377,99,231
887,377,97,231
886,377,95,231
885,377,93,231
884,377,91,231
883,377,89,231
882,377,87,231
881,377,85,231
880,377,83,231
879,377,81,231
878,377,79,231
877,377,77,231
876,377,75,231
875,377,73,231
874,377,71,231
870,381,65,225
867,381,67,225
864,381,69,225
861,381,71,225
858,381,73,225
855,381,75,225
852,381,77,225
849,381,79,225
846,381,81,225
843,381,83,225
840,381,85,225
837,381,87,225
834,381,89,225
831,381,91,225
828,381,93,225
820,387,96,226
817,387,96,226
814,387,96,226
811,387,96,226
808,387,96,226
805,387,96,226
802,387,96,226
799,387,96,226
796,387,96,226
793,387,96,226
790,387,96,226
787,387,96,226
784,387,96,226
781,387,96,226
778,387,96,226
773,382,96,231
771,382,94,231
769,382,92,231
767,382,90,231
765,382,88,231
763,382,86,231
761,382,84,231
759,382,82,231
757,382,80,231
755,382,78,231
753,382,76,231
751,382,74,231
749,382,72,231
747,382,70,231
745,382,68,231
749,377,68,231
746,377,70,231
743,377,72,231
740,377,74,231
737,377,76,231
734,377,78,231
731,377,80,231
728,377,82,231
725,377,84,231
722,377,86,231
719,377,88,231
716,377,90,231
713,377,92,231
710,377,94,231
707,377,96,231
697,382,91,224
694,381,90,224
691,380,89,224
688,379,88,224
685,378,87,224
682,377,86,224
679,376,85,224
676,375,84,224
673,374,83,224
670,373,82,224
667,372,81,224
664,371,80,224
661,370,79,224
658,369,78,224
655,368,77,224
645,374,77,230
643,374,76,230
641,374,75,230
639,374,74,230
637,374,73,230
635,374,72,230
633,374,71,230
631,374,70,230
629,374,69,230
627,374,68,230
625,374,67,230
623,374,66,230
621,374,65,230
619,374,64,230
617,374,63,230
620,369,57,223
617,369,59,223
614,369,61,223
611,369,63,223
608,369,65,223
605,369,67,223
602,369,69,223
599,369,71,223
596,369,73,223
593,369,75,223
590,369,77,223
587,369,79,223
584,369,81,223
581,369,83,223
578,369,85,223
574,369,94,220
571,368,95,220
568,367,96,220
565,366,97,220
562,365,98,220
559,364,99,220
556,363,100,220
553,362,101,220
550,361,102,220
547,360,103,220
544,359,104,220
541,358,105,220
538,357,106,220
535,356,107,220
532,355,108,220
527,355,112,224
530,356,110,224
533,357,108,224
536,358,106,224
539,359,104,224
542,360,102,224
545,361,100,224
548,362,98,224
551,363,96,224
554,364,94,224
557,365,92,224
560,366,90,224
563,367,88,224
566,368,86,224
569,369,84,224
572,364,77,220
568,365,80,219
564,366,83,218
560,367,86,217
556,368,89,216
552,369,92,215
548,370,95,214
544,371,98,213
540,372,101,212
536,373,104,211
532,374,107,210
528,375,110,209
524,376,113,208
520,377,116,207
516,378,119,206
518,375,119,207
512,374,120,207
506,373,121,207
500,372,122,207
494,371,123,207
488,370,124,207
482,369,125,207
476,368,126,207
470,367,127,207
464,366,128,207
458,365,129,207
452,364,130,207
446,363,131,207
440,362,132,207
434,361,133,207
428,365,129,209
430,365,126,209
432,365,123,209
434,365,120,209
436,365,117,209
438,365,114,209
440,365,111,209
442,365,108,209
444,365,105,209
446,365,102,209
448,365,99,209
450,365,96,209
452,365,93,209
454,365,90,209
456,365,87,209
454,364,77,213
451,364,82,213
448,364,87,213
445,364,92,213
442,364,97,213
439,364,102,213
436,364,107,213
433,364,112,213
430,364,117,213
427,364,122,213
424,364,127,213
421,364,132,213
418,364,137,213
415,364,142,213
412,364,147,213
409,369,159,213
413,369,156,214
417,369,153,215
421,369,150,216
425,369,147,217
429,369,144,218
433,369,141,219
437,369,138,220
441,369,135,221
445,369,132,222
449,369,129,223
453,369,126,224
457,369,123,225
461,369,120,226
465,369,117,227
475,370,110,221
472,370,111,221
469,370,112,221
466,370,113,221
463,370,114,221
460,370,115,221
457,370,116,221
454,370,117,221
451,370,118,221
448,370,119,221
445,370,120,221
442,370,121,221
439,370,122,221
436,370,123,221
433,370,124,221
437,377,129,227
438,377,127,227
439,377,125,227
440,377,123,227
441,377,121,227
442,377,119,227
443,377,117,227
444,377,115,227
445,377,113,227
446,377,111,227
447,377,109,227
448,377,107,227
449,377,105,227
450,377,103,227
451,377,101,227
450,377,95,226
451,377,97,226
452,377,99,226
453,377,101,226
454,377,103,226
455,377,105,226
456,377,107,226
457,377,109,226
458,377,111,226
459,377,113,226
460,377,115,226
461,377,117,226
462,377,119,226
463,377,121,226
464,377,123,226
459,372,121,229
462,372,120,229
465,372,119,229
468,372,118,229
471,372,117,229
474,372,116,229
477,372,115,229
480,372,114,229
483,372,113,229
486,372,112,229
489,372,111,229
492,372,110,229
495,372,109,229
498,372,108,229
501,372,107,229
509,377,111,232
509,377,109,232
509,377,107,232
509,377,105,232
509,377,103,232
509,377,101,232
509,377,99,232
509,377,97,232
509,377,95,232
509,377,93,232
509,377,91,232
509,377,89,232
509,377,87,232
509,377,85,232
509,377,83,232
508,372,82,234
508,372,82,232
508,372,82,230
508,372,82,228
508,372,82,226
508,372,82,224
508,372,82,222
508,372,82,220
508,372,82,218
508,372,82,216
508,372,82,214
508,372,82,212
508,372,82,210
508,372,82,208
508,372,82,206
504,367,84,210
504,367,83,210
504,367,82,210
504,367,81,210
504,367,80,210
504,367,79,210
504,367,78,210
504,367,77,210
504,367,76,210
504,367,75,210
504,367,74,210
504,367,73,210
504,367,72,210
504,367,71,210
504,367,70,210
499,362,69,213
497,362,70,213
495,362,71,213
493,362,72,213
491,362,73,213
489,362,74,213
487,362,75,213
485,362,76,213
483,362,77,213
481,362,78,213
479,362,79,213
477,362,80,213
475,362,81,213
473,362,82,213
471,362,83,213
476,365,90,216
469,365,93,215
462,365,96,214
455,365,99,213
448,365,102,212
441,365,105,211
434,365,108,210
427,365,111,209
420,365,114,208
413,365,117,207
406,365,120,206
399,365,123,205
392,365,126,204
385,365,129,203
378,365,132,202
365,365,135,204
366,365,133,205
367,365,131,206
368,365,129,207
369,365,127,208
370,365,125,209
371,365,123,210
372,365,121,211
373,365,119,212
374,365,117,213
375,365,115,214
376,365,113,215
377,365,111,216
378,365,109,217
379,365,107,218
386,365,98,216
387,365,99,216
388,365,100,216
389,365,101,216
390,365,102,216
391,365,103,216
392,365,104,216
393,365,105,216
394,365,106,216
395,365,107,216
396,365,108,216
397,365,109,216
398,365,110,216
399,365,111,216
400,365,112,216
398,372,109,215
396,371,107,215
394,370,105,215
392,369,103,215
390,368,101,215
388,367,99,215
386,366,97,215
384,365,95,215
382,364,93,215
380,363,91,215
378,362,89,215
376,361,87,215
374,360,85,215
372,359,83,215
370,358,81,215
364,362,86,222
361,361,86,221
358,360,86,220
355,359,86,219
352,358,86,218
349,357,86,217
346,356,86,216
343,355,86,215
340,354,86,214
337,353,86,213
334,352,86,212
331,351,86,211
328,350,86,210
325,349,86,209
322,348,86,208
324,353,81,214
