1182,570,90,283
1179,570,89,283
1176,570,88,283
1173,570,87,283
1170,570,86,283
1167,570,85,283
1164,570,84,283
1161,570,83,283
1158,570,82,283
1155,570,81,283
1152,570,80,283
1149,570,79,283
1146,570,78,283
1143,570,77,283
1140,570,76,283
1143,569,82,282
1140,569,83,283
1137,569,84,284
1134,569,85,285
1131,569,86,286
1128,569,87,287
1125,569,88,288
1122,569,89,289
1119,569,90,290
1116,569,91,291
1113,569,92,292
1110,569,93,293
1107,569,94,294
1104,569,95,295
1101,569,96,296
1101,562,104,291
1097,562,104,291
1093,562,104,291
1089,562,104,291
1085,562,104,291
1081,562,104,291
1077,562,104,291
1073,562,104,291
1069,562,104,291
1065,562,104,291
1061,562,104,291
1057,562,104,291
1053,562,104,291
1049,562,104,291
1045,562,104,291
1034,564,104,287
1029,564,104,288
1024,564,104,289
1019,564,104,290
1014,564,104,291
1009,564,104,292
1004,564,104,293
999,564,104,294
994,564,104,295
989,564,104,296
984,564,104,297
979,564,104,298
974,564,104,299
969,564,104,300
964,564,104,301
964,557,108,299
962,556,105,298
960,555,102,297
958,554,99,296
956,553,96,295
954,552,93,294
952,551,90,293
950,550,87,292
948,549,84,291
946,548,81,290
944,547,78,289
942,546,75,288
940,545,72,287
938,544,69,286
936,543,66,285
932,548,68,285
927,548,71,285
922,548,74,285
917,548,77,285
912,548,80,285
907,548,83,285
902,548,86,285
897,548,89,285
892,548,92,285
887,548,95,285
882,548,98,285
877,548,101,285
872,548,104,285
867,548,107,285
862,548,110,285
855,543,108,287
850,542,108,288
845,541,108,289
840,540,108,290
835,539,108,291
830,538,108,292
825,537,108,293
820,536,108,294
815,535,108,295
810,534,108,296
805,533,108,297
800,532,108,298
795,531,108,299
790,530,108,300
785,529,108,301
781,530,108,297
780,529,106,296
779,528,104,295
778,527,102,294
777,526,100,293
776,525,98,292
775,524,96,291
774,523,94,290
773,522,92,289
772,521,90,288
771,520,88,287
770,519,86,286
769,518,84,285
768,517,82,284
767,516,80,283
760,519,80,286
756,519,83,286
752,519,86,286
748,519,89,286
744,519,92,286
740,519,95,286
736,519,98,286
732,519,101,286
728,519,104,286
724,519,107,286
720,519,110,286
716,519,113,286
712,519,116,286
708,519,119,286
704,519,122,286
695,514,124,283
692,513,125,282
689,512,126,281
686,511,127,280
683,510,128,279
680,509,129,278
677,508,130,277
674,507,131,276
671,506,132,275
668,505,133,274
665,504,134,273
662,503,135,272
659,502,136,271
656,501,137,270
653,500,138,269
651,506,134,273
654,506,131,273
657,506,128,273
660,506,125,273
663,506,122,273
666,506,119,273
669,506,116,273
672,506,113,273
675,506,110,273
678,506,107,273
681,506,104,273
684,506,101,273
687,506,98,273
690,506,95,273
693,506,92,273
702,503,91,276
698,504,93,275
694,505,95,274
690,506,97,273
686,507,99,272
682,508,101,271
678,509,103,270
674,510,105,269
670,511,107,268
666,512,109,267
662,513,111,266
658,514,113,265
654,515,115,264
650,516,117,263
646,517,119,262
641,514,119,267
633,513,121,268
625,512,123,269
617,511,125,270
609,510,127,271
601,509,129,272
593,508,131,273
585,507,133,274
577,506,135,275
569,505,137,276
561,504,139,277
553,503,141,278
545,502,143,279
537,501,145,280
529,500,147,281
525,493,147,276
527,493,143,275
529,493,139,274
531,493,135,273
533,493,131,272
535,493,127,271
537,493,123,270
539,493,119,269
541,493,115,268
543,493,111,267
545,493,107,266
547,493,103,265
549,493,99,264
551,493,95,263
553,493,91,262
552,500,87,268
551,500,92,269
550,500,97,270
549,500,102,271
548,500,107,272
547,500,112,273
546,500,117,274
545,500,122,275
544,500,127,276
543,500,132,277
542,500,137,278
541,500,142,279
540,500,147,280
539,500,152,281
538,500,157,282
534,506,169,287
537,506,167,287
540,506,165,287
543,506,163,287
546,506,161,287
549,506,159,287
552,506,157,287
555,506,155,287
558,506,153,287
561,506,151,287
564,506,149,287
567,506,147,287
570,506,145,287
573,506,143,287
576,506,141,287
577,513,132,287
574,513,132,287
571,513,132,287
568,513,132,287
565,513,132,287
562,513,132,287
559,513,132,287
556,513,132,287
553,513,132,287
550,513,132,287
547,513,132,287
544,513,132,287
541,513,132,287
538,513,132,287
535,513,132,287
529,508,130,285
530,508,129,285
531,508,128,285
532,508,127,285
533,508,126,285
534,508,125,285
535,508,124,285
536,508,123,285
537,508,122,285
538,508,121,285
539,508,120,285
540,508,119,285
541,508,118,285
542,508,117,285
543,508,116,285
549,509,113,288
551,511,116,287
553,513,119,286
555,515,122,285
557,517,125,284
559,519,128,283
561,521,131,282
563,523,134,281
565,525,137,280
567,527,140,279
569,529,143,278
571,531,146,277
573,533,149,276
575,535,152,275
577,537,155,274
586,532,164,271
589,531,160,272
592,530,156,273
595,529,152,274
598,528,148,275
601,527,144,276
604,526,140,277
607,525,136,278
610,524,132,279
613,523,128,280
616,522,124,281
619,521,120,282
622,520,116,283
625,519,112,284
628,518,108,285
636,524,107,281
636,523,105,281
636,522,103,281
636,521,101,281
636,520,99,281
636,519,97,281
636,518,95,281
636,517,93,281
636,516,91,281
636,515,89,281
636,514,87,281
636,513,85,281
636,512,83,281
636,511,81,281
636,510,79,281
640,506,83,279
639,505,85,279
638,504,87,279
637,503,89,279
636,502,91,279
635,501,93,279
634,500,95,279
633,499,97,279
632,498,99,279
631,497,101,279
630,496,103,279
629,495,105,279
628,494,107,279
627,493,109,279
626,492,111,279
623,498,113,273
622,498,111,274
621,498,109,275
620,498,107,276
619,498,105,277
618,498,103,278
617,498,101,279
616,498,99,280
615,498,97,281
614,498,95,282
613,498,93,283
612,498,91,284
611,498,89,285
610,498,87,286
609,498,85,287
604,495,87,286
599,496,91,285
594,497,95,284
589,498,99,283
584,499,103,282
579,500,107,281
574,501,111,280
569,502,115,279
564,503,119,278
559,504,123,277
554,505,127,276
549,506,131,275
544,507,135,274
539,508,139,273
534,509,143,272
525,508,154,271
521,507,152,270
517,506,150,269
513,505,148,268
509,504,146,267
505,503,144,266
501,502,142,265
497,501,140,264
493,500,138,263
489,499,136,262
485,498,134,261
481,497,132,260
477,496,130,259
473,495,128,258
469,494,126,257
470,489,120,260
471,489,119,261
472,489,118,262
473,489,117,263
474,489,116,264
475,489,115,265
476,489,114,266
477,489,113,267
478,489,112,268
479,489,111,269
480,489,110,270
481,489,109,271
482,489,108,272
483,489,107,273
484,489,106,274
480,495,103,276
480,495,103,276
480,495,103,276
480,495,103,276
480,495,103,276
480,495,103,276
480,495,103,276
480,495,103,276
480,495,103,276
480,495,103,276
480,495,103,276
480,495,103,276
480,495,103,276
480,495,103,276
480,495,103,276
477,493,105,281
474,493,104,280
471,493,103,279
468,493,102,278
465,493,101,277
462,493,100,276
459,493,99,275
456,493,98,274
453,493,97,273
450,493,96,272
447,493,95,271
444,493,94,270
441,493,93,269
438,493,92,268
435,493,91,267
431,492,84,269
426,492,87,268
421,492,90,267
416,492,93,266
411,492,96,265
406,492,99,264
401,492,102,263
396,492,105,262
391,492,108,261
386,492,111,260
381,492,114,259
376,492,117,258
371,492,120,257
366,492,123,256
361,492,126,255
349,485,127,252
348,485,127,252
347,485,127,252
346,485,127,252
345,485,127,252
344,485,127,252
343,485,127,252
342,485,127,252
341,485,127,252
340,485,127,252
339,485,127,252
338,485,127,252
337,485,127,252
336,485,127,252
335,485,127,252
334,492,132,247
