1237,432,60,198
1235,432,61,198
1233,432,62,198
1231,432,63,198
1229,432,64,198
1227,432,65,198
1225,432,66,198
1223,432,67,198
1221,432,68,198
1219,432,69,198
1217,432,70,198
1215,432,71,198
1213,432,72,198
1211,432,73,198
1209,432,74,198
1212,430,70,200
1210,430,70,200
1208,430,70,200
1206,430,70,200
1204,430,70,200
1202,430,70,200
1200,430,70,200
1198,430,70,200
1196,430,70,200
1194,430,70,200
1192,430,70,200
1190,430,70,200
1188,430,70,200
1186,430,70,200
1184,430,70,200
1180,430,64,207
1177,430,64,206
1174,430,64,205
1171,430,64,204
1168,430,64,203
1165,430,64,202
1162,430,64,201
1159,430,64,200
1156,430,64,199
1153,430,64,198
1150,430,64,197
1147,430,64,196
1144,430,64,195
1141,430,64,194
1138,430,64,193
1136,428,60,189
1133,428,61,190
1130,428,62,191
1127,428,63,192
1124,428,64,193
1121,428,65,194
1118,428,66,195
1115,428,67,196
1112,428,68,197
1109,428,69,198
1106,428,70,199
1103,428,71,200
1100,428,72,201
1097,428,73,202
1094,428,74,203
1087,432,82,206
1084,432,82,206
1081,432,82,206
1078,432,82,206
1075,432,82,206
1072,432,82,206
1069,432,82,206
1066,432,82,206
1063,432,82,206
1060,432,82,206
1057,432,82,206
1054,432,82,206
1051,432,82,206
1048,432,82,206
1045,432,82,206
1036,433,85,212
1032,433,84,212
1028,433,83,212
1024,433,82,212
1020,433,81,212
1016,433,80,212
1012,433,79,212
1008,433,78,212
1004,433,77,212
1000,433,76,212
996,433,75,212
992,433,74,212
988,433,73,212
984,433,72,212
980,433,71,212
982,430,77,213
978,430,77,212
974,430,77,211
970,430,77,210
966,430,77,209
962,430,77,208
958,430,77,207
954,430,77,206
950,430,77,205
946,430,77,204
942,430,77,203
938,430,77,202
934,430,77,201
930,430,77,200
926,430,77,199
915,428,79,194
913,427,79,195
911,426,79,196
909,425,79,197
907,424,79,198
905,423,79,199
903,422,79,200
901,421,79,201
899,420,79,202
897,419,79,203
895,418,79,204
893,417,79,205
891,416,79,206
889,415,79,207
887,414,79,208
878,419,74,202
874,419,75,201
870,419,76,200
866,419,77,199
862,419,78,198
858,419,79,197
854,419,80,196
850,419,81,195
846,419,82,194
842,419,83,193
838,419,84,192
834,419,85,191
830,419,86,190
826,419,87,189
822,419,88,188
812,420,94,193
813,420,94,193
814,420,94,193
815,420,94,193
816,420,94,193
817,420,94,193
818,420,94,193
819,420,94,193
820,420,94,193
821,420,94,193
822,420,94,193
823,420,94,193
824,420,94,193
825,420,94,193
826,420,94,193
823,417,96,197
821,418,96,195
819,419,96,193
817,420,96,191
815,421,96,189
813,422,96,187
811,423,96,185
809,424,96,183
807,425,96,181
805,426,96,179
803,427,96,177
801,428,96,175
799,429,96,173
797,430,96,171
795,431,96,169
794,430,103,170
788,429,104,171
782,428,105,172
776,427,106,173
770,426,107,174
764,425,108,175
758,424,109,176
752,423,110,177
746,422,111,178
740,421,112,179
734,420,113,180
728,419,114,181
722,418,115,182
716,417,116,183
710,416,117,184
707,416,113,179
707,416,113,179
707,416,113,179
707,416,113,179
707,416,113,179
707,416,113,179
707,416,113,179
707,416,113,179
707,416,113,179
707,416,113,179
707,416,113,179
707,416,113,179
707,416,113,179
707,416,113,179
707,416,113,179
706,420,118,185
709,420,116,185
712,420,114,185
715,420,112,185
718,420,110,185
721,420,108,185
724,420,106,185
727,420,104,185
730,420,102,185
733,420,100,185
736,420,98,185
739,420,96,185
742,420,94,185
745,420,92,185
748,420,90,185
757,425,94,181
754,426,94,180
751,427,94,179
748,428,94,178
745,429,94,177
742,430,94,176
739,431,94,175
736,432,94,174
733,433,94,173
730,434,94,172
727,435,94,171
724,436,94,170
721,437,94,169
718,438,94,168
715,439,94,167
717,435,100,171
718,434,100,171
719,433,100,171
720,432,100,171
721,431,100,171
722,430,100,171
723,429,100,171
724,428,100,171
725,427,100,171
726,426,100,171
727,425,100,171
728,424,100,171
729,423,100,171
730,422,100,171
731,421,100,171
733,427,100,178
737,428,100,179
741,429,100,180
745,430,100,181
749,431,100,182
753,432,100,183
757,433,100,184
761,434,100,185
765,435,100,186
769,436,100,187
773,437,100,188
777,438,100,189
781,439,100,190
785,440,100,191
789,441,100,192
795,437,93,195
795,436,92,195
795,435,91,195
795,434,90,195
795,433,89,195
795,432,88,195
795,431,87,195
795,430,86,195
795,429,85,195
795,428,84,195
795,427,83,195
795,426,82,195
795,425,81,195
795,424,80,195
795,423,79,195
794,425,72,192
793,425,72,192
792,425,72,192
791,425,72,192
790,425,72,192
789,425,72,192
788,425,72,192
787,425,72,192
786,425,72,192
785,425,72,192
784,425,72,192
783,425,72,192
782,425,72,192
781,425,72,192
780,425,72,192
786,422,78,191
785,422,78,192
784,422,78,193
783,422,78,194
782,422,78,195
781,422,78,196
780,422,78,197
779,422,78,198
778,422,78,199
777,422,78,200
776,422,78,201
775,422,78,202
774,422,78,203
773,422,78,204
772,422,78,205
768,417,74,205
762,417,75,204
756,417,76,203
750,417,77,202
744,417,78,201
738,417,79,200
732,417,80,199
726,417,81,198
720,417,82,197
714,417,83,196
708,417,84,195
702,417,85,194
696,417,86,193
690,417,87,192
684,417,88,191
682,419,94,187
682,419,94,187
682,419,94,187
682,419,94,187
682,419,94,187
682,419,94,187
682,419,94,187
682,419,94,187
682,419,94,187
682,419,94,187
682,419,94,187
682,419,94,187
682,419,94,187
682,419,94,187
682,419,94,187
684,422,87,184
683,422,87,183
682,422,87,182
681,422,87,181
680,422,87,180
679,422,87,179
678,422,87,178
677,422,87,177
676,422,87,176
675,422,87,175
674,422,87,174
673,422,87,173
672,422,87,172
671,422,87,171
670,422,87,170
669,427,85,168
