0,363,83,280
0,363,83,279
0,363,83,278
0,363,83,277
0,363,83,276
0,363,83,275
0,363,83,274
0,363,83,273
0,363,83,272
0,363,83,271
0,363,83,270
0,363,83,269
0,363,83,268
0,363,83,267
0,363,83,266
0,362,81,272
0,362,81,273
0,362,81,274
0,362,81,275
0,362,81,276
0,362,81,277
0,362,81,278
0,362,81,279
0,362,81,280
0,362,81,281
0,362,81,282
0,362,81,283
0,362,81,284
0,362,81,285
0,362,81,286
0,360,76,289
0,361,76,289
0,362,76,289
0,363,76,289
0,364,76,289
0,365,76,289
0,366,76,289
0,367,76,289
0,368,76,289
0,369,76,289
0,370,76,289
0,371,76,289
0,372,76,289
0,373,76,289
0,374,76,289
0,368,69,286
0,368,69,286
0,368,69,286
0,368,69,286
0,368,69,286
0,368,69,286
0,368,69,286
0,368,69,286
0,368,69,286
0,368,69,286
0,368,69,286
0,368,69,286
0,368,69,286
0,368,69,286
0,368,69,286
0,371,72,281
0,371,70,282
0,371,68,283
0,371,66,284
0,371,64,285
0,371,62,286
0,371,60,287
0,371,58,288
0,371,56,289
0,371,54,290
0,371,52,291
0,371,50,292
0,371,48,293
0,371,46,294
0,371,44,295
0,374,37,289
0,375,39,291
0,376,41,293
0,377,43,295
0,378,45,297
0,379,47,299
0,380,49,301
0,381,51,303
0,382,53,305
0,383,55,307
0,384,57,309
0,385,59,311
0,386,61,313
0,387,63,315
0,388,65,317
0,388,61,315
0,389,62,313
0,390,63,311
0,391,64,309
0,392,65,307
0,393,66,305
0,394,67,303
0,395,68,301
0,396,69,299
0,397,70,297
0,398,71,295
0,399,72,293
0,400,73,291
0,401,74,289
0,402,75,287
7,399,82,286
10,399,84,286
13,399,86,286
16,399,88,286
19,399,90,286
22,399,92,286
25,399,94,286
28,399,96,286
31,399,98,286
34,399,100,286
37,399,102,286
40,399,104,286
43,399,106,286
46,399,108,286
49,399,110,286
53,405,106,285
58,406,106,287
63,407,106,289
68,408,106,291
73,409,106,293
78,410,106,295
83,411,106,297
88,412,106,299
93,413,106,301
98,414,106,303
103,415,106,305
108,416,106,307
113,417,106,309
118,418,106,311
123,419,106,313
121,414,112,308
126,413,112,311
131,412,112,314
136,411,112,317
141,410,112,320
146,409,112,323
151,408,112,326
156,407,112,329
161,406,112,332
166,405,112,335
171,404,112,338
176,403,112,341
181,402,112,344
186,401,112,347
191,400,112,350
197,399,113,352
202,400,114,351
207,401,115,350
212,402,116,349
217,403,117,348
222,404,118,347
227,405,119,346
232,406,120,345
237,407,121,344
242,408,122,343
247,409,123,342
252,410,124,341
257,411,125,340
262,412,126,339
267,413,127,338
267,411,128,336
273,412,127,336
279,413,126,336
285,414,125,336
291,415,124,336
297,416,123,336
303,417,122,336
309,418,121,336
315,419,120,336
321,420,119,336
327,421,118,336
333,422,117,336
339,423,116,336
345,424,115,336
351,425,114,336
359,427,110,341
365,428,110,339
371,429,110,337
377,430,110,335
383,431,110,333
389,432,110,331
395,433,110,329
401,434,110,327
407,435,110,325
413,436,110,323
419,437,110,321
425,438,110,319
431,439,110,317
437,440,110,315
443,441,110,313
442,445,113,314
448,446,116,315
454,447,119,316
460,448,122,317
466,449,125,318
472,450,128,319
478,451,131,320
484,452,134,321
490,453,137,322
496,454,140,323
502,455,143,324
508,456,146,325
514,457,149,326
520,458,152,327
526,459,155,328
538,456,153,329
545,457,155,329
552,458,157,329
559,459,159,329
566,460,161,329
573,461,163,329
580,462,165,329
587,463,167,329
594,464,169,329
601,465,171,329
608,466,173,329
615,467,175,329
622,468,177,329
629,469,179,329
636,470,181,329
644,473,176,329
652,474,172,328
660,475,168,327
668,476,164,326
676,477,160,325
684,478,156,324
692,479,152,323
700,480,148,322
708,481,144,321
716,482,140,320
724,483,136,319
732,484,132,318
740,485,128,317
748,486,124,316
756,487,120,315
762,485,123,314
770,486,125,316
778,487,127,318
786,488,129,320
794,489,131,322
802,490,133,324
810,491,135,326
818,492,137,328
826,493,139,330
834,494,141,332
842,495,143,334
850,496,145,336
858,497,147,338
866,498,149,340
874,499,151,342
875,496,152,337
879,497,153,335
883,498,154,333
887,499,155,331
891,500,156,329
895,501,157,327
899,502,158,325
903,503,159,323
907,504,160,321
911,505,161,319
915,506,162,317
919,507,163,315
923,508,164,313
927,509,165,311
931,510,166,309
936,516,163,306
933,515,160,309
930,514,157,312
927,513,154,315
924,512,151,318
921,511,148,321
918,510,145,324
915,509,142,327
912,508,139,330
909,507,136,333
906,506,133,336
903,505,130,339
900,504,127,342
897,503,124,345
894,502,121,348
889,499,125,346
885,499,123,347
881,499,121,348
877,499,119,349
873,499,117,350
869,499,115,351
865,499,113,352
861,499,111,353
857,499,109,354
853,499,107,355
849,499,105,356
845,499,103,357
841,499,101,358
837,499,99,359
833,499,97,360
831,501,94,363
821,500,102,364
811,499,110,365
801,498,118,366
791,497,126,367
781,496,134,368
771,495,142,369
761,494,150,370
751,493,158,371
741,492,166,372
731,491,174,373
721,490,182,374
711,489,190,375
701,488,198,376
691,487,206,377
678,487,207,375
677,486,203,373
676,485,199,371
675,484,195,369
674,483,191,367
673,482,187,365
672,481,183,363
671,480,179,361
670,479,175,359
669,478,171,357
668,477,167,355
667,476,163,353
666,475,159,351
665,474,155,349
664,473,151,347
661,473,150,342
661,474,154,344
661,475,158,346
661,476,162,348
661,477,166,350
661,478,170,352
661,479,174,354
661,480,178,356
661,481,182,358
661,482,186,360
661,483,190,362
661,484,194,364
661,485,198,366
661,486,202,368
661,487,206,370
659,484,211,378
661,485,209,377
663,486,207,376
665,487,205,375
667,488,203,374
669,489,201,373
671,490,199,372
673,491,197,371
675,492,195,370
677,493,193,369
679,494,191,368
681,495,189,367
683,496,187,366
685,497,185,365
687,498,183,364
690,498,180,363
679,498,180,361
668,498,180,359
657,498,180,357
646,498,180,355
635,498,180,353
624,498,180,351
613,498,180,349
602,498,180,347
591,498,180,345
580,498,180,343
569,498,180,341
558,498,180,339
547,498,180,337
536,498,180,335
532,499,178,337
535,499,177,337
538,499,176,337
541,499,175,337
544,499,174,337
547,499,173,337
550,499,172,337
553,499,171,337
556,499,170,337
559,499,169,337
562,499,168,337
565,499,167,337
568,499,166,337
571,499,165,337
574,499,164,337
580,499,165,339
585,500,167,339
590,501,169,339
595,502,171,339
600,503,173,339
605,504,175,339
610,505,177,339
615,506,179,339
620,507,181,339
625,508,183,339
630,509,185,339
635,510,187,339
640,511,189,339
645,512,191,339
650,513,193,339
650,513,200,337
646,514,200,335
642,515,200,333
638,516,200,331
634,517,200,329
630,518,200,327
626,519,200,325
622,520,200,323
618,521,200,321
614,522,200,319
610,523,200,317
606,524,200,315
602,525,200,313
598,526,200,311
594,527,200,309
584,530,203,312
