3,313,85,233
3,312,85,233
3,311,85,233
3,310,85,233
3,309,85,233
3,308,85,233
3,307,85,233
3,306,85,233
3,305,85,233
3,304,85,233
3,303,85,233
3,302,85,233
3,301,85,233
3,300,85,233
3,299,85,233
0,305,82,231
0,305,81,233
0,305,80,235
0,305,79,237
0,305,78,239
0,305,77,241
0,305,76,243
0,305,75,245
0,305,74,247
0,305,73,249
0,305,72,251
0,305,71,253
0,305,70,255
0,305,69,257
0,305,68,259
1,301,66,256
1,301,66,257
1,301,66,258
1,301,66,259
1,301,66,260
1,301,66,261
1,301,66,262
1,301,66,263
1,301,66,264
1,301,66,265
1,301,66,266
1,301,66,267
1,301,66,268
1,301,66,269
1,301,66,270
0,298,59,264
0,299,59,262
0,300,59,260
0,301,59,258
0,302,59,256
0,303,59,254
0,304,59,252
0,305,59,250
0,306,59,248
0,307,59,246
0,308,59,244
0,309,59,242
0,310,59,240
0,311,59,238
0,312,59,236
0,320,63,240
0,320,64,242
0,320,65,244
0,320,66,246
0,320,67,248
0,320,68,250
0,320,69,252
0,320,70,254
0,320,71,256
0,320,72,258
0,320,73,260
0,320,74,262
0,320,75,264
0,320,76,266
0,320,77,268
0,327,84,264
1,326,84,267
2,325,84,270
3,324,84,273
4,323,84,276
5,322,84,279
6,321,84,282
7,320,84,285
8,319,84,288
9,318,84,291
10,317,84,294
11,316,84,297
12,315,84,300
13,314,84,303
14,313,84,306
22,318,87,308
25,317,88,309
28,316,89,310
31,315,90,311
34,314,91,312
37,313,92,313
40,312,93,314
43,311,94,315
46,310,95,316
49,309,96,317
52,308,97,318
55,307,98,319
58,306,99,320
61,305,100,321
64,304,101,322
60,305,98,321
64,306,97,319
68,307,96,317
72,308,95,315
76,309,94,313
80,310,93,311
84,311,92,309
88,312,91,307
92,313,90,305
96,314,89,303
100,315,88,301
104,316,87,299
108,317,86,297
112,318,85,295
116,319,84,293
127,318,89,286
130,318,90,287
133,318,91,288
136,318,92,289
139,318,93,290
142,318,94,291
145,318,95,292
148,318,96,293
151,318,97,294
154,318,98,295
157,318,99,296
160,318,100,297
163,318,101,298
166,318,102,299
169,318,103,300
169,313,100,301
174,314,100,301
179,315,100,301
184,316,100,301
189,317,100,301
194,318,100,301
199,319,100,301
204,320,100,301
209,321,100,301
214,322,100,301
219,323,100,301
224,324,100,301
229,325,100,301
234,326,100,301
239,327,100,301
237,327,100,296
241,327,101,295
245,327,102,294
249,327,103,293
253,327,104,292
257,327,105,291
261,327,106,290
265,327,107,289
269,327,108,288
273,327,109,287
277,327,110,286
281,327,111,285
285,327,112,284
289,327,113,283
293,327,114,282
300,327,110,274
305,327,110,275
310,327,110,276
315,327,110,277
320,327,110,278
325,327,110,279
330,327,110,280
335,327,110,281
340,327,110,282
345,327,110,283
350,327,110,284
355,327,110,285
360,327,110,286
365,327,110,287
370,327,110,288
378,325,108,283
384,325,108,284
390,325,108,285
396,325,108,286
402,325,108,287
408,325,108,288
414,325,108,289
420,325,108,290
426,325,108,291
432,325,108,292
438,325,108,293
444,325,108,294
450,325,108,295
456,325,108,296
462,325,108,297
464,332,109,294
470,332,108,294
476,332,107,294
482,332,106,294
488,332,105,294
494,332,104,294
500,332,103,294
506,332,102,294
512,332,101,294
518,332,100,294
524,332,99,294
530,332,98,294
536,332,97,294
542,332,96,294
548,332,95,294
553,335,98,289
557,337,99,280
561,339,100,271
565,341,101,262
569,343,102,253
573,345,103,244
577,347,104,235
581,349,105,226
585,351,106,217
589,353,107,208
593,355,108,199
597,357,109,190
601,359,110,181
605,361,111,172
609,363,112,163
616,358,119,152
621,357,121,161
626,356,123,170
631,355,125,179
636,354,127,188
641,353,129,197
646,352,131,206
651,351,133,215
656,350,135,224
661,349,137,233
666,348,139,242
671,347,141,251
676,346,143,260
681,345,145,269
686,344,147,278
694,342,144,282
697,343,142,281
700,344,140,280
703,345,138,279
706,346,136,278
709,347,134,277
712,348,132,276
715,349,130,275
718,350,128,274
721,351,126,273
724,352,124,272
727,353,122,271
730,354,120,270
733,355,118,269
736,356,116,268
732,350,119,269
729,350,119,270
726,350,119,271
723,350,119,272
720,350,119,273
717,350,119,274
714,350,119,275
711,350,119,276
708,350,119,277
705,350,119,278
702,350,119,279
699,350,119,280
696,350,119,281
693,350,119,282
690,350,119,283
686,345,114,288
682,346,118,291
678,347,122,294
674,348,126,297
670,349,130,300
666,350,134,303
662,351,138,306
658,352,142,309
654,353,146,312
650,354,150,315
646,355,154,318
642,356,158,321
638,357,162,324
634,358,166,327
630,359,170,330
622,357,174,335
616,357,174,333
610,357,174,331
604,357,174,329
598,357,174,327
592,357,174,325
586,357,174,323
580,357,174,321
574,357,174,319
568,357,174,317
562,357,174,315
556,357,174,313
550,357,174,311
544,357,174,309
538,357,174,307
528,355,167,303
528,355,165,302
528,355,163,301
528,355,161,300
528,355,159,299
528,355,157,298
528,355,155,297
528,355,153,296
528,355,151,295
528,355,149,294
528,355,147,293
528,355,145,292
528,355,143,291
528,355,141,290
528,355,139,289
530,355,135,295
530,354,138,297
530,353,141,299
530,352,144,301
530,351,147,303
530,350,150,305
530,349,153,307
530,348,156,309
530,347,159,311
530,346,162,313
530,345,165,315
530,344,168,317
530,343,171,319
530,342,174,321
530,341,177,323
530,338,173,323
531,339,171,322
532,340,169,321
533,341,167,320
534,342,165,319
535,343,163,318
536,344,161,317
537,345,159,316
538,346,157,315
539,347,155,314
540,348,153,313
541,349,151,312
542,350,149,311
543,351,147,310
544,352,145,309
540,358,147,312
533,358,147,313
526,358,147,314
519,358,147,315
512,358,147,316
505,358,147,317
498,358,147,318
491,358,147,319
484,358,147,320
477,358,147,321
470,358,147,322
463,358,147,323
456,358,147,324
449,358,147,325
442,358,147,326
428,365,143,325
431,366,142,324
434,367,141,323
437,368,140,322
440,369,139,321
443,370,138,320
446,371,137,319
449,372,136,318
452,373,135,317
455,374,134,316
458,375,133,315
461,376,132,314
464,377,131,313
467,378,130,312
470,379,129,311
471,375,133,305
474,376,135,304
477,377,137,303
480,378,139,302
483,379,141,301
486,380,143,300
489,381,145,299
492,382,147,298
495,383,149,297
498,384,151,296
501,385,153,295
504,386,155,294
507,387,157,293
510,388,159,292
513,389,161,291
521,387,168,288
518,387,168,288
515,387,168,288
512,387,168,288
509,387,168,288
506,387,168,288
503,387,168,288
500,387,168,288
497,387,168,288
494,387,168,288
491,387,168,288
488,387,168,288
485,387,168,288
482,387,168,288
479,387,168,288
477,392,167,289
480,391,166,290
483,390,165,291
486,389,164,292
489,388,163,293
492,387,162,294
495,386,161,295
498,385,160,296
501,384,159,297
504,383,158,298
507,382,157,299
510,381,156,300
513,380,155,301
516,379,154,302
519,378,153,303
517,374,151,299
521,374,155,299
525,374,159,299
529,374,163,299
533,374,167,299
537,374,171,299
541,374,175,299
545,374,179,299
549,374,183,299
553,374,187,299
557,374,191,299
561,374,195,299
565,374,199,299
569,374,203,299
573,374,207,299
572,377,211,301
574,377,209,302
576,377,207,303
578,377,205,304
580,377,203,305
582,377,201,306
584,377,199,307
586,377,197,308
588,377,195,309
590,377,193,310
592,377,191,311
594,377,189,312
596,377,187,313
598,377,185,314
600,377,183,315
605,372,178,318
