1411,39,66,129
1403,41,80,133
1409,37,68,141
1399,37,87,149
1409,45,77,127
1409,43,62,120
1411,41,60,131
1409,43,56,129
1409,41,66,131
1407,35,66,143
1401,41,68,139
1403,41,74,135
1401,41,74,139
1407,41,70,141
1405,39,74,145
1405,41,81,145
1409,31,77,159
1386,27,89,170
1407,35,68,133
1411,25,62,159
1413,23,66,155
1413,31,81,132
1423,23,56,163
1419,12,69,176
1423,31,58,143
1426,31,60,147
1426,39,64,129
1423,17,71,165
1423,27,58,149
1428,33,55,168
1419,10,69,168
1415,25,64,151
1436,33,50,133
1423,14,69,162
1432,25,66,161
1430,27,68,167
1438,29,58,147
1434,23,72,151
1434,27,66,143
1438,31,64,143
1438,31,62,135
1442,33,48,147
1432,27,72,136
1430,14,70,143
1434,25,74,138
1438,39,70,145
1442,41,66,133
1434,29,78,145
1438,25,64,153
1440,33,70,157
1452,45,63,156
1442,39,70,141
1436,33,76,157
1432,33,68,133
1446,50,54,132
1440,31,60,168
1438,37,68,151
1440,40,77,158
1434,31,76,149
1440,29,62,126
1434,29,81,165
1444,29,73,143
1440,33,72,139
1452,48,56,140
1442,27,62,155
1448,25,62,141
1448,39,56,133
1440,27,60,136
1444,27,64,151
1446,31,64,157
1432,23,76,157
1442,29,68,134
1448,25,62,157
1442,35,70,149
1448,33,64,139
1444,17,79,171
1450,25,65,174
1446,29,64,149
1442,37,79,164
1448,39,71,168
1444,31,68,151
1440,27,58,149
1440,35,60,133
1448,27,52,132
1440,25,72,153
1428,19,80,144
1442,37,54,135
1442,39,73,151
1438,41,72,120
1444,41,68,139
1438,31,74,157
1438,23,77,140
1436,17,68,138
1436,27,87,141
1430,23,72,143
1428,29,78,139
1432,31,72,141
1438,21,56,130
1436,37,62,141
1438,48,56,120
1434,33,60,145
1440,25,66,143
1452,29,58,153
1434,31,54,132
1428,21,72,155
1440,33,64,130
1436,19,60,147
1446,27,56,136
1446,35,50,151
1451,27,53,143
1457,39,43,145
1435,48,51,120
1443,29,55,132
1435,29,81,161
1459,27,39,120
1451,39,41,129
1442,29,52,130
1442,37,58,145
1450,33,60,151
1442,45,56,123
1440,37,52,139
1436,27,58,147
1436,27,62,147
1436,31,60,153
1432,35,47,128
1430,29,66,155
1423,19,63,161
1423,27,52,157
1403,27,85,157
1401,27,82,147
1384,58,58,116
1372,48,78,146
1378,48,70,149
1359,48,93,118
1351,41,87,118
1349,45,87,131
1351,50,60,109
1339,48,60,124
1318,45,83,137
1314,43,72,131
1314,39,78,141
1320,43,46,131
1306,52,64,128
1285,39,81,145
1287,54,81,153
1301,64,58,108
1291,56,72,145
1279,56,66,149
1279,62,68,155
1268,43,77,164
1262,33,77,172
1243,68,98,166
1243,48,89,171
1246,39,64,191
1246,68,74,166
1235,60,87,184
1217,52,109,178
1254,79,74,180
1237,56,98,190
1241,45,96,228
1254,54,78,229
1262,50,112,215
1281,79,114,221
1295,89,91,209
1316,93,99,193
1339,91,91,209
1366,95,82,224
1382,85,87,244
1413,93,116,259
1442,110,122,221
1496,108,103,273
1517,128,128,247
1558,110,139,283
1601,145,164,285
1686,147,102,279
1693,134,171,315
