1235,178,44,108
1231,174,50,97
1227,178,56,99
1231,180,56,95
1233,192,48,106
1241,192,50,94
1229,174,50,101
1241,190,50,89
1231,184,46,97
1229,180,56,93
1233,192,46,89
1225,186,64,124
1233,194,37,79
1231,186,56,89
1221,194,53,92
1221,194,49,87
1233,184,42,97
1217,180,70,106
1223,180,70,103
1227,176,56,110
1227,176,64,101
1233,170,54,101
1231,176,54,107
1237,182,48,93
1246,168,37,111
1243,172,29,95
1239,168,44,91
1237,159,50,131
1246,168,43,122
1250,163,51,118
1246,168,47,122
1246,159,45,129
1252,153,31,124
1246,168,37,122
1250,161,41,125
1247,161,44,120
1246,155,49,120
1248,155,47,128
1252,168,51,111
1252,161,47,122
1235,155,68,126
1248,161,51,114
1252,163,49,135
1248,153,55,139
1252,159,51,135
1248,166,60,124
1243,163,52,116
1250,166,45,101
1250,151,56,141
1250,170,53,118
1246,166,55,120
1252,176,58,120
1256,174,47,107
1260,176,46,105
1262,159,44,129
1260,174,50,114
1252,186,68,108
1256,176,58,130
1254,172,56,118
1256,174,54,120
1260,186,60,116
1250,174,51,107
1250,186,51,91
1260,168,43,95
1266,168,46,109
1264,180,39,95
1262,172,41,105
1258,174,54,112
1256,170,50,93
1260,186,48,83
1250,168,64,118
1262,172,58,107
1256,184,58,104
1258,184,50,104
1260,174,52,105
1262,178,50,110
1260,184,48,104
1262,178,48,116
1266,194,54,108
1260,174,41,103
1258,176,54,114
1248,182,51,110
1252,163,66,104
1250,170,53,93
1243,157,65,129
1250,159,53,116
1264,180,48,106
1262,172,60,107
1256,174,45,99
1254,172,41,99
1252,163,47,108
1252,174,43,109
1252,170,47,109
1250,184,64,99
1262,182,54,110
1268,180,50,108
1260,182,54,93
1262,174,52,93
1268,174,52,107
1268,190,50,85
1264,176,44,101
1258,174,62,103
1260,184,50,91
1258,163,50,114
1256,161,50,106
1243,190,65,83
1254,184,45,95
1243,170,73,107
1246,161,57,118
1237,168,69,111
1248,184,60,83
1246,186,47,87
1235,178,58,99
1239,182,54,99
1233,178,48,108
1233,188,58,87
1202,186,87,104
1196,188,70,108
1200,188,74,110
1183,188,81,106
1186,172,84,105
1186,180,80,101
1173,176,68,114
1167,182,56,101
1150,172,79,111
1157,184,60,99
1146,188,60,116
1144,178,62,120
1150,190,58,93
1146,186,52,114
1134,203,62,111
1126,197,66,130
1136,188,62,114
1123,182,60,120
1107,184,76,130
1103,188,70,145
1109,207,62,130
1094,201,67,134
1105,174,68,174
1099,192,58,133
1088,199,77,159
1084,194,83,158
1094,215,69,137
1084,199,77,159
1097,190,82,172
1107,188,66,160
1119,188,75,151
1126,180,82,170
1129,217,110,176
1146,211,85,199
1171,223,79,189
1186,221,86,162
1202,228,106,173
1231,224,101,215
1258,238,106,190
1274,228,125,231
1318,226,112,233
1353,252,135,234
1390,263,116,205
1434,271,128,226
1488,283,126,228
1537,269,141,279
1622,304,108,261
1647,304,149,257
