1192,288,49,53
1196,290,41,51
1202,290,33,58
1196,290,39,49
1200,288,29,49
1198,286,35,55
1194,279,37,60
1198,288,35,45
1200,290,29,45
1196,286,33,51
1200,283,35,56
1208,281,29,54
1202,281,37,69
1198,290,37,43
1204,283,31,56
1204,286,35,57
1204,283,42,58
1206,292,35,49
1206,286,31,55
1204,283,39,65
1200,294,33,49
1196,286,39,53
1194,281,49,67
1206,279,31,58
1204,290,42,60
1206,288,31,53
1204,292,33,51
1200,288,43,55
1208,288,27,49
1202,286,29,45
1208,283,29,56
1210,281,33,58
1208,288,31,53
1202,302,35,48
1202,300,46,52
1208,283,29,58
1208,283,25,52
1202,277,39,64
1204,290,37,51
1202,279,39,62
1196,279,37,48
1212,290,29,56
1217,290,29,49
1204,286,33,51
1204,286,42,51
1208,283,31,69
1206,288,35,51
1210,288,40,66
1208,288,23,39
1206,283,29,56
1202,283,37,58
1196,275,47,64
1217,290,35,47
1223,300,33,48
1212,294,31,52
1210,283,33,54
1204,288,37,47
1204,281,54,69
1214,290,44,66
1204,290,48,56
1210,292,31,62
1214,292,40,64
1198,283,43,63
1202,288,35,45
1204,292,44,56
1212,283,44,69
1198,292,43,54
1210,292,36,58
1206,292,29,56
1200,288,54,66
1198,283,45,65
1206,286,40,55
1210,281,31,50
1210,281,36,62
1217,288,31,55
1202,281,37,52
1212,279,29,58
1204,281,31,58
1210,283,29,52
1206,277,31,66
1210,279,36,60
1206,283,29,63
1214,296,40,56
1204,283,48,48
1208,286,38,51
1206,281,42,46
1202,279,48,58
1200,288,52,51
1202,279,41,52
1214,279,40,52
1214,283,34,54
1202,286,41,49
1200,277,56,62
1210,286,27,66
1206,279,33,64
1200,279,39,60
1196,288,47,62
1204,286,48,55
1210,294,33,47
1208,281,38,67
1206,286,37,62
1208,284,46,66
1206,281,33,65
1208,283,27,56
1210,281,29,54
1208,279,31,56
1208,286,27,57
1198,277,37,64
1192,290,51,49
1206,281,31,52
1206,281,29,54
1194,288,45,60
1196,283,41,52
1200,279,41,60
1198,273,33,62
1202,279,37,58
1198,277,33,60
1200,286,33,47
1194,281,47,50
1208,292,42,45
1206,281,35,48
1206,292,35,54
1202,286,41,47
1198,279,50,58
1190,281,53,62
1198,283,45,63
1198,288,50,62
1188,279,47,58
1200,288,37,53
1190,286,49,62
1194,292,45,66
1190,298,45,56
1200,296,41,58
1192,300,44,53
1179,292,54,47
1183,296,43,52
1175,304,50,54
1194,302,35,50
1192,298,47,64
1179,302,40,50
1146,300,37,46
1159,298,49,56
1142,286,48,70
1136,283,68,75
1142,294,41,68
1128,286,47,70
1136,296,43,76
1119,292,58,85
1115,308,62,77
1115,298,54,89
1113,286,66,103
1113,292,52,93
1109,300,58,93
1103,300,68,108
1107,300,47,95
1103,298,41,87
1099,302,55,104
1101,304,58,93
1105,302,47,104
1107,290,56,111
1105,298,66,120
1101,296,78,136
1113,317,64,107
1109,300,79,126
1128,302,80,143
1144,310,68,131
1152,317,60,128
1167,310,66,135
1177,327,66,124
1188,335,51,126
1229,335,52,124
1243,321,34,114
1270,314,58,139
1293,323,58,130
1316,337,60,126
1341,335,76,131
1382,327,70,136
1413,339,75,127
1459,348,62,134
1459,350,87,134
1514,360,86,157
1554,371,80,149
1620,351,91,206
1682,368,70,182
1734,377,87,202
1779,387,87,199
1810,406,106,213
