749,128,89,249
757,134,71,203
745,147,93,205
757,132,100,205
753,132,95,218
745,132,95,205
743,126,87,199
747,132,101,187
739,143,93,190
739,143,82,180
743,130,76,195
732,128,89,189
726,137,112,209
751,153,58,151
728,153,95,172
743,141,72,190
736,120,83,178
739,131,66,184
741,126,64,180
739,139,68,178
732,145,75,159
722,130,97,172
734,126,67,178
736,137,75,157
720,134,95,160
743,145,58,151
741,124,58,139
741,120,51,137
743,128,51,120
741,118,66,136
732,110,77,157
753,130,52,141
730,116,87,159
747,122,56,126
743,137,70,151
755,118,66,153
753,128,64,160
761,137,64,130
747,132,70,158
761,126,54,110
763,118,67,130
774,139,54,111
774,132,54,120
761,121,69,146
772,128,62,124
782,128,54,133
784,139,60,122
788,130,48,147
782,118,62,147
782,130,58,127
794,128,42,122
788,124,75,114
778,124,70,126
788,132,71,127
784,126,79,118
796,120,94,130
801,141,68,101
811,147,56,107
809,134,66,123
817,118,66,140
817,124,58,133
817,120,60,122
813,122,54,114
809,130,54,110
794,112,67,122
811,145,58,126
817,137,64,124
801,141,58,138
803,151,56,130
799,159,66,106
809,168,45,99
801,155,68,110
807,157,83,104
828,137,53,113
832,134,56,108
832,137,60,126
842,120,56,134
852,126,50,118
857,130,51,124
857,126,47,124
857,126,57,126
857,124,66,143
875,145,56,128
865,132,70,154
867,145,68,122
867,132,62,120
869,118,62,147
873,128,75,160
869,116,56,132
883,124,65,126
883,124,54,145
871,116,64,138
865,110,72,138
877,139,58,126
873,137,70,134
857,139,68,122
830,128,93,133
848,128,66,141
828,128,68,141
821,128,58,112
817,126,54,118
813,126,58,118
807,126,45,128
784,126,68,114
768,143,78,99
786,141,46,128
780,143,50,126
776,120,53,141
776,118,58,153
772,118,56,155
774,126,45,135
761,126,58,145
757,118,62,130
763,130,60,145
755,118,58,155
751,108,60,140
763,118,58,145
759,122,60,135
759,132,77,116
757,118,64,130
768,126,53,128
768,124,60,126
774,139,49,107
774,130,68,139
774,112,66,130
786,130,62,143
794,147,73,126
799,124,47,145
799,116,66,136
817,132,37,135
807,120,56,137
813,114,72,155
811,134,72,129
825,126,60,135
838,130,52,137
838,128,50,137
840,126,60,153
852,120,62,166
854,130,65,145
857,141,57,151
857,132,70,162
857,139,57,142
867,141,56,147
867,151,62,151
873,134,64,145
879,128,62,174
879,137,54,142
892,139,45,130
904,149,50,137
898,134,66,168
908,143,42,149
919,141,55,186
935,143,50,174
933,151,58,180
945,168,69,180
954,155,58,188
960,145,56,186
966,174,66,203
964,151,68,205
977,176,70,167
974,188,60,201
960,178,66,188
979,197,45,140
968,207,73,124
954,207,66,155
962,219,81,145
956,240,85,139
941,257,104,113
950,259,87,111
929,257,120,122
921,267,130,126
900,265,145,105
877,259,182,113
871,286,166,95
848,292,222,109
861,302,173,83
857,317,204,76
821,306,216,89
834,314,163,69
836,310,198,91
828,306,202,85
848,321,186,72
828,306,175,73
842,298,176,99
809,290,201,93
844,292,211,97
825,288,222,115
834,308,209,79
817,304,203,79
823,306,234,89
842,314,197,87
823,319,249,91
830,321,262,62
828,304,227,87
817,308,288,104
819,323,246,83
823,306,232,71
823,314,255,81
838,312,238,75
796,304,280,85
823,319,240,82
807,314,265,89
825,321,249,72
830,321,229,78
817,321,282,68
815,319,219,93
803,323,289,85
813,325,228,83
823,325,257,91
823,321,269,101
813,304,248,81
825,319,238,78
834,319,231,82
817,323,251,80
825,304,230,99
819,317,232,76
807,310,261,85
828,317,235,76
828,312,233,82
817,319,263,84
836,319,238,82
834,310,219,96
857,314,225,89
821,314,253,94
832,325,227,87
819,319,236,78
819,319,253,82
805,321,285,80
815,306,277,89
819,335,290,81
