672,27,143,366
687,19,128,378
681,39,118,309
683,29,126,317
668,37,126,317
668,48,135,281
654,35,132,288
679,60,89,257
672,27,116,335
656,27,122,292
654,31,128,296
652,25,132,256
660,37,118,302
648,35,122,290
650,48,122,260
643,37,125,242
654,21,114,269
637,43,135,257
633,50,112,248
631,50,132,246
641,48,100,233
643,12,87,302
645,29,102,259
631,31,108,250
633,29,106,246
654,41,91,242
643,31,110,221
654,35,82,236
648,23,97,254
650,27,99,223
645,19,98,252
654,25,87,203
662,41,74,226
650,39,107,236
664,45,87,245
672,14,96,272
679,48,72,206
670,21,95,238
666,27,110,259
681,19,95,225
689,33,76,232
683,25,89,217
685,8,87,238
691,31,108,228
683,23,97,211
693,19,103,229
708,27,76,194
710,23,84,217
718,33,95,217
720,12,97,203
736,14,67,199
726,31,93,213
736,43,77,156
730,33,114,213
724,29,128,213
724,37,122,180
745,43,97,189
749,23,97,192
774,33,76,203
765,29,87,201
770,27,89,165
776,19,72,207
776,35,74,201
751,39,89,201
768,33,64,203
761,35,69,193
753,54,81,207
753,89,91,201
757,79,64,153
747,101,78,116
751,62,106,199
765,58,83,188
780,39,83,184
790,50,69,202
807,39,75,178
813,33,79,217
819,35,79,222
832,29,53,201
842,35,64,201
823,45,87,218
835,41,80,236
838,17,70,227
828,23,95,217
842,35,93,230
863,39,95,224
859,37,78,201
850,14,95,218
857,33,101,219
869,41,95,213
863,43,116,214
867,37,97,222
852,29,114,221
838,12,132,222
840,14,87,226
821,33,83,197
817,50,83,157
809,29,110,221
794,41,73,216
771,27,102,213
755,25,95,205
734,21,92,225
739,52,97,194
728,41,102,168
716,35,95,168
710,39,84,193
710,25,78,188
693,27,77,201
695,23,91,209
695,6,81,234
701,31,69,180
699,48,56,169
691,27,66,211
687,43,64,189
685,27,83,211
685,31,70,195
691,50,77,186
687,41,68,207
689,39,74,203
689,35,62,178
695,37,68,182
701,39,60,172
712,50,68,171
714,52,70,174
722,39,81,218
747,68,72,182
745,39,78,203
743,10,91,232
757,17,73,213
755,37,77,217
768,48,74,198
768,35,82,201
772,31,106,205
782,21,77,229
799,35,70,215
799,33,78,193
819,39,64,197
811,43,89,211
823,43,96,236
825,64,100,188
838,56,93,215
844,58,85,219
852,45,83,236
861,50,74,267
865,68,93,232
859,23,120,258
881,27,91,265
869,50,101,240
892,60,85,232
927,50,95,291
931,50,81,287
952,58,91,275
956,41,74,253
964,41,104,305
968,70,114,288
985,62,83,257
1001,72,87,236
1008,79,120,308
1005,95,102,273
1022,112,81,275
1020,114,106,289
1018,111,116,282
1012,137,126,262
1003,159,127,189
1016,182,112,193
1022,184,91,213
995,209,135,157
991,205,157,155
970,230,197,145
933,238,207,165
948,265,192,157
919,257,194,142
900,263,211,176
894,286,229,144
846,281,261,154
848,286,265,149
832,302,267,159
819,302,253,149
819,310,261,125
838,314,292,145
809,317,298,122
796,323,342,99
794,287,340,135
815,308,342,120
821,329,358,93
817,292,317,138
825,310,379,156
809,290,312,149
782,290,333,161
813,329,319,108
815,337,304,95
770,335,343,104
805,343,321,100
796,352,352,78
788,333,385,99
799,343,366,89
813,333,329,102
821,348,340,101
809,356,416,91
803,346,378,93
786,350,393,93
786,337,404,116
796,341,365,112
780,343,343,118
807,329,374,161
788,346,362,124
807,335,323,114
782,335,393,133
809,343,354,123
790,343,356,102
805,339,325,127
782,335,381,116
786,341,368,106
801,333,391,122
807,343,362,120
799,341,355,110
796,339,364,137
788,325,362,122
801,337,351,95
803,314,333,127
805,337,331,95
796,323,369,122
815,323,350,134
811,329,327,128
813,337,321,133
807,331,358,120
813,329,327,134
786,327,393,136
813,335,348,126
796,323,334,138
