666,201,133,349
674,219,112,317
668,219,112,317
656,219,93,284
662,230,89,262
625,190,145,276
648,205,107,294
652,197,95,320
650,205,109,308
627,199,126,281
645,190,104,269
641,180,102,281
635,188,108,271
625,188,89,259
625,207,101,248
619,192,115,261
623,205,103,248
616,170,102,293
614,184,108,273
629,205,83,273
610,190,129,249
614,188,96,271
608,190,95,271
608,186,100,234
602,182,93,259
598,170,95,233
600,178,91,199
610,180,71,199
596,197,89,221
596,184,99,211
600,182,85,219
606,188,75,244
610,194,75,214
612,178,62,213
619,186,62,191
602,186,85,220
608,180,97,217
619,176,78,207
606,178,73,194
619,186,64,193
623,186,70,193
623,188,58,199
631,168,58,198
637,192,66,183
637,180,62,190
641,180,62,192
637,182,60,176
641,186,75,162
648,174,64,167
645,172,77,184
656,172,66,176
654,184,66,176
666,166,56,204
656,172,66,157
664,186,77,160
666,194,73,149
676,180,79,176
672,184,79,166
681,170,80,202
674,170,96,176
687,186,72,170
687,172,85,167
697,176,77,190
701,186,87,180
697,172,77,198
708,170,66,202
712,190,51,166
697,201,62,142
699,184,71,182
701,209,64,130
695,219,64,139
691,230,60,147
679,221,91,156
687,242,66,108
681,236,95,153
689,211,83,151
708,203,66,155
714,178,76,199
730,186,54,170
736,184,73,184
755,184,54,170
753,180,70,180
753,188,62,168
759,192,58,185
755,180,73,199
749,163,83,220
768,176,60,165
772,182,60,190
772,190,78,178
774,199,68,178
786,194,66,174
784,174,93,205
780,176,91,213
790,186,87,176
803,190,64,182
774,188,93,187
772,192,93,197
761,172,77,194
753,176,76,182
739,173,72,183
726,178,93,199
716,170,99,211
710,172,76,184
708,153,45,168
687,172,87,207
676,170,60,157
662,174,62,180
648,170,78,165
639,168,79,161
645,180,67,157
641,188,85,174
637,180,56,172
631,174,68,159
637,199,73,171
635,188,77,166
633,172,62,186
635,201,62,151
631,211,52,157
621,166,70,198
621,174,70,190
625,211,56,124
623,174,62,169
643,188,48,166
648,184,53,178
643,173,75,162
654,178,70,176
662,182,56,174
662,182,89,184
670,194,79,154
683,192,78,176
681,168,76,186
679,178,89,174
712,199,68,144
714,190,62,185
714,188,72,178
712,186,89,164
734,188,58,176
743,188,60,197
747,186,70,195
755,194,68,201
743,174,78,232
741,186,103,238
780,221,64,170
772,194,80,212
784,201,62,223
778,190,83,180
782,174,89,221
790,215,77,205
805,197,74,225
817,209,79,238
823,219,75,207
838,205,81,242
852,203,71,223
850,201,93,236
871,213,72,213
873,207,68,244
883,221,83,218
908,234,81,221
923,228,80,264
919,240,76,259
919,248,93,263
933,263,66,238
914,246,91,261
931,286,95,215
937,300,89,217
931,310,89,203
923,337,116,172
890,337,147,164
885,341,162,182
890,370,173,170
863,377,209,146
854,375,203,155
846,375,186,130
844,364,199,162
840,370,190,185
819,406,213,142
790,424,249,110
776,424,273,122
759,424,292,122
747,410,273,142
765,437,265,122
768,435,244,105
757,432,251,118
734,432,274,140
730,414,294,163
751,416,290,103
751,414,271,128
753,428,236,118
765,430,251,108
746,432,286,120
736,451,313,93
763,463,263,108
724,449,319,116
765,466,230,111
718,461,329,87
747,463,314,87
749,447,269,91
724,443,319,128
722,443,283,118
708,451,322,91
736,459,340,104
743,441,322,116
726,474,333,89
745,468,306,101
732,449,371,108
722,443,395,138
739,445,283,134
741,443,298,126
728,455,337,114
728,449,337,116
724,445,325,124
753,449,312,114
722,453,335,102
731,451,341,101
743,435,318,124
726,435,323,120
722,430,312,120
710,432,322,137
716,451,321,110
718,447,314,124
738,445,346,102
720,451,335,95
708,457,353,83
714,441,339,118
726,449,342,103
734,428,329,131
710,443,362,103
743,466,289,82
728,459,377,87
776,447,273,99
722,432,348,116
710,443,374,112
699,443,375,126
