1641,317,47,89
1632,308,56,85
1639,308,49,87
1645,312,31,81
1632,308,52,87
1645,321,33,78
1628,304,48,81
1637,314,37,73
1632,308,34,73
1626,306,35,87
1622,296,42,95
1612,308,45,83
1604,302,51,95
1612,306,39,89
1608,321,45,70
1616,314,31,71
1611,317,38,84
1608,321,33,76
1595,310,29,75
1603,312,32,85
1608,312,29,87
1596,311,39,90
1578,315,54,66
1568,306,44,71
1558,298,46,74
1564,310,48,67
1550,310,60,73
1560,312,52,75
1550,308,49,71
1543,310,54,75
1537,314,48,67
1537,317,44,74
1525,319,60,78
1527,317,48,72
1519,321,66,74
1519,319,51,76
1519,312,51,79
1504,321,62,76
1486,312,55,108
1483,325,60,101
1477,321,62,109
1475,317,60,103
1465,321,62,99
1461,323,54,91
1452,323,58,85
1440,310,56,108
1434,314,52,98
1423,331,69,91
1421,329,54,91
1409,319,58,103
1403,321,60,99
1388,337,58,118
1374,339,60,114
1368,346,58,113
1355,350,58,109
1345,339,60,118
1341,333,56,118
1322,323,66,130
1306,317,62,134
1306,337,60,114
1285,339,62,112
1268,321,64,136
1264,329,75,114
1262,323,58,124
1233,317,75,138
1227,308,72,131
1208,314,64,135
1202,337,54,108
1188,335,62,110
1173,327,54,126
1132,312,58,118
1119,300,71,143
1099,306,66,151
1084,317,70,146
1055,298,75,147
1039,312,72,158
1028,296,64,167
1010,294,55,145
1008,310,47,139
966,314,93,114
952,308,89,122
960,304,79,128
958,296,79,157
952,302,68,137
941,306,73,147
917,306,80,129
900,308,91,124
888,310,99,129
885,314,75,125
879,317,60,113
857,300,74,120
846,300,73,135
846,321,68,120
840,327,66,105
832,298,72,143
811,288,70,132
815,296,52,116
801,296,66,126
780,300,81,122
765,302,67,122
763,306,73,133
753,308,70,122
739,306,78,129
736,306,77,112
720,306,85,124
722,310,70,127
705,300,96,159
695,308,79,139
679,310,78,129
672,304,85,147
664,302,97,151
658,312,68,112
629,300,74,122
614,308,67,129
606,306,64,124
596,302,76,141
596,302,78,126
606,319,77,128
598,308,97,147
610,325,91,128
592,329,109,118
596,323,91,109
600,325,91,178
594,358,118,145
610,356,93,147
621,366,103,145
641,370,104,182
635,364,126,211
687,372,124,176
712,368,87,182
732,387,110,240
770,451,101,230
815,461,126,243
875,497,130,252
929,526,174,281
997,504,203,268
1059,552,288,288
1223,621,219,234
1351,639,285,240
1624,720,207,237
