339,101,253,482
364,108,201,401
383,120,163,385
374,87,145,362
385,108,155,358
397,103,162,358
389,130,159,305
403,81,158,354
395,85,155,372
395,81,157,347
418,70,163,412
407,89,178,387
418,81,161,376
414,70,157,362
405,64,180,383
439,108,138,335
426,79,145,314
486,79,124,329
496,66,116,337
527,81,118,302
554,70,112,305
583,74,125,288
600,70,114,282
604,70,161,323
621,50,118,296
674,70,112,278
681,48,134,281
722,68,139,296
768,62,140,259
805,74,132,309
838,39,122,292
871,35,120,267
917,62,91,228
954,81,118,244
981,66,134,269
1018,66,110,257
1032,70,127,271
1059,35,122,294
1088,52,129,287
1115,41,106,296
1132,62,111,271
1142,62,118,271
1144,70,124,261
1163,87,143,261
1192,116,130,201
1208,105,129,282
1208,74,122,284
1227,105,136,272
1260,97,126,246
1274,114,106,236
1293,145,114,217
1303,145,108,209
1330,157,114,189
1341,182,124,172
1316,207,174,155
1316,242,209,126
1328,232,193,155
1343,250,198,147
1339,236,202,155
1343,257,194,146
1330,263,205,143
1337,275,231,141
1347,288,207,136
1353,273,215,153
1357,269,207,166
1349,283,203,137
1341,281,215,147
1349,292,211,136
1359,302,195,126
1361,288,185,130
1361,254,199,172
1341,294,217,143
1345,259,221,165
1341,273,229,166
1343,263,209,176
1316,254,242,172
1322,275,234,162
1335,271,223,153
1328,277,218,158
1351,286,246,144
1368,310,231,110
1386,300,224,130
1376,290,236,151
1363,292,261,151
1380,314,248,137
1382,310,244,141
1366,298,277,182
1368,292,291,155
1366,286,287,171
1407,290,240,173
1376,292,290,180
1368,296,262,165
1349,300,281,161
