1713,143,48,107
1711,141,56,116
1703,151,56,89
1705,153,56,89
1697,147,58,97
1699,149,56,101
1697,153,62,91
1680,149,72,101
1684,151,64,106
1678,141,64,105
1670,139,60,89
1666,147,51,83
1653,132,73,108
1659,155,54,89
1657,149,44,89
1647,151,52,83
1641,147,45,93
1626,143,56,105
1626,149,56,114
1622,151,60,99
1608,137,60,117
1601,143,67,93
1597,137,56,113
1595,145,60,105
1598,145,46,103
1575,137,55,109
1566,143,64,107
1575,141,49,120
1560,143,54,120
1550,145,64,109
1537,147,64,110
1539,153,54,108
1527,155,56,108
1510,141,81,130
1504,149,66,124
1498,161,74,120
1498,141,64,140
1488,141,68,136
1473,149,70,137
1459,147,70,128
1459,159,74,135
1442,166,70,132
1434,159,70,147
1430,168,58,128
1407,159,76,137
1392,159,65,131
1378,153,81,151
1382,145,62,157
1355,145,73,143
1372,143,58,163
1339,137,82,157
1335,149,66,159
1326,155,77,145
1312,157,62,135
1301,168,71,144
1289,139,52,155
1254,141,74,169
1250,145,72,157
1237,153,66,147
1217,145,76,153
1192,139,82,149
1179,139,71,159
1163,122,72,184
1154,147,79,167
1144,149,64,132
1132,151,62,137
1126,137,74,163
1103,137,80,173
1109,155,72,164
1109,143,56,140
1094,145,67,134
1080,139,72,142
1088,132,58,160
1078,134,62,154
1070,139,49,126
1063,145,60,136
1055,145,64,126
1049,147,50,134
1041,132,60,149
1039,141,55,163
1037,139,55,155
1039,143,41,143
1039,132,49,149
1031,141,40,132
1024,147,50,136
1020,126,45,139
1020,132,52,137
1020,143,48,128
1022,132,54,158
1023,141,52,128
1008,141,74,134
1024,141,58,138
1030,132,52,141
1032,130,62,145
1045,137,45,140
1047,126,54,155
1049,145,52,138
1049,143,41,122
1051,139,58,144
1053,155,56,135
1057,133,60,159
1057,145,66,124
1063,153,65,122
1076,147,62,130
1080,139,64,130
1086,122,62,141
1088,134,66,139
1101,153,66,126
1111,170,62,124
1130,172,80,132
1146,153,75,155
1167,166,74,146
1177,166,66,148
1198,188,70,122
1210,174,75,159
1204,174,110,159
1217,172,107,167
1227,170,103,194
1250,184,99,191
1279,199,87,182
1289,205,95,201
1310,207,93,194
1326,192,116,247
1347,194,103,259
1374,219,95,296
1376,234,118,292
1399,246,126,286
1417,228,129,362
1460,269,152,383
1477,317,176,405
1504,333,193,484
1552,385,161,434
1591,424,188,489
1624,470,236,487
1688,550,233,407
