1864,79,57,252
1833,85,73,250
1823,87,87,248
1802,95,89,242
1779,103,102,216
1781,103,98,232
1765,101,83,218
1748,87,114,240
1732,97,122,230
1709,81,77,236
1664,97,111,234
1653,110,124,231
1622,105,128,218
1616,99,114,228
1601,91,85,240
1593,93,106,246
1581,93,95,242
1550,101,107,240
1515,89,122,234
1496,74,120,224
1467,62,118,242
1438,77,130,227
1413,81,110,248
1380,79,120,254
1355,89,120,217
1320,83,135,236
1314,77,116,233
1287,77,99,223
1285,56,95,242
1248,45,120,272
1233,52,112,244
1237,56,89,254
1225,54,99,273
1208,54,83,271
1208,72,83,226
1194,77,83,204
1167,77,112,223
1161,68,113,236
1146,60,89,217
1152,68,83,226
1132,48,82,194
1144,50,77,209
1132,50,91,186
1128,29,84,221
1119,35,75,215
1123,50,81,200
1107,52,89,192
1105,48,91,196
1097,52,82,200
1097,58,84,194
1094,54,92,198
1094,45,85,183
1099,33,74,193
1103,48,87,198
1109,62,87,195
1113,60,89,194
1121,64,100,199
1132,43,74,207
1121,50,85,186
1146,58,54,188
1148,56,71,190
1144,54,81,194
1148,62,91,184
1159,74,74,180
1161,87,101,186
1154,112,125,140
1175,91,102,207
1188,116,78,165
1219,81,95,211
1219,81,78,196
1223,97,95,191
1235,99,91,178
1277,116,91,205
1299,130,98,209
1320,137,118,200
1355,147,104,172
1388,151,104,190
1421,153,89,203
1455,153,95,228
1467,157,122,240
1486,159,122,247
1525,161,107,251
1566,172,102,256
1599,186,100,253
1643,211,97,275
1645,172,128,310
1645,176,172,323
1684,178,155,335
1705,194,161,323
1721,228,160,331
1721,275,193,304
1746,292,166,320
