937,118,58,120
941,122,60,104
943,124,48,112
941,124,48,102
935,128,62,125
943,130,42,91
943,132,52,129
941,132,56,120
939,124,60,128
939,118,52,136
941,126,62,135
925,122,68,126
939,124,58,141
941,130,52,139
945,145,56,136
937,134,56,154
941,141,58,159
935,143,54,149
929,130,58,153
933,124,56,176
937,139,54,190
933,141,70,186
939,151,66,184
950,139,76,196
960,139,70,192
966,141,75,205
981,147,80,205
995,147,83,203
1016,155,76,191
1028,163,93,197
1045,151,87,230
1076,186,81,220
1086,174,108,219
1101,166,111,248
1121,170,135,298
1146,176,126,256
1171,194,130,265
1192,182,153,306
1214,207,147,314
1250,236,140,290
1291,226,155,331
1318,234,197,393
1386,265,151,374
1403,273,213,383
1479,273,191,459
1475,314,238,470
1579,321,211,480
1628,346,234,494
1680,375,236,552
