941,279,48,110
939,279,46,116
937,283,56,106
942,286,43,103
943,288,44,91
941,283,52,96
952,281,41,106
954,277,37,114
948,283,49,96
952,288,43,107
941,279,52,102
943,292,60,97
945,292,58,120
943,286,62,130
952,283,53,125
960,290,43,122
952,288,53,115
954,296,43,103
956,298,52,105
954,296,47,120
954,292,54,118
956,300,54,120
956,298,64,145
960,296,66,139
979,304,60,137
991,298,62,130
1003,298,60,141
1016,298,62,141
1028,304,69,147
1045,317,72,173
1055,314,93,176
1074,312,91,174
1084,314,120,209
1115,327,108,201
1167,354,93,180
1227,358,103,225
1308,381,103,221
1372,422,105,203
1381,422,131,277
1427,406,149,296
1486,451,140,329
1553,504,168,298
1626,530,165,334
1686,583,157,342
1798,639,110,311
1841,637,80,320
