686,209,160,412
687,217,145,350
681,215,132,350
658,199,153,351
650,201,161,364
652,199,136,351
652,221,132,327
648,232,132,298
650,228,126,310
647,182,126,312
664,180,110,323
656,192,120,319
654,201,124,310
639,178,133,331
643,182,110,279
639,184,120,263
650,161,97,309
650,184,105,302
652,174,124,302
650,153,107,306
645,151,104,288
639,163,114,269
641,180,118,234
662,149,95,277
656,161,109,259
662,151,99,267
650,143,99,277
662,153,74,257
650,151,97,269
650,157,82,230
643,153,91,244
641,139,91,246
650,157,86,222
645,157,79,228
643,159,85,213
643,161,77,191
645,140,93,245
652,141,78,242
654,153,103,244
670,155,73,203
668,149,85,223
687,155,85,215
695,153,87,203
724,141,85,207
741,134,72,216
745,124,93,219
770,134,99,209
786,149,95,188
801,151,74,178
811,126,77,195
799,137,99,173
803,130,99,178
799,132,99,170
796,130,85,184
794,130,83,193
799,134,76,180
794,142,77,179
799,155,68,153
805,149,76,174
817,137,71,180
830,132,70,187
846,126,68,191
859,137,68,182
859,147,95,153
869,155,95,149
900,143,79,161
929,128,68,176
945,130,69,170
972,141,73,159
999,137,75,175
1012,137,74,169
1026,143,77,161
1041,145,68,165
1055,139,68,161
1072,139,74,165
1078,161,85,147
1082,168,93,140
1090,141,81,165
1101,143,80,161
1097,145,91,155
1109,143,77,157
1111,134,85,164
1121,139,58,136
1117,141,71,140
1113,147,81,134
1117,151,75,128
1123,149,65,139
1126,149,57,132
1128,134,64,145
1123,134,77,154
1138,137,72,140
1136,139,64,134
1126,153,70,124
1140,149,56,120
1130,155,62,99
1115,149,95,124
1121,157,62,106
1115,168,68,80
1113,161,68,106
1117,168,66,95
1113,172,64,80
1113,166,68,97
1092,161,89,102
1097,170,80,97
1097,168,86,99
1088,176,102,87
1088,174,98,95
1090,178,91,83
1097,182,76,77
1090,176,96,81
1088,174,100,95
1097,182,86,85
1090,174,91,83
1094,168,73,89
1099,155,58,102
1097,141,68,111
1117,143,54,114
1107,132,60,112
1107,128,62,131
1115,128,58,126
1119,132,58,137
1121,132,60,133
1113,130,68,135
1121,132,56,131
1119,137,58,132
1117,134,71,129
1113,128,60,133
1111,124,56,139
1105,128,58,135
1109,130,50,143
1099,130,72,143
1094,126,60,139
1088,126,60,145
1072,132,82,135
1076,130,74,147
1068,139,66,142
1061,149,73,137
1059,149,71,130
1055,143,77,149
1053,139,75,157
1059,143,77,151
1065,130,65,168
1063,139,77,171
1068,139,74,178
1082,149,68,165
1084,151,99,186
1111,139,77,200
1115,139,89,200
1132,151,99,211
1154,149,106,211
1167,159,107,222
