689,151,290,747
708,170,273,641
736,163,207,634
685,166,238,608
681,118,221,641
672,141,220,575
679,151,155,555
643,145,199,604
623,172,207,565
608,120,199,650
569,112,196,560
563,99,215,522
590,124,167,503
571,120,182,517
573,116,168,494
565,122,153,453
548,93,170,497
554,83,158,482
536,101,169,470
538,97,161,435
536,103,147,447
525,112,172,416
523,66,172,393
527,93,160,381
527,77,166,434
544,77,137,411
544,103,151,402
546,97,139,371
540,108,159,341
544,95,143,360
538,60,132,364
544,66,155,369
544,81,137,366
525,74,154,369
534,89,130,333
519,81,149,333
509,66,147,309
509,62,130,306
509,62,141,329
521,66,129,325
523,48,122,320
511,74,155,311
507,83,145,277
521,70,116,292
517,91,116,273
519,74,149,298
544,66,106,282
561,60,101,302
585,74,100,294
604,72,106,267
635,64,110,242
660,39,122,265
676,50,125,264
708,60,117,240
736,50,110,262
757,56,95,254
759,45,104,253
747,43,114,247
768,50,99,221
768,62,113,228
763,58,100,225
763,50,108,258
770,56,122,232
763,79,133,213
782,74,110,220
811,77,108,198
790,60,124,254
815,50,93,242
815,54,122,240
830,43,118,253
840,54,126,240
894,70,111,216
923,54,109,238
960,50,114,238
972,35,137,271
1008,52,134,275
1047,58,118,240
1082,56,110,281
1115,48,104,287
1117,48,129,264
1154,60,127,236
1177,54,102,238
1190,87,107,217
1208,93,114,226
1217,83,109,238
1241,77,87,206
1260,79,91,223
1266,87,85,205
1266,79,81,211
1262,68,85,207
1262,74,108,203
1270,68,91,228
1250,60,122,226
1258,91,101,203
1266,99,85,166
1268,70,98,203
1266,64,108,213
1274,83,87,203
1274,66,92,220
1281,81,95,196
1277,93,101,182
1260,66,122,201
1250,79,120,204
1243,68,116,174
1252,103,97,141
1248,122,91,132
1237,124,98,120
1237,114,104,136
1229,118,101,114
1217,108,134,136
1221,105,116,135
1204,110,135,140
1206,118,122,136
1208,120,116,120
1212,120,112,128
1202,120,122,126
1200,114,132,145
1219,128,97,118
1217,110,115,138
1202,112,112,142
1196,101,122,149
1219,83,103,165
1223,68,99,180
1214,64,114,180
1223,50,112,202
1237,48,89,194
1227,50,108,202
1264,50,81,207
1241,60,98,178
1243,56,102,209
1239,45,110,224
1248,48,80,200
1239,70,100,193
1256,66,72,195
1235,48,87,190
1227,41,85,226
1221,58,97,228
1219,39,82,211
1206,54,93,211
1208,56,75,203
1200,56,99,240
1198,60,91,209
1188,62,99,226
1181,91,96,244
1159,89,113,194
1169,68,114,220
1161,66,116,226
1163,62,95,232
1169,72,128,242
1177,41,114,271
1204,60,102,300
1198,70,139,267
1227,74,124,269
1239,66,120,255
1264,85,128,281
1295,91,133,265
1314,105,103,272
1357,128,147,290
