625,298,215,573
614,300,211,563
606,329,186,461
602,298,168,484
587,275,187,513
565,279,186,491
554,275,154,431
559,288,173,440
548,281,174,416
559,261,124,411
559,261,165,391
542,238,184,410
546,246,157,406
552,254,131,344
544,267,118,374
530,277,132,383
527,246,145,358
532,265,132,368
525,265,137,354
538,252,141,346
530,246,151,377
534,246,134,348
534,242,134,348
519,228,153,366
527,223,129,363
525,215,135,346
505,213,149,360
517,215,110,340
507,223,132,319
499,207,140,352
509,217,110,340
511,209,126,329
509,211,130,356
511,213,124,333
496,190,131,356
509,203,103,327
505,207,130,319
501,194,120,317
494,197,129,285
511,219,103,238
542,223,97,272
554,228,98,271
567,238,93,257
590,192,120,300
610,201,118,269
645,184,89,244
666,194,97,226
666,219,124,209
705,209,85,236
701,199,100,250
714,201,78,223
712,197,80,204
699,192,102,230
705,192,118,216
710,194,86,209
708,197,95,227
693,197,118,213
695,192,104,228
693,213,112,182
710,205,105,186
724,192,118,211
739,178,107,263
763,176,96,271
792,190,79,259
807,201,95,219
832,197,89,227
867,203,74,240
890,172,97,248
917,197,74,219
939,205,91,211
981,217,84,218
993,211,97,221
1001,207,104,236
1022,205,124,246
1055,209,73,209
1051,205,89,225
1059,232,114,227
1082,226,108,231
1082,221,104,218
1094,219,100,209
1111,217,79,205
1109,217,87,209
1111,221,93,199
1109,205,93,211
1107,213,99,180
1101,238,93,165
1107,236,101,176
1115,223,91,174
1119,221,87,178
1123,215,79,182
1111,205,99,192
1119,210,98,183
1117,215,110,182
1132,226,89,159
1130,221,74,158
1113,228,79,153
1103,230,89,151
1097,226,97,153
1097,248,91,137
1105,257,91,120
1094,249,96,115
1097,242,93,120
1086,240,118,143
1080,244,116,147
1063,238,131,126
1068,248,128,141
1074,252,134,131
1072,261,124,114
1059,259,149,126
1065,250,133,118
1070,252,116,116
1072,248,109,118
1063,240,106,137
1082,215,89,143
1070,213,99,139
1086,201,93,163
1086,203,97,172
1086,205,95,170
1107,199,68,171
1099,186,82,189
1113,199,79,176
1117,211,83,153
1111,207,85,172
1109,209,74,172
1103,197,74,190
1101,194,66,193
1111,201,60,190
1094,197,79,200
1090,188,79,197
1088,190,77,187
1082,190,68,185
1065,197,81,188
1061,201,98,192
1059,201,81,174
1051,207,75,174
1043,232,87,151
1034,226,85,171
1041,209,82,180
1037,217,97,176
1047,217,85,180
1055,203,87,217
1053,205,106,217
1065,201,100,250
1078,211,99,234
1099,213,105,257
1117,199,106,260
1134,221,112,265
1150,221,120,274
1188,219,122,255
1229,248,112,240
1254,254,134,261
