840,354,145,360
834,370,128,294
819,362,129,329
809,372,132,309
796,360,110,279
780,337,114,278
774,350,118,281
765,358,112,279
761,350,118,252
761,333,106,296
745,335,114,269
761,346,108,250
743,335,126,280
751,335,110,294
743,329,101,252
739,331,97,277
726,331,114,271
734,337,102,257
730,333,108,242
724,329,101,265
745,339,97,236
728,343,95,207
736,335,100,188
736,335,98,195
736,337,94,201
730,327,98,207
724,319,95,184
711,337,98,160
714,317,82,190
714,327,84,175
712,318,86,197
703,315,96,180
714,327,77,166
712,323,87,161
703,333,96,170
710,323,84,169
710,327,82,182
716,335,74,174
710,331,86,188
710,329,82,180
718,319,81,192
726,333,77,157
728,327,87,186
738,314,92,183
755,310,85,166
782,298,81,157
797,292,74,149
805,300,80,155
828,308,60,141
834,298,60,157
842,308,54,135
844,310,54,135
842,312,54,129
844,310,60,125
848,314,60,129
838,312,70,118
838,310,64,129
861,321,51,116
883,310,54,131
832,317,68,105
850,314,69,121
857,296,76,163
875,300,66,157
877,304,91,153
890,308,72,164
909,317,65,142
933,314,62,154
950,312,72,129
968,304,62,145
983,306,70,137
1014,292,56,134
1030,310,50,112
1047,304,52,133
1051,310,62,129
1059,304,62,126
1078,317,58,120
1086,314,68,123
1090,325,62,116
1099,327,62,114
1115,333,54,118
1126,341,57,116
1119,308,60,127
1117,304,60,118
1117,304,56,106
1123,317,63,109
1113,323,68,109
1121,327,60,91
1113,302,68,116
1119,331,60,87
1123,319,58,118
1117,308,77,137
1128,312,66,127
1123,317,71,107
1123,308,58,104
1126,319,66,103
1111,314,83,118
1113,319,83,99
1115,317,73,126
1109,331,81,87
1111,327,81,79
1099,319,95,109
1113,337,56,75
1103,323,74,85
1107,333,66,89
1105,333,70,89
1088,323,83,95
1084,327,89,97
1076,341,87,73
1080,339,85,81
1082,346,95,72
1086,339,87,77
1082,339,95,83
1078,335,85,87
1082,331,91,79
1070,337,97,81
1097,314,55,112
1086,312,79,106
1086,302,66,112
1090,304,75,118
1086,292,71,116
1099,296,60,124
1099,300,66,120
1109,294,56,122
1103,298,70,116
1105,296,62,122
1107,298,68,126
1103,298,64,122
1107,288,62,126
1107,302,64,124
1090,298,69,126
1082,294,75,122
1088,292,60,128
1103,300,54,126
1086,294,64,130
1082,288,66,134
1074,296,68,132
1072,304,68,122
1074,306,68,124
1059,300,89,120
1063,308,83,110
1059,314,81,108
1070,319,70,109
1072,310,64,114
1076,306,76,155
1086,312,71,156
1088,310,77,170
1109,312,72,164
1121,304,71,172
1136,312,62,156
1150,331,75,164
1165,329,78,159
1202,339,66,174
1214,339,67,160
