810,133,218,320
810,134,210,316
810,135,202,312
810,136,194,308
810,137,186,304
808,138,180,298
804,136,174,300
800,134,168,302
796,132,162,304
792,130,156,306
786,127,152,308
802,122,177,313
818,117,202,318
834,112,227,323
850,107,252,328
865,103,278,332
890,102,255,324
915,101,232,316
940,100,209,308
965,99,186,300
989,98,164,294
1004,100,164,288
1019,102,164,282
1034,104,164,276
1049,106,164,270
1066,106,163,264
1072,113,175,259
1078,120,187,254
1084,127,199,249
1090,134,211,244
1097,143,223,241
1085,143,215,248
1073,143,207,255
1061,143,199,262
1049,143,191,269
1036,141,184,275
1006,133,184,280
976,125,184,285
946,117,184,290
916,109,184,295
885,100,182,301
855,101,186,301
825,102,190,301
795,103,194,301
765,104,198,301
736,104,200,301
736,117,199,298
736,130,198,295
736,143,197,292
736,156,196,289
738,170,195,286
751,177,199,294
764,184,203,302
777,191,207,310
790,198,211,318
801,207,214,328
835,217,233,352
869,227,252,376
903,237,271,400
937,247,290,424
969,258,308,449
