819,278,145,396
813,280,148,384
807,282,151,372
801,284,154,360
795,286,157,348
791,286,160,338
768,283,160,331
745,280,160,324
722,277,160,317
699,274,160,310
674,273,159,303
689,267,174,304
704,261,189,305
719,255,204,306
734,249,219,307
748,242,236,309
780,240,216,311
812,238,196,313
844,236,176,315
876,234,156,317
907,230,136,319
924,234,132,313
941,238,128,307
958,242,124,301
975,246,120,295
991,248,118,289
997,250,116,290
1003,252,114,291
1009,254,112,292
1015,256,110,293
1022,259,109,295
1008,260,122,289
994,261,135,283
980,262,148,277
966,263,161,271
952,265,175,266
928,263,173,265
904,261,171,264
880,259,169,263
856,257,167,262
830,257,166,263
804,254,165,267
778,251,164,271
752,248,163,275
726,245,162,279
701,244,162,284
701,258,163,281
701,272,164,278
701,286,165,275
701,300,166,272
699,315,166,270
708,320,170,292
717,325,174,314
726,330,178,336
735,335,182,358
746,342,187,380
770,375,201,394
794,408,215,408
818,441,229,422
842,474,243,436
868,507,259,449
