926,348,106,179
914,349,109,182
902,350,112,185
890,351,115,188
878,352,118,191
866,352,119,196
871,349,124,196
876,346,129,196
881,343,134,196
886,340,139,196
892,338,145,196
904,334,144,198
916,330,143,200
928,326,142,202
940,322,141,204
952,316,140,204
969,320,127,200
986,324,114,196
1003,328,101,192
1020,332,88,188
1036,335,76,185
1042,338,79,175
1048,341,82,165
1054,344,85,155
1060,347,88,145
1064,352,93,136
1061,352,93,136
1058,352,93,136
1055,352,93,136
1052,352,93,136
1051,350,93,138
1035,352,100,139
1019,354,107,140
1003,356,114,141
987,358,121,142
971,360,130,143
956,355,120,153
941,350,110,163
926,345,100,173
911,340,90,183
896,335,81,191
892,343,86,181
888,351,91,171
884,359,96,161
880,367,101,151
875,376,106,141
876,379,109,149
877,382,112,157
878,385,115,165
879,388,118,173
879,389,119,181
888,396,128,200
897,403,137,219
906,410,146,238
915,417,155,257
926,425,166,275
989,447,193,304
1052,469,220,333
1115,491,247,362
1178,513,274,391
1239,535,302,421
